1627561776083 0.5091673140896827 0
1627561776211 0.469992531065766 1
1627561776354 0.4353870470205335 2
1627561776483 0.405013705569574 3
1627561776589 0.37826222593276626 4
1627561776700 0.3550011009139603 5
1627561776806 0.334830257751222 6
1627561776915 0.3174965195099413 7
1627561777025 0.3025535395174744 8
1627561777126 0.2896318468790151 9
1627561777226 0.278472938020776 10
1627561777327 0.2689181508571598 11
1627561777426 0.2607348264669037 12
1627561777524 0.2538556106726138 13
1627561777620 0.24792135869874735 14
1627561777722 0.24298174555617338 15
1627561777822 0.2386877475685371 16
1627561777924 0.2351461601811491 17
1627561778031 0.23210357425422345 18
1627561778117 0.22938185016519186 19
1627561778206 0.22700021525215336 20
1627561778299 0.22504718961232947 21
1627561778394 0.2233549780877824 22
1627561778486 0.22174923387259263 23
1627561778578 0.2203259233253863 24
1627561778662 0.21919406360523144 25
1627561778748 0.21815938613152283 26
1627561778836 0.21710218203513312 27
1627561778927 0.2161634620779821 28
1627561779013 0.21517051875591117 29
1627561779097 0.2144096356159871 30
1627561779186 0.2137372377153357 31
1627561779275 0.21292423962301651 32
1627561779360 0.21225418434544152 33
1627561779439 0.2116879761135288 34
1627561779518 0.210992525024126 35
1627561779603 0.21017486150899084 36
1627561779676 0.20934258658026905 37
1627561779752 0.20873050694267875 38
1627561779829 0.2079503127286376 39
1627561779900 0.20746593262428045 40
1627561779970 0.20691064274567517 41
1627561780044 0.2063321765935904 42
1627561780130 0.205371822860823 43
1627561780209 0.2049749069575915 44
1627561780281 0.20456980018370452 45
1627561780359 0.20417201896834256 46
1627561780432 0.20364848486310436 47
1627561780512 0.20277171182802103 48
1627561780603 0.20207232654396307 49
1627561780700 0.20126333046036146 50
1627561780795 0.2009659050488148 51
1627561780908 0.2006016174329368 52
1627561781024 0.2001763226865132 53
1627561781108 0.1998345443470542 54
1627561781179 0.19945937434589225 55
1627561781266 0.1988739129569838 56
1627561781338 0.19861899155445423 57
1627561781410 0.198339792250019 58
1627561781494 0.19768060862355338 59
1627561781573 0.19741314819297265 60
1627561781684 0.19707079992007884 61
1627561781771 0.19678864047235162 62
1627561781847 0.1965389470477928 63
1627561781967 0.1959618056311461 64
1627561782040 0.19571509672005655 65
1627561782114 0.1954332761985625 66
1627561782186 0.19498529965249986 67
1627561782267 0.19473387484792937 68
1627561782349 0.19443027099245677 69
1627561782425 0.19420275928129108 70
1627561782506 0.19372385034731412 71
1627561782582 0.1932852876591389 72
1627561782658 0.19302465745345618 73
1627561782729 0.19274645051696865 74
1627561782806 0.19244151599258527 75
1627561782884 0.19224038045893543 76
1627561782956 0.19202558437043987 77
1627561783029 0.19181644801984174 78
1627561783114 0.1912863801064296 79
1627561783206 0.19105686336334424 80
1627561783278 0.19082723389465844 81
1627561783348 0.19045470721555818 82
1627561783416 0.19024529438300516 83
1627561783496 0.19004274080251515 84
1627561783575 0.18982089404693556 85
1627561783653 0.18957928315671568 86
1627561783735 0.18923316134983909 87
1627561783809 0.18904621982179726 88
1627561783880 0.18886829785444897 89
1627561783958 0.1885832530942485 90
1627561784069 0.1882510475414887 91
1627561784188 0.1878314427433506 92
1627561784262 0.1876507328533135 93
1627561784341 0.18745456295755297 94
1627561784425 0.1871119942392547 95
1627561784504 0.18692686003548858 96
1627561784578 0.18677749364641363 97
1627561784661 0.18644213780683136 98
1627561784738 0.18626150471138744 99
1627561784821 0.1861020046991821 100
1627561784902 0.18593057355854625 101
1627561784970 0.18568210039976038 102
1627561785035 0.1855202307340931 103
1627561785104 0.1853624636325313 104
1627561785179 0.18510509446362078 105
1627561785243 0.18496014003027317 106
1627561785316 0.18480525202489534 107
1627561785381 0.18463921000216002 108
1627561785461 0.18428810203595156 109
1627561785536 0.18410197149432866 110
1627561785611 0.18395405086602615 111
1627561785687 0.1838013030055882 112
1627561785765 0.1835436107075342 113
1627561785834 0.18338785309835515 114
1627561785908 0.18308118896691788 115
1627561785995 0.1828988291993118 116
1627561786077 0.18257269641413829 117
1627561786165 0.18242115524060343 118
1627561786259 0.18228993317879416 119
1627561786334 0.18215107329820507 120
1627561786406 0.18200623529528873 121
1627561786486 0.18184594758469588 122
1627561786582 0.18149799139362174 123
1627561786694 0.18126463633588044 124
1627561786763 0.18108406912990008 125
1627561786834 0.18094862917065668 126
1627561786898 0.1807696465025872 127
1627561786972 0.1806294021868419 128
1627561787042 0.18048868296155596 129
1627561787108 0.18029072464042897 130
1627561787165 0.18017486591347434 131
1627561787243 0.17990376811139105 132
1627561787292 0.17977530593686225 133
1627561787361 0.17964398105017118 134
1627561787429 0.17950254595368922 135
1627561787495 0.1793751248755681 136
1627561787560 0.179237659565394 137
1627561787623 0.17909988082125394 138
1627561787709 0.1788539908965275 139
1627561787772 0.178725918758844 140
1627561787846 0.17850853373958525 141
1627561787925 0.17837446877114238 142
1627561787993 0.1782389975969764 143
1627561788052 0.17809691245581322 144
1627561788115 0.17796713296290695 145
1627561788188 0.1778437993297936 146
1627561788259 0.17766033067577133 147
1627561788319 0.1775279583209193 148
1627561788385 0.17731200577031095 149
1627561788443 0.17719289508840066 150
1627561788509 0.17705950950265625 151
1627561788564 0.1769430614909818 152
1627561788631 0.17682159907411074 153
1627561788679 0.17672284530736973 154
1627561788742 0.17657965175063506 155
1627561788792 0.17645441552349816 156
1627561788846 0.17632237958652203 157
1627561788897 0.1761997719233807 158
1627561788942 0.1761030809310559 159
1627561788997 0.17597745838208684 160
1627561789075 0.17573469617467904 161
1627561789137 0.17559981269636807 162
1627561789200 0.1754731067122434 163
1627561789266 0.17536206414258856 164
1627561789335 0.17524259970596295 165
1627561789405 0.17511043327639242 166
1627561789482 0.1749990887999407 167
1627561789542 0.17489481542339322 168
1627561789608 0.17478162110304002 169
1627561789671 0.1746684906770892 170
1627561789725 0.1745617296604146 171
1627561789787 0.174466113164569 172
1627561789848 0.17435533301664402 173
1627561789918 0.17422939576084612 174
1627561789979 0.17411862890559468 175
1627561790041 0.17401418662359297 176
1627561790093 0.17393111466388 177
1627561790153 0.173799476537202 178
1627561790226 0.17368234797078916 179
1627561790304 0.17346717833788144 180
1627561790369 0.17334232233001792 181
1627561790453 0.1731328593037898 182
1627561790502 0.17303323831849732 183
1627561790582 0.17285048545433085 184
1627561790654 0.1727333872226844 185
1627561790732 0.17254676978214956 186
1627561790800 0.17241833074736274 187
1627561790857 0.1723164756117137 188
1627561790922 0.17218259952199103 189
1627561790986 0.17208742956151815 190
1627561791048 0.1719710256838287 191
1627561791110 0.17186000424627726 192
1627561791164 0.17175894536849542 193
1627561791233 0.17163786303108614 194
1627561791287 0.17154437005599704 195
1627561791332 0.17144559418625943 196
1627561791392 0.17136707175779192 197
1627561791491 0.17117614755812818 198
1627561791546 0.17108021976153387 199
1627561791596 0.17098153228381788 200
1627561791677 0.17082176578293565 201
1627561791765 0.17067457380137666 202
1627561791826 0.17056616893703824 203
1627561791878 0.1704858110555603 204
1627561791938 0.1703798484672646 205
1627561792032 0.1702288744004192 206
1627561792100 0.17013835452921525 207
1627561792168 0.1700341083845978 208
1627561792223 0.16995210192696952 209
1627561792282 0.16986220837914906 210
1627561792353 0.16976951690359865 211
1627561792423 0.16964377727978375 212
1627561792490 0.1695430797574301 213
1627561792546 0.16946586812511816 214
1627561792608 0.16937939456963283 215
1627561792659 0.16929314394476183 216
1627561792725 0.169170045017102 217
1627561792775 0.16908554428621708 218
1627561792833 0.16898558095951496 219
1627561792893 0.16889009093949195 220
1627561792939 0.16880918010674592 221
1627561792992 0.16873057647839806 222
1627561793088 0.16857389861367725 223
1627561793175 0.16844746990911644 224
1627561793256 0.1683639681476168 225
1627561793307 0.16827198487680714 226
1627561793355 0.16818872853695332 227
1627561793415 0.16808962078722528 228
1627561793475 0.16799967650312347 229
1627561793517 0.1679228504514731 230
1627561793570 0.16781993598860243 231
1627561793626 0.1677308036814538 232
1627561793693 0.16762920832631656 233
1627561793739 0.16756245181292279 234
1627561793798 0.16746213275097035 235
1627561793856 0.167372430041552 236
1627561793906 0.167302751768432 237
1627561793958 0.16722415643310842 238
1627561794013 0.16712879224700322 239
1627561794090 0.16704087875763143 240
1627561794144 0.1669550512520654 241
1627561794201 0.16687333219867945 242
1627561794253 0.16679708629768733 243
1627561794322 0.16671318436508406 244
1627561794380 0.16662989875794781 245
1627561794450 0.1665288512779571 246
1627561794506 0.16645644875536195 247
1627561794567 0.16637563557036367 248
1627561794626 0.16629817281551498 249
1627561794688 0.16620416706738383 250
1627561794753 0.1661093148741934 251
1627561794810 0.1660244095530154 252
1627561794890 0.16590307251974334 253
1627561794930 0.1658166113645419 254
1627561794980 0.16573379385571527 255
1627561795034 0.16564706464429907 256
1627561795091 0.16557415282354637 257
1627561795151 0.16547838524701736 258
1627561795211 0.16539926238871727 259
1627561795276 0.16530016316452428 260
1627561795330 0.1652181070049393 261
1627561795375 0.16515347030859265 262
1627561795432 0.16508257041422542 263
1627561795479 0.16500405153089123 264
1627561795530 0.16492437182745823 265
1627561795595 0.16478857516489082 266
1627561795651 0.16471389169943396 267
1627561795704 0.1646194352863313 268
1627561795762 0.16452201644234077 269
1627561795820 0.16444184496772488 270
1627561795885 0.1643366875824351 271
1627561795944 0.16424820374119 272
1627561795999 0.1641688372403301 273
1627561796051 0.16410138836805932 274
1627561796108 0.16403834883422239 275
1627561796166 0.16395666972693929 276
1627561796219 0.16387765315185782 277
1627561796278 0.16379397359743944 278
1627561796337 0.16372486649135193 279
1627561796396 0.16363382381383434 280
1627561796475 0.16353427031412057 281
1627561796530 0.16345714733819214 282
1627561796587 0.16339036635288903 283
1627561796651 0.16330154709536335 284
1627561796691 0.16323444854808306 285
1627561796739 0.16316351741119683 286
1627561796794 0.16307665824178996 287
1627561796856 0.16299165320819625 288
1627561796920 0.16288711805375608 289
1627561796967 0.16282070007005495 290
1627561797021 0.16275169503254774 291
1627561797108 0.16267261938308997 292
1627561797183 0.162586845854393 293
1627561797241 0.16250676965316865 294
1627561797319 0.16237774846111777 295
1627561797385 0.16228559565647932 296
1627561797439 0.16220962305701533 297
1627561797507 0.16214150748976477 298
1627561797599 0.16206847428444332 299
1627561797682 0.16199802274322248 300
1627561797725 0.161933847698648 301
1627561797792 0.16180283631954537 302
1627561797854 0.16173302838352088 303
1627561797911 0.16164777835228414 304
1627561797977 0.16155274391897953 305
1627561798044 0.1614743253351003 306
1627561798100 0.1614069468724032 307
1627561798145 0.16133576915693026 308
1627561798201 0.16126848696063015 309
1627561798254 0.16119008302768015 310
1627561798308 0.16111286906241126 311
1627561798363 0.1610501881795469 312
1627561798416 0.16098296416574492 313
1627561798458 0.1609055949437874 314
1627561798514 0.1608331565657512 315
1627561798570 0.16075179743510212 316
1627561798639 0.16068015305150496 317
1627561798704 0.1606111862000666 318
1627561798758 0.1605352509202149 319
1627561798823 0.16044885712757623 320
1627561798867 0.1603893476684507 321
1627561798942 0.16030944194468935 322
1627561799000 0.16024229657426928 323
1627561799081 0.16017213219874493 324
1627561799166 0.1600967807547107 325
1627561799222 0.16002213564316128 326
1627561799278 0.15995433444124318 327
1627561799346 0.15988691280769401 328
1627561799430 0.15976458164158458 329
1627561799504 0.15970893757631247 330
1627561799565 0.15963855268557972 331
1627561799640 0.1595269790497889 332
1627561799704 0.15944966710903394 333
1627561799766 0.15935687505331203 334
1627561799817 0.15929917163388654 335
1627561799863 0.15924258307929595 336
1627561799916 0.15918294415352607 337
1627561799965 0.1591302448517806 338
1627561800026 0.15905010323447735 339
1627561800075 0.1589752784126807 340
1627561800121 0.15890366966418804 341
1627561800169 0.15884089113800648 342
1627561800228 0.15875331088041506 343
1627561800286 0.15867958669261317 344
1627561800339 0.15861141598695952 345
1627561800391 0.15853946268268254 346
1627561800452 0.1584464102334335 347
1627561800503 0.1583727742116578 348
1627561800548 0.15831133039460957 349
1627561800636 0.15824118657168937 350
1627561800709 0.15818038587002045 351
1627561800775 0.15811129146044012 352
1627561800819 0.15805663782340326 353
1627561800872 0.15800533916300463 354
1627561800944 0.1579004839475962 355
1627561801032 0.15783218594110635 356
1627561801095 0.15774428417093786 357
1627561801158 0.15768268147778516 358
1627561801201 0.15761920230642174 359
1627561801249 0.15756518378551548 360
1627561801302 0.1575067734725884 361
1627561801367 0.15743993486166324 362
1627561801434 0.15736439968702165 363
1627561801477 0.15730017318912906 364
1627561801536 0.15722808612318961 365
1627561801580 0.15717081728188212 366
1627561801646 0.15709125842561336 367
1627561801688 0.1570274439390744 368
1627561801732 0.156973393064909 369
1627561801777 0.15691099544168455 370
1627561801830 0.1568529513788878 371
1627561801875 0.15680367886543256 372
1627561801937 0.15674089575488648 373
1627561801990 0.15667834403501574 374
1627561802043 0.15661821872283788 375
1627561802094 0.15656077134508073 376
1627561802164 0.15649607296882054 377
1627561802228 0.15642324974828478 378
1627561802310 0.15631242615821037 379
1627561802386 0.156187389371332 380
1627561802434 0.15613380740232755 381
1627561802488 0.1560641168158305 382
1627561802538 0.15600948591180122 383
1627561802601 0.15594234567170334 384
1627561802657 0.1558752823902902 385
1627561802703 0.15581152857427077 386
1627561802758 0.1557430095720716 387
1627561802813 0.15567345540771454 388
1627561802870 0.1556072561372634 389
1627561802911 0.15555181415780442 390
1627561802984 0.1589752784126807 391
1627561807120 0.5084461510099301 0
1627561807236 0.46934845594802127 1
1627561807336 0.43484569719836147 2
1627561807436 0.4045113347489264 3
1627561807544 0.37791142760103297 4
1627561807641 0.3547404256370942 5
1627561807748 0.33468367386526165 6
1627561807845 0.3174231564570783 7
1627561807941 0.30257408096960137 8
1627561808032 0.2896933938165732 9
1627561808133 0.27857582708228323 10
1627561808227 0.2690566921613649 11
1627561808349 0.2608867092541969 12
1627561808464 0.25402254510137295 13
1627561808551 0.24800333349482281 14
1627561808648 0.24305770431036058 15
1627561808753 0.23879510542868213 16
1627561808876 0.23532018764715884 17
1627561808994 0.232279352836655 18
1627561809125 0.2294873693488841 19
1627561809233 0.22714650558070718 20
1627561809362 0.22519907683341994 21
1627561809454 0.22347003546141414 22
1627561809541 0.22195302448979082 23
1627561809666 0.22051600873224586 24
1627561809757 0.21937688546792364 25
1627561809844 0.21822886999971228 26
1627561809931 0.2172079724556927 27
1627561810057 0.21634863874826923 28
1627561810138 0.21551160958015872 29
1627561810223 0.21472176777871418 30
1627561810324 0.21399615375082312 31
1627561810401 0.21319232595380497 32
1627561810476 0.21252532698644952 33
1627561810553 0.21196297601767503 34
1627561810630 0.21112444673109457 35
1627561810722 0.21056263258129362 36
1627561810809 0.20991017529962225 37
1627561810889 0.2094089697792715 38
1627561810965 0.20863419553986468 39
1627561811039 0.20813436701430368 40
1627561811114 0.2073229069336385 41
1627561811191 0.20645567730331482 42
1627561811272 0.2057909573457727 43
1627561811356 0.20526676552117804 44
1627561811436 0.20480185221334185 45
1627561811520 0.2044723667097861 46
1627561811644 0.20361267836135458 47
1627561811746 0.20307619078182776 48
1627561811833 0.20249997022053748 49
1627561811948 0.20169371742786563 50
1627561812031 0.20140595216636628 51
1627561812131 0.20113446914034624 52
1627561812217 0.20055166244466446 53
1627561812293 0.200303491597711 54
1627561812373 0.20006145236707143 55
1627561812462 0.1994364693929772 56
1627561812525 0.19921165986280734 57
1627561812591 0.19898257044475695 58
1627561812669 0.19831629024579964 59
1627561812748 0.19798938834155977 60
1627561812826 0.19751855072570698 61
1627561812930 0.19732077140759777 62
1627561813010 0.1968301028018098 63
1627561813088 0.19656067210676265 64
1627561813169 0.1959994305050341 65
1627561813247 0.1957338022490109 66
1627561813329 0.19532152953445547 67
1627561813406 0.1950027374447196 68
1627561813472 0.1947932836218239 69
1627561813542 0.19456576098013903 70
1627561813634 0.1943333935279913 71
1627561813724 0.19396010446590603 72
1627561813823 0.19357990844369774 73
1627561813907 0.1930913118398175 74
1627561813994 0.1928565092359541 75
1627561814084 0.19260194770639494 76
1627561814168 0.19240277769773237 77
1627561814260 0.19206117126056566 78
1627561814373 0.19179343472947447 79
1627561814475 0.19158517890347676 80
1627561814549 0.19118732506220198 81
1627561814629 0.19097684272064308 82
1627561814697 0.19076865367873613 83
1627561814763 0.19056137177531693 84
1627561814842 0.1902480529482256 85
1627561814910 0.190074136319682 86
1627561814981 0.18988056275607307 87
1627561815049 0.1897044698240605 88
1627561815117 0.18952899317969601 89
1627561815186 0.18932175136116614 90
1627561815306 0.18911440607478258 91
1627561815391 0.1887889485964002 92
1627561815465 0.18848649935298062 93
1627561815538 0.1882705092446202 94
1627561815621 0.18809836747888664 95
1627561815701 0.18770662721427764 96
1627561815794 0.1873674630432298 97
1627561815839 0.18720047598358466 98
1627561815913 0.18700406351769372 99
1627561816025 0.1866662725940318 100
1627561816099 0.18651619704231134 101
1627561816203 0.1860697596196876 102
1627561816298 0.18586665121110058 103
1627561816391 0.18570446196987128 104
1627561816479 0.18555234310692767 105
1627561816561 0.18533235790078365 106
1627561816642 0.1850087250215556 107
1627561816714 0.18484219648562478 108
1627561816783 0.18458630420507136 109
1627561816854 0.18441353689891046 110
1627561816932 0.18423845359499702 111
1627561817015 0.18386754147582746 112
1627561817088 0.18365706934826098 113
1627561817153 0.1835041982468861 114
1627561817235 0.1832601270241161 115
1627561817329 0.18299172310509734 116
1627561817417 0.18283961021516512 117
1627561817481 0.1826898528465045 118
1627561817570 0.18244894651291957 119
1627561817633 0.18227917020274612 120
1627561817693 0.18212679908742418 121
1627561817761 0.1819705142657669 122
1627561817831 0.1817957451146752 123
1627561817915 0.18141196021530945 124
1627561817978 0.1812794919132904 125
1627561818030 0.18116199607720365 126
1627561818096 0.18103436858534477 127
1627561818174 0.18080574329091254 128
1627561818232 0.18064742797521394 129
1627561818312 0.1803694137817004 130
1627561818379 0.18024413437434864 131
1627561818438 0.18011043331230883 132
1627561818501 0.1799647242907304 133
1627561818568 0.1798223004055581 134
1627561818630 0.17966690792495182 135
1627561818701 0.1795226217263479 136
1627561818771 0.1793305365625351 137
1627561818836 0.17918685846092156 138
1627561818902 0.17904896643000795 139
1627561818969 0.17888882343837248 140
1627561819039 0.17866025982136713 141
1627561819112 0.1785386659483075 142
1627561819211 0.17836410566392796 143
1627561819293 0.1782233175319568 144
1627561819370 0.17809708786086145 145
1627561819443 0.17795119306813295 146
1627561819535 0.17770123103141244 147
1627561819591 0.17757503816978604 148
1627561819669 0.17745292658924144 149
1627561819723 0.1773220224550228 150
1627561819770 0.17722599760054125 151
1627561819842 0.17706455372861332 152
1627561819895 0.17695225417140384 153
1627561819959 0.17683746916412024 154
1627561820022 0.1766557235059125 155
1627561820082 0.17653356544641308 156
1627561820139 0.17642337349485376 157
1627561820212 0.1762811166505886 158
1627561820278 0.17615526164925996 159
1627561820330 0.17604667562919715 160
1627561820391 0.17591666428958283 161
1627561820444 0.17582645199548558 162
1627561820516 0.17565882711276218 163
1627561820584 0.17554035539086493 164
1627561820657 0.17541357193919027 165
1627561820724 0.1752814472063994 166
1627561820789 0.1751563653509139 167
1627561820839 0.17507306377127183 168
1627561820910 0.17492765182432896 169
1627561821004 0.17480754168528653 170
1627561821071 0.1746767925035515 171
1627561821164 0.17456331165561054 172
1627561821237 0.17443978387285722 173
1627561821301 0.17432819505333796 174
1627561821360 0.17420768658851002 175
1627561821410 0.17409711266023084 176
1627561821483 0.17397059184287209 177
1627561821553 0.1738271735153641 178
1627561821604 0.17372717189715117 179
1627561821657 0.17362511825714036 180
1627561821719 0.1735038070663226 181
1627561821789 0.17340272702859727 182
1627561821835 0.17331095119214887 183
1627561821897 0.17321415452795144 184
1627561821955 0.173122798781914 185
1627561822002 0.17302963210134675 186
1627561822049 0.1729397474749253 187
1627561822139 0.17282442629272024 188
1627561822213 0.17264294708801448 189
1627561822265 0.17253165977376705 190
1627561822332 0.17234253360779098 191
1627561822415 0.17222384262197882 192
1627561822518 0.17211793005592277 193
1627561822626 0.17197014993179582 194
1627561822701 0.17179279378189782 195
1627561822765 0.17170107385958416 196
1627561822811 0.171627800423389 197
1627561822865 0.1715199872425285 198
1627561822923 0.17143722103115808 199
1627561822983 0.17133926256337836 200
1627561823047 0.17123504483657098 201
1627561823121 0.17110136335023324 202
1627561823183 0.1709775800543123 203
1627561823239 0.17087973177565113 204
1627561823305 0.17076061343827864 205
1627561823364 0.17066248408542983 206
1627561823462 0.17056480692763373 207
1627561823540 0.17045143165404947 208
1627561823610 0.17034132781053102 209
1627561823674 0.17024337281610163 210
1627561823734 0.17015349711115466 211
1627561823790 0.17006120385387224 212
1627561823859 0.16996290606081424 213
1627561823922 0.16986819618271481 214
1627561823990 0.16972796703216989 215
1627561824054 0.16962930397912648 216
1627561824110 0.16953736610119816 217
1627561824174 0.16942922561201038 218
1627561824223 0.16933546931756735 219
1627561824285 0.16919483488157352 220
1627561824336 0.16910296765893587 221
1627561824398 0.16901468102095715 222
1627561824455 0.16893874803746392 223
1627561824501 0.16886772710037107 224
1627561824552 0.16878250197302447 225
1627561824611 0.1687035227609316 226
1627561824672 0.16859581033980492 227
1627561824721 0.1685138812282822 228
1627561824768 0.16845133820419297 229
1627561824819 0.16835878258208606 230
1627561824871 0.16826264639343227 231
1627561824946 0.1681007413677053 232
1627561825024 0.16800750808175552 233
1627561825125 0.16787523936664603 234
1627561825181 0.1677921521359578 235
1627561825271 0.16770048908683277 236
1627561825325 0.16762398202884327 237
1627561825392 0.16753341718354955 238
1627561825435 0.16745558587054016 239
1627561825509 0.1673732038846856 240
1627561825555 0.1672836453607006 241
1627561825639 0.16719913287434762 242
1627561825732 0.16707266396000156 243
1627561825785 0.16698221220812495 244
1627561825854 0.16689646412771048 245
1627561825950 0.16675844955744895 246
1627561826014 0.16663995914333612 247
1627561826059 0.1665528133024827 248
1627561826141 0.16647686363873426 249
1627561826219 0.16638930228411028 250
1627561826306 0.16629190697979937 251
1627561826371 0.1662114541706814 252
1627561826452 0.16613006454533646 253
1627561826529 0.16605701253239896 254
1627561826616 0.1659615668483375 255
1627561826696 0.16588571610449598 256
1627561826751 0.16579682620394737 257
1627561826837 0.16567948134130783 258
1627561826918 0.165591039981231 259
1627561826986 0.16548919707021217 260
1627561827053 0.1654009788430728 261
1627561827109 0.16533677368094046 262
1627561827159 0.16526208393276487 263
1627561827200 0.1651910542566281 264
1627561827252 0.16511079316753585 265
1627561827307 0.16501595680772807 266
1627561827365 0.16494124665369614 267
1627561827417 0.16486163742698706 268
1627561827477 0.16477996596117422 269
1627561827538 0.16470582465454345 270
1627561827593 0.16462995424279425 271
1627561827668 0.1644653620417458 272
1627561827719 0.16439182394682725 273
1627561827766 0.1643138575910246 274
1627561827830 0.1642313831414465 275
1627561827882 0.16415923885116263 276
1627561827925 0.16408961122374202 277
1627561828012 0.16398933793939932 278
1627561828124 0.16381916925452567 279
1627561828170 0.16373171414999493 280
1627561828241 0.1636014889957675 281
1627561828292 0.1635236856690856 282
1627561828360 0.16342943208242874 283
1627561828426 0.16336151598782755 284
1627561828489 0.1633021393342243 285
1627561828597 0.16316766508725197 286
1627561828675 0.16309009506099545 287
1627561828758 0.16301951238016166 288
1627561828840 0.16294276964221938 289
1627561828909 0.16286131303126652 290
1627561828955 0.16281071603081806 291
1627561829004 0.1627298608147238 292
1627561829076 0.16266560575531142 293
1627561829151 0.16258872601395796 294
1627561829235 0.16250734669385847 295
1627561829294 0.16242020068462032 296
1627561829338 0.16233813846031067 297
1627561829391 0.16225904961796175 298
1627561829447 0.1621802907260859 299
1627561829493 0.16210918515734743 300
1627561829546 0.16203009092064974 301
1627561829602 0.16194805500566425 302
1627561829664 0.16186406524238472 303
1627561829716 0.16179182312760024 304
1627561829784 0.1617251536429872 305
1627561829853 0.16164169082895663 306
1627561829903 0.16157264521911663 307
1627561829979 0.16149726415085763 308
1627561830068 0.16136694827231 309
1627561830121 0.1612979813270963 310
1627561830210 0.16119375058971022 311
1627561830267 0.16112460026905442 312
1627561830341 0.1610107596633079 313
1627561830388 0.16093586153636463 314
1627561830445 0.16085784775759754 315
1627561830502 0.16078167905487956 316
1627561830557 0.16070610331035795 317
1627561830615 0.1606385350222109 318
1627561830664 0.1605838668668428 319
1627561830740 0.16050506892543434 320
1627561830809 0.16043537118825996 321
1627561830881 0.1603610407643957 322
1627561830980 0.16028508851703713 323
1627561831031 0.16022449413247208 324
1627561831082 0.1601594584636492 325
1627561831126 0.1600914560119603 326
1627561831190 0.16003194323849448 327
1627561831250 0.15996098336985323 328
1627561831307 0.15988804681118937 329
1627561831356 0.15982176040483326 330
1627561831412 0.15974206188353635 331
1627561831462 0.1596772879461714 332
1627561831520 0.1595969148303405 333
1627561831578 0.15952206243677158 334
1627561831633 0.1594564917972176 335
1627561831697 0.15936956809251263 336
1627561831742 0.15931394886612624 337
1627561831787 0.15925894585901187 338
1627561831836 0.15919540636005763 339
1627561831879 0.15913700338356226 340
1627561831925 0.15908018419832168 341
1627561831978 0.15901943836489452 342
1627561832039 0.15894435117693795 343
1627561832100 0.15887088230134233 344
1627561832156 0.15879373118502804 345
1627561832218 0.15872312736711514 346
1627561832286 0.1586305911297694 347
1627561832348 0.1585614107998781 348
1627561832414 0.1584917610579559 349
1627561832468 0.15843220801365965 350
1627561832526 0.15837068249001474 351
1627561832597 0.15830420103522 352
1627561832656 0.1582462608515474 353
1627561832708 0.15817208019472462 354
1627561832781 0.15810323899619164 355
1627561832822 0.15805295212040293 356
1627561832895 0.15793506924561468 357
1627561832939 0.15786161393139045 358
1627561832990 0.15778902957102797 359
1627561833046 0.15771220780570414 360
1627561833111 0.1576440536216039 361
1627561833183 0.15757257047252274 362
1627561833291 0.15746918151528227 363
1627561833345 0.15740424555884233 364
1627561833401 0.15734631158769208 365
1627561833452 0.15728331539159235 366
1627561833528 0.16078167905487956 367
1627561837573 0.5091986436081718 0
1627561837678 0.4700063616653192 1
1627561837782 0.4353990678103789 2
1627561837887 0.4049786260707055 3
1627561837995 0.37834337041806315 4
1627561838105 0.35517473707652975 5
1627561838214 0.3351257314063905 6
1627561838325 0.3178442544000917 7
1627561838427 0.30291401269697615 8
1627561838524 0.28999835044380873 9
1627561838624 0.27878856397545176 10
1627561838723 0.2692795561688289 11
1627561838821 0.2610324504194526 12
1627561838956 0.2541328322256401 13
1627561839052 0.24818826300351007 14
1627561839192 0.24318530933521995 15
1627561839323 0.2389109952710143 16
1627561839448 0.23532724034148736 17
1627561839545 0.23228676604812729 18
1627561839636 0.2295045637022387 19
1627561839725 0.2271235160197421 20
1627561839810 0.2251347808208216 21
1627561839903 0.22339363267094547 22
1627561840003 0.22183128527643833 23
1627561840121 0.22046449647186153 24
1627561840204 0.21937173407577013 25
1627561840324 0.21812739189954655 26
1627561840434 0.21718349445135882 27
1627561840536 0.21635019896220226 28
1627561840612 0.2154555405569847 29
1627561840695 0.2146232233084338 30
1627561840782 0.21397346041957793 31
1627561840868 0.21318516875804233 32
1627561840949 0.21247586573242747 33
1627561841023 0.21190207133613426 34
1627561841102 0.21097272171562148 35
1627561841180 0.2101117479689887 36
1627561841268 0.20946304893805387 37
1627561841348 0.20890868433742163 38
1627561841430 0.20834127252953633 39
1627561841513 0.2078935849858217 40
1627561841588 0.2072866430590653 41
1627561841666 0.20693248441409043 42
1627561841744 0.20617109214527707 43
1627561841833 0.2057198810486784 44
1627561841921 0.20524584768627688 45
1627561842042 0.2045314333091556 46
1627561842118 0.20392862815960106 47
1627561842206 0.20315648657752117 48
1627561842287 0.20278726351851725 49
1627561842365 0.2021103670697874 50
1627561842438 0.2017869157980857 51
1627561842519 0.2014758922442557 52
1627561842605 0.200844141676573 53
1627561842684 0.20050736892172727 54
1627561842770 0.19983491598431685 55
1627561842859 0.19916869639539925 56
1627561842928 0.19887189667142194 57
1627561843003 0.19861739431708905 58
1627561843086 0.19828999107699075 59
1627561843177 0.19799875212384552 60
1627561843279 0.1977642581851563 61
1627561843362 0.19736854186215938 62
1627561843465 0.196876607894836 63
1627561843572 0.19647831642118527 64
1627561843700 0.19622406742734094 65
1627561843775 0.1959903053571561 66
1627561843855 0.19546766515673517 67
1627561843958 0.1948190247223596 68
1627561844035 0.19456720982689155 69
1627561844113 0.1943370130825846 70
1627561844192 0.1940180785396983 71
1627561844260 0.19381546104007513 72
1627561844338 0.19353779278756253 73
1627561844413 0.1933151710131166 74
1627561844482 0.19313163332836936 75
1627561844564 0.1926706600366997 76
1627561844646 0.19235335300707398 77
1627561844708 0.1921600348519969 78
1627561844778 0.19178707794744432 79
1627561844856 0.19158786600482863 80
1627561844930 0.19137953155924078 81
1627561845004 0.19115959797041815 82
1627561845086 0.19096194090966623 83
1627561845194 0.1905738237336967 84
1627561845282 0.19037139850787288 85
1627561845359 0.18998474348767988 86
1627561845454 0.18978738507794113 87
1627561845532 0.1895927840847914 88
1627561845607 0.1893850998401914 89
1627561845696 0.18919472299050488 90
1627561845810 0.18894177259212042 91
1627561845912 0.18854701873347238 92
1627561846006 0.18836280538635577 93
1627561846120 0.18818907224858777 94
1627561846220 0.1879255630192582 95
1627561846302 0.18750299248954652 96
1627561846398 0.18717393276281483 97
1627561846482 0.18697753675452972 98
1627561846555 0.18678303257156023 99
1627561846654 0.18656214058973958 100
1627561846736 0.18640898404422473 101
1627561846800 0.1862268980511339 102
1627561846891 0.1859038909298248 103
1627561846965 0.1857438696619318 104
1627561847054 0.18555110099110722 105
1627561847116 0.18539044742109106 106
1627561847200 0.1851568523614916 107
1627561847295 0.18500056748308502 108
1627561847398 0.18485832684048625 109
1627561847475 0.18458727858002755 110
1627561847549 0.1844312698406592 111
1627561847627 0.18412593016970633 112
1627561847693 0.18398030196730009 113
1627561847772 0.1837970851863744 114
1627561847852 0.18346867433466982 115
1627561847919 0.1832957406546019 116
1627561847990 0.18315711932223938 117
1627561848053 0.18297985198959243 118
1627561848126 0.18274793774531645 119
1627561848185 0.1826222286414711 120
1627561848240 0.18248105760141886 121
1627561848305 0.1823268297074514 122
1627561848371 0.18215202009878598 123
1627561848437 0.18203531385238503 124
1627561848506 0.18179377552206608 125
1627561848560 0.18167666856749304 126
1627561848630 0.18153978165953186 127
1627561848724 0.1814054968345946 128
1627561848808 0.18117287620647138 129
1627561848923 0.1810457624249891 130
1627561849028 0.18080853640463632 131
1627561849103 0.18067892882116968 132
1627561849194 0.18053224791544878 133
1627561849250 0.18037702488551996 134
1627561849304 0.1802515828810211 135
1627561849370 0.18012517627143898 136
1627561849430 0.1799816699374735 137
1627561849495 0.17983236457501675 138
1627561849549 0.17969722298012278 139
1627561849616 0.17951073538162668 140
1627561849671 0.17938627108523672 141
1627561849749 0.17913059107839913 142
1627561849823 0.17895055399047347 143
1627561849893 0.17882159289591412 144
1627561849951 0.1786821789620959 145
1627561850025 0.17855637484106185 146
1627561850103 0.17827522012712835 147
1627561850173 0.17812809237442698 148
1627561850252 0.17801259928771343 149
1627561850360 0.1777842063043052 150
1627561850425 0.17768199918457822 151
1627561850519 0.17740710336087562 152
1627561850583 0.1772967497017263 153
1627561850672 0.17717240390090272 154
1627561850754 0.1770566485416117 155
1627561850820 0.1769361527028526 156
1627561850891 0.17675370679511984 157
1627561850958 0.17664273366648425 158
1627561851019 0.17652464617852776 159
1627561851084 0.17637275410179148 160
1627561851157 0.17627082652045062 161
1627561851247 0.1761561075537064 162
1627561851317 0.17603002348411664 163
1627561851385 0.17586668898030516 164
1627561851447 0.17575146381347348 165
1627561851500 0.17563061676980152 166
1627561851546 0.1755395852656524 167
1627561851609 0.17542837019706925 168
1627561851670 0.17531321242661285 169
1627561851736 0.17519712685355782 170
1627561851788 0.17509848179597756 171
1627561851864 0.17492607898640983 172
1627561851913 0.17483088427362867 173
1627561852002 0.17469340452036447 174
1627561852065 0.17458261211374076 175
1627561852130 0.17444399859587492 176
1627561852193 0.17433288954330686 177
1627561852254 0.17422347674770072 178
1627561852321 0.17409913997455106 179
1627561852386 0.17397849162637757 180
1627561852458 0.17382657239143293 181
1627561852517 0.1737225246348551 182
1627561852584 0.17351814394089785 183
1627561852646 0.1734052678082793 184
1627561852696 0.1733157745122906 185
1627561852775 0.17321625438554505 186
1627561852857 0.17306221667030877 187
1627561852906 0.1729721206525781 188
1627561852974 0.1728855917820385 189
1627561853038 0.1727801396842903 190
1627561853105 0.17267944479653746 191
1627561853182 0.1725464372632161 192
1627561853262 0.17244879522727832 193
1627561853316 0.17234770397448312 194
1627561853383 0.17224759020626437 195
1627561853443 0.17214135752973622 196
1627561853506 0.17201866637634816 197
1627561853553 0.17192992399448165 198
1627561853606 0.1718426611869797 199
1627561853665 0.17173822655404347 200
1627561853772 0.17161134236362238 201
1627561853870 0.17148935953409908 202
1627561853970 0.17137651086502764 203
1627561854065 0.17128858049866172 204
1627561854133 0.17119732428683807 205
1627561854195 0.17109549031966242 206
1627561854268 0.17100717688770053 207
1627561854365 0.17089790380785438 208
1627561854411 0.17081313768636794 209
1627561854474 0.17067431263857974 210
1627561854579 0.17048326236209863 211
1627561854650 0.17038881609058507 212
1627561854701 0.17029013193644368 213
1627561854744 0.17021120702972706 214
1627561854812 0.17007068302690323 215
1627561854863 0.16997815116851045 216
1627561854916 0.16988636482427388 217
1627561854969 0.16979610885618657 218
1627561855023 0.1696966731530589 219
1627561855104 0.16946611330207442 220
1627561855155 0.16937821549295956 221
1627561855218 0.1692831542146394 222
1627561855275 0.1691942562794591 223
1627561855322 0.16912048166852392 224
1627561855376 0.1690396400786153 225
1627561855424 0.16896047181606164 226
1627561855483 0.1688457751329695 227
1627561855549 0.16872988985383605 228
1627561855605 0.16861618544517384 229
1627561855663 0.1685197836236356 230
1627561855712 0.16843762887603692 231
1627561855783 0.168282492031762 232
1627561855846 0.1681668826066411 233
1627561855930 0.16806138781735105 234
1627561855995 0.1679505839388221 235
1627561856042 0.16788320442110574 236
1627561856109 0.16781014177589515 237
1627561856185 0.1677277274796753 238
1627561856248 0.16763622259791264 239
1627561856297 0.16755908658663188 240
1627561856346 0.16748312877482072 241
1627561856404 0.16736977177579446 242
1627561856454 0.1672716464919274 243
1627561856500 0.16719023030481653 244
1627561856569 0.16703270446296511 245
1627561856623 0.16694277316890116 246
1627561856685 0.166850388635373 247
1627561856745 0.1667691044674971 248
1627561856810 0.16669851593087556 249
1627561856888 0.16660371094228937 250
1627561856949 0.16651476239759036 251
1627561857026 0.16636493874483482 252
1627561857082 0.1662751975050647 253
1627561857148 0.16619173374652152 254
1627561857204 0.16609532038074964 255
1627561857266 0.16600665652252536 256
1627561857336 0.1658783684151174 257
1627561857398 0.16580049169202302 258
1627561857505 0.1656436158899312 259
1627561857570 0.16555529520558193 260
1627561857618 0.16547616311735758 261
1627561857690 0.16539649961419411 262
1627561857751 0.16531220196497606 263
1627561857800 0.16522446999007642 264
1627561857852 0.1651431951651034 265
1627561857917 0.1650388887078394 266
1627561857973 0.16496083372847278 267
1627561858032 0.1648755779349036 268
1627561858082 0.16478837860575607 269
1627561858132 0.16471824782453595 270
1627561858185 0.16463993748333344 271
1627561858251 0.16452968492256195 272
1627561858301 0.16445089296504084 273
1627561858351 0.1643842346439734 274
1627561858398 0.1643179785430525 275
1627561858446 0.16424638216662737 276
1627561858493 0.1641773975398251 277
1627561858538 0.16411095504488454 278
1627561858596 0.16403806793020156 279
1627561858661 0.16394521882494284 280
1627561858733 0.1638280081430959 281
1627561858790 0.16375965587155414 282
1627561858851 0.1636795438343968 283
1627561858909 0.16359779574490294 284
1627561858966 0.16351498112343646 285
1627561859008 0.16344941612867606 286
1627561859061 0.16335749923047746 287
1627561859115 0.16328387944609715 288
1627561859184 0.16314301375420404 289
1627561859228 0.16307990593129057 290
1627561859282 0.16301007841269965 291
1627561859337 0.16293686674122368 292
1627561859403 0.16283210884220967 293
1627561859463 0.16274105669826153 294
1627561859515 0.16267613692826607 295
1627561859581 0.16259461861564595 296
1627561859641 0.16252479472444256 297
1627561859706 0.16245280038723875 298
1627561859761 0.16237918608955282 299
1627561859803 0.1623123289992579 300
1627561859875 0.16222783066744642 301
1627561859934 0.16214525191579418 302
1627561859978 0.16208568758109715 303
1627561860036 0.16200628677609308 304
1627561860100 0.1619329918207493 305
1627561860160 0.16185195060794766 306
1627561860222 0.16175421291466577 307
1627561860284 0.1616767022396532 308
1627561860341 0.1616000770277066 309
1627561860414 0.1615198300399149 310
1627561860478 0.16145612683698637 311
1627561860544 0.16139133422740592 312
1627561860597 0.1613208600057685 313
1627561860650 0.16124560239352662 314
1627561860709 0.1611762706940728 315
1627561860777 0.16106285117542996 316
1627561860838 0.16098589318215076 317
1627561860945 0.16088887548768308 318
1627561861010 0.1608157205468279 319
1627561861060 0.16074542220253143 320
1627561861109 0.16067565531873382 321
1627561861165 0.1606021294261153 322
1627561861215 0.16052391902524152 323
1627561861267 0.1604559580472562 324
1627561861328 0.16038669917406245 325
1627561861395 0.1603210854513927 326
1627561861458 0.16025403008513794 327
1627561861530 0.16018856192815872 328
1627561861610 0.16012447568854285 329
1627561861682 0.16005518737920746 330
1627561861749 0.15997464209269383 331
1627561861830 0.15989723110975132 332
1627561861901 0.15982961081094874 333
1627561861981 0.1597347283303371 334
1627561862063 0.1596568903164135 335
1627561862116 0.15958579391376584 336
1627561862165 0.15952208783263566 337
1627561862227 0.1594419667735019 338
1627561862315 0.1593754092037558 339
1627561862363 0.15931692861760807 340
1627561862417 0.15925755448892848 341
1627561862465 0.15920040217324413 342
1627561862528 0.1591398001133054 343
1627561862618 0.1590123952275486 344
1627561862674 0.15894527990938875 345
1627561862758 0.15886447498584866 346
1627561862803 0.1587942843442981 347
1627561862876 0.1587167614719478 348
1627561862930 0.15864307212569437 349
1627561862988 0.15857943733066007 350
1627561863037 0.15851847582486095 351
1627561863084 0.1584561493369661 352
1627561863128 0.15838381017064673 353
1627561863176 0.1583221728679595 354
1627561863239 0.1582093875805238 355
1627561863287 0.1581528119092293 356
1627561863334 0.1580845278622167 357
1627561863375 0.15802618740198177 358
1627561863430 0.15795485629993528 359
1627561863495 0.15788512831327348 360
1627561863568 0.15782744270291982 361
1627561863644 0.1577615183467723 362
1627561863747 0.15765379865352763 363
1627561863816 0.15755162101469777 364
1627561863906 0.15746080633789564 365
1627561863980 0.1573533841781335 366
1627561864024 0.1572943193677445 367
1627561864099 0.15717331098942255 368
1627561864156 0.15709981061260958 369
1627561864199 0.1570360522372604 370
1627561864272 0.15698601810332233 371
1627561864360 0.1569147117125442 372
1627561864440 0.15684332684433056 373
1627561864530 0.1567810801605182 374
1627561864625 0.1567146440068315 375
1627561864711 0.1566516374831636 376
1627561864794 0.1565944136425497 377
1627561864877 0.1565154180961875 378
1627561864931 0.1564560330957406 379
1627561865001 0.1563952454190748 380
1627561865074 0.15632576833653353 381
1627561865135 0.15626037408147225 382
1627561865229 0.1561627751670834 383
1627561865278 0.15609571399696723 384
1627561865331 0.15602809244057456 385
1627561865388 0.15596486093740522 386
1627561865455 0.15587639785659999 387
1627561865506 0.1558191375134803 388
1627561865555 0.15576836686507664 389
1627561865599 0.1557161818793068 390
1627561865644 0.15566253884568565 391
1627561865697 0.15559471014277873 392
1627561865744 0.1555453443176515 393
1627561865810 0.15547948700498174 394
1627561865860 0.15541481821821024 395
1627561865912 0.1553521130534666 396
1627561865963 0.15529525660324786 397
1627561866007 0.15523007892466428 398
1627561866059 0.15517190711112785 399
1627561866110 0.15510598595287653 400
1627561866166 0.15503339881379302 401
1627561866231 0.15492458324038164 402
1627561866284 0.15485302346576685 403
1627561866333 0.15478570488037793 404
1627561866384 0.15472775830846447 405
1627561866435 0.15466909178329727 406
1627561866493 0.15459617959656763 407
1627561866558 0.15450274558609872 408
1627561866610 0.15444244879088725 409
1627561866679 0.15438481243552013 410
1627561866752 0.1543168754658311 411
1627561866832 0.15425798428961135 412
1627561866896 0.15420805002399282 413
1627561866964 0.15414956564346147 414
1627561867013 0.15408778674122878 415
1627561867062 0.15401740391720198 416
1627561867123 0.1539591862189638 417
1627561867213 0.15387901104010782 418
1627561867265 0.153813123753289 419
1627561867343 0.15709981061260958 420
1627561871541 0.5072225775958681 0
1627561871695 0.4682844975143844 1
1627561871806 0.4339052085106955 2
1627561871915 0.4037071325807672 3
1627561872034 0.3771441693446489 4
1627561872133 0.3540192924309962 5
1627561872239 0.334031936388927 6
1627561872344 0.31677053739225486 7
1627561872453 0.3019480908549671 8
1627561872558 0.28915749280173436 9
1627561872656 0.2780850550560527 10
1627561872758 0.268642023709207 11
1627561872856 0.2605064155252486 12
1627561872964 0.2536287515971098 13
1627561873063 0.24777055939663425 14
1627561873164 0.2428175325966613 15
1627561873264 0.23858471304683032 16
1627561873365 0.23506460386724634 17
1627561873462 0.2320249589484816 18
1627561873555 0.22931199609704755 19
1627561873643 0.22699360281776976 20
1627561873727 0.22502344033378774 21
1627561873815 0.22336984188659587 22
1627561873902 0.2217973671050503 23
1627561873989 0.2205157592843374 24
1627561874071 0.21938968047449345 25
1627561874153 0.21822662172443813 26
1627561874236 0.21725389921153718 27
1627561874319 0.21624366101874498 28
1627561874398 0.215369160458082 29
1627561874478 0.2144631205268018 30
1627561874566 0.21372592409463864 31
1627561874644 0.2128991169879334 32
1627561874721 0.21207827961283776 33
1627561874802 0.21156933825177882 34
1627561874875 0.21074724825608782 35
1627561874951 0.20996116242602456 36
1627561875028 0.20907197455399146 37
1627561875108 0.20859437641218653 38
1627561875187 0.20772721790307078 39
1627561875263 0.20725262084566892 40
1627561875334 0.20677727613441196 41
1627561875412 0.20621391756913424 42
1627561875496 0.20567732893395504 43
1627561875581 0.20523453796735774 44
1627561875656 0.20492632351965145 45
1627561875740 0.20438533469940373 46
1627561875829 0.2035395134640708 47
1627561875904 0.20322222042121482 48
1627561875984 0.2026963857754923 49
1627561876060 0.20200149184529004 50
1627561876133 0.2016718592469007 51
1627561876210 0.20135816644079665 52
1627561876291 0.20087391901236645 53
1627561876364 0.2002632403535487 54
1627561876442 0.19980621142442095 55
1627561876518 0.19940805267631895 56
1627561876589 0.19907860193391877 57
1627561876662 0.1988182300867732 58
1627561876736 0.19853722214014202 59
1627561876812 0.19826800155407753 60
1627561876893 0.19773665279651842 61
1627561876968 0.19749143964129004 62
1627561877043 0.1972625563626205 63
1627561877118 0.19680472681033193 64
1627561877201 0.19621750834609292 65
1627561877274 0.19596943426154778 66
1627561877350 0.19572939398151407 67
1627561877437 0.19511220683537028 68
1627561877513 0.19473901193647428 69
1627561877586 0.19451517061575424 70
1627561877656 0.1942959834375702 71
1627561877730 0.1939185847012415 72
1627561877803 0.19370031729408127 73
1627561877877 0.19348915892947297 74
1627561877951 0.19311701308464288 75
1627561878028 0.19287624474586276 76
1627561878126 0.19268747793464713 77
1627561878215 0.19233564963878394 78
1627561878300 0.19177400841778686 79
1627561878387 0.1915662526121599 80
1627561878492 0.19114862100310046 81
1627561878574 0.19090801402338547 82
1627561878666 0.19072053589568144 83
1627561878752 0.19037010530270404 84
1627561878825 0.1901468291710385 85
1627561878898 0.18995982542055465 86
1627561878972 0.1897843575188973 87
1627561879088 0.18942666048536766 88
1627561879210 0.18914824363172889 89
1627561879328 0.1888541514845115 90
1627561879451 0.18868157476294856 91
1627561879539 0.1883519681876952 92
1627561879610 0.18817173330847597 93
1627561879690 0.18797473862412736 94
1627561879753 0.18778570686288126 95
1627561879828 0.1874417554252657 96
1627561879897 0.18727862950665308 97
1627561879970 0.18710694187799504 98
1627561880041 0.1869482320506699 99
1627561880119 0.1867555031378179 100
1627561880191 0.18656616713206894 101
1627561880274 0.18613790278697073 102
1627561880327 0.18599340962107114 103
1627561880396 0.1858430293850355 104
1627561880480 0.18553713741561395 105
1627561880552 0.18537810911739863 106
1627561880625 0.18523735058109103 107
1627561880709 0.184923811558155 108
1627561880824 0.18458720996973663 109
1627561880949 0.18424437580489453 110
1627561881030 0.18407411748256203 111
1627561881095 0.18390751085183527 112
1627561881144 0.18374796750716685 113
1627561881215 0.183593582206687 114
1627561881276 0.1834482020385859 115
1627561881340 0.18325993550312192 116
1627561881411 0.18310434156110103 117
1627561881490 0.18294929480515315 118
1627561881569 0.18280876564926624 119
1627561881635 0.1825803619720348 120
1627561881705 0.18229944694031278 121
1627561881757 0.1821623837844318 122
1627561881828 0.1819711975251047 123
1627561881898 0.1816939993364563 124
1627561881954 0.1815224835269367 125
1627561882024 0.1813803919444286 126
1627561882093 0.1811816664312775 127
1627561882161 0.18103709180377275 128
1627561882230 0.18088966197386872 129
1627561882300 0.18073414820892428 130
1627561882365 0.18060096411994517 131
1627561882427 0.1804534458682943 132
1627561882490 0.18031998633150512 133
1627561882558 0.18007706175540408 134
1627561882614 0.1799408054230928 135
1627561882677 0.17978775036429917 136
1627561882744 0.17963365856086425 137
1627561882802 0.17951901878636503 138
1627561882859 0.1793758986559482 139
1627561882933 0.17915086983137332 140
1627561882992 0.1789954652374819 141
1627561883052 0.17886552788258148 142
1627561883118 0.17874111848181196 143
1627561883183 0.17857803659019228 144
1627561883256 0.17841415192245952 145
1627561883324 0.17824256135028138 146
1627561883384 0.17812378164310677 147
1627561883440 0.17798344600006827 148
1627561883509 0.17784656373709362 149
1627561883584 0.17764878371389914 150
1627561883654 0.17753365564518317 151
1627561883721 0.17738790712366623 152
1627561883794 0.17725390667772717 153
1627561883869 0.17712918279549852 154
1627561883943 0.1769965372225496 155
1627561884015 0.17686801100916358 156
1627561884080 0.1767401179647569 157
1627561884139 0.17664054747492505 158
1627561884187 0.17654287946879624 159
1627561884254 0.17644010771862595 160
1627561884333 0.17616941359872199 161
1627561884395 0.17605517800303896 162
1627561884454 0.17592279687945148 163
1627561884528 0.175805547144226 164
1627561884590 0.1756893238684211 165
1627561884658 0.17557784480412114 166
1627561884748 0.17541884902894006 167
1627561884801 0.17532870623936136 168
1627561884844 0.17523846410467972 169
1627561884914 0.1750928784951621 170
1627561884986 0.17497640960771527 171
1627561885077 0.17473061716446392 172
1627561885134 0.17463678123075216 173
1627561885190 0.17452370174160894 174
1627561885244 0.17440388646299607 175
1627561885295 0.1742984025808347 176
1627561885360 0.17417513603109755 177
1627561885420 0.17406016703884805 178
1627561885487 0.17392453712121814 179
1627561885551 0.17380626532011786 180
1627561885619 0.17367332249080206 181
1627561885671 0.17357715638628904 182
1627561885739 0.1734195269767619 183
1627561885797 0.17330997768697787 184
1627561885874 0.17308020311865804 185
1627561885944 0.1729190597117749 186
1627561886012 0.17279311913859963 187
1627561886078 0.17269073311226377 188
1627561886138 0.17258913139524037 189
1627561886205 0.17248436570432465 190
1627561886264 0.17237995656391142 191
1627561886316 0.17227238562087202 192
1627561886384 0.17215132157991098 193
1627561886433 0.1720360916781211 194
1627561886481 0.1719516009757135 195
1627561886536 0.17185829235836522 196
1627561886600 0.1717554898670546 197
1627561886651 0.1716726971985593 198
1627561886700 0.17159786964480753 199
1627561886757 0.1714955748063572 200
1627561886822 0.17139024102567954 201
1627561886911 0.17126391267205757 202
1627561886980 0.1711538593113945 203
1627561887050 0.1710243967731845 204
1627561887101 0.1709395265825103 205
1627561887184 0.17083224409693706 206
1627561887258 0.1707124154252047 207
1627561887306 0.17063636759219675 208
1627561887379 0.1705370015561272 209
1627561887435 0.17044228719669852 210
1627561887491 0.17035411612032886 211
1627561887563 0.17021741697384604 212
1627561887623 0.1701209909360797 213
1627561887694 0.1700277588189253 214
1627561887754 0.16993869743108966 215
1627561887801 0.16986545142386994 216
1627561887860 0.16977613852118295 217
1627561887913 0.169677791084056 218
1627561887974 0.1695832991516103 219
1627561888046 0.16940070921660536 220
1627561888126 0.16921064791735826 221
1627561888188 0.16912108026303954 222
1627561888281 0.16903259777362817 223
1627561888372 0.168948951466888 224
1627561888456 0.16886661584297674 225
1627561888529 0.16875673430753688 226
1627561888586 0.16866666669428812 227
1627561888646 0.16857567779783025 228
1627561888716 0.16850746362442207 229
1627561888774 0.16841512281277 230
1627561888837 0.16831547661697885 231
1627561888892 0.1682307443448042 232
1627561888945 0.16814715319662624 233
1627561888988 0.16807790505457837 234
1627561889047 0.16798323503132048 235
1627561889131 0.1678002227672432 236
1627561889196 0.1676717982022607 237
1627561889254 0.1675872720179252 238
1627561889311 0.16749744290813826 239
1627561889365 0.1674149476216145 240
1627561889416 0.16732245397176873 241
1627561889470 0.16723729914196261 242
1627561889531 0.16711029297571858 243
1627561889583 0.16702351721882427 244
1627561889645 0.1669038878033587 245
1627561889701 0.16680899885508596 246
1627561889759 0.16671689926326905 247
1627561889817 0.16662913981292274 248
1627561889865 0.16654279445287276 249
1627561889919 0.16645353951399536 250
1627561889972 0.16636198452428982 251
1627561890023 0.16628278998008722 252
1627561890073 0.1662128342447359 253
1627561890128 0.16613876660413293 254
1627561890194 0.1660187993063875 255
1627561890254 0.1659325552770797 256
1627561890319 0.16585809290166606 257
1627561890371 0.16578571584956328 258
1627561890429 0.1657018724189781 259
1627561890491 0.165616861049494 260
1627561890551 0.16553454659405792 261
1627561890598 0.1654703191806933 262
1627561890661 0.1653756112541978 263
1627561890707 0.16530814987748912 264
1627561890766 0.16522884517415878 265
1627561890824 0.1651540364669032 266
1627561890889 0.1650755653545786 267
1627561890947 0.16499441702500228 268
1627561891029 0.16490613508890808 269
1627561891121 0.16483509725692874 270
1627561891214 0.16475449505360767 271
1627561891298 0.16467479460704984 272
1627561891379 0.1645932656361333 273
1627561891455 0.16452917572785333 274
1627561891531 0.16437941521157884 275
1627561891583 0.16430615722829747 276
1627561891633 0.164228779995412 277
1627561891708 0.16414748099395615 278
1627561891790 0.16407860987721495 279
1627561891860 0.16393288652288285 280
1627561891922 0.16385957910959106 281
1627561891982 0.16378110772058194 282
1627561892048 0.16369903691474028 283
1627561892097 0.16362159270799836 284
1627561892143 0.16354708192594927 285
1627561892192 0.16346670521720338 286
1627561892248 0.16339273716804628 287
1627561892314 0.16332501857136825 288
1627561892381 0.16320333735703718 289
1627561892437 0.16312568027579133 290
1627561892490 0.16305999995709922 291
1627561892551 0.1629893424391465 292
1627561892620 0.16290993756509226 293
1627561892670 0.1628261601354147 294
1627561892717 0.16275357234690857 295
1627561892765 0.16268852693653948 296
1627561892813 0.1626126021372631 297
1627561892867 0.16254064271614813 298
1627561892912 0.1624761222703081 299
1627561892971 0.1623947480960381 300
1627561893042 0.16228511707717563 301
1627561893165 0.16214628389597563 302
1627561893225 0.16206048538935217 303
1627561893286 0.16198265385382254 304
1627561893366 0.16188500289444704 305
1627561893419 0.16180945257932958 306
1627561893479 0.16174280474157024 307
1627561893536 0.1616717741109648 308
1627561893592 0.16160222252515638 309
1627561893650 0.16152358622893537 310
1627561893717 0.16145519131404765 311
1627561893766 0.16138942079908108 312
1627561893817 0.16132588339091042 313
1627561893877 0.16124876302852587 314
1627561893937 0.16117225544059657 315
1627561893993 0.16109840921881716 316
1627561894047 0.16102085858764084 317
1627561894102 0.16095335186395973 318
1627561894160 0.16085879754906826 319
1627561894209 0.16079654511322666 320
1627561894252 0.16073441848836859 321
1627561894302 0.16066796043042977 322
1627561894352 0.16061125934741083 323
1627561894406 0.1605360294878887 324
1627561894470 0.16041281540566482 325
1627561894557 0.16031394336320748 326
1627561894623 0.16021873652868035 327
1627561894676 0.1601539299402975 328
1627561894753 0.16008164298681746 329
1627561894833 0.16001234151326368 330
1627561894912 0.15993162815393303 331
1627561894998 0.1598550194921425 332
1627561895064 0.1597830907214119 333
1627561895118 0.15970462823475157 334
1627561895202 0.1596433998157291 335
1627561895289 0.15957081890750027 336
1627561895349 0.1595002793689715 337
1627561895424 0.15940778329622865 338
1627561895528 0.15932078832395533 339
1627561895579 0.15926556544751566 340
1627561895633 0.15919224975218613 341
1627561895709 0.1591342872687342 342
1627561895805 0.15905642731694855 343
1627561895854 0.15900023727736862 344
1627561895902 0.15893225792817542 345
1627561895954 0.15886429655708245 346
1627561895997 0.15880237009178935 347
1627561896047 0.1587217394236941 348
1627561896092 0.15866007025138235 349
1627561896156 0.1585988346947924 350
1627561896210 0.15852481682574626 351
1627561896260 0.15846194182790646 352
1627561896307 0.1584058656712403 353
1627561896355 0.15834419260327146 354
1627561896405 0.15828458091197387 355
1627561896465 0.1582249227818618 356
1627561896518 0.15815092208943063 357
1627561896571 0.15808729827758564 358
1627561896619 0.15803247700157225 359
1627561896681 0.15792760100981976 360
1627561896736 0.15786549603185515 361
1627561896790 0.1577892539647656 362
1627561896838 0.15772107686890677 363
1627561896889 0.1576440315405352 364
1627561896946 0.1575854143780257 365
1627561896995 0.15751425170560193 366
1627561897038 0.15746062111582923 367
1627561897086 0.1574050901161556 368
1627561897142 0.15733189866963757 369
1627561897196 0.15726393191381213 370
1627561897239 0.15720921132113197 371
1627561897288 0.15713739276775576 372
1627561897337 0.15706857149138362 373
1627561897388 0.1570025097812005 374
1627561897432 0.1569583419108894 375
1627561897492 0.15688492797597295 376
1627561897544 0.15683661829294085 377
1627561897593 0.1567769057879291 378
1627561897654 0.15670611644236726 379
1627561897710 0.15663986706650596 380
1627561897784 0.15652316357446963 381
1627561897834 0.15644948354426463 382
1627561897896 0.15637586638319664 383
1627561897948 0.15630754906504318 384
1627561898023 0.15624612716895211 385
1627561898098 0.15617827067473614 386
1627561898176 0.15613181407509455 387
1627561898250 0.15608042375553002 388
1627561898321 0.15602252739945732 389
1627561898387 0.15595707038004963 390
1627561898471 0.15590246903906482 391
1627561898556 0.15583359414642978 392
1627561898622 0.15575337542900453 393
1627561898678 0.15569296651031192 394
1627561898742 0.15563030550712395 395
1627561898826 0.15556287550102332 396
1627561898899 0.15550394383630708 397
1627561898974 0.15540576328664107 398
1627561899024 0.15535086813054555 399
1627561899074 0.1552854076296634 400
1627561899131 0.15522303230824153 401
1627561899179 0.15515833250008115 402
1627561899222 0.15509431712025792 403
1627561899271 0.15503031146799534 404
1627561899322 0.15496859767749094 405
1627561899361 0.15490664967669932 406
1627561899419 0.15483373951784132 407
1627561899479 0.1547791667635148 408
1627561899533 0.15471637041411726 409
1627561899579 0.15466439222094444 410
1627561899656 0.15792760100981976 411
1627561903889 0.5100076080918347 0
1627561904000 0.4707963018585895 1
1627561904129 0.43620104166074253 2
1627561904271 0.40577454983543065 3
1627561904387 0.37898410058825305 4
1627561904488 0.35567920559987787 5
1627561904600 0.3355072265493486 6
1627561904700 0.3181487321700933 7
1627561904802 0.30315350750230197 8
1627561904898 0.2902305398910293 9
1627561904998 0.27903798758265375 10
1627561905098 0.2695473555523897 11
1627561905196 0.2613413992170603 12
1627561905290 0.2544086094946395 13
1627561905383 0.24838900413428816 14
1627561905478 0.24340379546652507 15
1627561905572 0.23915538368306405 16
1627561905668 0.23562272157489786 17
1627561905760 0.23258047540446591 18
1627561905854 0.22985824276279523 19
1627561905940 0.22748605056718849 20
1627561906025 0.22551099127491991 21
1627561906118 0.22381342796795164 22
1627561906205 0.2222414351566061 23
1627561906288 0.22083379548223558 24
1627561906367 0.21958983596836704 25
1627561906446 0.218326421249319 26
1627561906527 0.217278060224817 27
1627561906614 0.21641368291470267 28
1627561906698 0.21548788820978693 29
1627561906783 0.2146484245760755 30
1627561906871 0.21385399520146484 31
1627561906952 0.21303249165514776 32
1627561907032 0.2124058378713516 33
1627561907110 0.21189124011555574 34
1627561907188 0.2110578899819768 35
1627561907268 0.21026798836812327 36
1627561907377 0.20935791969849346 37
1627561907453 0.20884550201971686 38
1627561907532 0.20810536125021295 39
1627561907616 0.20758599092955415 40
1627561907690 0.2069672931251421 41
1627561907765 0.20637238668311103 42
1627561907845 0.20584271681065447 43
1627561907920 0.20537305701945716 44
1627561907989 0.20505753363956997 45
1627561908073 0.20469213314966436 46
1627561908145 0.20405271793459254 47
1627561908226 0.2035469755069205 48
1627561908309 0.20321150451983155 49
1627561908391 0.202858719596367 50
1627561908467 0.20259396171998842 51
1627561908547 0.2022609648232666 52
1627561908633 0.20145275014545833 53
1627561908709 0.20107979756328936 54
1627561908788 0.20062402473879104 55
1627561908869 0.20032317510946812 56
1627561908942 0.19998148310353206 57
1627561909017 0.19973824822453207 58
1627561909106 0.19903354123490086 59
1627561909181 0.19873345081071087 60
1627561909272 0.19805901261441847 61
1627561909357 0.19748854754362088 62
1627561909430 0.197230437497481 63
1627561909518 0.19666098454665684 64
1627561909598 0.19641871343833534 65
1627561909675 0.1960540571490425 66
1627561909758 0.1957172768698737 67
1627561909837 0.19536895799723622 68
1627561909910 0.19499021306559883 69
1627561909979 0.19466846394991408 70
1627561910052 0.1944206250427152 71
1627561910124 0.19417590498766812 72
1627561910192 0.19376908877469473 73
1627561910267 0.19350874763460774 74
1627561910352 0.1930043559299125 75
1627561910429 0.19279201466453905 76
1627561910506 0.1924253253193127 77
1627561910577 0.19220428879395773 78
1627561910647 0.19202135644422483 79
1627561910724 0.19183064383957044 80
1627561910795 0.19151137557976153 81
1627561910875 0.19128620498089838 82
1627561910945 0.19094984388142477 83
1627561911022 0.19076136427326218 84
1627561911093 0.19055530360595974 85
1627561911171 0.19014567345936031 86
1627561911240 0.18996198350960106 87
1627561911303 0.1897774379486419 88
1627561911370 0.18956954868181733 89
1627561911439 0.18938195029880517 90
1627561911508 0.18922152924197455 91
1627561911583 0.18899009347167614 92
1627561911667 0.18861396076283113 93
1627561911740 0.18838717571349206 94
1627561911818 0.18806453454468883 95
1627561911891 0.1878963499824597 96
1627561911964 0.1875649493117858 97
1627561912053 0.1871703197242782 98
1627561912128 0.18700392531955567 99
1627561912205 0.1868251704754655 100
1627561912281 0.18666118768512113 101
1627561912379 0.18623147678658258 102
1627561912452 0.18595804591977788 103
1627561912515 0.18578944058075453 104
1627561912589 0.18562967169146513 105
1627561912650 0.18547324578195706 106
1627561912723 0.18520653871757917 107
1627561912810 0.18491362578949314 108
1627561912895 0.18457997026099454 109
1627561912965 0.18442558131384834 110
1627561913035 0.18425001779395292 111
1627561913119 0.18387680342720336 112
1627561913182 0.18371802968962134 113
1627561913259 0.18355872006071142 114
1627561913334 0.18341739665219134 115
1627561913384 0.18326080105875722 116
1627561913459 0.18298795792966033 117
1627561913532 0.18282128865771666 118
1627561913600 0.18268323451103957 119
1627561913670 0.18254727158311146 120
1627561913739 0.1824025388934403 121
1627561913790 0.1822586576716279 122
1627561913862 0.18206152666509476 123
1627561913927 0.181870231609994 124
1627561914002 0.18163464020497047 125
1627561914066 0.1815071805513803 126
1627561914141 0.1813719230665284 127
1627561914222 0.18110444668748543 128
1627561914301 0.18084500622646232 129
1627561914368 0.18070984465201254 130
1627561914445 0.18043210976977422 131
1627561914513 0.18031106675046182 132
1627561914581 0.18014118025372028 133
1627561914652 0.18000092019544975 134
1627561914724 0.17985250272982434 135
1627561914789 0.17971143406056841 136
1627561914861 0.1795360537546281 137
1627561914920 0.17941512400018544 138
1627561914990 0.17927207307067208 139
1627561915054 0.17912799834801063 140
1627561915128 0.17889337552425483 141
1627561915187 0.17874258464114162 142
1627561915238 0.1786340160687894 143
1627561915301 0.17850108301311254 144
1627561915352 0.17837182078355707 145
1627561915418 0.17824883889650123 146
1627561915479 0.178121646528284 147
1627561915543 0.17798391042131956 148
1627561915614 0.17786609845346096 149
1627561915684 0.17767616528254798 150
1627561915742 0.17757248207396195 151
1627561915811 0.17737724894401946 152
1627561915872 0.17726080434257876 153
1627561915932 0.17714433197636884 154
1627561915988 0.1770484695131287 155
1627561916058 0.17692901639495187 156
1627561916120 0.17679246152194694 157
1627561916186 0.1766669647309931 158
1627561916246 0.1765482806273888 159
1627561916295 0.1764233770198425 160
1627561916373 0.1761682986418532 161
1627561916434 0.17605112352188287 162
1627561916483 0.1759473137030645 163
1627561916541 0.17581815508367343 164
1627561916599 0.17570448633926433 165
1627561916665 0.17557256335011723 166
1627561916720 0.1754724686050143 167
1627561916787 0.1753650280615709 168
1627561916841 0.17525546095663264 169
1627561916916 0.17513488233226363 170
1627561916961 0.17503807510062971 171
1627561917027 0.17493413036562938 172
1627561917092 0.17481890829312083 173
1627561917149 0.17472006375236407 174
1627561917220 0.17453747064180294 175
1627561917286 0.174420722649145 176
1627561917343 0.1742927461692668 177
1627561917409 0.17415401656397442 178
1627561917471 0.17400706016663736 179
1627561917546 0.17385189550426625 180
1627561917601 0.1737523486087424 181
1627561917670 0.17360209176617272 182
1627561917743 0.17341696904663714 183
1627561917828 0.17318308362183787 184
1627561917894 0.1730276484009445 185
1627561917956 0.17291938668274232 186
1627561918041 0.17280719816450515 187
1627561918145 0.17269016268978368 188
1627561918260 0.17251560773181493 189
1627561918337 0.1724350918408614 190
1627561918410 0.17233235623369392 191
1627561918478 0.17222926816267486 192
1627561918542 0.17211768221453616 193
1627561918600 0.17200432037334387 194
1627561918667 0.1719092973322556 195
1627561918733 0.17180486634671366 196
1627561918799 0.17170335662293967 197
1627561918847 0.17161762486320992 198
1627561918911 0.17154190428740837 199
1627561919006 0.17144975997132675 200
1627561919099 0.17134663570828196 201
1627561919176 0.17125362671409758 202
1627561919287 0.1710976534893303 203
1627561919378 0.1709907504914086 204
1627561919440 0.17087122396093854 205
1627561919501 0.170774544958221 206
1627561919553 0.17069461156449134 207
1627561919614 0.17059788150893543 208
1627561919690 0.17038408598605212 209
1627561919750 0.17027249864312494 210
1627561919811 0.170151932994122 211
1627561919882 0.17005480891139094 212
1627561919938 0.16996752771452886 213
1627561920005 0.1698772752420406 214
1627561920068 0.1697826853364607 215
1627561920154 0.16958588008795192 216
1627561920221 0.16948845306572782 217
1627561920274 0.1694071887960556 218
1627561920329 0.16931762781288745 219
1627561920428 0.16918781359412688 220
1627561920489 0.16909367416659665 221
1627561920551 0.1690052053722884 222
1627561920614 0.16890984807392548 223
1627561920681 0.16875626737695823 224
1627561920739 0.16867417503198368 225
1627561920822 0.1684575366446927 226
1627561920883 0.16836133312257515 227
1627561920977 0.16825076460752827 228
1627561921028 0.16817581034802717 229
1627561921076 0.1680813524969774 230
1627561921139 0.16798536863042693 231
1627561921203 0.16790833157434268 232
1627561921292 0.167811910091028 233
1627561921401 0.1677099047550832 234
1627561921451 0.16762480264200427 235
1627561921513 0.16751639897711174 236
1627561921573 0.16742953244542272 237
1627561921640 0.1673367182841359 238
1627561921696 0.1672471002559051 239
1627561921745 0.16717372602309236 240
1627561921814 0.16707010869853348 241
1627561921883 0.1669565870401639 242
1627561921929 0.16688392355962461 243
1627561921984 0.16678520384344445 244
1627561922040 0.1666956049137789 245
1627561922107 0.16659419418395316 246
1627561922169 0.16650978449296638 247
1627561922232 0.16642589583713654 248
1627561922277 0.16636328236040232 249
1627561922341 0.16628513252192487 250
1627561922405 0.16619120241939708 251
1627561922476 0.16607268266231803 252
1627561922537 0.16598128698949183 253
1627561922596 0.165901519990743 254
1627561922645 0.16582386451169503 255
1627561922694 0.16574496784704856 256
1627561922752 0.16566224863691484 257
1627561922806 0.16558010734614897 258
1627561922864 0.16550525937660707 259
1627561922917 0.16541515262425435 260
1627561922986 0.1653299048377867 261
1627561923033 0.16524896736801137 262
1627561923090 0.16516661467786314 263
1627561923152 0.16507981187389556 264
1627561923204 0.16499749250777662 265
1627561923264 0.1649246648273793 266
1627561923322 0.16484143518258762 267
1627561923373 0.16476921494927124 268
1627561923424 0.1646871273517339 269
1627561923470 0.16462589517185755 270
1627561923535 0.16454590107868736 271
1627561923582 0.16448408909065537 272
1627561923629 0.1644096113756293 273
1627561923692 0.16432726174056644 274
1627561923746 0.16425836820673892 275
1627561923803 0.1641738131753107 276
1627561923849 0.16410543717860016 277
1627561923914 0.16400208738351438 278
1627561923965 0.1639261909703814 279
1627561924007 0.1638648785615125 280
1627561924059 0.16379934294350795 281
1627561924115 0.1637191108210135 282
1627561924168 0.16364408106419837 283
1627561924263 0.16356990566344315 284
1627561924340 0.16343897839217755 285
1627561924406 0.16331262249727993 286
1627561924451 0.16323638631809834 287
1627561924511 0.16316159051363388 288
1627561924563 0.16309770817829342 289
1627561924634 0.16299809719757544 290
1627561924698 0.1628955263012217 291
1627561924750 0.16282068148746462 292
1627561924814 0.16273016777141458 293
1627561924860 0.1626574896631753 294
1627561924927 0.1625623319416138 295
1627561925013 0.16248128309953466 296
1627561925076 0.16237919998333286 297
1627561925143 0.16225351793467369 298
1627561925204 0.16218210509857148 299
1627561925251 0.1621209805323336 300
1627561925322 0.162001323429352 301
1627561925378 0.1619259210488588 302
1627561925436 0.16185007127905693 303
1627561925501 0.1617298085697277 304
1627561925567 0.1616098146614718 305
1627561925621 0.16153180886564333 306
1627561925682 0.161458530824906 307
1627561925738 0.16138545241009838 308
1627561925798 0.16130930163465146 309
1627561925860 0.1612221666604696 310
1627561925927 0.1611426985908755 311
1627561925974 0.1610688803761147 312
1627561926015 0.16099656702559623 313
1627561926070 0.16092133694537303 314
1627561926129 0.16084472931814628 315
1627561926189 0.16076126005730224 316
1627561926248 0.16068331533602512 317
1627561926312 0.16058189561357836 318
1627561926369 0.16051240640124118 319
1627561926422 0.1604431118749923 320
1627561926469 0.16037089891493117 321
1627561926519 0.16029003539346362 322
1627561926568 0.16022271720868794 323
1627561926622 0.16015076839614492 324
1627561926692 0.16008242534988099 325
1627561926778 0.16000034841422603 326
1627561926829 0.15993423731112533 327
1627561926886 0.15986834636243002 328
1627561926947 0.15979840283965654 329
1627561927041 0.15970413997616562 330
1627561927087 0.15964231728775233 331
1627561927141 0.15957097036578002 332
1627561927199 0.15950862571523752 333
1627561927269 0.15943801332531973 334
1627561927328 0.15937401259662887 335
1627561927389 0.15931732255225076 336
1627561927437 0.15926702551540292 337
1627561927526 0.15917124916565664 338
1627561927595 0.15910981550651881 339
1627561927654 0.15903440175175693 340
1627561927711 0.15895820099127614 341
1627561927757 0.15890107002450643 342
1627561927808 0.15882556023713665 343
1627561927885 0.15870052440913693 344
1627561927942 0.15862944217822228 345
1627561927999 0.15856237928995817 346
1627561928047 0.15850497672958233 347
1627561928099 0.15844084269889203 348
1627561928156 0.15836497431496988 349
1627561928207 0.15830653610326192 350
1627561928255 0.15824320969881317 351
1627561928305 0.1581866865315627 352
1627561928364 0.15813010638675126 353
1627561928406 0.15806671809967646 354
1627561928458 0.15800541887430375 355
1627561928508 0.1579353652517694 356
1627561928549 0.15787883761956972 357
1627561928609 0.15778743634790748 358
1627561928656 0.15772873958508044 359
1627561928708 0.1576589807578902 360
1627561928770 0.15759674591678724 361
1627561928822 0.1575399342641666 362
1627561928872 0.15748915436610678 363
1627561928934 0.1574115134580974 364
1627561928990 0.15734712292154188 365
1627561929037 0.1572912574978476 366
1627561929109 0.15722514374965113 367
1627561929159 0.15716860411406583 368
1627561929212 0.15709530724014115 369
1627561929261 0.15703067694151743 370
1627561929322 0.15695870750556062 371
1627561929376 0.15688979142031687 372
1627561929432 0.15682863253486543 373
1627561929486 0.15676821392937376 374
1627561929552 0.1567012768988546 375
1627561929607 0.1566405311534996 376
1627561929676 0.15652064833462487 377
1627561929716 0.15645125105519125 378
1627561929772 0.15638776364494542 379
1627561929819 0.15632916300629807 380
1627561929872 0.15626793442548867 381
1627561929923 0.15619857850017335 382
1627561929974 0.15613882834438564 383
1627561930027 0.15605790565200742 384
1627561930075 0.15600087817795466 385
1627561930123 0.1559380414245031 386
1627561930187 0.15586905636245765 387
1627561930241 0.15580040000981693 388
1627561930299 0.15573504742555663 389
1627561930344 0.15569126999878485 390
1627561930393 0.15563436119146382 391
1627561930444 0.15557966629628342 392
1627561930499 0.1555023514817426 393
1627561930552 0.15543781849504643 394
1627561930625 0.15870052440913693 395
