1627558449772 0.001098654413622135 0
1627558449990 0.00101306572931528 1
1627558450219 0.0009379859785559433 2
1627558450433 0.0008718203774968695 3
1627558450643 0.0008137995725032243 4
1627558450862 0.0007632297372397067 5
1627558451073 0.0007192821026656199 6
1627558451287 0.0006814764469405081 7
1627558451482 0.0006485964904580543 8
1627558451692 0.0006203709421188241 9
1627558451898 0.0005961885383934026 10
1627558452098 0.0005755579577978189 11
1627558452295 0.0005578583501524128 12
1627558452548 0.0005429198090801935 13
1627558452820 0.000530086699739905 14
1627558453016 0.0005192581124610669 15
1627558453256 0.0005099427233532295 16
1627558453444 0.0005018538203876331 17
1627558453639 0.000495188897880307 18
1627558453823 0.0004893072355551951 19
1627558454003 0.00048407143527574777 20
1627558454183 0.00047977370674315837 21
1627558454396 0.00047566049690716644 22
1627558454570 0.00047226626283426905 23
1627558454761 0.0004688858392065001 24
1627558454981 0.00046623224476642774 25
1627558455153 0.0004638221187840164 26
1627558455348 0.00046168252987039343 27
1627558455538 0.000459281626351126 28
1627558455700 0.0004574014519056799 29
1627558455883 0.0004554809446651264 30
1627558456085 0.0004537246667955684 31
1627558456305 0.00045191070297294735 32
1627558456470 0.000450271073912479 33
1627558456648 0.0004489857432282926 34
1627558456846 0.00044685853886802866 35
1627558457012 0.0004453909403513722 36
1627558457162 0.0004440119208585774 37
1627558457315 0.00044219220068985275 38
1627558457475 0.0004401507716439567 39
1627558457637 0.00043852368118846985 40
1627558457809 0.0004364164278642357 41
1627558457977 0.0004353207456669788 42
1627558458146 0.0004336378408296881 43
1627558458329 0.00043172290276477564 44
1627558458483 0.0004306727879735142 45
1627558458667 0.0004288935140212353 46
1627558458811 0.0004281938282217922 47
1627558458960 0.00042742939112424134 48
1627558459132 0.0004257637804427584 49
1627558459405 0.000424286591871493 50
1627558459569 0.0004235706198740798 51
1627558459749 0.0004219269669550883 52
1627558459917 0.000420992682756634 53
1627558460077 0.00042015351664705894 54
1627558460230 0.00041955108468697303 55
1627558460405 0.00041876207176146487 56
1627558460560 0.0004180183449342069 57
1627558460711 0.0004172543294742287 58
1627558460899 0.00041664400766489945 59
1627558461080 0.00041604053887373416 60
1627558461265 0.00041461743490279904 61
1627558461438 0.00041355051191837417 62
1627558461607 0.0004122438603361936 63
1627558461750 0.00041161930531638643 64
1627558461917 0.00041090553575784134 65
1627558462112 0.00040981939705624955 66
1627558462267 0.00040921350710647315 67
1627558462453 0.00040864634209825405 68
1627558462636 0.00040783888165976646 69
1627558462784 0.00040730126852766234 70
1627558462917 0.0004067601650265914 71
1627558463107 0.0004055725327333202 72
1627558463264 0.00040502370687237385 73
1627558463497 0.0004038133802041498 74
1627558463727 0.00040269433264087756 75
1627558463860 0.00040217403113598256 76
1627558464024 0.00040164198973262116 77
1627558464218 0.00040102926667056596 78
1627558464421 0.0004005589958729815 79
1627558464603 0.0003999376594795582 80
1627558464748 0.00039915099796982996 81
1627558464891 0.0003986431944703397 82
1627558465059 0.0003977228336978565 83
1627558465202 0.000397265876028686 84
1627558465407 0.00039656442317833647 85
1627558465531 0.0003961453608236678 86
1627558465717 0.0003956573758341528 87
1627558465935 0.0003952160698446792 88
1627558466081 0.0003946053479567999 89
1627558466215 0.00039413736513564483 90
1627558466355 0.00039365904767337304 91
1627558466483 0.0003932184817136802 92
1627558466649 0.00039251375785053893 93
1627558466861 0.00039210496170878926 94
1627558467039 0.000391713965823445 95
1627558467234 0.00039124269580201164 96
1627558467372 0.00039082505525731606 97
1627558467597 0.0003899549970512522 98
1627558467803 0.0003895526555580685 99
1627558468150 0.0003891340240750774 100
1627558468383 0.0003886650179365777 101
1627558468511 0.0003882342757909461 102
1627558468680 0.000387471459232909 103
1627558468829 0.00038704392821151606 104
1627558468963 0.00038666435692394396 105
1627558469158 0.00038627076811785944 106
1627558469291 0.0003858770013874914 107
1627558469459 0.0003851555282152757 108
1627558469608 0.00038450700870713893 109
1627558469754 0.00038413018080086153 110
1627558469935 0.00038347306376436765 111
1627558470070 0.00038311980802017585 112
1627558470170 0.0003827896831827172 113
1627558470365 0.00038201648383960136 114
1627558470495 0.0003816467610923009 115
1627558470632 0.0003812949268975004 116
1627558470780 0.0003807659541348914 117
1627558470907 0.0003804072024399151 118
1627558471055 0.00037994761851936837 119
1627558471156 0.0003795627326352775 120
1627558471259 0.0003792240369995066 121
1627558471451 0.00037870516742378123 122
1627558471601 0.0003783655598433403 123
1627558471741 0.0003778823828603764 124
1627558471980 0.00037712861258385773 125
1627558472240 0.0003767926339430427 126
1627558472370 0.00037646646785467156 127
1627558472494 0.0003761207580442065 128
1627558472593 0.00037581885613881884 129
1627558472696 0.000375494164543782 130
1627558472825 0.00037516354511544765 131
1627558472973 0.00037465487917028267 132
1627558473105 0.0003742453113491257 133
1627558473255 0.0003736933747517443 134
1627558473349 0.00037340134661386314 135
1627558473430 0.00037314544278877995 136
1627558473575 0.00037275679074588654 137
1627558473753 0.0003721690815594568 138
1627558473879 0.00037185779883706026 139
1627558473988 0.00037156332259267495 140
1627558474176 0.0003710770147309792 141
1627558474281 0.0003707389536817479 142
1627558474366 0.0003704807846794992 143
1627558474483 0.00037017438101376646 144
1627558474614 0.00036987289295018996 145
1627558474735 0.00036955870124237594 146
1627558474873 0.00036910155079813935 147
1627558475008 0.00036878349640524343 148
1627558475165 0.000368292922837397 149
1627558475312 0.0003678921343229311 150
1627558475436 0.00036759481333030616 151
1627558475535 0.00036730721608959087 152
1627558475688 0.0003670185056187086 153
1627558475785 0.0003667824475620473 154
1627558475908 0.000366494132213483 155
1627558476103 0.0003661730227922131 156
1627558476238 0.00036585142697128574 157
1627558476416 0.0003655798432041772 158
1627558476626 0.0003650305119039612 159
1627558476856 0.00036444320247352335 160
1627558476978 0.00036413558850807346 161
1627558477113 0.00036383483458375134 162
1627558477218 0.00036355276351998726 163
1627558477358 0.000363231602784396 164
1627558477474 0.00036293776380101313 165
1627558477583 0.00036266251886676876 166
1627558477757 0.00036216739459064167 167
1627558477861 0.00036191279660189197 168
1627558477970 0.000361641394921886 169
1627558478072 0.00036137139876286375 170
1627558478217 0.0003610085686273572 171
1627558478332 0.0003607616108407405 172
1627558478449 0.0003604917115625799 173
1627558478571 0.0003602215823087105 174
1627558478697 0.0003599409368338903 175
1627558478805 0.0003596758841384067 176
1627558478967 0.00035939653886803743 177
1627558479127 0.00035913447893542235 178
1627558479299 0.0003588223031017706 179
1627558479384 0.00035860943320152784 180
1627558479484 0.00035837727627630614 181
1627558479600 0.0003580994038702492 182
1627558479733 0.0003578489909027226 183
1627558479814 0.0003576365235426463 184
1627558479967 0.0003572386763659633 185
1627558480108 0.00035682407339513025 186
1627558480236 0.00035658986073082525 187
1627558480353 0.0003563946254500145 188
1627558480527 0.0003559395675461678 189
1627558480643 0.0003556877483473757 190
1627558480754 0.00035548232179418826 191
1627558480936 0.0003549790280104536 192
1627558481038 0.00035471492876616993 193
1627558481158 0.0003544451205250523 194
1627558481275 0.0003542164161960515 195
1627558481396 0.0003539518970362756 196
1627558481472 0.000353712124628555 197
1627558481605 0.00035340782879301336 198
1627558481741 0.00035303119214511185 199
1627558481855 0.0003527886355839758 200
1627558482009 0.00035231807118326963 201
1627558482114 0.00035208707542321363 202
1627558482231 0.00035183081004663727 203
1627558482361 0.00035157837554024665 204
1627558482463 0.0003513306432712723 205
1627558482648 0.0003510075549879899 206
1627558482751 0.00035078071747042283 207
1627558482835 0.00035055279380003754 208
1627558482991 0.00035018293131792625 209
1627558483097 0.0003499485624131861 210
1627558483220 0.0003496780247309554 211
1627558483314 0.00034945868322679765 212
1627558483415 0.0003492493331217363 213
1627558483546 0.0003489235048800461 214
1627558483660 0.000348717624261507 215
1627558483760 0.0003485179513799787 216
1627558483881 0.00034823640022465456 217
1627558483970 0.0003480163290356548 218
1627558484093 0.00034776019472066404 219
1627558484225 0.00034754382204812707 220
1627558484335 0.00034733561404266 221
1627558484446 0.00034710649564599557 222
1627558484551 0.0003468725719144754 223
1627558484657 0.0003466100953163652 224
1627558484732 0.0003464360123732482 225
1627558484838 0.00034622517369218485 226
1627558484943 0.0003459979550088644 227
1627558485057 0.0003457526801645848 228
1627558485168 0.00034554194972949523 229
1627558485303 0.000345308131105683 230
1627558485421 0.0003450711725233074 231
1627558485531 0.0003448318363701871 232
1627558485609 0.00034466476318399447 233
1627558485718 0.00034446503733071227 234
1627558485871 0.00034421299508308233 235
1627558486049 0.00034387720135350687 236
1627558486180 0.0003436609015280358 237
1627558486285 0.00034344957319468357 238
1627558486382 0.00034322423373203345 239
1627558486478 0.0003430060164472904 240
1627558486597 0.00034278645766860444 241
1627558486702 0.00034256854996455124 242
1627558486799 0.0003424091129033953 243
1627558486910 0.000342195383469147 244
1627558487141 0.00034181411705114023 245
1627558487266 0.0003415926732417792 246
1627558487398 0.0003413772054514309 247
1627558487493 0.0003411992087453659 248
1627558487660 0.0003408802664239139 249
1627558487798 0.00034067356803618764 250
1627558487990 0.00034031997695923205 251
1627558488089 0.00034012260459398625 252
1627558488231 0.0003398826790080369 253
1627558488334 0.00033968228057546093 254
1627558488440 0.0003394608661636985 255
1627558488545 0.0003392392969417662 256
1627558488661 0.000339017226556175 257
1627558488777 0.00033879311453717813 258
1627558488868 0.00033861615763780523 259
1627558488949 0.0003384507185297621 260
1627558489094 0.0003382381939654454 261
1627558489207 0.0003380338239251587 262
1627558489303 0.00033786503823894686 263
1627558489390 0.00033766038691737226 264
1627558489473 0.00033750431234711613 265
1627558489591 0.0003372690564827268 266
1627558489722 0.0003370583193474757 267
1627558489831 0.0003368639631855934 268
1627558489973 0.0003366301872562539 269
1627558490068 0.0003364413491555998 270
1627558490165 0.0003362609554639302 271
1627558490269 0.00033607439781936367 272
1627558490397 0.0003358715102785496 273
1627558490503 0.0003356997270676354 274
1627558490640 0.00033547905961549767 275
1627558490780 0.0003352863332639229 276
1627558490873 0.0003351322050492084 277
1627558490983 0.0003349282329439192 278
1627558491075 0.00033473269351256245 279
1627558491230 0.0003343477559046452 280
1627558491325 0.0003341714860287121 281
1627558491413 0.0003339956003419712 282
1627558491521 0.0003338154949569734 283
1627558491605 0.00033362245175134537 284
1627558491693 0.00033345131281705933 285
1627558491800 0.00033326169463986907 286
1627558491878 0.00033310534798020497 287
1627558491995 0.0003328923762991011 288
1627558492098 0.000332690404507905 289
1627558492191 0.0003325077866698754 290
1627558492295 0.0003323104121509334 291
1627558492409 0.00033211602218898007 292
1627558492516 0.00033189750166076544 293
1627558492608 0.00033173140182748197 294
1627558492688 0.000331587915564383 295
1627558492785 0.0003314094359298671 296
1627558492875 0.00033121564422990113 297
1627558492982 0.00033101546972331156 298
1627558493056 0.0003308334105758132 299
1627558493155 0.00033064820776299426 300
1627558493268 0.0003304386640593055 301
1627558493349 0.0003302758944065016 302
1627558493459 0.00033009148270407964 303
1627558493553 0.0003299104658399592 304
1627558493657 0.00032971391637863295 305
1627558493726 0.0003394608661636985 306
1627558497966 0.00109857929464053 0
1627558498177 0.0010131205223568942 1
1627558498389 0.0009381894801614575 2
1627558498597 0.0008720303580084824 3
1627558498801 0.0008141054626598546 4
1627558499007 0.0007636799471899937 5
1627558499234 0.0007197964746667546 6
1627558499542 0.000682032052392372 7
1627558499747 0.0006492723969660784 8
1627558499951 0.0006211246655415439 9
1627558500158 0.000597081295245148 10
1627558500353 0.0005765812886696184 11
1627558500546 0.0005589410829411061 12
1627558500755 0.0005439450415539109 13
1627558500946 0.0005311318342523131 14
1627558501142 0.0005201606173941067 15
1627558501330 0.0005108627903671731 16
1627558501520 0.000502953003314593 17
1627558501708 0.0004960831705034768 18
1627558501939 0.0004902911481623197 19
1627558502120 0.00048511781205580544 20
1627558502352 0.00048066371558595474 21
1627558502583 0.00047675167998423697 22
1627558502801 0.000472996987230889 23
1627558503034 0.00046947597088624544 24
1627558503226 0.00046688791692418266 25
1627558503446 0.0004642741873905851 26
1627558503648 0.00046190522745314386 27
1627558503822 0.00045987991198981435 28
1627558503994 0.0004572919932262464 29
1627558504151 0.0004549834102154956 30
1627558504309 0.0004529882636503676 31
1627558504524 0.0004513776751956619 32
1627558504702 0.00044976445056138574 33
1627558504857 0.0004484465350621832 34
1627558505023 0.00044698509954331115 35
1627558505201 0.0004450567721972544 36
1627558505359 0.00044355167453347783 37
1627558505526 0.00044133125365153705 38
1627558505682 0.0004401353029272935 39
1627558505843 0.00043842608453162 40
1627558505993 0.00043755084602482304 41
1627558506155 0.0004360296531098141 42
1627558506310 0.0004347126890687416 43
1627558506472 0.00043278721319016703 44
1627558506623 0.000432041743776008 45
1627558506808 0.00043067188462727235 46
1627558506944 0.0004299353519954531 47
1627558507097 0.0004291068259816127 48
1627558507250 0.0004280436556180114 49
1627558507428 0.00042599221752977364 50
1627558507572 0.0004251709252770378 51
1627558507724 0.0004244727530338753 52
1627558507916 0.00042256506602318574 53
1627558508078 0.00042137016244001675 54
1627558508282 0.00041993582526953595 55
1627558508431 0.0004192573544667668 56
1627558508558 0.00041860698787267865 57
1627558508709 0.000417712898770202 58
1627558508874 0.00041704564029581 59
1627558509010 0.00041646714139025954 60
1627558509180 0.0004158004659892964 61
1627558509315 0.000415177652688317 62
1627558509460 0.0004143577275220853 63
1627558509606 0.0004137497049639471 64
1627558509771 0.0004124633990481958 65
1627558509935 0.00041150838031775623 66
1627558510077 0.00041081746127172585 67
1627558510230 0.00041024454471414286 68
1627558510395 0.00040971932408621106 69
1627558510638 0.000408386831301414 70
1627558510785 0.0004077257657490608 71
1627558510908 0.0004072193636773283 72
1627558511049 0.00040646795943594674 73
1627558511215 0.0004053250749805196 74
1627558511358 0.00040476209762193086 75
1627558511525 0.0004036323408706565 76
1627558511658 0.0004031203416580915 77
1627558511780 0.00040262541643105223 78
1627558511920 0.0004021711899653465 79
1627558512087 0.0004016700194835734 80
1627558512294 0.0004005667700453285 81
1627558512474 0.0003999650796804608 82
1627558512622 0.00039945164715536103 83
1627558512774 0.00039897478871770705 84
1627558512903 0.0003985303585143489 85
1627558513039 0.0003980629482658378 86
1627558513262 0.0003970008154487048 87
1627558513446 0.0003961425387684939 88
1627558513583 0.00039567397380312806 89
1627558513714 0.0003951611776708106 90
1627558513845 0.0003947361531797873 91
1627558514003 0.0003937433213621626 92
1627558514128 0.0003932691824266828 93
1627558514243 0.00039280116979820243 94
1627558514380 0.0003922773263056866 95
1627558514524 0.0003918382196235568 96
1627558514675 0.00039100255154302934 97
1627558514776 0.0003905978572556847 98
1627558514939 0.00039020482486588334 99
1627558515164 0.0003894231368966417 100
1627558515316 0.00038876767379037217 101
1627558515473 0.000387939079012186 102
1627558515627 0.0003872486627403025 103
1627558515754 0.00038685528687946134 104
1627558515880 0.00038647003817109273 105
1627558516039 0.0003861138036157148 106
1627558516183 0.000385558153610232 107
1627558516352 0.0003851968541375148 108
1627558516454 0.00038486620132288576 109
1627558516578 0.00038449233692772997 110
1627558516692 0.0003840331216215486 111
1627558516812 0.0003836542734105686 112
1627558516957 0.00038299721058315274 113
1627558517081 0.00038260667285737096 114
1627558517187 0.00038225650142980716 115
1627558517353 0.00038171028027335363 116
1627558517524 0.0003812309650765403 117
1627558517651 0.00038086197156605094 118
1627558517815 0.00038052111844539595 119
1627558517988 0.0003798809366445563 120
1627558518120 0.0003795052473321648 121
1627558518248 0.00037916302924466405 122
1627558518403 0.0003785640026484919 123
1627558518539 0.000378239157472212 124
1627558518701 0.00037764499738640025 125
1627558518835 0.00037729134464161644 126
1627558518930 0.00037697714564361443 127
1627558519068 0.0003766273182272003 128
1627558519194 0.0003762912561457653 129
1627558519317 0.00037595174750396494 130
1627558519415 0.00037568231714126216 131
1627558519565 0.000375334824881204 132
1627558519712 0.0003748321553019235 133
1627558519832 0.00037449838734356094 134
1627558519983 0.00037392419573688556 135
1627558520110 0.00037348118217810485 136
1627558520233 0.000373063212629771 137
1627558520348 0.0003727194235411833 138
1627558520459 0.0003724251405578165 139
1627558520597 0.00037212093370041146 140
1627558520774 0.000371752541887417 141
1627558520860 0.0003714724975918893 142
1627558520975 0.0003711528212479629 143
1627558521085 0.00037088086956238485 144
1627558521185 0.0003706072095477363 145
1627558521299 0.000370349605523281 146
1627558521404 0.0003700652049367609 147
1627558521525 0.0003697639119572734 148
1627558521626 0.00036949365383336254 149
1627558521746 0.0003691127796649203 150
1627558521872 0.00036879233580592566 151
1627558522037 0.00036826669279573415 152
1627558522169 0.000367807337280654 153
1627558522280 0.0003675060831632634 154
1627558522401 0.00036722807025940153 155
1627558522508 0.00036691027636433904 156
1627558522618 0.00036659022332045514 157
1627558522757 0.0003663027715208092 158
1627558522883 0.00036589600868929906 159
1627558523000 0.0003655917780732458 160
1627558523159 0.0003653235024087525 161
1627558523329 0.00036472894488408567 162
1627558523424 0.00036448023274520595 163
1627558523510 0.00036420756476774984 164
1627558523648 0.00036378560061917683 165
1627558523784 0.0003635177522391354 166
1627558523948 0.0003630779160356603 167
1627558524080 0.00036280187519139814 168
1627558524192 0.00036252794472729424 169
1627558524292 0.00036227065879227885 170
1627558524438 0.0003618150007005927 171
1627558524560 0.00036152664336142846 172
1627558524684 0.0003612299688580742 173
1627558524764 0.0003610340927807157 174
1627558524876 0.00036075460932076867 175
1627558524989 0.000360463872675631 176
1627558525106 0.0003601810420935008 177
1627558525220 0.0003599122225589345 178
1627558525329 0.00035967257022827937 179
1627558525488 0.0003593924514546119 180
1627558525596 0.0003591411356403143 181
1627558525709 0.00035889350797511395 182
1627558525828 0.00035857190379783537 183
1627558525907 0.0003583699945291558 184
1627558526024 0.0003580956965564715 185
1627558526118 0.00035786821914696984 186
1627558526286 0.00035739746650405703 187
1627558526407 0.00035711497763981764 188
1627558526538 0.00035673322456269946 189
1627558526663 0.0003564129270358242 190
1627558526807 0.0003561371728572423 191
1627558526922 0.0003558931119926978 192
1627558527017 0.0003556255252214908 193
1627558527119 0.00035538642498924536 194
1627558527231 0.0003551196152318002 195
1627558527385 0.00035488214445173746 196
1627558527465 0.0003546880454741046 197
1627558527613 0.00035445021743015144 198
1627558527713 0.00035419361964394395 199
1627558527824 0.0003539242125798858 200
1627558527912 0.00035373112909133173 201
1627558528029 0.0003534406507112 202
1627558528153 0.000353140280677676 203
1627558528282 0.0003528994501587435 204
1627558528465 0.0003525490920093725 205
1627558528553 0.0003523219588493533 206
1627558528673 0.00035209081939370214 207
1627558528793 0.00035184429159573153 208
1627558528920 0.00035159595706222684 209
1627558529058 0.00035137972509338873 210
1627558529201 0.0003511266702896008 211
1627558529321 0.0003508787301821538 212
1627558529426 0.00035064170965118667 213
1627558529505 0.000350456807582816 214
1627558529604 0.0003502355579947923 215
1627558529693 0.0003500269011753307 216
1627558529808 0.00034977163075706677 217
1627558529896 0.00034955512655632655 218
1627558530070 0.00034929515938079405 219
1627558530199 0.0003490663957278785 220
1627558530340 0.0003487766625506955 221
1627558530480 0.00034843089299862795 222
1627558530558 0.0003482534566472849 223
1627558530660 0.0003480522406848911 224
1627558530777 0.0003478045004839883 225
1627558530879 0.0003475948203936688 226
1627558530964 0.00034737699381579457 227
1627558531035 0.0003471711914039611 228
1627558531170 0.0003468696748609727 229
1627558531246 0.0003466847366269789 230
1627558531355 0.0003464603160383439 231
1627558531464 0.0003462261105147893 232
1627558531588 0.00034605357918855836 233
1627558531729 0.0003458227073362462 234
1627558531850 0.00034563907906456974 235
1627558531981 0.0003453932309917183 236
1627558532113 0.00034517018821943917 237
1627558532214 0.00034497621602185805 238
1627558532370 0.0003445859866591628 239
1627558532464 0.0003443932389887991 240
1627558532556 0.0003442072294927443 241
1627558532655 0.00034397800141407046 242
1627558532739 0.0003437582109213563 243
1627558532823 0.000343525665762463 244
1627558532943 0.0003432647315151414 245
1627558533034 0.00034304728144028744 246
1627558533113 0.0003428755756229422 247
1627558533221 0.00034266106523597625 248
1627558533346 0.00034240873220229494 249
1627558533450 0.000342191098929845 250
1627558533579 0.0003418798712065461 251
1627558533690 0.00034165081896974346 252
1627558533803 0.00034144085512422857 253
1627558533898 0.00034125750187294536 254
1627558534051 0.00034084034240049616 255
1627558534151 0.00034062911029589986 256
1627558534253 0.0003404079578190085 257
1627558534369 0.0003402115594237288 258
1627558534496 0.0003399974119241762 259
1627558534597 0.00033979599548763264 260
1627558534718 0.00033957719982980356 261
1627558534815 0.00033941025992201263 262
1627558534995 0.00033900009745239 263
1627558535079 0.00033880584602612076 264
1627558535170 0.0003386080271840692 265
1627558535296 0.0003382808897742478 266
1627558535406 0.00033805914144026573 267
1627558535509 0.00033786688186756983 268
1627558535609 0.0003376456138421878 269
1627558535693 0.0003374483932981702 270
1627558535806 0.0003372392355986186 271
1627558535930 0.0003369678991475414 272
1627558536018 0.00033678979085840366 273
1627558536102 0.0003365796314536388 274
1627558536192 0.00033640140315709723 275
1627558536288 0.0003362480137180614 276
1627558536369 0.0003360850465526334 277
1627558536475 0.00033588505451292864 278
1627558536655 0.00033564024473029365 279
1627558536757 0.0003354470325663848 280
1627558536868 0.00033526394139286067 281
1627558536985 0.0003350255065369237 282
1627558537086 0.0003348041442774331 283
1627558537187 0.00033455503046993343 284
1627558537308 0.0003344072438415926 285
1627558537440 0.00033411084345145634 286
1627558537532 0.00033391201395589705 287
1627558537654 0.00033371327009389665 288
1627558537765 0.0003335215719352446 289
1627558537826 0.0003445859866591628 290
1627558541873 0.0010994853097265691 0
1627558542083 0.0010139028285440575 1
1627558542290 0.0009389061836962479 2
1627558542506 0.000872590455170259 3
1627558542715 0.0008146643304696563 4
1627558542926 0.0007640341706689434 5
1627558543139 0.000720236703338911 6
1627558543378 0.0006824738381756569 7
1627558543595 0.000649561579617203 8
1627558543798 0.0006213595037726657 9
1627558543992 0.0005971156675429741 10
1627558544196 0.0005764452335954241 11
1627558544391 0.0005587377831276092 12
1627558544584 0.000543682042028321 13
1627558544777 0.0005308835078970344 14
1627558544960 0.0005198891128813505 15
1627558545159 0.0005106212562263916 16
1627558545340 0.0005025052494226832 17
1627558545548 0.0004957320581425791 18
1627558545750 0.0004896893698737207 19
1627558545975 0.00048443936385383094 20
1627558546154 0.0004800378925522938 21
1627558546328 0.0004760582599114134 22
1627558546508 0.0004725330784068618 23
1627558546676 0.00046928245586539194 24
1627558546853 0.0004664344483071548 25
1627558547062 0.00046362853438563936 26
1627558547284 0.00046123434872809147 27
1627558547495 0.00045916444555100844 28
1627558547694 0.0004571250810323919 29
1627558547849 0.00045474675404570593 30
1627558548011 0.0004531486022238625 31
1627558548160 0.0004511641839342492 32
1627558548326 0.0004495477210163925 33
1627558548472 0.00044784139862814984 34
1627558548629 0.0004462700527381231 35
1627558548777 0.00044501189389702957 36
1627558548977 0.00044302653108640826 37
1627558549142 0.0004411585481312963 38
1627558549294 0.00043932946194248694 39
1627558549438 0.0004383489198785017 40
1627558549611 0.0004361219314503833 41
1627558549757 0.0004349640900551866 42
1627558549919 0.0004338202827007559 43
1627558550052 0.0004330507873141688 44
1627558550217 0.0004316439972095428 45
1627558550381 0.0004301757205196515 46
1627558550531 0.0004289610058686675 47
1627558550679 0.0004274999473908537 48
1627558550825 0.0004267189006564448 49
1627558551030 0.0004255141582977758 50
1627558551190 0.00042484873661665187 51
1627558551390 0.0004236399618559747 52
1627558551569 0.00042168951807044667 53
1627558551736 0.0004202098562011146 54
1627558551918 0.0004187584901881224 55
1627558552076 0.0004179301292704391 56
1627558552238 0.00041660877245985954 57
1627558552372 0.0004159333204043794 58
1627558552524 0.0004152339851948789 59
1627558552660 0.0004145827813137921 60
1627558552803 0.0004138549246275704 61
1627558552946 0.0004132235079869793 62
1627558553109 0.0004120572752932885 63
1627558553221 0.0004114944448440487 64
1627558553363 0.00041083497337498847 65
1627558553532 0.00040984484604059953 66
1627558553688 0.0004089668018259117 67
1627558553824 0.00040839005811078833 68
1627558553987 0.0004072657757736745 69
1627558554139 0.0004064756567609757 70
1627558554279 0.0004059894850260002 71
1627558554433 0.00040544561293473014 72
1627558554687 0.0004042167368231322 73
1627558554870 0.00040304868545799606 74
1627558555014 0.00040246300921875996 75
1627558555147 0.0004019367025467602 76
1627558555289 0.0004011743572085099 77
1627558555454 0.0004005617064559502 78
1627558555660 0.0004000367346910029 79
1627558555791 0.00039953029768572583 80
1627558555927 0.0003990046871600629 81
1627558556130 0.0003981494696198219 82
1627558556251 0.000397578680906028 83
1627558556400 0.0003971057145756321 84
1627558556521 0.0003965713555407741 85
1627558556686 0.00039610863990723446 86
1627558556800 0.0003955839426762754 87
1627558556931 0.00039510180639015736 88
1627558557086 0.0003946735366495437 89
1627558557205 0.0003941939306442953 90
1627558557398 0.0003933519741453734 91
1627558557537 0.00039276606155092274 92
1627558557657 0.000392329050430526 93
1627558557805 0.0003918951887669282 94
1627558557930 0.0003914962740914302 95
1627558558102 0.0003906891548920761 96
1627558558245 0.00039025826320837804 97
1627558558388 0.0003896071993244238 98
1627558558544 0.0003887729484722159 99
1627558558666 0.0003883545157161279 100
1627558558787 0.00038782838583757955 101
1627558558943 0.0003874127069160126 102
1627558559071 0.00038699912638704234 103
1627558559203 0.00038659595423290395 104
1627558559335 0.00038619660882324735 105
1627558559455 0.0003857711382807714 106
1627558559604 0.0003853217911588154 107
1627558559786 0.0003846048013859923 108
1627558559914 0.00038423907213591067 109
1627558560043 0.0003838750442591033 110
1627558560210 0.00038320271375143835 111
1627558560347 0.0003825280179631808 112
1627558560495 0.0003821250134143429 113
1627558560618 0.0003817570275994338 114
1627558560742 0.0003814046471917937 115
1627558560862 0.0003810173351976546 116
1627558560979 0.00038067911257148624 117
1627558561092 0.000380325373113216 118
1627558561219 0.0003799534053446723 119
1627558561354 0.000379479447237107 120
1627558561473 0.0003791458142123282 121
1627558561638 0.000378734461117651 122
1627558561736 0.0003784387665259208 123
1627558561961 0.0003778187080400444 124
1627558562075 0.0003774550907753927 125
1627558562218 0.00037697108011816707 126
1627558562345 0.00037654336757147946 127
1627558562481 0.00037610785056859584 128
1627558562623 0.0003757400372423888 129
1627558562753 0.0003753995072681796 130
1627558562865 0.000375050117897049 131
1627558563022 0.0003746309418634356 132
1627558563133 0.0003743338354237272 133
1627558563250 0.00037401789929734317 134
1627558563376 0.00037358456644798394 135
1627558563524 0.00037300022543301726 136
1627558563635 0.00037263313076986947 137
1627558563775 0.00037220954171856153 138
1627558563888 0.0003718227901241558 139
1627558563977 0.00037151696260801913 140
1627558564112 0.00037106374254543045 141
1627558564223 0.0003707461446272213 142
1627558564345 0.00037041452425090463 143
1627558564438 0.00037013570914290597 144
1627558564559 0.0003698180193658083 145
1627558564642 0.00036951877287899544 146
1627558564818 0.0003691687694671684 147
1627558564931 0.00036886371723967275 148
1627558565039 0.0003685776132962089 149
1627558565176 0.00036815763031348514 150
1627558565298 0.00036787496105317993 151
1627558565390 0.00036762522361112913 152
1627558565512 0.0003672837420626512 153
1627558565638 0.0003669705967035503 154
1627558565783 0.0003666718236813546 155
1627558565951 0.00036631377458856863 156
1627558566081 0.0003660117373690942 157
1627558566217 0.0003657165060375212 158
1627558566356 0.0003652387688547253 159
1627558566472 0.0003649181016081607 160
1627558566614 0.0003644945684753823 161
1627558566693 0.00036426834065107094 162
1627558566797 0.0003640335690683141 163
1627558566918 0.000363758807623638 164
1627558567009 0.00036352049096485746 165
1627558567121 0.00036328750093068263 166
1627558567235 0.0003629871477495357 167
1627558567355 0.00036270330710277396 168
1627558567449 0.0003624398246898593 169
1627558567559 0.0003621878175520597 170
1627558567710 0.000361749432631078 171
1627558567834 0.0003613906436165322 172
1627558567960 0.00036109746709902455 173
1627558568066 0.00036084481276774235 174
1627558568190 0.0003605975546130518 175
1627558568297 0.00036035094159356864 176
1627558568403 0.0003600918193349379 177
1627558568518 0.0003598120682655891 178
1627558568625 0.00035955252066528196 179
1627558568735 0.00035930024057031194 180
1627558568828 0.00035909499333986936 181
1627558568942 0.0003588103158712008 182
1627558569050 0.0003585381127684816 183
1627558569205 0.00035798383100844986 184
1627558569316 0.00035772271909688104 185
1627558569417 0.0003574846009908261 186
1627558569526 0.00035724443348110756 187
1627558569601 0.0003570591641720116 188
1627558569738 0.0003567426287404125 189
1627558569834 0.00035650035417644245 190
1627558570006 0.000356216531988581 191
1627558570212 0.0003558749886797907 192
1627558570308 0.00035559488003214247 193
1627558570421 0.0003553388179763318 194
1627558570528 0.0003550738555960897 195
1627558570641 0.0003548147618571316 196
1627558570748 0.00035454846046677565 197
1627558570877 0.00035429824064490864 198
1627558571049 0.0003540042008725724 199
1627558571164 0.00035377219707895307 200
1627558571325 0.00035330246900244387 201
1627558571429 0.0003530700063138003 202
1627558571524 0.0003528560208447638 203
1627558571622 0.00035261990789130666 204
1627558571740 0.0003523513204280075 205
1627558571835 0.00035211766530093423 206
1627558571941 0.0003518959783109224 207
1627558572023 0.0003517044693617308 208
1627558572125 0.0003514736149560537 209
1627558572251 0.00035125091247771985 210
1627558572391 0.00035099224239438614 211
1627558572570 0.0003506608686111551 212
1627558572667 0.0003504788828487848 213
1627558572805 0.0003501350017063799 214
1627558572911 0.00034990672686667225 215
1627558573002 0.00034966617677131226 216
1627558573086 0.00034947404741521987 217
1627558573179 0.00034926760134793917 218
1627558573284 0.0003490384236697162 219
1627558573422 0.00034879399845774803 220
1627558573554 0.0003485676025166617 221
1627558573660 0.00034836086796721934 222
1627558573776 0.00034812401195437163 223
1627558573917 0.00034777439681611634 224
1627558573993 0.00034753722576643016 225
1627558574114 0.00034728630244100386 226
1627558574272 0.0003469880946502165 227
1627558574417 0.00034669318356852027 228
1627558574495 0.00034651929322340844 229
1627558574585 0.00034633322224352485 230
1627558574698 0.0003461034518094309 231
1627558574806 0.0003458710153489751 232
1627558574905 0.00034564870785054244 233
1627558575017 0.0003454360080994146 234
1627558575134 0.00034523911568873936 235
1627558575264 0.0003450273491388379 236
1627558575418 0.0003446189042855008 237
1627558575529 0.0003443912848181677 238
1627558575631 0.00034416818812813525 239
1627558575717 0.00034397954502994745 240
1627558575820 0.00034378769316822157 241
1627558575897 0.00034361483306981594 242
1627558575988 0.00034338878093907645 243
1627558576090 0.0003431998299839036 244
1627558576241 0.00034298551103472904 245
1627558576369 0.00034281183301375964 246
1627558576475 0.0003425746911037689 247
1627558576583 0.0003423753097978976 248
1627558576671 0.0003422044111149476 249
1627558576779 0.000341967552539926 250
1627558576912 0.0003417718579523074 251
1627558577048 0.0003415470114872429 252
1627558577180 0.00034124878988898847 253
1627558577356 0.00034091523000398175 254
1627558577525 0.0003406637472091552 255
1627558577621 0.0003404748114572503 256
1627558577730 0.0003402807519572108 257
1627558577852 0.00034008798941620233 258
1627558577950 0.00033988088077500185 259
1627558578061 0.0003396685672814201 260
1627558578166 0.00033945136614974263 261
1627558578262 0.00033926793278450955 262
1627558578373 0.0003390453620888148 263
1627558578484 0.0003388581471795078 264
1627558578617 0.0003386673056657157 265
1627558578709 0.00033848402788413424 266
1627558578828 0.00033826571578891753 267
1627558578942 0.0003380631204358165 268
1627558579061 0.00033785850474451915 269
1627558579191 0.0003375787857437051 270
1627558579293 0.00033739720523725413 271
1627558579386 0.00033721084810869303 272
1627558579493 0.000337039250579714 273
1627558579579 0.00033686271209757595 274
1627558579683 0.0003366630670538225 275
1627558579776 0.00033651753018446896 276
1627558579867 0.00033631445347318006 277
1627558579965 0.0003360862134160181 278
1627558580052 0.0003359159263000047 279
1627558580194 0.0003356836330394419 280
1627558580318 0.00033548533631117976 281
1627558580424 0.0003352882244831103 282
1627558580525 0.00033507582909874533 283
1627558580601 0.00033492468983874554 284
1627558580720 0.0003346456239895735 285
1627558580812 0.0003344573776848314 286
1627558580923 0.00033424197540468333 287
1627558581042 0.0003340138482758991 288
1627558581117 0.00033387414740399456 289
1627558581241 0.00033362872439848904 290
1627558581349 0.0003334277090547901 291
1627558581456 0.0003332221743517327 292
1627558581557 0.0003330349826668867 293
1627558581652 0.00033286616151745406 294
1627558581771 0.0003326652320667291 295
1627558581870 0.0003324812068972413 296
1627558581975 0.00033228689426451855 297
1627558582060 0.0003320808183921194 298
1627558582136 0.00033191717536230236 299
1627558582220 0.00033176409243519867 300
1627558582346 0.0003314955117089274 301
1627558582440 0.000331320303014186 302
1627558582565 0.0003311111821759927 303
1627558582658 0.00033093725347293845 304
1627558582775 0.00033076689024417235 305
1627558582896 0.0003305576038369164 306
1627558582988 0.0003303464460154546 307
1627558583088 0.00033016270829129356 308
1627558583214 0.00032993269628188844 309
1627558583356 0.00032963782532609493 310
1627558583518 0.0003293492523544539 311
1627558583659 0.00032914748569236226 312
1627558583782 0.0003289549844114698 313
1627558583874 0.0003287890254858046 314
1627558583956 0.0003388581471795078 315
1627558588072 0.0010969858642546826 0
1627558588283 0.00101172489658749 1
1627558588520 0.0009370557683020247 2
1627558588729 0.0008709475235593491 3
1627558588941 0.0008132431830978585 4
1627558589161 0.0007628415337563259 5
1627558589463 0.0007190719522530301 6
1627558589708 0.0006813592282057817 7
1627558589962 0.0006487790778218872 8
1627558590215 0.0006208271090663128 9
1627558590472 0.0005968437024874017 10
1627558590721 0.0005762694219778989 11
1627558590979 0.0005586584456878428 12
1627558591219 0.0005436558912465958 13
1627558591481 0.000530787148825755 14
1627558591687 0.0005198763120922393 15
1627558591874 0.0005105667479676025 16
1627558592118 0.0005027364462076575 17
1627558592328 0.0004959320692511981 18
1627558592512 0.0004900782269542407 19
1627558592684 0.0004849771581226611 20
1627558592915 0.0004803805671471239 21
1627558593086 0.0004763966994880101 22
1627558593252 0.00047301269470746015 23
1627558593416 0.0004697430317785344 24
1627558593596 0.00046702404287138447 25
1627558593773 0.0004643383605424356 26
1627558594006 0.00046227737491691184 27
1627558594207 0.0004602591906175512 28
1627558594446 0.00045837537512160995 29
1627558594634 0.0004564417672934951 30
1627558594796 0.0004547418552543625 31
1627558594957 0.00045292728004000366 32
1627558595110 0.00045148646974613546 33
1627558595270 0.0004499285537766746 34
1627558595444 0.00044759833885355124 35
1627558595666 0.0004458448874605854 36
1627558595874 0.00044457358520535057 37
1627558596080 0.0004424795922762272 38
1627558596293 0.00044128224234452106 39
1627558596553 0.00043883798622204275 40
1627558596723 0.0004374332452890134 41
1627558596901 0.0004352831767976034 42
1627558597054 0.0004340822564737307 43
1627558597252 0.0004330206886662577 44
1627558597406 0.00043215979194893134 45
1627558597611 0.0004305258099542745 46
1627558597795 0.00042981254824095774 47
1627558598044 0.0004279728829576808 48
1627558598229 0.00042675129346149264 49
1627558598386 0.00042585158349558506 50
1627558598548 0.00042413428006229134 51
1627558598708 0.0004226913893887433 52
1627558598862 0.0004218614338668491 53
1627558599019 0.0004210254875400587 54
1627558599206 0.00041941979891333764 55
1627558599370 0.0004187616789212147 56
1627558599604 0.0004172418408338416 57
1627558599815 0.00041637630565296516 58
1627558600012 0.00041557575037702186 59
1627558600149 0.0004149872767999427 60
1627558600300 0.0004143773128044801 61
1627558600441 0.0004137753982249841 62
1627558600584 0.0004132323293860126 63
1627558600745 0.0004124590253395197 64
1627558600898 0.0004117596873267313 65
1627558601074 0.0004111873117627834 66
1627558601248 0.00041012289349712163 67
1627558601494 0.0004086992289207783 68
1627558601666 0.00040793085504907975 69
1627558601842 0.00040679777743583845 70
1627558601984 0.00040621590168826705 71
1627558602138 0.0004057319819330638 72
1627558602286 0.0004050809938069076 73
1627558602423 0.00040456906120171933 74
1627558602588 0.0004039494625427471 75
1627558602746 0.00040330078142129523 76
1627558602914 0.000402791433577732 77
1627558603118 0.0004015994147071775 78
1627558603272 0.0004010809036635734 79
1627558603509 0.0004001983461391067 80
1627558603715 0.0003995589467457122 81
1627558603922 0.00039856704519115416 82
1627558604053 0.0003980653725795892 83
1627558604253 0.0003970273018483068 84
1627558604418 0.00039650148856897516 85
1627558604574 0.0003960515537666715 86
1627558604716 0.0003955508651138195 87
1627558604860 0.00039506688837025677 88
1627558604971 0.00039455855592199424 89
1627558605148 0.0003941303882366917 90
1627558605279 0.0003936790825830415 91
1627558605419 0.0003931111783125444 92
1627558605530 0.0003927163215602345 93
1627558605690 0.00039231911261005244 94
1627558605840 0.0003918798095878675 95
1627558606076 0.00039091214719777577 96
1627558606256 0.00039017888882201786 97
1627558606410 0.00038972342594708204 98
1627558606609 0.00038904692800413473 99
1627558606758 0.0003886502368590704 100
1627558606975 0.00038791952300197893 101
1627558607125 0.000387485373321917 102
1627558607280 0.00038699585983491367 103
1627558607441 0.00038649269641544777 104
1627558607572 0.00038610575510837 105
1627558607699 0.0003855796941121509 106
1627558607837 0.00038517620612018585 107
1627558607966 0.00038480441317468705 108
1627558608094 0.0003843555770367924 109
1627558608216 0.00038397941501665494 110
1627558608350 0.0003835968161793612 111
1627558608523 0.00038324097168370715 112
1627558608702 0.00038277284127699406 113
1627558608880 0.0003823249288499418 114
1627558609058 0.0003817433196909667 115
1627558609195 0.00038134762800667084 116
1627558609327 0.0003810090077250442 117
1627558609458 0.00038063379051332755 118
1627558609568 0.0003802707925186431 119
1627558609674 0.00037990269794865676 120
1627558609786 0.00037957978088764427 121
1627558609946 0.0003789325092183259 122
1627558610077 0.000378560982084206 123
1627558610188 0.00037822350394502873 124
1627558610315 0.00037789268902539155 125
1627558610478 0.0003771120235206601 126
1627558610585 0.00037673974993804337 127
1627558610700 0.00037639074347894133 128
1627558610835 0.00037606144432255766 129
1627558610966 0.00037568523148622 130
1627558611093 0.0003753091450586354 131
1627558611212 0.00037496682399554374 132
1627558611377 0.00037460174506087987 133
1627558611493 0.0003742033182608734 134
1627558611616 0.0003738766491125269 135
1627558611767 0.00037334184950898927 136
1627558611887 0.00037304181049586233 137
1627558611985 0.000372752735081983 138
1627558612108 0.0003724212434491835 139
1627558612224 0.00037209563487140216 140
1627558612351 0.000371797745650981 141
1627558612441 0.00037152557990823617 142
1627558612574 0.00037115418449443677 143
1627558612704 0.00037079053441198224 144
1627558612830 0.00037047639412497003 145
1627558612989 0.000369999769849362 146
1627558613139 0.00036966637252546587 147
1627558613317 0.00036933749039491073 148
1627558613441 0.000369040217751841 149
1627558613595 0.00036848152299822804 150
1627558613749 0.00036795678661307883 151
1627558613885 0.00036756964459406437 152
1627558614022 0.0003672133943059304 153
1627558614126 0.0003669834731780709 154
1627558614250 0.00036668559740930936 155
1627558614385 0.00036640478153161847 156
1627558614502 0.0003660708647152469 157
1627558614612 0.00036575160014436827 158
1627558614697 0.00036551892552101384 159
1627558614812 0.000365228571893005 160
1627558614942 0.00036496090394270785 161
1627558615102 0.00036468043142105636 162
1627558615216 0.0003644110321189456 163
1627558615313 0.000364112707883475 164
1627558615426 0.0003638318547123223 165
1627558615544 0.00036355157340582157 166
1627558615625 0.0003632729916633711 167
1627558615736 0.00036298208557925855 168
1627558615828 0.000362732008971394 169
1627558615960 0.00036239504036225174 170
1627558616059 0.00036216983807849665 171
1627558616192 0.00036174408055679956 172
1627558616368 0.0003611914831591985 173
1627558616506 0.0003609045244396562 174
1627558616679 0.0003603194889122243 175
1627558616798 0.00036006175505747646 176
1627558616906 0.00035981133640839265 177
1627558617108 0.0003594743497963895 178
1627558617208 0.0003592032293005782 179
1627558617302 0.0003589612555837031 180
1627558617443 0.00035870706970704324 181
1627558617538 0.0003584809220466185 182
1627558617643 0.0003582207317525806 183
1627558617762 0.0003579427900301235 184
1627558617893 0.0003576705892619304 185
1627558617973 0.0003574661564177711 186
1627558618088 0.00035723313639945807 187
1627558618236 0.00035685623686469145 188
1627558618334 0.0003566101861855483 189
1627558618457 0.00035632633492109077 190
1627558618587 0.0003560564287291174 191
1627558618673 0.00035581837946970787 192
1627558618793 0.0003555767960884424 193
1627558618907 0.0003553270239837404 194
1627558619058 0.00035508568231378874 195
1627558619193 0.0003548740098819253 196
1627558619344 0.00035458537402168204 197
1627558619461 0.00035436362197750467 198
1627558619591 0.0003540908434250686 199
1627558619715 0.00035378685757265035 200
1627558619826 0.00035357001053370785 201
1627558619937 0.00035334175316667916 202
1627558620021 0.0003531324107281072 203
1627558620145 0.000352873777547288 204
1627558620227 0.00035265552742181694 205
1627558620345 0.0003523863362872243 206
1627558620435 0.0003521439650930115 207
1627558620579 0.00035178309318149365 208
1627558620700 0.0003515229433798228 209
1627558620790 0.00035134563255053065 210
1627558620902 0.00035110719093360706 211
1627558621014 0.00035087766442899027 212
1627558621156 0.00035051009187536745 213
1627558621241 0.00035033024102601283 214
1627558621334 0.0003501293813070719 215
1627558621453 0.0003499253066792776 216
1627558621581 0.0003497059164487983 217
1627558621686 0.0003494833319061442 218
1627558621800 0.000349226561632153 219
1627558621941 0.00034885362380710427 220
1627558622044 0.0003486384896188622 221
1627558622166 0.0003483423920287486 222
1627558622261 0.000348100266902924 223
1627558622370 0.0003478318191427224 224
1627558622485 0.00034757777679564984 225
1627558622601 0.00034734313953501637 226
1627558622725 0.000347031127662844 227
1627558622830 0.0003467935128111751 228
1627558622924 0.00034662623969911884 229
1627558623069 0.0003463940990587388 230
1627558623218 0.00034612469025008475 231
1627558623313 0.0003459011148537933 232
1627558623453 0.00034568761010437426 233
1627558623581 0.0003454695183010842 234
1627558623714 0.0003452827290498832 235
1627558623812 0.00034505840016535547 236
1627558623966 0.00034485257387021777 237
1627558624054 0.00034463697173730125 238
1627558624170 0.00034441435528306146 239
1627558624284 0.0003441704020715588 240
1627558624369 0.0003439926701705205 241
1627558624451 0.0003437949131784388 242
1627558624571 0.000343560045773261 243
1627558624654 0.0003433583119685266 244
1627558624743 0.00034314021288844035 245
1627558624853 0.0003429196749745866 246
1627558624949 0.0003426799106984905 247
1627558625046 0.00034244952075454543 248
1627558625163 0.00034224468284821906 249
1627558625264 0.0003420301204947004 250
1627558625441 0.0003417511519018337 251
1627558625546 0.00034155593545747077 252
1627558625643 0.0003413354317001558 253
1627558625745 0.00034116712586011906 254
1627558625859 0.00034097496639993286 255
1627558626022 0.00034064313030302874 256
1627558626163 0.00034035165688559813 257
1627558626267 0.00034013679237968335 258
1627558626401 0.00033984551986485914 259
1627558626497 0.00033964966906640506 260
1627558626591 0.0003394580559491416 261
1627558626686 0.00033925261820443123 262
1627558626788 0.0003390501934253426 263
1627558626993 0.00033867817122606346 264
1627558627083 0.00033850076990255814 265
1627558627180 0.00033830731693537734 266
1627558627261 0.00033814778944694744 267
1627558627375 0.00033792772328143514 268
1627558627504 0.00033765499201261485 269
1627558627641 0.00033741849139274944 270
1627558627761 0.0003372176088584336 271
1627558627851 0.00033703138168982407 272
1627558627932 0.00033687289522195255 273
1627558628050 0.0003366019766421483 274
1627558628175 0.00033638845674473016 275
1627558628294 0.0003361846322825922 276
1627558628403 0.00033602302106516786 277
1627558628561 0.00033575589645693107 278
1627558628653 0.0003355703379918866 279
1627558628793 0.00033524756625654366 280
1627558628880 0.00033507665858696845 281
1627558628989 0.00033486658620364115 282
1627558629097 0.00033466808996459533 283
1627558629196 0.0003344684967905771 284
1627558629304 0.0003343086000933519 285
1627558629445 0.0003339962123613255 286
1627558629580 0.0003338119109150201 287
1627558629671 0.00033361738385037377 288
1627558629771 0.0003334168034197858 289
1627558629850 0.0003332596790146715 290
1627558629931 0.0003330830164397968 291
1627558630038 0.000332890024541549 292
1627558630140 0.00033270624233509014 293
1627558630223 0.0003325255763487815 294
1627558630379 0.00033214871065016804 295
1627558630459 0.00033197143024879414 296
1627558630532 0.00033178133388874886 297
1627558630625 0.0003315895442009018 298
1627558630729 0.0003313998715003075 299
1627558630833 0.00033122905341591286 300
1627558630924 0.00033104110891653244 301
1627558631078 0.0003308443287281503 302
1627558631180 0.00033070439059733076 303
1627558631252 0.0003305539279067171 304
1627558631347 0.0003303768821204068 305
1627558631429 0.00033024291486241067 306
1627558631600 0.00033004262558277136 307
1627558631675 0.00032985672345535455 308
1627558631763 0.00032967373532111747 309
1627558631878 0.00032942346255283606 310
1627558631977 0.0003292406985922225 311
1627558632079 0.0003290811953910475 312
1627558632167 0.0003289162203787461 313
1627558632247 0.00032876397898462875 314
1627558632345 0.00032857976497997977 315
1627558632516 0.000328282437790138 316
1627558632641 0.00032812774220095494 317
1627558632779 0.0003279668309881299 318
1627558632922 0.000327721204257331 319
1627558633032 0.00032752153921965514 320
1627558633119 0.0003273558201816553 321
1627558633266 0.000327141530626662 322
1627558633372 0.00032697351030708607 323
1627558633485 0.0003267855682370344 324
1627558633647 0.00032644816755049205 325
1627558633724 0.00032627502246937196 326
1627558633827 0.0003261002992234579 327
1627558633920 0.00032595043221875605 328
1627558634026 0.0003257220223553787 329
1627558634127 0.00032551544051270294 330
1627558634250 0.00032528305727468624 331
1627558634345 0.00032511362077692273 332
1627558634466 0.00032489166512031327 333
1627558634576 0.0003247214055577488 334
1627558634668 0.00032453154799383605 335
1627558634740 0.0003243951032793805 336
1627558634820 0.00032422494176040476 337
1627558634913 0.0003240999945651833 338
1627558635023 0.00032390760486945196 339
1627558635106 0.00032374840359314757 340
1627558635190 0.00032361638934552857 341
1627558635298 0.0003234556616135662 342
1627558635445 0.00032326228184116325 343
1627558635597 0.000322963568389188 344
1627558635725 0.0003227893173171226 345
1627558635885 0.00032259880382157387 346
1627558635967 0.00032248231081177033 347
1627558636084 0.00032227900331471956 348
1627558636187 0.00032208466256937956 349
1627558636274 0.00032191746913579685 350
1627558636402 0.0003216531491429035 351
1627558636518 0.0003214690865751848 352
1627558636658 0.000321190217544355 353
1627558636760 0.00032100786798132483 354
1627558636894 0.0003208223931511143 355
1627558637000 0.000320654807717681 356
1627558637163 0.0003203831935235654 357
1627558637262 0.0003202614230342106 358
1627558637342 0.0003200928111487304 359
1627558637429 0.0003199113003616915 360
1627558637554 0.0003197126688498585 361
1627558637645 0.0003195794814566683 362
1627558637730 0.00031942653895162957 363
1627558637808 0.00031926908068528507 364
1627558637934 0.0003191042327450259 365
1627558638009 0.00031896319182748723 366
1627558638120 0.00031880219736095026 367
1627558638214 0.000318628818270115 368
1627558638340 0.0003184558306274844 369
1627558638420 0.0003183247960747659 370
1627558638528 0.0003182152766330064 371
1627558638669 0.0003180469015516141 372
1627558638742 0.0003179003897212755 373
1627558638860 0.0003177428305968612 374
1627558638991 0.00031751172695727555 375
1627558639128 0.0003173289092299116 376
1627558639227 0.00031718794999730963 377
1627558639319 0.00031704369789928327 378
1627558639394 0.00031688640350803867 379
1627558639485 0.0003167406134957526 380
1627558639597 0.0003165784131930707 381
1627558639770 0.00031638293538629417 382
1627558639918 0.0003161416288697404 383
1627558640026 0.0003159815099280928 384
1627558640173 0.00031571352721364895 385
1627558640290 0.00031556949359009314 386
1627558640397 0.0003154177655009525 387
1627558640561 0.0003152460459918304 388
1627558640738 0.00031503212317613946 389
1627558640855 0.00031489989055522006 390
1627558640934 0.00031475564454273825 391
1627558641033 0.0003146017153115881 392
1627558641120 0.00031443096960910284 393
1627558641304 0.0003141350416548761 394
1627558641424 0.00031396277309949733 395
1627558641528 0.0003137864606489499 396
1627558641618 0.00031361191543643465 397
1627558641698 0.000313469201981085 398
1627558641773 0.0003133559293731133 399
1627558641863 0.0003132122677080413 400
1627558641993 0.0003130727292899093 401
1627558642088 0.0003129470356635615 402
1627558642253 0.00031275992136108944 403
1627558642422 0.0003125649624005075 404
1627558642545 0.00031241880539788127 405
1627558642654 0.00031223585571863463 406
1627558642773 0.0003121109478424799 407
1627558642855 0.0003119648477791967 408
1627558642938 0.00031180887557302907 409
1627558643051 0.000311649390643934 410
1627558643141 0.00031150990487369037 411
1627558643218 0.00031138262377676735 412
1627558643309 0.000311215624258705 413
1627558643407 0.0003110700892645 414
1627558643524 0.0003109015449316528 415
1627558643611 0.0003107784518935391 416
1627558643706 0.00031064174267332617 417
1627558643829 0.0003105197285658684 418
1627558643931 0.00031035899120240666 419
1627558644021 0.00031020051956225656 420
1627558644126 0.0003100606349658338 421
1627558644214 0.0003099481332701548 422
1627558644312 0.00030977653335563396 423
1627558644412 0.00030961851721820067 424
1627558644506 0.0003094460720244177 425
1627558644607 0.0003092771089337826 426
1627558644710 0.000309107271565984 427
1627558644842 0.00030887916944118794 428
1627558644918 0.00030876639963601013 429
1627558645022 0.00030862680424686853 430
1627558645108 0.0003085193351896637 431
1627558645184 0.0003084113562929975 432
1627558645258 0.0003082936347682542 433
1627558645348 0.00030813170289381564 434
1627558645446 0.0003079517681958761 435
1627558645530 0.00030780226625676455 436
1627558645636 0.0003076238453629601 437
1627558645749 0.0003075200314914178 438
1627558645835 0.0003073994628047856 439
1627558645944 0.0003072366378525732 440
1627558646034 0.00030709632519247877 441
1627558646151 0.0003069477475148571 442
1627558646237 0.00030683760728249476 443
1627558646373 0.0003066560599857917 444
1627558646457 0.00030651866900815815 445
1627558646550 0.0003063559997177877 446
1627558646659 0.00030621459971269093 447
1627558646761 0.00030606602689597933 448
1627558646867 0.0003058713060484508 449
1627558647031 0.0003056362666290951 450
1627558647126 0.00030549362596180637 451
1627558647260 0.000305341249455294 452
1627558647372 0.00030513626619879024 453
1627558647441 0.0003050177573468739 454
1627558647590 0.00030484846361563913 455
1627558647714 0.00030467327050969097 456
1627558647805 0.0003045231414032675 457
1627558647908 0.00030437150770773263 458
1627558648043 0.00030415528642808694 459
1627558648147 0.000304000763127882 460
1627558648269 0.0003038644364223461 461
1627558648386 0.00030369899611691376 462
1627558648500 0.0003035423506699031 463
1627558648635 0.00030334843527742234 464
1627558648729 0.00030320958621272667 465
1627558648805 0.00030309770496866016 466
1627558648892 0.0003029561537778505 467
1627558648977 0.000302802714674181 468
1627558649077 0.0003026700270083636 469
1627558649166 0.00030254709818007867 470
1627558649238 0.00030243023388635653 471
1627558649316 0.0003023064354049 472
1627558649401 0.0003021524639366041 473
1627558649493 0.0003020065442520874 474
1627558649587 0.00030190189902763395 475
1627558649666 0.00030179928245048477 476
1627558649798 0.00030159594332621753 477
1627558649885 0.00030145719022441194 478
1627558649979 0.0003013019966927518 479
1627558650070 0.00030116453862949813 480
1627558650161 0.0003010671557092327 481
1627558650257 0.0003009576117462843 482
1627558650348 0.00030084195376743324 483
1627558650434 0.00030073658799965495 484
1627558650510 0.00030065077339282105 485
1627558650587 0.00030054629763840964 486
1627558650674 0.00030041640285428874 487
1627558650749 0.00030029098227791703 488
1627558650829 0.0003002075564749213 489
1627558650966 0.0003000415341848651 490
1627558651038 0.00029991156677973717 491
1627558651112 0.00029979081259700626 492
1627558651226 0.0002996278157261599 493
1627558651335 0.00029949114031354473 494
1627558651411 0.0002993979641620468 495
1627558651504 0.00029927954431600834 496
1627558651622 0.00029915016046210284 497
1627558651702 0.00029903424522633576 498
1627558651804 0.0002988948349130659 499
1627558651892 0.0002987463344859281 500
1627558651975 0.00029861625173822215 501
1627558652051 0.00029848009259926566 502
1627558652140 0.00029833647627464956 503
1627558652218 0.0002982265514424108 504
1627558652301 0.00029809236962676785 505
1627558652388 0.0002979587916033381 506
1627558652492 0.00029780354942527656 507
1627558652581 0.0002976595750930588 508
1627558652679 0.0002975106929512741 509
1627558652773 0.000297384763179625 510
1627558652879 0.0002972365882516511 511
1627558652991 0.0002971095470132476 512
1627558653112 0.0002969715222450619 513
1627558653218 0.00029683264037263737 514
1627558653290 0.0002966900240726356 515
1627558653364 0.000296594056874638 516
1627558653436 0.000296484630751064 517
1627558653539 0.0002963372543820585 518
1627558653615 0.00029622583257339055 519
1627558653716 0.0002960734771710033 520
1627558653818 0.00029590019186479004 521
1627558653911 0.00029573772153565194 522
1627558654036 0.00029559383966348346 523
1627558654176 0.00029546420649635897 524
1627558654267 0.00029536467166960616 525
1627558654350 0.00029524392650933534 526
1627558654462 0.00029509748860438544 527
1627558654607 0.0002949556968987829 528
1627558654701 0.0002948110437788717 529
1627558654780 0.0002946834759205391 530
1627558654913 0.00029452934594498015 531
1627558655006 0.00029440166291561147 532
1627558655099 0.0002942796407461397 533
1627558655203 0.00029414725185432535 534
1627558655292 0.0002940068929337075 535
1627558655386 0.0002938605028998731 536
1627558655460 0.0002937466915971777 537
1627558655557 0.00029359726659760065 538
1627558655632 0.00029347383312993645 539
1627558655742 0.0002933274394635747 540
1627558655849 0.00029318203727898736 541
1627558655945 0.00029306211178076506 542
1627558656034 0.0002929336815607154 543
1627558656110 0.00029281258229694497 544
1627558656187 0.00029269501455290054 545
1627558656271 0.0002925671763016594 546
1627558656357 0.00029247346662767337 547
1627558656469 0.00029915016046210284 548
1627558660876 0.0011000322787664148 0
1627558661137 0.0010144318389397292 1
1627558661361 0.0009393341678268283 2
1627558661599 0.0008730347969642991 3
1627558661846 0.0008149315938813582 4
1627558662073 0.000764289342271942 5
1627558662330 0.0007203202136451793 6
1627558662595 0.0006823754669250948 7
1627558662802 0.0006495420310137993 8
1627558663028 0.0006213536220352998 9
1627558663242 0.0005972238999903546 10
1627558663494 0.0005765225244778544 11
1627558663769 0.0005587660802158755 12
1627558663985 0.0005437542619734548 13
1627558664242 0.0005308884813634026 14
1627558664484 0.0005200362610875342 15
1627558664728 0.0005107009138208593 16
1627558664992 0.0005027076833199188 17
1627558665176 0.0004958817433493303 18
1627558665424 0.0004898061336771117 19
1627558665603 0.0004846311667410962 20
1627558665771 0.00048003946726803744 21
1627558665943 0.00047598412872014065 22
1627558666128 0.00047254197204198644 23
1627558666317 0.000469359931025017 24
1627558666548 0.0004668253915319259 25
1627558666721 0.00046423566971340004 26
1627558666938 0.00046186480238875704 27
1627558667138 0.0004597721678859756 28
1627558667382 0.00045795364069378523 29
1627558667600 0.000455998812482204 30
1627558667770 0.0004539871121404341 31
1627558667930 0.0004520957243392988 32
1627558668095 0.0004503725073347787 33
1627558668245 0.0004485785229202986 34
1627558668394 0.00044641415266761137 35
1627558668547 0.00044534782772527576 36
1627558668700 0.00044343079933912183 37
1627558668858 0.00044208293416897004 38
1627558669016 0.00043989211008806247 39
1627558669176 0.00043894146855000883 40
1627558669332 0.00043789398413200236 41
1627558669481 0.00043661398270055946 42
1627558669639 0.00043500070556520484 43
1627558669795 0.00043406479768386293 44
1627558669944 0.0004331647235108288 45
1627558670131 0.00043076640851776764 46
1627558670276 0.00042966747257782405 47
1627558670440 0.0004278053241969399 48
1627558670577 0.00042712997238800957 49
1627558670761 0.0004263532836185688 50
1627558670920 0.0004253132404549208 51
1627558671145 0.00042338004171060925 52
1627558671328 0.0004217840473232077 53
1627558671505 0.0004200920384589254 54
1627558671638 0.0004193753575359102 55
1627558671814 0.00041796673783899154 56
1627558671950 0.0004173681591789471 57
1627558672125 0.00041585799256155844 58
1627558672289 0.00041467416404277586 59
1627558672428 0.0004139582514620279 60
1627558672606 0.0004133580990274489 61
1627558672758 0.00041269892905455174 62
1627558672929 0.000411987670021226 63
1627558673106 0.00041140760256673417 64
1627558673271 0.00041079879861935585 65
1627558673452 0.0004094485962854921 66
1627558673575 0.0004089004272175677 67
1627558673717 0.0004082302198454777 68
1627558673901 0.00040682311892587604 69
1627558674064 0.00040634013878481945 70
1627558674229 0.0004057918595226242 71
1627558674424 0.00040518332820923256 72
1627558674557 0.0004047399265675413 73
1627558674757 0.00040358250620121944 74
1627558674920 0.00040254987693860456 75
1627558675065 0.0004020309553305885 76
1627558675192 0.00040150752354359325 77
1627558675357 0.00040062893151873345 78
1627558675498 0.00039994630555347584 79
1627558675639 0.0003994339219609907 80
1627558675775 0.0003989309912530698 81
1627558675928 0.0003982743345263462 82
1627558676092 0.0003973170151204228 83
1627558676237 0.0003968247517549418 84
1627558676448 0.00039604139632587877 85
1627558676633 0.0003955840677559921 86
1627558676796 0.00039517419476411806 87
1627558676935 0.000394715161775534 88
1627558677056 0.00039426365675848365 89
1627558677175 0.00039377465259546486 90
1627558677325 0.0003931171894881793 91
1627558677501 0.0003926561537579841 92
1627558677638 0.0003922471928346257 93
1627558677818 0.00039139436013433987 94
1627558678020 0.0003906766711565925 95
1627558678164 0.0003902842257049976 96
1627558678299 0.00038987411529192576 97
1627558678435 0.0003894369243817513 98
1627558678550 0.00038908784117708197 99
1627558678717 0.00038837604703469863 100
1627558678869 0.00038795594129751454 101
1627558679123 0.0003870830663416378 102
1627558679278 0.0003866579659641057 103
1627558679446 0.00038621999593146304 104
1627558679578 0.00038584962047574014 105
1627558679741 0.00038524852399259636 106
1627558679935 0.00038444440583537427 107
1627558680105 0.00038405036002887557 108
1627558680318 0.00038343212607123576 109
1627558680444 0.0003830660269529493 110
1627558680583 0.0003827163739075376 111
1627558680726 0.00038213776413711427 112
1627558680865 0.0003817599539289204 113
1627558681006 0.00038128222246576227 114
1627558681131 0.00038090343639392776 115
1627558681245 0.00038055684311381877 116
1627558681414 0.00037986516266105326 117
1627558681530 0.00037946526592382555 118
1627558681670 0.00037908485365846734 119
1627558681786 0.00037872818329126676 120
1627558681893 0.0003783647372655679 121
1627558681996 0.0003780374903246578 122
1627558682102 0.0003777252907658644 123
1627558682258 0.0003772800758753872 124
1627558682375 0.000376910446139008 125
1627558682469 0.0003766102052265624 126
1627558682602 0.00037625887240757324 127
1627558682742 0.00037569174992912844 128
1627558682868 0.0003753742772716727 129
1627558683037 0.0003748117875050239 130
1627558683177 0.0003744778912140301 131
1627558683316 0.00037401546231539723 132
1627558683488 0.00037361150592377405 133
1627558683629 0.00037330993520981497 134
1627558683775 0.0003730007415840851 135
1627558683894 0.0003726601468210074 136
1627558684061 0.0003722544380024255 137
1627558684218 0.0003719240657960641 138
1627558684332 0.0003716109258085964 139
1627558684484 0.00037130642941063646 140
1627558684592 0.00037098923533323316 141
1627558684726 0.0003706347704068468 142
1627558684849 0.00037026093843831124 143
1627558684990 0.0003697545438277574 144
1627558685102 0.00036941884452933513 145
1627558685213 0.00036910879036664745 146
1627558685291 0.0003688469439912369 147
1627558685384 0.000368581082439574 148
1627558685506 0.0003682148357407273 149
1627558685611 0.0003678968600166381 150
1627558685750 0.0003674849637569742 151
1627558685877 0.00036716226413739526 152
1627558685978 0.00036685029767719854 153
1627558686137 0.0003665367074964286 154
1627558686261 0.0003662447312423766 155
1627558686383 0.0003659541023943518 156
1627558686530 0.00036565223317528046 157
1627558686660 0.0003653347938751516 158
1627558686787 0.00036503184188256424 159
1627558686892 0.00036474976614262914 160
1627558686990 0.000364528243196041 161
1627558687159 0.0003642407936669028 162
1627558687315 0.00036401993796249515 163
1627558687471 0.0003637433371784301 164
1627558687568 0.0003634795806712583 165
1627558687703 0.00036312597775889236 166
1627558687791 0.00036291542163053436 167
1627558687913 0.00036250453942265285 168
1627558688029 0.0003622191748883935 169
1627558688169 0.0003618685929071627 170
1627558688281 0.00036158226849043127 171
1627558688449 0.00036127761319769896 172
1627558688534 0.000361050141369633 173
1627558688623 0.00036085377702822476 174
1627558688741 0.00036058726738618003 175
1627558688825 0.0003603200975172439 176
1627558688986 0.0003598096856964416 177
1627558689110 0.00035952650333814714 178
1627558689250 0.0003592694223711448 179
1627558689416 0.0003589152509099264 180
1627558689535 0.0003586556523763218 181
1627558689649 0.00035845040645420575 182
1627558689764 0.0003581992476899102 183
1627558689853 0.00035797550223886027 184
1627558690091 0.0003574028634145283 185
1627558690227 0.0003571240292367033 186
1627558690342 0.00035687427265975553 187
1627558690475 0.0003565422975832487 188
1627558690595 0.00035625454926106975 189
1627558690708 0.00035604312322034577 190
1627558690857 0.00035578130001650253 191
1627558691008 0.0003554606564728309 192
1627558691163 0.0003551855205134014 193
1627558691289 0.0003549691686181132 194
1627558691394 0.0003547187629522737 195
1627558691542 0.0003544688518397979 196
1627558691668 0.00035423785032316076 197
1627558691782 0.000353940318163672 198
1627558691880 0.0003537153177168717 199
1627558691998 0.0003534586127935772 200
1627558692083 0.0003532235432483654 201
1627558692205 0.00035296786148934594 202
1627558692303 0.0003527151250892958 203
1627558692434 0.00035247575732837 204
1627558692536 0.0003522434795111044 205
1627558692621 0.00035201928703640665 206
1627558692714 0.00035180410118634543 207
1627558692827 0.00035154989222346546 208
1627558692930 0.00035132906589259807 209
1627558693018 0.00035112624519573616 210
1627558693132 0.0003508678619795752 211
1627558693236 0.00035063223567716206 212
1627558693331 0.0003504097161910703 213
1627558693485 0.00034996908154398657 214
1627558693592 0.0003497720831759354 215
1627558693689 0.000349578839267288 216
1627558693797 0.0003493664820437455 217
1627558693955 0.0003490359194284436 218
1627558694077 0.0003488045642884317 219
1627558694194 0.00034859426208319226 220
1627558694274 0.0003484136856305681 221
1627558694397 0.0003480719976978306 222
1627558694500 0.0003478532326273448 223
1627558694624 0.0003476287947130688 224
1627558694726 0.0003474605920598256 225
1627558694839 0.00034716841484819623 226
1627558694956 0.00034698645817222713 227
1627558695098 0.00034674706890134855 228
1627558695225 0.00034650392862210663 229
1627558695422 0.00034612435039378333 230
1627558695520 0.00034589245616925286 231
1627558695631 0.0003456769000072566 232
1627558695734 0.0003454730616128133 233
1627558695845 0.000345244531640929 234
1627558695960 0.0003450245289528474 235
1627558696057 0.00034481946560901115 236
1627558696148 0.0003446024134701836 237
1627558696273 0.00034438478365965766 238
1627558696387 0.00034412985648525336 239
1627558696463 0.0003439575798223095 240
1627558696587 0.00034370729530193124 241
1627558696699 0.0003434846519197948 242
1627558696837 0.0003431477693987582 243
1627558696945 0.0003429451337713167 244
1627558697077 0.0003426583107883651 245
1627558697174 0.0003424451071317376 246
1627558697266 0.00034226260564098997 247
1627558697353 0.0003420789996348908 248
1627558697454 0.0003418648140819192 249
1627558697578 0.00034164372514737214 250
1627558697653 0.00034146832765601846 251
1627558697790 0.00034120091863263795 252
1627558697910 0.0003409839582258222 253
1627558697993 0.0003408060364333791 254
1627558698097 0.00034059900433661323 255
1627558698223 0.0003403552973452719 256
1627558698326 0.0003401362903367475 257
1627558698462 0.0003398521255023631 258
1627558698551 0.00033966564737813505 259
1627558698667 0.0003394622789614831 260
1627558698788 0.00033925012196993684 261
1627558698949 0.0003389066062058461 262
1627558699060 0.000338722919095547 263
1627558699174 0.00033850200283646063 264
1627558699275 0.0003383029255991994 265
1627558699424 0.0003381404153016525 266
1627558699519 0.0003379332259506254 267
1627558699664 0.0003377301829508293 268
1627558699826 0.0003375171014840316 269
1627558699924 0.00033733080771635457 270
1627558700028 0.0003371114878998627 271
1627558700149 0.0003368632783371632 272
1627558700242 0.0003366771065606796 273
1627558700394 0.0003363656255516061 274
1627558700494 0.00033617521536118003 275
1627558700580 0.00033602545009182313 276
1627558700679 0.0003358259229157193 277
1627558700801 0.0003355999322441274 278
1627558700929 0.0003353756520080559 279
1627558701085 0.00033517608550175386 280
1627558701171 0.0003350108465950982 281
1627558701319 0.0003348119653942574 282
1627558701498 0.0003345244177654316 283
1627558701682 0.00033422914572839123 284
1627558701780 0.000334081156141586 285
1627558701909 0.0003338699793936972 286
1627558702008 0.00033365627855827865 287
1627558702110 0.0003334760489061043 288
1627558702192 0.000333272179938936 289
1627558702305 0.0003330863231685641 290
1627558702401 0.00033288397737039915 291
1627558702499 0.0003326827781424445 292
1627558702575 0.0003325290545757592 293
1627558702718 0.0003322349408772366 294
1627558702812 0.0003320558961809172 295
1627558702921 0.0003319006585390146 296
1627558703013 0.00033171052399793004 297
1627558703142 0.00033137995901237843 298
1627558703233 0.0003312013002849455 299
1627558703333 0.0003310136734879047 300
1627558703456 0.00033081918419177456 301
1627558703551 0.00033063677672301537 302
1627558703635 0.0003304741888685856 303
1627558703715 0.00033030663654927395 304
1627558703806 0.0003301464081038021 305
1627558703888 0.0003299494558614128 306
1627558703988 0.00032974514904748545 307
1627558704094 0.00032954364729738904 308
1627558704191 0.0003293547418261624 309
1627558704294 0.00032916136803701424 310
1627558704390 0.0003289756391242867 311
1627558704489 0.0003288074038975752 312
1627558704587 0.0003286514476499548 313
1627558704689 0.00032847501698284384 314
1627558704783 0.0003282725219082403 315
1627558704872 0.00032810065812814156 316
1627558704984 0.00032789904958649397 317
1627558705082 0.00032773801598220726 318
1627558705160 0.00032755254511267564 319
1627558705266 0.00032735066988631354 320
1627558705376 0.00032713309794552226 321
1627558705454 0.00032699551020758344 322
1627558705536 0.00032682661659293795 323
1627558705645 0.0003266324414939335 324
1627558705744 0.0003264471468553718 325
1627558705841 0.00032625674586715295 326
1627558705941 0.00032610101281753965 327
1627558706044 0.0003259474302849971 328
1627558706167 0.00032575499466821887 329
1627558706260 0.0003255746643851497 330
1627558706372 0.00032536919306754843 331
1627558706485 0.0003251662153123232 332
1627558706563 0.0003250341319026238 333
1627558706694 0.0003247828646488602 334
1627558706770 0.00033422914572839123 335
