1627563397754 0.5089053385722927 0
1627563397900 0.4694751543158024 1
1627563398039 0.43460635978939904 2
1627563398178 0.4039853788400323 3
1627563398317 0.3770505029335779 4
1627563398443 0.35361183968515236 5
1627563398590 0.3332802945912894 6
1627563398750 0.31574762392990996 7
1627563398892 0.3006926423224046 8
1627563399020 0.2876143511998779 9
1627563399181 0.2763384714499744 10
1627563399371 0.26671872257899915 11
1627563399495 0.2584392378145296 12
1627563399611 0.2514555745861308 13
1627563399721 0.2454542673150723 14
1627563399835 0.240447334509089 15
1627563399944 0.23604252636684717 16
1627563400060 0.2324707978137112 17
1627563400167 0.2293837944494762 18
1627563400281 0.22657537206281517 19
1627563400388 0.22421889397557862 20
1627563400492 0.22217611258725722 21
1627563400601 0.2203369823337151 22
1627563400711 0.21858747741207163 23
1627563400825 0.21702645045838986 24
1627563400924 0.21582367178994605 25
1627563401022 0.21469798699243564 26
1627563401121 0.21373474866229372 27
1627563401223 0.21274691702611526 28
1627563401319 0.2117461287649435 29
1627563401411 0.21087792391939383 30
1627563401512 0.21002608242883947 31
1627563401613 0.2090216860104394 32
1627563401710 0.2082801148459828 33
1627563401797 0.2077253992089636 34
1627563401886 0.2071149071043932 35
1627563401989 0.20605454508007104 36
1627563402086 0.20552967262423094 37
1627563402215 0.20507916849304803 38
1627563402344 0.20418571112166453 39
1627563402445 0.20359344463394616 40
1627563402533 0.202992972217876 41
1627563402626 0.20217393365799569 42
1627563402718 0.20153116128816614 43
1627563402813 0.20097618970917672 44
1627563402938 0.2006364386014513 45
1627563403100 0.19976284382254217 46
1627563403240 0.1992122088429094 47
1627563403389 0.19832979375875986 48
1627563403535 0.19766190917969656 49
1627563403659 0.19686381428358202 50
1627563403776 0.19655111327783018 51
1627563403898 0.1960666737005122 52
1627563404025 0.19519064648832296 53
1627563404109 0.19483924189651738 54
1627563404200 0.19452385469451636 55
1627563404308 0.19376477299996636 56
1627563404390 0.19349002411393626 57
1627563404481 0.1931914648229205 58
1627563404582 0.1929226592441054 59
1627563404692 0.19240288262496955 60
1627563404790 0.19207579458528673 61
1627563404893 0.19158620548237368 62
1627563404975 0.1913180507284782 63
1627563405063 0.19103446936329693 64
1627563405155 0.19072551453463546 65
1627563405243 0.19044346442484003 66
1627563405386 0.1899955372316941 67
1627563405506 0.18973170661378327 68
1627563405597 0.1894177279697362 69
1627563405693 0.18914851383191988 70
1627563405786 0.188883126557613 71
1627563405878 0.18837087179795675 72
1627563405977 0.18783017836986907 73
1627563406062 0.1874027655616263 74
1627563406158 0.18713624632706408 75
1627563406269 0.1864607330613581 76
1627563406369 0.18602991549109288 77
1627563406452 0.1858021955936647 78
1627563406537 0.18558858575461157 79
1627563406674 0.18533952886257762 80
1627563406802 0.18502965375640035 81
1627563406895 0.184765785064217 82
1627563406977 0.18455122458871054 83
1627563407132 0.1841122799606335 84
1627563407233 0.18389243834962202 85
1627563407320 0.183668297205105 86
1627563407406 0.18344885916568304 87
1627563407523 0.18322071258195946 88
1627563407610 0.1830065199398562 89
1627563407695 0.18278703719218586 90
1627563407790 0.18242262739024398 91
1627563407897 0.18193259350867133 92
1627563408014 0.18171984739934985 93
1627563408108 0.18151094078398464 94
1627563408198 0.18117397835931584 95
1627563408285 0.18100323583371689 96
1627563408381 0.18074176009773169 97
1627563408458 0.18054037270230125 98
1627563408531 0.18033841539932044 99
1627563408636 0.18014908528574816 100
1627563408729 0.1799577762195618 101
1627563408818 0.1795872089563362 102
1627563408932 0.17932685083223124 103
1627563409013 0.17914309553894603 104
1627563409114 0.178888516962262 105
1627563409215 0.17870856500550397 106
1627563409330 0.17853418151911077 107
1627563409462 0.17834086926145482 108
1627563409559 0.1780431582870648 109
1627563409675 0.17779964643047008 110
1627563409759 0.17760710487209636 111
1627563409850 0.1773013702610331 112
1627563409929 0.17712602391481924 113
1627563410007 0.1769434821316305 114
1627563410094 0.17673270384731146 115
1627563410182 0.17655755610260906 116
1627563410267 0.1762387210055874 117
1627563410349 0.17606786354650936 118
1627563410465 0.17578824897092468 119
1627563410544 0.17563265028861927 120
1627563410614 0.17547107264406878 121
1627563410675 0.17530835356144825 122
1627563410749 0.17514751279921156 123
1627563410837 0.17498613741349342 124
1627563410920 0.17483994808817183 125
1627563410998 0.17468356770751578 126
1627563411114 0.17451117741389144 127
1627563411233 0.17422949846646504 128
1627563411360 0.17406343431212404 129
1627563411451 0.17391045813753844 130
1627563411556 0.17376001749411393 131
1627563411681 0.17347083634473498 132
1627563411761 0.17329420684782912 133
1627563411841 0.17309336133118292 134
1627563411919 0.17292702597249487 135
1627563412001 0.17274766969628902 136
1627563412091 0.17246373117632435 137
1627563412169 0.17230048062435627 138
1627563412243 0.17214260302481216 139
1627563412324 0.17198625772491022 140
1627563412409 0.17184709186795458 141
1627563412473 0.17169703359621322 142
1627563412534 0.17156091623444333 143
1627563412628 0.17137395210286566 144
1627563412721 0.17122562271000644 145
1627563412802 0.17108968397917912 146
1627563412884 0.17094569172101295 147
1627563412952 0.17081483746084744 148
1627563413029 0.17068792170324373 149
1627563413108 0.1705426912584662 150
1627563413201 0.17031581602582593 151
1627563413270 0.17019010210490101 152
1627563413350 0.16997730449772527 153
1627563413414 0.16982059501191465 154
1627563413483 0.16967974416060524 155
1627563413560 0.16955309373844807 156
1627563413619 0.16941231983440325 157
1627563413693 0.16928893226184838 158
1627563413760 0.16916361599147978 159
1627563413862 0.169026652158024 160
1627563413969 0.1688910752041319 161
1627563414069 0.16877568034125334 162
1627563414173 0.1686088901017254 163
1627563414287 0.16838183349122848 164
1627563414358 0.16824791616474122 165
1627563414412 0.16812988050944325 166
1627563414485 0.16800450477482015 167
1627563414585 0.16772381048182677 168
1627563414650 0.16760271300969318 169
1627563414734 0.16743117902697957 170
1627563414823 0.16729609568330545 171
1627563414898 0.1671733350754556 172
1627563414964 0.1670457128904998 173
1627563415053 0.16691542934876516 174
1627563415105 0.1668177683453655 175
1627563415178 0.16668512181251474 176
1627563415256 0.16656359716956318 177
1627563415333 0.1664345394227616 178
1627563415447 0.16625984107206807 179
1627563415548 0.16612710116018914 180
1627563415642 0.16595000791209805 181
1627563415716 0.16580199418744868 182
1627563415847 0.16562055621408053 183
1627563415926 0.16549235009563393 184
1627563415995 0.1653763137494071 185
1627563416076 0.16519768963522324 186
1627563416166 0.16506978507865533 187
1627563416230 0.16494989729214662 188
1627563416293 0.1648314699795899 189
1627563416403 0.16471111971907165 190
1627563416536 0.16453266735480998 191
1627563416652 0.1644072786857988 192
1627563416767 0.1642968484639068 193
1627563416845 0.16417629271712844 194
1627563416920 0.16404283321426133 195
1627563416980 0.16394222736220454 196
1627563417051 0.16383054962149432 197
1627563417174 0.16368316188845647 198
1627563417231 0.16357406648211908 199
1627563417303 0.16346933846031061 200
1627563417397 0.16336071668801316 201
1627563417484 0.16326070653820723 202
1627563417539 0.1631610236530298 203
1627563417614 0.16305236099575626 204
1627563417702 0.16293277435805267 205
1627563417806 0.16276917821307182 206
1627563417886 0.1626573200498716 207
1627563417972 0.16249186760708892 208
1627563418075 0.16238684534372153 209
1627563418196 0.16227858255308283 210
1627563418280 0.1621802006566142 211
1627563418364 0.16207062907458364 212
1627563418437 0.1619666828915414 213
1627563418510 0.16185246906125483 214
1627563418590 0.16175513076176462 215
1627563418687 0.16157612233858215 216
1627563418748 0.1614661651320954 217
1627563418808 0.1613608456277292 218
1627563418880 0.16124995462166317 219
1627563418949 0.16112431206967173 220
1627563419029 0.16096045066170947 221
1627563419101 0.16087507693770856 222
1627563419182 0.16077523981553068 223
1627563419256 0.16064407072216344 224
1627563419332 0.16053893281695406 225
1627563419423 0.16040594858771134 226
1627563419488 0.16029772093421762 227
1627563419549 0.16019166232286172 228
1627563419606 0.16010690640515512 229
1627563419679 0.15998907797876116 230
1627563419771 0.15987335372958347 231
1627563419849 0.15975760585093793 232
1627563419929 0.1596451029506544 233
1627563419999 0.1595471795518127 234
1627563420069 0.15942867506289551 235
1627563420141 0.1593237972824209 236
1627563420228 0.15922554797379884 237
1627563420294 0.15912228031964884 238
1627563420365 0.159010067920627 239
1627563420456 0.1588639960882478 240
1627563420518 0.1587703639957819 241
1627563420587 0.1586691644397083 242
1627563420670 0.15856206715757742 243
1627563420760 0.15846884472285347 244
1627563420860 0.15836811369814266 245
1627563420943 0.15825794231511578 246
1627563421010 0.15815575295348078 247
1627563421096 0.1580567775279363 248
1627563421202 0.15793632394250073 249
1627563421288 0.1578448510117494 250
1627563421383 0.15772878049823447 251
1627563421470 0.15763102543045826 252
1627563421529 0.15754106080575586 253
1627563421616 0.15744815935642606 254
1627563421702 0.1573484250905656 255
1627563421789 0.15725299330290438 256
1627563421851 0.15716839224381057 257
1627563421925 0.15707188947074646 258
1627563422005 0.15697780774995104 259
1627563422066 0.1568828636176299 260
1627563422132 0.15678773716323205 261
1627563422194 0.15669277766817133 262
1627563422256 0.15660751296521871 263
1627563422320 0.15651790618402464 264
1627563422384 0.15643201502009815 265
1627563422466 0.15630274387123017 266
1627563422540 0.15620266064011346 267
1627563422597 0.15610398151015942 268
1627563422664 0.1560072866125852 269
1627563422733 0.15591868109173943 270
1627563422795 0.15582438784639988 271
1627563422865 0.15571549861606496 272
1627563422925 0.15561844622571036 273
1627563423011 0.15553578484046426 274
1627563423114 0.1554431631566825 275
1627563423211 0.1553677115799578 276
1627563423299 0.15528085837310918 277
1627563423380 0.15520551517295517 278
1627563423476 0.15511820770209606 279
1627563423540 0.15501689071688007 280
1627563423604 0.15492089689417213 281
1627563423662 0.15483609758295955 282
1627563423733 0.15475067727232952 283
1627563423798 0.15465801957329098 284
1627563423871 0.15456366514008435 285
1627563423928 0.15449373997760305 286
1627563423997 0.15440930511135875 287
1627563424088 0.15425708851139017 288
1627563424165 0.15415337038075697 289
1627563424258 0.15407806570580934 290
1627563424313 0.15401112060207567 291
1627563424379 0.15391702312008984 292
1627563424475 0.15382125041051758 293
1627563424564 0.1537196608122977 294
1627563424639 0.1536237466566516 295
1627563424715 0.15836811369814266 296
1627563428793 0.5082009156280962 0
1627563428929 0.4688365000890156 1
1627563429114 0.4341004091731267 2
1627563429266 0.4036120631205871 3
1627563429390 0.37682218431519426 4
1627563429518 0.35346384929739627 5
1627563429638 0.33325227158204385 6
1627563429757 0.3157960812722187 7
1627563429878 0.3007780566813182 8
1627563429995 0.28776036671112604 9
1627563430128 0.27651444676384934 10
1627563430267 0.26690836283547453 11
1627563430428 0.25866443890697727 12
1627563430541 0.25167524070296865 13
1627563430649 0.24560084846751734 14
1627563430763 0.24055357294042856 15
1627563430881 0.23624331651952515 16
1627563430995 0.23263950193435862 17
1627563431108 0.2295632382984911 18
1627563431219 0.22675931845025685 19
1627563431321 0.22437837610458503 20
1627563431424 0.22239976048669843 21
1627563431537 0.22073066718102832 22
1627563431638 0.21887949432400025 23
1627563431784 0.2174117145599886 24
1627563431886 0.21624823951029318 25
1627563432023 0.21509937205497456 26
1627563432173 0.21403718617633752 27
1627563432325 0.21313933203720417 28
1627563432473 0.21213262674324793 29
1627563432609 0.21120751698151088 30
1627563432736 0.21054490580677648 31
1627563432890 0.20968076132972738 32
1627563432988 0.20892458842302014 33
1627563433088 0.20817722930657062 34
1627563433180 0.2071663428271375 35
1627563433278 0.20643306708165188 36
1627563433380 0.2054140437453253 37
1627563433518 0.2048496194546375 38
1627563433618 0.20396535831938206 39
1627563433746 0.2035936629877999 40
1627563433839 0.20274364908635062 41
1627563433940 0.20190446354249225 42
1627563434041 0.20127463907250814 43
1627563434134 0.20066649348804166 44
1627563434222 0.2002494283362179 45
1627563434356 0.19935547756994507 46
1627563434493 0.19883609575434938 47
1627563434599 0.19798042112773034 48
1627563434718 0.19765624833262316 49
1627563434843 0.19692018894466293 50
1627563434931 0.19657533466074278 51
1627563435017 0.19624262616404614 52
1627563435119 0.19559376196849423 53
1627563435204 0.1952230923864522 54
1627563435287 0.19486603208367684 55
1627563435390 0.19424762186592248 56
1627563435474 0.1939249032029007 57
1627563435568 0.19366372020120953 58
1627563435672 0.19292629054469676 59
1627563435762 0.1925812269829893 60
1627563435855 0.19228091043459763 61
1627563435977 0.19160706090575333 62
1627563436062 0.1913645705106591 63
1627563436160 0.19109409424267362 64
1627563436274 0.19039868408423066 65
1627563436372 0.19010626317020757 66
1627563436467 0.18957658460169596 67
1627563436556 0.1892583129872952 68
1627563436660 0.18871761264166598 69
1627563436745 0.18847121120716429 70
1627563436847 0.18803813114910575 71
1627563436931 0.18773012338200873 72
1627563437022 0.1874935645027211 73
1627563437120 0.18710000131060267 74
1627563437207 0.18678436355415037 75
1627563437292 0.18652768228058886 76
1627563437374 0.18631722598492206 77
1627563437460 0.1859311565528047 78
1627563437560 0.18563867246743923 79
1627563437662 0.18514717210293363 80
1627563437747 0.18491700594432356 81
1627563437877 0.18458733843286124 82
1627563437998 0.1843692717808017 83
1627563438097 0.18414144468814872 84
1627563438174 0.18392751251918024 85
1627563438257 0.18371125268113989 86
1627563438378 0.1834617548561063 87
1627563438459 0.18325642110821808 88
1627563438560 0.18302466398536088 89
1627563438669 0.1826269682452727 90
1627563438769 0.18220218252318893 91
1627563438854 0.18200597614565278 92
1627563438943 0.1817743834335383 93
1627563439026 0.18152329478002155 94
1627563439118 0.181240621620588 95
1627563439208 0.18105259724452322 96
1627563439287 0.18087238582401435 97
1627563439410 0.18048415143394553 98
1627563439520 0.1802961207845518 99
1627563439656 0.17989292305256357 100
1627563439792 0.17965709332960242 101
1627563439914 0.17926325749058095 102
1627563440002 0.17908102134384182 103
1627563440085 0.1788925647403001 104
1627563440169 0.1786961287778792 105
1627563440251 0.1784991937002541 106
1627563440334 0.17824027557671435 107
1627563440420 0.178043934525681 108
1627563440524 0.17783476326913206 109
1627563440618 0.17765698869112076 110
1627563440709 0.1774370061098987 111
1627563440839 0.17709134880072436 112
1627563440927 0.17687175731794522 113
1627563441018 0.17668896966669215 114
1627563441127 0.17651676691404913 115
1627563441214 0.1763474302151595 116
1627563441330 0.17602457391065532 117
1627563441422 0.1758311988947258 118
1627563441509 0.1756716205112795 119
1627563441600 0.17540140563361992 120
1627563441663 0.17524288655858872 121
1627563441745 0.17507769743056545 122
1627563441831 0.17487861677231 123
1627563441913 0.17464807948071182 124
1627563441983 0.17448812854767423 125
1627563442063 0.17433408682611262 126
1627563442147 0.17418935676759767 127
1627563442239 0.17402265096840744 128
1627563442352 0.17386074823253475 129
1627563442473 0.17369326755077275 130
1627563442551 0.1735271457684104 131
1627563442639 0.173383580563 132
1627563442759 0.17321474705274362 133
1627563442914 0.17293002297172153 134
1627563443031 0.1727016745070369 135
1627563443108 0.17254905547477398 136
1627563443192 0.17235664696463607 137
1627563443257 0.17221516245103932 138
1627563443338 0.17205618172674342 139
1627563443414 0.17187383761922567 140
1627563443497 0.1716899534631536 141
1627563443579 0.17149277661068196 142
1627563443653 0.17135540924595558 143
1627563443737 0.17117448050071568 144
1627563443820 0.17105032644915863 145
1627563443920 0.17090245501870116 146
1627563444015 0.17064667813351522 147
1627563444081 0.17050751154771226 148
1627563444158 0.17036952566622088 149
1627563444244 0.17022336510352076 150
1627563444325 0.17007959963625618 151
1627563444417 0.16985622037315423 152
1627563444497 0.16974319609753985 153
1627563444581 0.16961057996021256 154
1627563444695 0.16939655658006667 155
1627563444776 0.16926301231705937 156
1627563444868 0.1691181162742277 157
1627563444971 0.16896093696466893 158
1627563445045 0.1688288976291159 159
1627563445108 0.16871538065190309 160
1627563445186 0.1685556056174421 161
1627563445254 0.16844698429391636 162
1627563445326 0.1683155838831056 163
1627563445394 0.16819658342689195 164
1627563445453 0.1680750852598949 165
1627563445524 0.16794803555927568 166
1627563445640 0.1678247266206022 167
1627563445705 0.16771695558848335 168
1627563445770 0.16759888830871295 169
1627563445844 0.16746376521008335 170
1627563445934 0.16734792505563262 171
1627563446054 0.1671712755515024 172
1627563446118 0.16705551822431983 173
1627563446201 0.16692242114535075 174
1627563446264 0.16681350505946044 175
1627563446355 0.1666923034104956 176
1627563446456 0.16655252985015823 177
1627563446567 0.1664080174421996 178
1627563446642 0.16627442638910486 179
1627563446704 0.1661376909472176 180
1627563446770 0.1660098011779973 181
1627563446853 0.16584820612730175 182
1627563446946 0.1656346164287425 183
1627563447023 0.1655024820966137 184
1627563447106 0.16539104103374178 185
1627563447191 0.1652625885274023 186
1627563447257 0.16513889954972233 187
1627563447336 0.16496448813542622 188
1627563447431 0.1648274034643406 189
1627563447506 0.164710973357215 190
1627563447588 0.16458528331564504 191
1627563447705 0.16445282377602993 192
1627563447768 0.1643312942969898 193
1627563447835 0.16421833231528857 194
1627563447909 0.16409252139188357 195
1627563447976 0.1639802147140584 196
1627563448053 0.1638624517266343 197
1627563448127 0.16374924226170764 198
1627563448180 0.16365832936046057 199
1627563448278 0.1635164142839709 200
1627563448348 0.1633885489063819 201
1627563448427 0.163276341854473 202
1627563448490 0.1631679037716478 203
1627563448556 0.1630688289155228 204
1627563448613 0.162960755706208 205
1627563448673 0.16285581090296852 206
1627563448749 0.1627471182755693 207
1627563448812 0.1626318157862888 208
1627563448883 0.16252331646021423 209
1627563448958 0.16238482352285483 210
1627563449021 0.16228873552022946 211
1627563449096 0.16216939663864774 212
1627563449167 0.16205882282345163 213
1627563449260 0.16196039896820766 214
1627563449330 0.16184758564427043 215
1627563449421 0.16169880523604557 216
1627563449482 0.16159068516403477 217
1627563449575 0.16147543219992905 218
1627563449670 0.1613631063413006 219
1627563449777 0.16125210205506108 220
1627563449831 0.1611460613653711 221
1627563449902 0.1610378107116616 222
1627563450024 0.16087859449122854 223
1627563450092 0.16077154813914687 224
1627563450160 0.16066593570687004 225
1627563450227 0.16055302394092666 226
1627563450292 0.16043629702398493 227
1627563450360 0.1603334434684174 228
1627563450420 0.16023606267786 229
1627563450489 0.16012462739140632 230
1627563450544 0.16002426398603395 231
1627563450621 0.159883687059928 232
1627563450686 0.15978165404510714 233
1627563450745 0.15969366970850038 234
1627563450822 0.15957713801706766 235
1627563450889 0.15947366781438838 236
1627563450944 0.15937569752419298 237
1627563451014 0.15928196579421852 238
1627563451087 0.15915297075901264 239
1627563451187 0.1590423226111471 240
1627563451281 0.15892360961320143 241
1627563451338 0.15882918407485963 242
1627563451442 0.15867860894543515 243
1627563451529 0.15856971497416084 244
1627563451601 0.1584811033940714 245
1627563451683 0.1583839240993735 246
1627563451752 0.15828413701991723 247
1627563451829 0.15818224066675007 248
1627563451907 0.1580788971759883 249
1627563451982 0.15797126950178741 250
1627563452040 0.15787156106268171 251
1627563452106 0.15777481103479252 252
1627563452187 0.15767345446365472 253
1627563452257 0.15758706145993812 254
1627563452320 0.1574984925616373 255
1627563452380 0.15739845682796103 256
1627563452456 0.1572949392664866 257
1627563452527 0.15718807728581294 258
1627563452598 0.15709274784329175 259
1627563452661 0.15699304441665893 260
1627563452728 0.15691499782322363 261
1627563452787 0.1568410794652775 262
1627563452857 0.15677005946300163 263
1627563452926 0.1566755906512818 264
1627563452992 0.1565758683023905 265
1627563453057 0.15647247366000971 266
1627563453148 0.15637380360028638 267
1627563453219 0.15627218510862526 268
1627563453279 0.156177193840519 269
1627563453335 0.1561067297275346 270
1627563453429 0.1560194545056445 271
1627563453503 0.1559361332401966 272
1627563453561 0.1558437508129487 273
1627563453622 0.15575709907474192 274
1627563453704 0.15566479427339283 275
1627563453790 0.15554747421537507 276
1627563453858 0.15545449125231542 277
1627563453933 0.1553278174423328 278
1627563453992 0.15524977677979443 279
1627563454048 0.1551634202336319 280
1627563454113 0.1550829183510359 281
1627563454179 0.15496953574689104 282
1627563454243 0.15487866962664087 283
1627563454303 0.15478959543237597 284
1627563454367 0.15470579751205202 285
1627563454433 0.15463336601356176 286
1627563454488 0.1545630079805326 287
1627563454564 0.15446745233580136 288
1627563454631 0.15437601132289297 289
1627563454701 0.1542789085917996 290
1627563454771 0.15417479945549936 291
1627563454851 0.15407631790518306 292
1627563454917 0.15399279849315703 293
1627563454984 0.15390174078843333 294
1627563455052 0.1538027277664316 295
1627563455115 0.15371900203819988 296
1627563455183 0.1536239932996255 297
1627563455275 0.1534973880361995 298
1627563455333 0.1533959922143225 299
1627563455422 0.15330920746405763 300
1627563455478 0.15322298598468354 301
1627563455535 0.15314655226989085 302
1627563455600 0.1530650574325173 303
1627563455664 0.15298195448418567 304
1627563455751 0.15289926870276715 305
1627563455822 0.15282438065345275 306
1627563455895 0.15272851112799848 307
1627563455964 0.15264877775651092 308
1627563456055 0.15256246593868303 309
1627563456138 0.1524498495327899 310
1627563456199 0.15237517415259685 311
1627563456292 0.15229601584385657 312
1627563456403 0.1522034427905349 313
1627563456473 0.15211723607508063 314
1627563456580 0.1520232706183487 315
1627563456673 0.15195955293878843 316
1627563456781 0.15186365626768322 317
1627563456841 0.15178689795871622 318
1627563456900 0.15171098751800316 319
1627563456965 0.15162102080994982 320
1627563457024 0.15153209247692925 321
1627563457088 0.1514352097948366 322
1627563457146 0.15137127747982645 323
1627563457215 0.1512867778592035 324
1627563457297 0.1511778444741625 325
1627563457365 0.15109366990075915 326
1627563457427 0.1510077181336609 327
1627563457492 0.15093913311088805 328
1627563457585 0.15082818678114426 329
1627563457674 0.15071194746508007 330
1627563457755 0.15061514943381868 331
1627563457817 0.15053319519314304 332
1627563457883 0.1504422978052614 333
1627563457943 0.15036173786247498 334
1627563458012 0.15026671383009646 335
1627563458083 0.15017681142237313 336
1627563458150 0.15009996896340475 337
1627563458271 0.15001130897815987 338
1627563458401 0.14991991155082726 339
1627563458498 0.14983508561640882 340
1627563458580 0.1497543511190928 341
1627563458646 0.14967635557055597 342
1627563458715 0.14959156470400348 343
1627563458811 0.15399279849315703 344
1627563462941 0.5089176378662117 0
1627563463086 0.4694582658042863 1
1627563463211 0.4346056981180777 2
1627563463338 0.40399898169656717 3
1627563463469 0.3771880989915838 4
1627563463596 0.3537966791606873 5
1627563463721 0.3334930120350113 6
1627563463844 0.3159597768314441 7
1627563463968 0.30084035867391345 8
1627563464093 0.2878036449878806 9
1627563464260 0.2765165573055388 10
1627563464416 0.2669127368670422 11
1627563464545 0.25862857715626125 12
1627563464685 0.25160018967202985 13
1627563464809 0.24560533978214985 14
1627563464975 0.24054871728921984 15
1627563465105 0.236263347247454 16
1627563465218 0.23266801634595366 17
1627563465331 0.22958136305744803 18
1627563465442 0.22679179045428893 19
1627563465544 0.22437602315478233 20
1627563465657 0.2223698719174957 21
1627563465770 0.2206522418141258 22
1627563465868 0.2189583925179209 23
1627563465968 0.21751676629093697 24
1627563466063 0.21635038042070834 25
1627563466167 0.21512233079098353 26
1627563466261 0.21405571360370307 27
1627563466362 0.21319418130526085 28
1627563466458 0.21215612388391303 29
1627563466552 0.21119248332702972 30
1627563466651 0.21042970656741578 31
1627563466750 0.20957731891792653 32
1627563466842 0.2087553507892484 33
1627563466962 0.20807017437978642 34
1627563467067 0.20742598563613812 35
1627563467180 0.20649147780596727 36
1627563467299 0.20563587428788438 37
1627563467430 0.20503905931758104 38
1627563467543 0.20434609569759288 39
1627563467680 0.20387070803842092 40
1627563467816 0.20290416911517076 41
1627563467932 0.20186007506232262 42
1627563468035 0.20092630532113975 43
1627563468178 0.2003683231553071 44
1627563468269 0.19998626562513816 45
1627563468391 0.19936289192330972 46
1627563468511 0.19855267250709904 47
1627563468658 0.19805922132427628 48
1627563468779 0.19713215304728804 49
1627563468891 0.19658603450955636 50
1627563468983 0.1960635370698453 51
1627563469078 0.1957618203657939 52
1627563469172 0.19537033074047958 53
1627563469257 0.1950708607374771 54
1627563469340 0.1946555111584804 55
1627563469439 0.19429373029213956 56
1627563469557 0.19400703871122169 57
1627563469709 0.19331319223589447 58
1627563469802 0.19278661063031124 59
1627563469888 0.19247853941300405 60
1627563469980 0.1921911361639952 61
1627563470073 0.19192208856204682 62
1627563470179 0.1913471564013064 63
1627563470280 0.19106672658997065 64
1627563470395 0.19039049493724083 65
1627563470485 0.1901050348828279 66
1627563470583 0.1897302992162105 67
1627563470686 0.18939931604393517 68
1627563470784 0.18914046657897532 69
1627563470897 0.18858398702208282 70
1627563470986 0.18830973596697936 71
1627563471071 0.18805996969398048 72
1627563471191 0.18781603100638514 73
1627563471289 0.18757844549772643 74
1627563471426 0.1871659294085031 75
1627563471552 0.18663251819526397 76
1627563471682 0.18636836444674362 77
1627563471776 0.18613287677464224 78
1627563471880 0.1856309635977633 79
1627563471966 0.18540559208952628 80
1627563472078 0.18484092044404543 81
1627563472176 0.18461135918145286 82
1627563472275 0.18424949501222107 83
1627563472424 0.18393166628134033 84
1627563472529 0.18370994424478304 85
1627563472616 0.18348403787842488 86
1627563472736 0.18327187568034578 87
1627563472851 0.18304921351870534 88
1627563472977 0.18279394154640247 89
1627563473104 0.18245523118098167 90
1627563473214 0.18202938219939513 91
1627563473314 0.18175272394343858 92
1627563473400 0.18152828973379267 93
1627563473485 0.1813191970505824 94
1627563473614 0.1810957706536891 95
1627563473741 0.18082106347933594 96
1627563473858 0.18060590870266863 97
1627563473947 0.18036561839807752 98
1627563474042 0.1801434396870311 99
1627563474177 0.17983241501430008 100
1627563474257 0.1796054757953417 101
1627563474324 0.17941108656216762 102
1627563474397 0.17922860006487693 103
1627563474468 0.17905732559967552 104
1627563474560 0.17886625798599234 105
1627563474636 0.17866980767934915 106
1627563474738 0.1783721751046474 107
1627563474824 0.17816256226420768 108
1627563474912 0.17799098068498184 109
1627563474996 0.17774672569526492 110
1627563475072 0.17757406655705762 111
1627563475159 0.17741544383716248 112
1627563475256 0.17715508584176134 113
1627563475359 0.176978344795794 114
1627563475435 0.17678618050384254 115
1627563475508 0.17660892509344034 116
1627563475594 0.1764309276445328 117
1627563475694 0.17611796595603815 118
1627563475766 0.17596379723435088 119
1627563475855 0.17573231235666928 120
1627563475925 0.17556247314645293 121
1627563476011 0.17533981385896877 122
1627563476091 0.17518539741947145 123
1627563476172 0.17503532710172903 124
1627563476261 0.17487391736751254 125
1627563476337 0.17472362717333437 126
1627563476490 0.1743873396288274 127
1627563476579 0.17423595730057076 128
1627563476658 0.17408139539663256 129
1627563476788 0.17392765696634896 130
1627563476911 0.1737042108135039 131
1627563476994 0.1735437984759176 132
1627563477078 0.17336375827050127 133
1627563477168 0.17322550251455843 134
1627563477252 0.17306644453948142 135
1627563477355 0.1727620167263932 136
1627563477464 0.1724433558101713 137
1627563477544 0.1722691208650142 138
1627563477627 0.17211210494105192 139
1627563477708 0.17195333579988564 140
1627563477765 0.17182980901850725 141
1627563477861 0.1715833319774176 142
1627563477921 0.17145445026652117 143
1627563478007 0.17129336051988067 144
1627563478069 0.17115414450191305 145
1627563478145 0.17100942366399804 146
1627563478233 0.1707823602191586 147
1627563478302 0.17064945740294662 148
1627563478380 0.17051762897049202 149
1627563478491 0.17036606554130643 150
1627563478584 0.17021680561628147 151
1627563478680 0.17007326070055667 152
1627563478762 0.16993415529860081 153
1627563478842 0.16980518351116938 154
1627563478922 0.1696642630887457 155
1627563479042 0.16941821756507508 156
1627563479157 0.16919662946557712 157
1627563479270 0.16905360506120717 158
1627563479329 0.16892841660560032 159
1627563479401 0.16877820425535478 160
1627563479489 0.16861981439164914 161
1627563479575 0.168443508015548 162
1627563479637 0.16832148884249848 163
1627563479712 0.1681986026190863 164
1627563479788 0.16804185638861127 165
1627563479869 0.1679059969439092 166
1627563479928 0.16779533955402257 167
1627563480022 0.16762965188204668 168
1627563480086 0.16750334842518763 169
1627563480162 0.16736264164394465 170
1627563480234 0.16722221802942344 171
1627563480313 0.16709389639959532 172
1627563480385 0.166962912740653 173
1627563480461 0.1668348847824691 174
1627563480534 0.16671248017126195 175
1627563480615 0.16658094718101804 176
1627563480721 0.16642111137645552 177
1627563480790 0.1662901767683884 178
1627563480857 0.16616316185642802 179
1627563480932 0.16602000458425398 180
1627563480991 0.16590869479546053 181
1627563481056 0.16579888888869798 182
1627563481114 0.1656855382934182 183
1627563481195 0.16554845268321425 184
1627563481281 0.16542414654916618 185
1627563481354 0.1653084773118069 186
1627563481420 0.16519907597358133 187
1627563481509 0.16502985896178266 188
1627563481576 0.16492021256555534 189
1627563481654 0.1647978123251389 190
1627563481748 0.16456139460450273 191
1627563481823 0.1644352942949872 192
1627563481900 0.1643295415268167 193
1627563481967 0.16419822374140758 194
1627563482064 0.16398574355599138 195
1627563482137 0.1638668775034651 196
1627563482206 0.1637518796083128 197
1627563482294 0.16356972632151814 198
1627563482364 0.16346209921782873 199
1627563482456 0.16333790401604148 200
1627563482536 0.1632203709345998 201
1627563482594 0.1631163967629473 202
1627563482671 0.16299715308931786 203
1627563482729 0.1629024672174674 204
1627563482789 0.1627986095377323 205
1627563482872 0.162692213398169 206
1627563482952 0.16254154375679905 207
1627563483020 0.1624412996255267 208
1627563483094 0.16232548573328165 209
1627563483153 0.16222289272327844 210
1627563483266 0.16211955134837097 211
1627563483334 0.16201798664469771 212
1627563483397 0.16191292709295482 213
1627563483494 0.1617903708390629 214
1627563483576 0.16165619539514683 215
1627563483640 0.16154187634592018 216
1627563483700 0.16144382664775062 217
1627563483773 0.16132925618606195 218
1627563483848 0.16122182309152652 219
1627563483928 0.16110657354487512 220
1627563483998 0.16100920528691484 221
1627563484069 0.16090083544303516 222
1627563484128 0.1607995883499537 223
1627563484212 0.16069829808056132 224
1627563484276 0.16059879272523078 225
1627563484340 0.16049856447308433 226
1627563484410 0.16038738501844602 227
1627563484475 0.16027054150873143 228
1627563484547 0.16016626425625674 229
1627563484622 0.16005336182284746 230
1627563484685 0.15995848257088047 231
1627563484757 0.1598477350278621 232
1627563484822 0.15975351862582313 233
1627563484876 0.1596644162690098 234
1627563484956 0.15953325804082955 235
1627563485023 0.15943814503324136 236
1627563485081 0.15935537960580684 237
1627563485156 0.15925462167932017 238
1627563485229 0.15915038855579342 239
1627563485299 0.1590604538649007 240
1627563485365 0.15895904714660258 241
1627563485430 0.15886624576304534 242
1627563485514 0.15872995696028805 243
1627563485585 0.15861817670394351 244
1627563485640 0.15853187194227397 245
1627563485704 0.15842334428505236 246
1627563485778 0.1583175150850071 247
1627563485853 0.15821674274955472 248
1627563485927 0.15812017708538323 249
1627563486006 0.15801321575608002 250
1627563486068 0.15791361077368438 251
1627563486191 0.15777427312775108 252
1627563486289 0.15768384925845405 253
1627563486345 0.1576053110895024 254
1627563486442 0.15749712150424794 255
1627563486561 0.15739829712337192 256
1627563486670 0.1573070639739691 257
1627563486779 0.1571897876270646 258
1627563486878 0.1571126118009119 259
1627563486985 0.15701102916096307 260
1627563487092 0.15691284568114777 261
1627563487159 0.15682437887819292 262
1627563487221 0.1567361698644447 263
1627563487281 0.15663472266683776 264
1627563487344 0.1565403736979312 265
1627563487403 0.15645969432754533 266
1627563487474 0.15636822570178316 267
1627563487529 0.15627192456283032 268
1627563487596 0.15617288109385793 269
1627563487662 0.1560768095462273 270
1627563487764 0.15599819257248002 271
1627563487872 0.15590300358971776 272
1627563487933 0.15581126009809826 273
1627563488016 0.15572451625581096 274
1627563488134 0.15562947678180067 275
1627563488199 0.15555342102336475 276
1627563488278 0.1554544318466316 277
1627563488359 0.15533420466691025 278
1627563488422 0.15525147349157445 279
1627563488483 0.1551549994614312 280
1627563488552 0.15506425329897403 281
1627563488645 0.15492921100177384 282
1627563488714 0.15483211626309146 283
1627563488778 0.15472866438746297 284
1627563488846 0.1546300226055076 285
1627563488921 0.15953325804082955 286
1627563493125 0.5069661732996631 0
1627563493312 0.4677714828565772 1
1627563493511 0.43312822093310654 2
1627563493696 0.4027127817326668 3
1627563493887 0.3759388940531305 4
1627563494043 0.3526149229953492 5
1627563494207 0.33245692868541254 6
1627563494342 0.31502561387546807 7
1627563494524 0.300021908608006 8
1627563494667 0.28705478942638896 9
1627563494788 0.2758730781969534 10
1627563494906 0.2663029348440704 11
1627563495015 0.25807535294147743 12
1627563495130 0.2511565305071181 13
1627563495234 0.24520932101836992 14
1627563495348 0.2402239153092852 15
1627563495462 0.2359543515426825 16
1627563495587 0.2323552036251148 17
1627563495696 0.229303469908355 18
1627563495802 0.22649890210701898 19
1627563495928 0.22417909698530633 20
1627563496085 0.22217009144073435 21
1627563496224 0.22042254802205416 22
1627563496346 0.2186988464128198 23
1627563496450 0.2173929528842565 24
1627563496552 0.2162027281546546 25
1627563496651 0.21505268522476073 26
1627563496752 0.21407729321040658 27
1627563496853 0.21300203266079937 28
1627563496950 0.2120526025415226 29
1627563497053 0.21116706068721033 30
1627563497158 0.21036201991162393 31
1627563497259 0.20946480001778572 32
1627563497356 0.20854737944421292 33
1627563497471 0.2078175139056409 34
1627563497613 0.20711900214958995 35
1627563497752 0.20609868087014774 36
1627563497849 0.20509007786309616 37
1627563497972 0.20458702690252065 38
1627563498105 0.20359145558540187 39
1627563498204 0.20311594701484006 40
1627563498332 0.20267028101132092 41
1627563498425 0.20183058846421312 42
1627563498563 0.20117064035384563 43
1627563498701 0.20044961194605473 44
1627563498825 0.19983916264046478 45
1627563498944 0.19900334007628195 46
1627563499036 0.19855048214748652 47
1627563499124 0.19805195439234421 48
1627563499224 0.19743108040636764 49
1627563499333 0.19655046685415142 50
1627563499420 0.19625121255373645 51
1627563499509 0.19591745423318183 52
1627563499609 0.1953406987863376 53
1627563499705 0.19475927977841062 54
1627563499789 0.19445639791642258 55
1627563499879 0.19395725414921158 56
1627563499962 0.19356250184876728 57
1627563500055 0.19329735939594392 58
1627563500175 0.19296953935211095 59
1627563500260 0.19266411834202576 60
1627563500419 0.19191871941578623 61
1627563500519 0.19128699721127757 62
1627563500606 0.19102001452140746 63
1627563500694 0.19072311475719017 64
1627563500780 0.1904319663184512 65
1627563500887 0.18989313353542503 66
1627563500987 0.18945301898789305 67
1627563501089 0.1890317226363047 68
1627563501183 0.1887573111364756 69
1627563501276 0.1885049414634593 70
1627563501366 0.18816248403756547 71
1627563501465 0.18766224204174276 72
1627563501555 0.18737239940727993 73
1627563501643 0.187091869705754 74
1627563501742 0.1865878313718187 75
1627563501847 0.18616776834219156 76
1627563501952 0.18585649233986729 77
1627563502036 0.18561759772634 78
1627563502133 0.18524887610336727 79
1627563502223 0.1849714166262224 80
1627563502331 0.1844229813306331 81
1627563502422 0.1841811022770675 82
1627563502503 0.18396552589333862 83
1627563502604 0.18353732095715922 84
1627563502692 0.18331075862284973 85
1627563502796 0.18290672525816104 86
1627563502877 0.1826910787623548 87
1627563502970 0.18248260938364272 88
1627563503075 0.1822520162898059 89
1627563503167 0.18202491618197433 90
1627563503270 0.18182132159428105 91
1627563503390 0.181452748560434 92
1627563503475 0.18125563166148898 93
1627563503560 0.18104048752047766 94
1627563503660 0.1807118306731821 95
1627563503756 0.1803289197533532 96
1627563503837 0.18012983905718602 97
1627563503926 0.1798811764444158 98
1627563504011 0.17968537963282907 99
1627563504117 0.17945377373492663 100
1627563504211 0.17926240565198298 101
1627563504310 0.1789968205123368 102
1627563504386 0.17881473459335467 103
1627563504464 0.17863598924521698 104
1627563504561 0.17843064870473704 105
1627563504664 0.1781331468569485 106
1627563504760 0.17788552013121553 107
1627563504842 0.17769459702742813 108
1627563504972 0.17733426645200093 109
1627563505065 0.1770279739420648 110
1627563505150 0.1768343157275233 111
1627563505236 0.1766622703807385 112
1627563505312 0.17649081928224755 113
1627563505397 0.17631995876589918 114
1627563505484 0.17611136925484797 115
1627563505612 0.17590735527260168 116
1627563505756 0.1756939943493912 117
1627563505832 0.1755130552200137 118
1627563505907 0.17536347613435688 119
1627563506008 0.17522368205864913 120
1627563506089 0.17505712206064114 121
1627563506155 0.17488482863667495 122
1627563506245 0.17471603155056212 123
1627563506339 0.17454102993737575 124
1627563506410 0.17435151972748403 125
1627563506513 0.1742050982205836 126
1627563506602 0.1740555567779549 127
1627563506687 0.1738059770922617 128
1627563506755 0.17363781454963478 129
1627563506832 0.17347914376514972 130
1627563506920 0.17326672556669992 131
1627563507001 0.1731178188105942 132
1627563507079 0.17295978338357187 133
1627563507156 0.1727946336759859 134
1627563507264 0.17263918510391615 135
1627563507381 0.17247670866674766 136
1627563507461 0.17233429151387872 137
1627563507572 0.17219428375106266 138
1627563507689 0.17203730918346344 139
1627563507809 0.17186074346867827 140
1627563507934 0.17170523394445797 141
1627563508066 0.17156347405511976 142
1627563508168 0.17141607993048796 143
1627563508247 0.17125635981307688 144
1627563508338 0.17106301849428326 145
1627563508411 0.17092201657393713 146
1627563508501 0.17070643808118577 147
1627563508558 0.17057122224888485 148
1627563508666 0.17033862751865353 149
1627563508748 0.17019713994828053 150
1627563508816 0.17005946557972842 151
1627563508908 0.1698439660103658 152
1627563508988 0.16967788585689927 153
1627563509060 0.16954669070035572 154
1627563509134 0.16940783959536113 155
1627563509203 0.16928262840914207 156
1627563509276 0.16914039421864188 157
1627563509343 0.1690163898346058 158
1627563509429 0.16881520424989696 159
1627563509501 0.16867575158228457 160
1627563509593 0.16846268171718773 161
1627563509669 0.16831898169063253 162
1627563509725 0.1682013131891265 163
1627563509798 0.16807319133951676 164
1627563509866 0.1679419448164526 165
1627563509943 0.16781187640185152 166
1627563510007 0.1676987481647253 167
1627563510070 0.16760156443866706 168
1627563510143 0.16748685815929448 169
1627563510213 0.16735759871861283 170
1627563510282 0.16723878642052262 171
1627563510347 0.16712652340826373 172
1627563510409 0.16700218046293547 173
1627563510497 0.16686269208307844 174
1627563510575 0.16673848090262441 175
1627563510655 0.16660453153252916 176
1627563510730 0.16646775837767142 177
1627563510793 0.16635279102159337 178
1627563510878 0.16615920422119118 179
1627563510968 0.16596175198620378 180
1627563511025 0.16585335157358078 181
1627563511105 0.16570822895452522 182
1627563511168 0.16559810107300219 183
1627563511228 0.16549002991545425 184
1627563511323 0.16535912569993583 185
1627563511389 0.16523971000546264 186
1627563511459 0.16511841044992218 187
1627563511520 0.1650178949834614 188
1627563511584 0.16489952094373836 189
1627563511643 0.16478759435918636 190
1627563511743 0.16467891135876414 191
1627563511801 0.16457854800698182 192
1627563511881 0.16447316005894244 193
1627563511960 0.16434331712466518 194
1627563512026 0.16424387689104167 195
1627563512094 0.1641435375710606 196
1627563512190 0.1640358622092905 197
1627563512252 0.16393171280877655 198
1627563512343 0.16381526247681538 199
1627563512447 0.16367309003913752 200
1627563512515 0.16356328101147222 201
1627563512592 0.16344435037738808 202
1627563512655 0.163331767622292 203
1627563512759 0.16322220321033845 204
1627563512825 0.16311537250255725 205
1627563512888 0.16302168542538498 206
1627563512972 0.1629133523056796 207
1627563513052 0.16279944703742297 208
1627563513124 0.16266934888787235 209
1627563513188 0.16256187269756076 210
1627563513286 0.16245381617107482 211
1627563513387 0.16235660693635187 212
1627563513478 0.16224897586383416 213
1627563513564 0.16212917934370277 214
1627563513644 0.16200896133199277 215
1627563513704 0.16192419068733085 216
1627563513775 0.16180700944289636 217
1627563513835 0.16171123146387179 218
1627563513903 0.16159980037564056 219
1627563513999 0.16140173989329246 220
1627563514061 0.16129316155536644 221
1627563514138 0.16118991818640685 222
1627563514216 0.16107177428062525 223
1627563514303 0.16096648002674227 224
1627563514376 0.16087217245386753 225
1627563514472 0.1606932038084265 226
1627563514536 0.1605921747095838 227
1627563514603 0.160491508197782 228
1627563514669 0.16039851320367585 229
1627563514729 0.16029241960035726 230
1627563514790 0.16019957678044436 231
1627563514895 0.16009485362708917 232
1627563514972 0.16000534525889373 233
1627563515058 0.1598982981433335 234
1627563515166 0.15978307041764914 235
1627563515262 0.159607028811453 236
1627563515323 0.15952234146110122 237
1627563515388 0.15942013287113246 238
1627563515453 0.1593140233659978 239
1627563515512 0.1592265597649608 240
1627563515587 0.15911625633927237 241
1627563515662 0.15901187019190485 242
1627563515724 0.15892131476511154 243
1627563515792 0.15881298665844737 244
1627563515868 0.15870312966775918 245
1627563515937 0.1585973334691269 246
1627563516009 0.15849865814460445 247
1627563516078 0.1584036391307108 248
1627563516148 0.15830686930833443 249
1627563516245 0.1582071402193386 250
1627563516328 0.15809869133810053 251
1627563516395 0.15799892291152431 252
1627563516464 0.1578962148164212 253
1627563516533 0.15781686892920935 254
1627563516618 0.15769350480771327 255
1627563516713 0.15754370873793083 256
1627563516791 0.15741842804710432 257
1627563516846 0.15733433497509233 258
1627563516943 0.15714730960877454 259
1627563517015 0.15704496511950553 260
1627563517082 0.15694319535133044 261
1627563517145 0.1568529593730524 262
1627563517221 0.1567495048600214 263
1627563517282 0.15666267345237123 264
1627563517346 0.15657804820032897 265
1627563517441 0.15649806178215458 266
1627563517535 0.15641180918200479 267
1627563517643 0.15632375127782974 268
1627563517779 0.15618916665557214 269
1627563517864 0.15609577706504701 270
1627563517940 0.15599290940155366 271
1627563518016 0.15590000077308042 272
1627563518069 0.1558203337613158 273
1627563518135 0.15573182701619553 274
1627563518210 0.15563022967886794 275
1627563518284 0.15555149285191533 276
1627563518341 0.15546669307224145 277
1627563518416 0.15534701316622437 278
1627563518469 0.15527406852628942 279
1627563518539 0.1551722706219144 280
1627563518605 0.155065537230055 281
1627563518674 0.15497355928919918 282
1627563518747 0.15487448171615492 283
1627563518797 0.15478468296546763 284
1627563518854 0.1546955226333779 285
1627563518917 0.1546168570346883 286
1627563518972 0.15452355953258806 287
1627563519062 0.15436593072046625 288
1627563519117 0.15428964315121174 289
1627563519179 0.15420662987611466 290
1627563519248 0.15410982439184356 291
1627563519348 0.15401815623092596 292
1627563519418 0.15394128801222248 293
1627563519481 0.15384684071022947 294
1627563519554 0.15375344961714119 295
1627563519625 0.15367023521891776 296
1627563519690 0.15358635038043308 297
1627563519745 0.15351014167685093 298
1627563519839 0.15340881679279952 299
1627563519920 0.153308362591443 300
1627563519987 0.15321933144581515 301
1627563520044 0.15312288200263838 302
1627563520117 0.15303384500402042 303
1627563520191 0.1529374559450117 304
1627563520255 0.15286174404757027 305
1627563520320 0.15277083212237552 306
1627563520385 0.15269372294583822 307
1627563520464 0.152601861537944 308
1627563520527 0.15252038346468288 309
1627563520582 0.1524377366651287 310
1627563520636 0.15237145835904806 311
1627563520701 0.15227195696296209 312
1627563520758 0.1522074659388971 313
1627563520813 0.1521253283448102 314
1627563520877 0.15204820488185603 315
1627563520970 0.1519332156416938 316
1627563521033 0.15185746268516906 317
1627563521125 0.15173231990442002 318
1627563521197 0.15164027782410608 319
1627563521274 0.15156442374893803 320
1627563521330 0.1514834883836869 321
1627563521414 0.15139918729532595 322
1627563521516 0.15129961628016733 323
1627563521578 0.15121318145886709 324
1627563521644 0.15112429887878737 325
1627563521711 0.15103504482907706 326
1627563521769 0.1509642558269703 327
1627563521844 0.1508771029875731 328
1627563521926 0.15077282671133355 329
1627563521992 0.15068267390116205 330
1627563522053 0.15059345431916732 331
1627563522133 0.15047393475566634 332
1627563522180 0.15039574756638652 333
1627563522243 0.15030248101925886 334
1627563522305 0.15021618267003942 335
1627563522368 0.15013232145289865 336
1627563522428 0.1500520736442157 337
1627563522482 0.14998434147022796 338
1627563522544 0.14991019406791012 339
1627563522612 0.14982111098940779 340
1627563522680 0.1497337606168063 341
1627563522770 0.15410982439184356 342
1627563527237 0.5097369460777451 0
1627563527381 0.47024724423622877 1
1627563527509 0.43537391857190966 2
1627563527635 0.4047031329885258 3
1627563527771 0.3777533813113019 4
1627563527899 0.35431106829720094 5
1627563528032 0.33398138870004 6
1627563528168 0.3164205199101145 7
1627563528292 0.30125691906984337 8
1627563528423 0.2882065142388856 9
1627563528617 0.27691603860180264 10
1627563528745 0.2672818630092772 11
1627563528915 0.25899039984246414 12
1627563529044 0.2519902249066915 13
1627563529198 0.2460128095217253 14
1627563529363 0.24097530509127482 15
1627563529476 0.2366221671875334 16
1627563529597 0.23300348254232942 17
1627563529716 0.22991569326963127 18
1627563529842 0.22710038666479357 19
1627563529959 0.22470706980569272 20
1627563530064 0.22266484294301747 21
1627563530180 0.2209112371718377 22
1627563530283 0.219334279610846 23
1627563530389 0.2178489130277137 24
1627563530491 0.21664814042720232 25
1627563530590 0.2153878365884211 26
1627563530687 0.2142741001628836 27
1627563530792 0.21336315236012002 28
1627563530894 0.21237368542387416 29
1627563530993 0.2114750585620964 30
1627563531140 0.2107352540563653 31
1627563531241 0.20972459457340786 32
1627563531386 0.2088084015569089 33
1627563531479 0.2082453151314731 34
1627563531618 0.2071913026439264 35
1627563531741 0.2066888304739813 36
1627563531890 0.20561324815170226 37
1627563531987 0.2047157745241734 38
1627563532086 0.20398754026755914 39
1627563532172 0.20357241168812298 40
1627563532263 0.2029457552512743 41
1627563532362 0.20196583834201065 42
1627563532469 0.2009462635570743 43
1627563532571 0.20029312920654976 44
1627563532664 0.19993286037892832 45
1627563532761 0.19926563111439546 46
1627563532842 0.19891792455193555 47
1627563532939 0.19848899604440048 48
1627563533049 0.19812934330212084 49
1627563533208 0.19742038106533524 50
1627563533308 0.1970179990482128 51
1627563533460 0.19605486463001262 52
1627563533580 0.19514497200199873 53
1627563533671 0.19472345580759304 54
1627563533767 0.19425390464790165 55
1627563533860 0.19394879148348337 56
1627563533957 0.1936388994815581 57
1627563534043 0.19333918518651103 58
1627563534145 0.19249381868984833 59
1627563534221 0.19217257236705224 60
1627563534325 0.19155172824923375 61
1627563534419 0.19127339253793346 62
1627563534493 0.19101086704326944 63
1627563534587 0.19071345940738382 64
1627563534673 0.19043434870842188 65
1627563534762 0.19018443134467095 66
1627563534844 0.1899410720884706 67
1627563534947 0.18953034824210982 68
1627563535046 0.18879555260997566 69
1627563535134 0.18854609864186797 70
1627563535228 0.18821386640712762 71
1627563535309 0.18795512678443252 72
1627563535412 0.18759689710241748 73
1627563535497 0.18731624523692253 74
1627563535590 0.1870075823935782 75
1627563535684 0.18676197826498395 76
1627563535769 0.18643344950543228 77
1627563535854 0.18620825380776332 78
1627563535945 0.1859864377566163 79
1627563536068 0.18543883777473968 80
1627563536152 0.18521063189772183 81
1627563536248 0.18498546203985783 82
1627563536338 0.18476849998551773 83
1627563536438 0.1843276695863597 84
1627563536533 0.18411869425897484 85
1627563536642 0.18364075774442903 86
1627563536729 0.18340311619644287 87
1627563536812 0.18320185583700002 88
1627563536903 0.18287677255135246 89
1627563536983 0.18266208247634388 90
1627563537069 0.18247143958843637 91
1627563537161 0.18210699068699232 92
1627563537264 0.18165132300354855 93
1627563537355 0.18131845928610246 94
1627563537451 0.18093342238310625 95
1627563537547 0.18063934900137468 96
1627563537653 0.18023988518662523 97
1627563537741 0.18003190223962592 98
1627563537830 0.17984298198814766 99
1627563537929 0.1796503901213231 100
1627563538028 0.1792828333061111 101
1627563538086 0.1791077969673103 102
1627563538189 0.1788687114949847 103
1627563538260 0.17868546365708632 104
1627563538349 0.17850488608551 105
1627563538422 0.17831154262608337 106
1627563538522 0.1779727437355972 107
1627563538605 0.1777832737072036 108
1627563538694 0.17760343117347965 109
1627563538790 0.1772875879590152 110
1627563538867 0.17711694098626435 111
1627563538944 0.17694045983711168 112
1627563539044 0.17666874135684044 113
1627563539120 0.17647916423466342 114
1627563539204 0.1763121896573848 115
1627563539263 0.17614830060535921 116
1627563539349 0.175950180217297 117
1627563539433 0.17573416829099875 118
1627563539511 0.17557066693926401 119
1627563539598 0.17541618275725515 120
1627563539661 0.1752685236365264 121
1627563539736 0.17510004000716678 122
1627563539826 0.1749428612307677 123
1627563539881 0.17478552075802095 124
1627563539964 0.17453456952477556 125
1627563540035 0.17438554177595847 126
1627563540117 0.17421245567548133 127
1627563540228 0.17387295606287695 128
1627563540311 0.17369129001324 129
1627563540400 0.1735041025707 130
1627563540492 0.1732978175430161 131
1627563540579 0.17314732233343608 132
1627563540663 0.17299083376253738 133
1627563540741 0.17284726141704698 134
1627563540825 0.17269195648185143 135
1627563540899 0.1725406016269203 136
1627563540976 0.1723846878558508 137
1627563541063 0.17219322149967198 138
1627563541135 0.17205309456181564 139
1627563541225 0.17184809624204755 140
1627563541280 0.17172719847531234 141
1627563541353 0.17158318827522623 142
1627563541441 0.17140468405658144 143
1627563541524 0.1712620624228586 144
1627563541607 0.17110193732431242 145
1627563541683 0.1709669927406811 146
1627563541760 0.17083225011963984 147
1627563541879 0.17069000402276552 148
1627563541978 0.17046472011430122 149
1627563542094 0.17032344578055644 150
1627563542211 0.17018890018250518 151
1627563542306 0.16997698941428732 152
1627563542397 0.16975927698426962 153
1627563542471 0.16962703279937194 154
1627563542563 0.1694376574617152 155
1627563542641 0.16930990094739018 156
1627563542710 0.16917799096449726 157
1627563542766 0.16906716950938389 158
1627563542847 0.16891719507373978 159
1627563542904 0.16879129612787164 160
1627563542961 0.16867038311879418 161
1627563543039 0.16849536317130584 162
1627563543091 0.16837389434225614 163
1627563543162 0.16826084631691807 164
1627563543233 0.16812555597189366 165
1627563543301 0.16799929770908398 166
1627563543370 0.16788054935732746 167
1627563543457 0.16765916673287512 168
1627563543516 0.16752900269670618 169
1627563543572 0.16741766231384822 170
1627563543646 0.16727770586102048 171
1627563543712 0.16715078951277706 172
1627563543787 0.16702391002735734 173
1627563543849 0.16690648515612186 174
1627563543917 0.16679950446817507 175
1627563544000 0.16666630239093075 176
1627563544066 0.16655736324471226 177
1627563544168 0.16639948216720785 178
1627563544230 0.16627485811492237 179
1627563544310 0.16615459066777682 180
1627563544387 0.16600896674209034 181
1627563544472 0.16587835177763255 182
1627563544534 0.1657552612955163 183
1627563544609 0.16562651746601983 184
1627563544672 0.16552504191236336 185
1627563544741 0.1654191102375399 186
1627563544809 0.16531029171331582 187
1627563544884 0.1651909408419902 188
1627563544982 0.1649557278770211 189
1627563545052 0.1648301161301252 190
1627563545141 0.16465203857532892 191
1627563545202 0.16454284158284044 192
1627563545276 0.16443036598868474 193
1627563545355 0.16429612009803618 194
1627563545428 0.16418265261244983 195
1627563545510 0.164025263654889 196
1627563545576 0.16391294344284313 197
1627563545639 0.1637888793263557 198
1627563545738 0.1635771789847493 199
1627563545809 0.16348395555310405 200
1627563545900 0.1633140083394188 201
1627563545964 0.1632116880840812 202
1627563546028 0.163107359413025 203
1627563546099 0.16298150243550028 204
1627563546165 0.16286542399083356 205
1627563546224 0.16274878545747995 206
1627563546289 0.1626412379271714 207
1627563546370 0.16253650246540216 208
1627563546496 0.16233966385192355 209
1627563546566 0.16222610471155394 210
1627563546635 0.16211246426115997 211
1627563546730 0.16197115982563046 212
1627563546794 0.16185719180394886 213
1627563546853 0.1617467310543783 214
1627563546929 0.16163292002303464 215
1627563547026 0.16153273506235696 216
1627563547099 0.16141794029033676 217
1627563547154 0.16133021585597596 218
1627563547228 0.16121623297525298 219
1627563547313 0.16109815077083334 220
1627563547396 0.16098256821519982 221
1627563547483 0.16088294399051759 222
1627563547571 0.16076571877952237 223
1627563547644 0.1606775514088165 224
1627563547726 0.16057403961975258 225
1627563547823 0.16046662319964355 226
1627563547937 0.16034880935527634 227
1627563548025 0.16022580400848857 228
1627563548102 0.16013139065907295 229
1627563548164 0.16003038282917442 230
1627563548234 0.159919712858042 231
1627563548320 0.15981069292136296 232
1627563548387 0.1597024714874497 233
1627563548466 0.15959897924366895 234
1627563548532 0.1594945623088893 235
1627563548626 0.15938935823542005 236
1627563548702 0.15929262181006706 237
1627563548772 0.1591986387258285 238
1627563548829 0.15909026685326808 239
1627563548897 0.1589968262612346 240
1627563548966 0.15888854257838148 241
1627563549027 0.15878584228571002 242
1627563549096 0.15869966101741054 243
1627563549163 0.15858549262360166 244
1627563549217 0.15849533462813128 245
1627563549277 0.1583877453033053 246
1627563549340 0.15829619012547214 247
1627563549405 0.15820515776835528 248
1627563549466 0.15812664792925438 249
1627563549553 0.1580166825167218 250
1627563549617 0.15791544527853288 251
1627563549691 0.15780503587145062 252
1627563549747 0.15771427754532566 253
1627563549817 0.15761568605400447 254
1627563549895 0.15753358036533474 255
1627563549951 0.15742454970342756 256
1627563550029 0.15732158975168772 257
1627563550095 0.1572141833410582 258
1627563550173 0.15712417401447631 259
1627563550228 0.15703846400707638 260
1627563550302 0.15692038792510235 261
1627563550374 0.1568233263467488 262
1627563550455 0.1567312063060323 263
1627563550524 0.1566260209876137 264
1627563550585 0.15653024213781888 265
1627563550655 0.15642551985588501 266
1627563550733 0.15633972968982618 267
1627563550795 0.1562334834671753 268
1627563550853 0.1561352994729308 269
1627563550931 0.1560487798364629 270
1627563550993 0.15596976577097105 271
1627563551066 0.1558828072715071 272
1627563551156 0.15578637693311131 273
1627563551250 0.15568089703717194 274
1627563551321 0.15558675211252754 275
1627563551387 0.15550817838247463 276
1627563551448 0.1554280562369065 277
1627563551502 0.15534798291709964 278
1627563551572 0.16022580400848857 279
