1627563397754 0.0010987759490805604 0
1627563397900 0.001013642359696785 1
1627563398039 0.0009383572528261758 2
1627563398178 0.0008722435871711561 3
1627563398317 0.0008140885795573908 4
1627563398443 0.0007634822339266385 5
1627563398590 0.0007195844575307052 6
1627563398750 0.0006817297223035255 7
1627563398892 0.0006492245578797114 8
1627563399020 0.000620987259795114 9
1627563399181 0.0005966415425558083 10
1627563399371 0.0005758715723950446 11
1627563399495 0.0005579953623394633 12
1627563399611 0.0005429169565703625 13
1627563399721 0.0005299595525221181 14
1627563399835 0.0005191490993188549 15
1627563399944 0.0005096386916234273 16
1627563400060 0.0005019269835025194 17
1627563400167 0.0004952618440429583 18
1627563400281 0.0004891981879153505 19
1627563400388 0.00048411032333396133 20
1627563400492 0.0004796997603314408 21
1627563400601 0.0004757288998649864 22
1627563400711 0.00047195154917541713 23
1627563400825 0.0004685811406867289 24
1627563400924 0.0004659842249678646 25
1627563401022 0.00046355376238849707 26
1627563401121 0.000461474037476589 27
1627563401223 0.00045934121323324177 28
1627563401319 0.00045718041437946033 29
1627563401411 0.00045530587597019886 30
1627563401512 0.00045346666763038465 31
1627563401613 0.00045129807841695624 32
1627563401710 0.00044969695440099516 33
1627563401797 0.0004484992695795841 34
1627563401886 0.00044718115795617565 35
1627563401989 0.0004448917335750129 36
1627563402086 0.00044375848307299544 37
1627563402215 0.00044278580099140077 38
1627563402344 0.00044085673993276685 39
1627563402445 0.00043957797918163776 40
1627563402533 0.0004382815010376462 41
1627563402626 0.00043651311740578705 42
1627563402718 0.0004351253095634908 43
1627563402813 0.00043392707213728553 44
1627563402938 0.00043319351656795433 45
1627563403100 0.0004313073407711812 46
1627563403240 0.00043011846648364436 47
1627563403389 0.0004282132467926967 48
1627563403535 0.00042677121925492416 49
1627563403659 0.00042504805502017014 50
1627563403776 0.00042437290324290913 51
1627563403898 0.0004233269512446382 52
1627563404025 0.0004214355235894668 53
1627563404109 0.00042067680701781107 54
1627563404200 0.0004199958554826002 55
1627563404308 0.00041835692453259056 56
1627563404390 0.00041776371506020623 57
1627563404481 0.00041711909661437967 58
1627563404582 0.0004165387193189214 59
1627563404692 0.00041541647122238646 60
1627563404790 0.0004147102564436524 61
1627563404893 0.00041365318611974493 62
1627563404975 0.00041307421401782943 63
1627563405063 0.000412461934366786 64
1627563405155 0.00041179487094804675 65
1627563405243 0.0004111858974249081 66
1627563405386 0.00041021877920185734 67
1627563405506 0.00040964914332673936 68
1627563405597 0.00040897123300321443 69
1627563405693 0.0004083899735873514 70
1627563405786 0.00040781697674157567 71
1627563405878 0.0004067109690673024 72
1627563405977 0.0004055435595534342 73
1627563406062 0.00040462073387622055 74
1627563406158 0.000404045293018243 75
1627563406269 0.0004025867944057639 76
1627563406369 0.0004016566175166374 77
1627563406452 0.00040116494818781084 78
1627563406537 0.0004007037438439534 79
1627563406674 0.00040016600587547256 80
1627563406802 0.00039949695548749473 81
1627563406895 0.0003989272374076988 82
1627563406977 0.00039846398054684706 83
1627563407132 0.00039751625655264707 84
1627563407233 0.0003970415972075059 85
1627563407320 0.0003965576547534674 86
1627563407406 0.0003960838667587129 87
1627563407523 0.0003955912761728414 88
1627563407610 0.00039512881349963 89
1627563407695 0.00039465492897517557 90
1627563407790 0.0003938681328946749 91
1627563407897 0.0003928101022512351 92
1627563408014 0.00039235076278251637 93
1627563408108 0.00039189971315223076 94
1627563408198 0.0003911721786190031 95
1627563408285 0.00039080352895777196 96
1627563408381 0.0003902389775012467 97
1627563408458 0.00038980416259547565 98
1627563408531 0.00038936811720484616 99
1627563408636 0.000388959335140492 100
1627563408729 0.00038854628032619957 101
1627563408818 0.0003877461896891612 102
1627563408932 0.0003871840512660635 103
1627563409013 0.00038678730577872394 104
1627563409114 0.00038623764595828165 105
1627563409215 0.0003858491122424502 106
1627563409330 0.0003854726013941125 107
1627563409462 0.00038505522149447525 108
1627563409559 0.0003844124346473187 109
1627563409675 0.0003838866689487554 110
1627563409759 0.0003834709530629405 111
1627563409850 0.0003828108424058854 112
1627563409929 0.0003824322526501637 113
1627563410007 0.00038203812724839977 114
1627563410094 0.00038158303650409864 115
1627563410182 0.00038120487554750115 116
1627563410267 0.00038051647967148636 117
1627563410349 0.00038014758185817243 118
1627563410465 0.00037954386688889366 119
1627563410544 0.00037920791425376623 120
1627563410614 0.00037885905245971653 121
1627563410675 0.0003785077261900236 122
1627563410749 0.0003781604553960457 123
1627563410837 0.00037781203029761944 124
1627563410920 0.0003774963933757746 125
1627563410998 0.0003771587529773553 126
1627563411114 0.0003767865456260028 127
1627563411233 0.00037617837347842133 128
1627563411360 0.0003758198248741364 129
1627563411451 0.00037548953448696815 130
1627563411556 0.00037516471855742844 131
1627563411681 0.0003745403484287115 132
1627563411761 0.0003741589882259886 133
1627563411841 0.0003737253432895248 134
1627563411919 0.00037336620912908154 135
1627563412001 0.00037297896154482845 136
1627563412091 0.0003723659107610319 137
1627563412169 0.00037201343699710666 138
1627563412243 0.00037167256395845977 139
1627563412324 0.0003713349993030632 140
1627563412409 0.00037103452673092755 141
1627563412473 0.00037071053637849295 142
1627563412534 0.0003704166458020341 143
1627563412628 0.00037001297212076076 144
1627563412721 0.0003696927145856137 145
1627563412802 0.00036939920969073116 146
1627563412884 0.0003690883164501993 147
1627563412952 0.0003688057894198061 148
1627563413029 0.00036853176599796787 149
1627563413108 0.0003682181993925987 150
1627563413201 0.000367728353776838 151
1627563413270 0.0003674569252374178 152
1627563413350 0.0003669974745796446 153
1627563413414 0.00036665912361175373 154
1627563413483 0.00036635501297273905 155
1627563413560 0.0003660815624360087 156
1627563413619 0.00036577761793461734 157
1627563413693 0.00036551121220685154 158
1627563413760 0.0003652406422341692 159
1627563413862 0.0003649449240434024 160
1627563413969 0.00036465220026054077 161
1627563414069 0.0003644030515675641 162
1627563414173 0.00036404293527577726 163
1627563414287 0.00036355269804858595 164
1627563414358 0.0003632635575612696 165
1627563414412 0.0003630087071420707 166
1627563414485 0.00036273800878055407 167
1627563414585 0.0003621319625969177 168
1627563414650 0.00036187050141763623 169
1627563414734 0.00036150014292395 170
1627563414823 0.0003612084848932755 171
1627563414898 0.0003609434328433108 172
1627563414964 0.00036066788417699595 173
1627563415053 0.0003603865893834913 174
1627563415105 0.00036017572981188363 175
1627563415178 0.0003598893330911388 176
1627563415256 0.0003596269496087417 177
1627563415333 0.00035934830142524566 178
1627563415447 0.00035897111075466545 179
1627563415548 0.00035868451242026227 180
1627563415642 0.0003583021509338152 181
1627563415716 0.0003579825749570508 182
1627563415847 0.0003575908327875479 183
1627563415926 0.00035731402335218527 184
1627563415995 0.0003570634896345342 185
1627563416076 0.0003566778228593032 186
1627563416166 0.0003564016645253212 187
1627563416230 0.0003561428151747089 188
1627563416293 0.00035588711912908224 189
1627563416403 0.0003556272712522873 190
1627563416536 0.0003552419753021017 191
1627563416652 0.0003549712490126569 192
1627563416767 0.0003547328194612172 193
1627563416845 0.00035447252791995286 194
1627563416920 0.0003541843759185497 195
1627563416980 0.00035396715813382055 196
1627563417051 0.00035372603506769355 197
1627563417174 0.00035340781066755145 198
1627563417231 0.00035317226311095876 199
1627563417303 0.00035294614516163746 200
1627563417397 0.0003527116202281204 201
1627563417484 0.00035249568862156253 202
1627563417539 0.0003522804636108804 203
1627563417614 0.00035204585040227767 204
1627563417702 0.000351787651261176 205
1627563417806 0.00035143443132889846 206
1627563417886 0.0003511929187136483 207
1627563417972 0.0003508356908532992 208
1627563418075 0.000350608937608167 209
1627563418196 0.000350375187750183 210
1627563418280 0.0003501627717003267 211
1627563418364 0.00034992619603491207 212
1627563418437 0.00034970176615152265 213
1627563418510 0.0003494551674225198 214
1627563418590 0.00034924500460024774 215
1627563418687 0.000348858508065898 216
1627563418748 0.00034862109980072765 217
1627563418808 0.0003483937047836744 218
1627563418880 0.00034815428035442136 219
1627563418949 0.0003478830059073006 220
1627563419029 0.0003475292132464144 221
1627563419101 0.0003473448831021969 222
1627563419182 0.00034712932507940903 223
1627563419256 0.0003468461182936747 224
1627563419332 0.00034661911536650985 225
1627563419423 0.00034633198952655105 226
1627563419488 0.0003460983155333979 227
1627563419549 0.00034586932471218315 228
1627563419606 0.0003456863284718157 229
1627563419679 0.0003454319254793854 230
1627563419771 0.0003451820656095606 231
1627563419849 0.0003449321547211431 232
1627563419929 0.0003446892500558254 233
1627563419999 0.0003444778239475392 234
1627563420069 0.0003442219612705292 235
1627563420141 0.00034399551997767966 236
1627563420228 0.0003437833901985647 237
1627563420294 0.00034356042532430624 238
1627563420365 0.00034331814787884416 239
1627563420456 0.0003430027646353525 240
1627563420518 0.00034280060387237624 241
1627563420587 0.00034258210422241484 242
1627563420670 0.0003423508708102268 243
1627563420760 0.0003421495945388366 244
1627563420860 0.000341932106493456 245
1627563420943 0.0003416942357993724 246
1627563421010 0.00034147359906350677 247
1627563421096 0.0003412599015265525 248
1627563421202 0.00034099983056164076 249
1627563421288 0.00034080233163861145 250
1627563421383 0.0003405517241507721 251
1627563421470 0.00034034066148571176 252
1627563421529 0.0003401464191416479 253
1627563421616 0.00033994583590836984 254
1627563421702 0.00033973049996170024 255
1627563421789 0.0003395244534824581 256
1627563421851 0.0003393417915964956 257
1627563421925 0.00033913343275657985 258
1627563422005 0.00033893030120260006 259
1627563422066 0.0003387253076187854 260
1627563422132 0.00033851992038463034 261
1627563422194 0.00033831489363128566 262
1627563422256 0.0003381307988733241 263
1627563422320 0.0003379373291478813 264
1627563422384 0.00033775188180086324 265
1627563422466 0.00033747277286172753 266
1627563422540 0.00033725668346485527 267
1627563422597 0.00033704362565918573 268
1627563422664 0.00033683485200372446 269
1627563422733 0.00033664354409676186 270
1627563422795 0.0003364399558413248 271
1627563422865 0.00033620485343937835 272
1627563422925 0.0003359953079215052 273
1627563423011 0.0003358168339793636 274
1627563423114 0.00033561685478659855 275
1627563423211 0.00033545394751999236 276
1627563423299 0.00033526642302821296 277
1627563423380 0.0003351037497566926 278
1627563423476 0.0003349152444656717 279
1627563423540 0.0003346964912751438 280
1627563423604 0.00033448923130845805 281
1627563423662 0.00033430614137674 282
1627563423733 0.0003341217106475425 283
1627563423798 0.0003339216536950377 284
1627563423871 0.0003337179333288901 285
1627563423928 0.0003335669581261442 286
1627563423997 0.00033338465506640356 287
1627563424088 0.0003330560046742839 288
1627563424165 0.0003328320671780889 289
1627563424258 0.00033266947708586757 290
1627563424313 0.000332524936118836 291
1627563424379 0.00033232177053471487 292
1627563424475 0.0003321149879718599 293
1627563424564 0.0003318956461834927 294
1627563424639 0.0003316885582255709 295
1627563424715 0.000341932106493456 296
1627563428793 0.0010986528722432957 0
1627563428929 0.0010135530094215494 1
1627563429114 0.0009384588785560285 2
1627563429266 0.000872547724252803 3
1627563429390 0.0008146320920715724 4
1627563429518 0.0007641349342053763 5
1627563429638 0.0007204405857022328 6
1627563429757 0.0006827029645387354 7
1627563429878 0.0006502362858093983 8
1627563429995 0.0006220940254538762 9
1627563430128 0.0005977820616708196 10
1627563430267 0.0005770151732629086 11
1627563430428 0.0005591930670273592 12
1627563430541 0.0005440834864492077 13
1627563430649 0.000530951576852613 14
1627563430763 0.0005200401369343669 15
1627563430881 0.0005107220199208723 16
1627563430995 0.0005029311224116249 17
1627563431108 0.0004962807095972361 18
1627563431219 0.0004902190625170629 19
1627563431321 0.0004850718282889204 20
1627563431424 0.0004807943630869638 21
1627563431537 0.0004771860379179394 22
1627563431638 0.00047318408452854007 23
1627563431784 0.0004700109685347821 24
1627563431886 0.00046749571292200367 25
1627563432023 0.0004650120367020819 26
1627563432173 0.0004627157528318586 27
1627563432325 0.00046077472911739645 28
1627563432473 0.0004585983858078402 29
1627563432609 0.00045659843959426405 30
1627563432736 0.0004551659752910084 31
1627563432890 0.0004532978267236968 32
1627563432988 0.0004516630962271152 33
1627563433088 0.00045004741980098035 34
1627563433180 0.0004478620374068601 35
1627563433278 0.00044627680707893375 36
1627563433380 0.00044407383404133834 37
1627563433518 0.0004428536348081239 38
1627563433618 0.00044094199709427003 39
1627563433746 0.0004401384484773721 40
1627563433839 0.00043830084806158724 41
1627563433940 0.00043648665690316406 42
1627563434041 0.0004351250724557342 43
1627563434134 0.00043381035445234727 44
1627563434222 0.0004329087232033502 45
1627563434356 0.0004309761379871204 46
1627563434493 0.00042985331371709923 47
1627563434599 0.00042800347567517946 48
1627563434718 0.000427302663533739 49
1627563434843 0.00042571141539642744 50
1627563434931 0.00042496589303004625 51
1627563435017 0.00042424662800403227 52
1627563435119 0.0004228438825754923 53
1627563435204 0.00042204255147147544 54
1627563435287 0.0004212706415538783 55
1627563435390 0.00041993373297927335 56
1627563435474 0.0004192360644500164 57
1627563435568 0.0004186714266346607 58
1627563435672 0.0004170772161845966 59
1627563435762 0.00041633124139171194 60
1627563435855 0.0004156820028185311 61
1627563435977 0.0004142252429091706 62
1627563436062 0.0004137010156598792 63
1627563436160 0.0004131162872212445 64
1627563436274 0.00041161291651730265 65
1627563436372 0.00041098074710035253 66
1627563436467 0.0004098356628190695 67
1627563436556 0.00040914760812966273 68
1627563436660 0.00040797869644735836 69
1627563436745 0.0004074460141269627 70
1627563436847 0.00040650976109290647 71
1627563436931 0.00040584389527686726 72
1627563437022 0.00040533249105874044 73
1627563437120 0.00040448166746126236 74
1627563437207 0.0004037993067710238 75
1627563437292 0.0004032444010047861 76
1627563437374 0.000402789426591033 77
1627563437460 0.000401954803359177 78
1627563437560 0.00040132249737552566 79
1627563437662 0.0004002599485486573 80
1627563437747 0.00039976236441666174 81
1627563437877 0.0003990496735355297 82
1627563437998 0.00039857824669124877 83
1627563438097 0.0003980857192640674 84
1627563438174 0.00039762323054237013 85
1627563438257 0.0003971557097551965 86
1627563438378 0.00039661633350844387 87
1627563438459 0.00039617243325975856 88
1627563438560 0.0003956714097067264 89
1627563438669 0.0003948116521709199 90
1627563438769 0.0003938933302263025 91
1627563438854 0.0003934691619637935 92
1627563438943 0.00039296849384150344 93
1627563439026 0.00039242567846686885 94
1627563439118 0.00039181458220802277 95
1627563439208 0.0003914081021842316 96
1627563439287 0.0003910185125784741 97
1627563439410 0.00039017920903813114 98
1627563439520 0.00038977271545197477 99
1627563439656 0.00038890106344907475 100
1627563439792 0.0003883912355554474 101
1627563439914 0.0003875398225369903 102
1627563440002 0.000387145855780792 103
1627563440085 0.0003867384413464817 104
1627563440169 0.000386313776754753 105
1627563440251 0.000385888033152452 106
1627563440334 0.00038532829165824096 107
1627563440420 0.0003849038322509749 108
1627563440524 0.0003844516358967249 109
1627563440618 0.0003840673143724798 110
1627563440709 0.0003835917455827751 111
1627563440839 0.00038284448719786524 112
1627563440927 0.00038236976390285284 113
1627563441018 0.00038197460487944193 114
1627563441127 0.0003816023287922886 115
1627563441214 0.0003812362486763887 116
1627563441330 0.0003805382825864007 117
1627563441422 0.00038012023529416324 118
1627563441509 0.00037977525116722553 119
1627563441600 0.00037919108781206466 120
1627563441663 0.00037884839374872795 121
1627563441745 0.00037849128004721275 122
1627563441831 0.0003780608980266318 123
1627563441913 0.0003775625115622434 124
1627563441983 0.0003772167220396624 125
1627563442063 0.00037688370733202835 126
1627563442147 0.00037657082301912134 127
1627563442239 0.0003762104305066455 128
1627563442352 0.00037586042148417384 129
1627563442473 0.0003754983537931667 130
1627563442551 0.00037513922383609915 131
1627563442639 0.0003748288577576647 132
1627563442759 0.0003744638654578858 133
1627563442914 0.000373848335418782 134
1627563443031 0.00037335468086469124 135
1627563443108 0.00037302474179339945 136
1627563443192 0.00037260878393892405 137
1627563443257 0.0003723029159988409 138
1627563443338 0.00037195922391976245 139
1627563443414 0.0003715650237692349 140
1627563443497 0.0003711674942688968 141
1627563443579 0.00037074122798589953 142
1627563443653 0.00037044426069364125 143
1627563443737 0.0003700531203405902 144
1627563443820 0.0003697847182156481 145
1627563443920 0.00036946504273499905 146
1627563444015 0.0003689120921185403 147
1627563444081 0.0003686112351853076 148
1627563444158 0.00036831293075444355 149
1627563444244 0.00036799695390979126 150
1627563444325 0.0003676861548955494 151
1627563444417 0.00036720324299793143 152
1627563444497 0.0003669589017522734 153
1627563444581 0.0003666722058891238 154
1627563444695 0.0003662095199827958 155
1627563444776 0.0003659208176530619 156
1627563444868 0.0003656075745073655 157
1627563444971 0.00036526777681286654 158
1627563445045 0.0003649823279070622 159
1627563445108 0.00036473692151498655 160
1627563445186 0.0003643915122587473 161
1627563445254 0.0003641566895231435 162
1627563445326 0.0003638726218759709 163
1627563445394 0.00036361536103911963 164
1627563445453 0.00036335270053229775 165
1627563445524 0.00036307803845697585 166
1627563445640 0.00036281146333777206 167
1627563445705 0.0003625784788025142 168
1627563445770 0.0003623232353500613 169
1627563445844 0.00036203111981916914 170
1627563445934 0.0003617806910729829 171
1627563446054 0.0003613988017875995 172
1627563446118 0.00036114855210056654 173
1627563446201 0.00036086081651476553 174
1627563446264 0.00036062535654833084 175
1627563446355 0.0003603633370680664 176
1627563446456 0.0003600611679480858 177
1627563446567 0.00035974875416209775 178
1627563446642 0.00035945995067927664 179
1627563446704 0.0003591643495078449 180
1627563446770 0.00035888787133155623 181
1627563446853 0.00035853852747760417 182
1627563446946 0.0003580767791259481 183
1627563447023 0.0003577911248518254 184
1627563447106 0.0003575502062696288 185
1627563447191 0.0003572725115420271 186
1627563447257 0.00035700511483676464 187
1627563447336 0.00035662806395934596 188
1627563447431 0.00035633170780882754 189
1627563447506 0.00035608000367397984 190
1627563447588 0.00035580828097384667 191
1627563447705 0.00035552192365063024 192
1627563447768 0.0003552591954519972 193
1627563447835 0.00035501498887616017 194
1627563447909 0.0003547430048478459 195
1627563447976 0.0003545002149384685 196
1627563448053 0.0003542456293199502 197
1627563448127 0.00035400088772276226 198
1627563448180 0.00035380434789596154 199
1627563448278 0.0003534975491442463 200
1627563448348 0.0003532211236994867 201
1627563448427 0.00035297854916665827 202
1627563448490 0.0003527441225698206 203
1627563448556 0.000352529937841169 204
1627563448613 0.0003522963000453841 205
1627563448673 0.00035206942538608193 206
1627563448749 0.0003518344485029462 207
1627563448812 0.00035158518210638267 208
1627563448883 0.0003513506231111825 209
1627563448958 0.0003510512225021321 210
1627563449021 0.0003508434948944102 211
1627563449096 0.00035058550243383704 212
1627563449167 0.0003503464587094854 213
1627563449260 0.00035013368134527385 214
1627563449330 0.00034988979614425624 215
1627563449421 0.0003495681555929473 216
1627563449482 0.00034933441648712677 217
1627563449575 0.00034908525715618763 218
1627563449670 0.0003488424257815746 219
1627563449777 0.0003486024514444825 220
1627563449831 0.0003483732076463258 221
1627563449902 0.00034813918624223276 222
1627563450024 0.00034779498505540385 223
1627563450092 0.00034756356716826516 224
1627563450160 0.0003473352491976071 225
1627563450227 0.0003470911511792589 226
1627563450292 0.00034683880538704896 227
1627563450360 0.00034661645168603726 228
1627563450420 0.0003464059292685476 229
1627563450489 0.00034616502317489923 230
1627563450544 0.00034594805279895824 231
1627563450621 0.00034564414692500416 232
1627563450686 0.0003454235671084558 233
1627563450745 0.00034523335839196576 234
1627563450822 0.00034498143464782523 235
1627563450889 0.0003447577478505831 236
1627563450944 0.00034454595102507214 237
1627563451014 0.0003443433173208429 238
1627563451087 0.00034406444972819483 239
1627563451187 0.00034382524530772435 240
1627563451281 0.0003435686059119666 241
1627563451338 0.0003433644722993515 242
1627563451442 0.0003430389518346925 243
1627563451529 0.00034280353967621 244
1627563451601 0.00034261197495507906 245
1627563451683 0.0003424018881416517 246
1627563451752 0.00034218616369461577 247
1627563451829 0.00034196587931986503 248
1627563451907 0.0003417424664537769 249
1627563451982 0.0003415097918369386 250
1627563452040 0.0003412942373982023 251
1627563452106 0.00034108507859356523 252
1627563452187 0.00034086596114492784 253
1627563452257 0.00034067919264662764 254
1627563452320 0.00034048772019644365 255
1627563452380 0.00034027145819755857 256
1627563452456 0.0003400476690177225 257
1627563452527 0.0003398166497132081 258
1627563452598 0.00033961056199778 259
1627563452661 0.0003393950183950331 260
1627563452728 0.0003392262935633593 261
1627563452787 0.0003390664933470621 262
1627563452857 0.0003389129589335605 263
1627563452926 0.000338708731770325 264
1627563452992 0.00033849314726168943 265
1627563453057 0.00033826962381421506 266
1627563453148 0.0003380563141938702 267
1627563453219 0.0003378366305133654 268
1627563453279 0.0003376312738791133 269
1627563453335 0.000337478941213748 270
1627563453429 0.00033729026549465867 271
1627563453503 0.0003371101376262505 272
1627563453561 0.0003369104209077074 273
1627563453622 0.00033672309306524836 274
1627563453704 0.0003365235441628801 275
1627563453790 0.0003362699160902529 276
1627563453858 0.00033606890110562677 277
1627563453933 0.00033579505164849153 278
1627563453992 0.000335626339638458 279
1627563454048 0.0003354396499561508 280
1627563454113 0.0003352656171633279 281
1627563454179 0.00033502050126567876 282
1627563454243 0.0003348240625716975 283
1627563454303 0.0003346314977489091 284
1627563454367 0.0003344503394250161 285
1627563454433 0.0003342937535721233 286
1627563454488 0.0003341416502354089 287
1627563454564 0.0003339350735054525 288
1627563454631 0.0003337373919816424 289
1627563454701 0.0003335274706860218 290
1627563454771 0.0003333024026111991 291
1627563454851 0.00033308950051969406 292
1627563454917 0.0003329089442890324 293
1627563454984 0.00033271209141895583 294
1627563455052 0.00033249804036646584 295
1627563455115 0.0003323170381111371 296
1627563455183 0.00033211164370824513 297
1627563455275 0.0003318379424380628 298
1627563455333 0.0003316187401353541 299
1627563455422 0.00033143112474063804 300
1627563455478 0.000331244727052221 301
1627563455535 0.0003310794890181038 302
1627563455600 0.00033090330960873916 303
1627563455664 0.0003307236537087836 304
1627563455751 0.0003305448996599275 305
1627563455822 0.0003303830031188287 306
1627563455895 0.0003301757478259064 307
1627563455964 0.0003300033764369722 308
1627563456055 0.00032981678345062927 309
1627563456138 0.00032957332395654274 310
1627563456199 0.0003294118871737356 311
1627563456292 0.0003292407589832387 312
1627563456403 0.0003290406301609775 313
1627563456473 0.00032885426439012146 314
1627563456580 0.000328651125404 315
1627563456673 0.0003285133774984907 316
1627563456781 0.0003283060635216055 317
1627563456841 0.0003281401237643437 318
1627563456900 0.00032797601696831006 319
1627563456965 0.0003277815226662442 320
1627563457024 0.0003275892731732735 321
1627563457088 0.00032737982759055895 322
1627563457146 0.00032724161567619 323
1627563457215 0.0003270589403843288 324
1627563457297 0.00032682344301980076 325
1627563457365 0.00032664147042990214 326
1627563457427 0.00032645565581827953 327
1627563457492 0.0003263073854590823 328
1627563457585 0.0003260675364151172 329
1627563457674 0.0003258162447416511 330
1627563457755 0.00032560698216158994 331
1627563457817 0.00032542980959215706 332
1627563457883 0.00032523330330240866 333
1627563457943 0.000325059144992904 334
1627563458012 0.000324853717527953 335
1627563458083 0.0003246593622334568 336
1627563458150 0.00032449324055668007 337
1627563458271 0.0003243015711907337 338
1627563458401 0.00032410398389245157 339
1627563458498 0.0003239206031593999 340
1627563458580 0.0003237460674894976 341
1627563458646 0.0003235774530089108 342
1627563458715 0.00032339414808739165 343
1627563458811 0.0003329089442890324 344
1627563462941 0.001099530598171887 0
1627563463086 0.0010142775361022863 1
1627563463211 0.0009389776019909933 2
1627563463338 0.0008728509466886944 3
1627563463469 0.0008149252948563435 4
1627563463596 0.0007643874869168844 5
1627563463721 0.0007205208538858764 6
1627563463844 0.0006826398154618172 7
1627563463968 0.0006499738953676549 8
1627563464093 0.0006218077157511287 9
1627563464260 0.0005974216513930347 10
1627563464416 0.0005766723323537917 11
1627563464545 0.0005587741767250847 12
1627563464685 0.0005435891516414319 13
1627563464809 0.0005306371130466284 14
1627563464975 0.0005197121406312787 15
1627563465105 0.0005104534804163983 16
1627563465218 0.0005026856688023028 17
1627563465331 0.0004960168692064697 18
1627563465442 0.0004899899206301617 19
1627563465544 0.00048477058872504423 20
1627563465657 0.0004804362436226057 21
1627563465770 0.00047672525639091815 22
1627563465868 0.00047306564825045256 23
1627563465968 0.00046995097500967484 24
1627563466063 0.0004674309661539096 25
1627563466167 0.0004647777310440111 26
1627563466261 0.00046247327518159623 27
1627563466362 0.0004606119108813463 28
1627563466458 0.00045836915917839895 29
1627563466552 0.0004562871871658249 30
1627563466651 0.0004546391869298701 31
1627563466750 0.0004527975798936376 32
1627563466842 0.00045102169507241566 33
1627563466962 0.000449541352534882 34
1627563467067 0.000448149564979781 35
1627563467180 0.00044613053502834627 36
1627563467299 0.00044428198002067766 37
1627563467430 0.0004429925448105851 38
1627563467543 0.0004414953777885758 39
1627563467680 0.00044046828963533526 40
1627563467816 0.0004383800556218365 41
1627563467932 0.00043612426161184165 42
1627563468035 0.0004341068263213465 43
1627563468178 0.0004329012904573581 44
1627563468269 0.0004320758446230121 45
1627563468391 0.0004307290285412084 46
1627563468511 0.00042897852713628975 47
1627563468658 0.0004279124122416992 48
1627563468779 0.00042590945565016206 49
1627563468891 0.00042472955148144633 50
1627563468983 0.00042360068134624575 51
1627563469078 0.0004229488140819831 52
1627563469172 0.0004221029899449856 53
1627563469257 0.0004214559767403325 54
1627563469340 0.00042055860251504515 55
1627563469439 0.0004197769649729293 56
1627563469557 0.00041915755990274306 57
1627563469709 0.000417658485448439 58
1627563469802 0.00041652079136132004 59
1627563469888 0.0004158551949956198 60
1627563469980 0.00041523425234863483 61
1627563470073 0.00041465296758261294 62
1627563470179 0.0004134108107865561 63
1627563470280 0.00041280493444310445 64
1627563470395 0.00041134391729820836 65
1627563470485 0.00041072717297536076 66
1627563470583 0.00040991754622764074 67
1627563470686 0.0004092024479544665 68
1627563470784 0.0004086431965423923 69
1627563470897 0.00040744090710523843 70
1627563470986 0.00040684838013409593 71
1627563471071 0.00040630875321022355 72
1627563471191 0.00040578171694474025 73
1627563471289 0.00040526840689910184 74
1627563471426 0.000404377154506649 75
1627563471552 0.0004032247048641544 76
1627563471682 0.0004026539934022246 77
1627563471776 0.0004021452157889607 78
1627563471880 0.00040106081852177885 79
1627563471966 0.000400573897160687 80
1627563472078 0.0003993539084912897 81
1627563472176 0.00039885793505006653 82
1627563472275 0.000398076117528687 83
1627563472424 0.00039738943978739693 84
1627563472529 0.00039691040321032715 85
1627563472616 0.0003964223262723373 86
1627563472736 0.0003959639439894584 87
1627563472851 0.00039548287624682006 88
1627563472977 0.0003949313541084084 89
1627563473104 0.0003941995610184734 90
1627563473214 0.00039327950254504525 91
1627563473314 0.00039268177474975966 92
1627563473400 0.0003921968784493824 93
1627563473485 0.00039174512793843446 94
1627563473614 0.0003912624090440709 95
1627563473741 0.00039066889661513033 96
1627563473858 0.00039020404878494804 97
1627563473947 0.00038968489495087096 98
1627563474042 0.00038920487171643757 99
1627563474177 0.0003885328943302296 100
1627563474257 0.0003880425858867551 101
1627563474324 0.00038762260258473706 102
1627563474397 0.0003872283354726987 103
1627563474468 0.00038685829226433005 104
1627563474560 0.00038644548541358337 105
1627563474636 0.000386021049106812 106
1627563474738 0.0003853780057172017 107
1627563474824 0.00038492513139247415 108
1627563474912 0.0003845544246569274 109
1627563474996 0.0003840267050125789 110
1627563475072 0.00038365367018016984 111
1627563475159 0.0003833109614180587 112
1627563475256 0.00038274845078463437 113
1627563475359 0.0003823665968785417 114
1627563475435 0.00038195142062476034 115
1627563475508 0.00038156845542054426 116
1627563475594 0.0003811838870208505 117
1627563475694 0.00038050772465826735 118
1627563475766 0.00038017463888074865 119
1627563475855 0.00037967450941610455 120
1627563475925 0.0003793075671157548 121
1627563476011 0.00037882650558164455 122
1627563476091 0.00037849288460388176 123
1627563476172 0.00037816865354230747 124
1627563476261 0.0003778199233580335 125
1627563476337 0.0003774952172476741 126
1627563476490 0.00037676865872921173 127
1627563476579 0.0003764415930322679 128
1627563476658 0.0003761076577740814 129
1627563476788 0.0003757755016534778 130
1627563476911 0.00037529274007459975 131
1627563476994 0.00037494616479303477 132
1627563477078 0.00037455718296251365 133
1627563477168 0.00037425847758747844 134
1627563477252 0.00037391482844418346 135
1627563477355 0.0003732571037540807 136
1627563477464 0.00037256862805287494 137
1627563477544 0.00037219218864573275 138
1627563477627 0.000371852951409951 139
1627563477708 0.000371509926299862 140
1627563477765 0.00037124304328142597 141
1627563477861 0.00037071052283345617 142
1627563477921 0.0003704320703416248 143
1627563478007 0.00037008403149893927 144
1627563478069 0.0003697832514516479 145
1627563478145 0.00036947057808781384 146
1627563478233 0.00036898000125052424 147
1627563478302 0.000368692861048603 148
1627563478380 0.00036840804208316467 149
1627563478491 0.0003680805851128095 150
1627563478584 0.00036775810492679613 151
1627563478680 0.0003674479721767532 152
1627563478762 0.0003671474311176372 153
1627563478842 0.00036686878401294323 154
1627563478922 0.000366564321552927 155
1627563479042 0.0003660327334107992 156
1627563479157 0.00036555398620828215 157
1627563479270 0.00036524497803623634 158
1627563479329 0.00036497450492315104 159
1627563479401 0.00036464996699621795 160
1627563479489 0.00036430776132620327 161
1627563479575 0.000363926846536255 162
1627563479637 0.00036366322074599615 163
1627563479712 0.00036339772167056413 164
1627563479788 0.00036305906711470094 165
1627563479869 0.00036276553903650383 166
1627563479928 0.0003625264606933582 167
1627563480022 0.00036216848790639265 168
1627563480086 0.00036189560580296773 169
1627563480162 0.00036159160491922693 170
1627563480234 0.00036128821582589034 171
1627563480313 0.00036101097340406784 172
1627563480385 0.0003607279795948682 173
1627563480461 0.00036045137165904747 174
1627563480534 0.00036018691311954403 175
1627563480615 0.00035990273246515943 176
1627563480721 0.00035955740279986224 177
1627563480790 0.0003592745149675819 178
1627563480857 0.00035900009574589846 179
1627563480932 0.00035869080050944323 180
1627563480991 0.0003584503126395563 181
1627563481056 0.00035821307394850506 182
1627563481114 0.0003579681768604521 183
1627563481195 0.00035767199961718893 184
1627563481281 0.00035740343278503167 185
1627563481354 0.0003571535262055523 186
1627563481420 0.00035691716159621064 187
1627563481509 0.00035655156357370076 188
1627563481576 0.0003563146695096811 189
1627563481654 0.0003560502204139497 190
1627563481748 0.0003555394334057557 191
1627563481823 0.0003552669902078577 192
1627563481900 0.0003550385084346992 193
1627563481967 0.0003547547927350705 194
1627563482064 0.0003542957234317203 195
1627563482137 0.0003540389100454587 196
1627563482206 0.00035379045392016473 197
1627563482294 0.0003533969067192566 198
1627563482364 0.0003531643753924207 199
1627563482456 0.00035289604823255386 200
1627563482536 0.0003526421147676634 201
1627563482594 0.00035241747570086357 202
1627563482671 0.0003521598464532537 203
1627563482729 0.00035195527501453034 204
1627563482789 0.00035173088763224214 205
1627563482872 0.00035150101583692096 206
1627563482952 0.00035117548992005506 207
1627563483020 0.00035095890970858083 208
1627563483094 0.0003507086905984775 209
1627563483153 0.0003504870355691631 210
1627563483266 0.0003502637636770533 211
1627563483334 0.00035004433033279035 212
1627563483397 0.0003498173462724759 213
1627563483494 0.0003495525601047307 214
1627563483576 0.00034926267035644264 215
1627563483640 0.0003490156808965497 216
1627563483700 0.0003488038418180716 217
1627563483773 0.00034855630917427833 218
1627563483848 0.00034832419700969394 219
1627563483928 0.00034807519718476314 220
1627563483998 0.0003478648303767683 221
1627563484069 0.00034763069433875975 222
1627563484128 0.0003474119472008422 223
1627563484212 0.0003471931067792122 224
1627563484276 0.0003469781227127287 225
1627563484340 0.00034676157680831304 226
1627563484410 0.00034652137052889253 227
1627563484475 0.0003462689269028172 228
1627563484547 0.00034604363302183653 229
1627563484622 0.0003457997041989119 230
1627563484685 0.00034559471495739576 231
1627563484757 0.00034535544183558173 232
1627563484822 0.0003451518847000629 233
1627563484876 0.0003449593765998522 234
1627563484956 0.0003446760056291811 235
1627563485023 0.0003444705113520992 236
1627563485081 0.00034429169436240724 237
1627563485156 0.0003440740040823732 238
1627563485229 0.0003438488055434684 239
1627563485299 0.00034365449916273956 240
1627563485365 0.0003434354071497368 241
1627563485430 0.0003432349072002569 242
1627563485514 0.00034294045148200285 243
1627563485585 0.0003426989471540275 244
1627563485640 0.0003425124833355312 245
1627563485704 0.00034227800633787744 246
1627563485778 0.0003420493594308144 247
1627563485853 0.00034183163801955707 248
1627563485927 0.00034162300523765573 249
1627563486006 0.0003413919123355331 250
1627563486068 0.00034117671302309494 251
1627563486191 0.0003408756701940532 252
1627563486289 0.0003406803069298241 253
1627563486345 0.0003405106230492234 254
1627563486442 0.0003402768764652697 255
1627563486561 0.0003400633636637338 256
1627563486670 0.0003398662519275345 257
1627563486779 0.00033961287314415495 258
1627563486878 0.00033944613264291133 259
1627563486985 0.00033922666054640705 260
1627563487092 0.0003390145324292898 261
1627563487159 0.00033882339746073975 262
1627563487221 0.00033863281945373345 263
1627563487281 0.000338413639984154 264
1627563487344 0.0003382097964337439 265
1627563487403 0.0003380354864283874 266
1627563487474 0.00033783786593896616 267
1627563487529 0.00033762980467097204 268
1627563487596 0.0003374158185233932 269
1627563487662 0.0003372082532949041 270
1627563487764 0.0003370383991542607 271
1627563487872 0.00033683274073003543 272
1627563487933 0.000336634526384971 273
1627563488016 0.000336447113920468 274
1627563488134 0.0003362417785146318 275
1627563488199 0.0003360774579498095 276
1627563488278 0.00033586358910211225 277
1627563488359 0.0003356038349629611 278
1627563488422 0.0003354250919760516 279
1627563488483 0.0003352166571720896 280
1627563488552 0.00033502059758423546 281
1627563488645 0.00033472883497540323 282
1627563488714 0.000334519059114102 283
1627563488778 0.00033429554848304405 284
1627563488846 0.00033408243019163446 285
1627563488921 0.0003446760056291811 286
1627563493125 0.0010970671567732692 0
1627563493312 0.0010122504374785357 1
1627563493511 0.000937282940895057 2
1627563493696 0.000871464388956279 3
1627563493887 0.0008135260996180695 4
1627563494043 0.0007630533778421611 5
1627563494207 0.0007194317820246242 6
1627563494342 0.0006817106795408097 7
1627563494524 0.0006492428875139318 8
1627563494667 0.0006211822370754692 9
1627563494788 0.0005969851825328293 10
1627563494906 0.0005762755365797874 11
1627563495015 0.0005584711733677855 12
1627563495130 0.0005434989459172026 13
1627563495234 0.0005306292742332357 14
1627563495348 0.0005198409314314072 15
1627563495462 0.0005106016598026714 16
1627563495587 0.0005028131579643174 17
1627563495696 0.0004962092522046673 18
1627563495802 0.0004901402097608393 19
1627563495928 0.00048512018644727105 20
1627563496085 0.0004807727287329123 21
1627563496224 0.0004769910711163545 22
1627563496346 0.0004732610068194296 23
1627563496450 0.00047043507291041447 24
1627563496552 0.0004678594445395995 25
1627563496651 0.0004653707689751068 26
1627563496752 0.00046326003535998627 27
1627563496853 0.0004609331877409931 28
1627563496950 0.00045887863527540137 29
1627563497053 0.00045696233605107097 30
1627563497158 0.00045522023994799154 31
1627563497259 0.0004532786696224011 32
1627563497356 0.0004512933853318683 33
1627563497471 0.0004497139673095331 34
1627563497613 0.0004482023984004741 35
1627563497752 0.0004459944385315327 36
1627563497849 0.00044381183682747777 37
1627563497972 0.0004427232421320467 38
1627563498105 0.0004405688408088831 39
1627563498204 0.00043953984743170746 40
1627563498332 0.0004385754329193263 41
1627563498425 0.00043675835090497807 42
1627563498563 0.0004353302331419774 43
1627563498701 0.0004337699385349917 44
1627563498825 0.0004324489354401686 45
1627563498944 0.00043064022800938967 46
1627563499036 0.0004296602502789739 47
1627563499124 0.0004285814437319479 48
1627563499224 0.0004272378817862507 49
1627563499333 0.00042533224733272125 50
1627563499420 0.00042468466553737325 51
1627563499509 0.0004239624175638337 52
1627563499609 0.00042271432747123305 53
1627563499705 0.00042145614550289046 54
1627563499789 0.00042080071372027714 55
1627563499879 0.0004197205741324572 56
1627563499962 0.0004188663361046543 57
1627563500055 0.00041829257183361324 58
1627563500175 0.0004175831742021546 59
1627563500260 0.00041692224774023443 60
1627563500419 0.00041530921569993495 61
1627563500519 0.00041394217837319505 62
1627563500606 0.00041336443185696707 63
1627563500694 0.0004127219452423853 64
1627563500780 0.00041209190440901237 65
1627563500887 0.00041092587838863757 66
1627563500987 0.0004099734771426123 67
1627563501089 0.00040906179818787664 68
1627563501183 0.0004084679758385487 69
1627563501276 0.0004079218516705177 70
1627563501366 0.00040718077896340337 71
1627563501465 0.00040609826282557345 72
1627563501555 0.0004054710477339488 73
1627563501643 0.0004048639856911534 74
1627563501742 0.000403773254335541 75
1627563501847 0.00040286424427253645 76
1627563501952 0.0004021906476959116 77
1627563502036 0.0004016736833534629 78
1627563502133 0.0004008757753194857 79
1627563502223 0.00040027535719289013 80
1627563502331 0.00039908855148059315 81
1627563502422 0.0003985651288547083 82
1627563502503 0.0003980986248105946 83
1627563502604 0.0003971719957843413 84
1627563502692 0.00039668171830848975 85
1627563502796 0.00039580739619778766 86
1627563502877 0.0003953407404307909 87
1627563502970 0.0003948896158377053 88
1627563503075 0.00039439061585823626 89
1627563503167 0.0003938991746487225 90
1627563503270 0.00039345859902993044 91
1627563503390 0.0003926610125420353 92
1627563503475 0.00039223445454466513 93
1627563503560 0.0003917688858671573 94
1627563503660 0.00039105767740397156 95
1627563503756 0.0003902290639449715 96
1627563503837 0.0003897982563193445 97
1627563503926 0.0003892601541747416 98
1627563504011 0.0003888364528253613 99
1627563504117 0.00038833526115416954 100
1627563504211 0.00038792114350760614 101
1627563504310 0.000387346421267905 102
1627563504386 0.000386952390084287 103
1627563504464 0.00038656558784493057 104
1627563504561 0.0003861212340108352 105
1627563504664 0.00038547744449699407 106
1627563504760 0.0003849415839951696 107
1627563504842 0.00038452842927680456 108
1627563504972 0.0003837486793436381 109
1627563505065 0.0003830858669692303 110
1627563505150 0.0003826667935128834 111
1627563505236 0.0003822944899765716 112
1627563505312 0.0003819234723838336 113
1627563505397 0.0003815537328021586 114
1627563505484 0.00038110234824661365 115
1627563505612 0.0003806608650639927 116
1627563505756 0.00038019915524202796 117
1627563505832 0.00037980760569392515 118
1627563505907 0.000379483918807407 119
1627563506008 0.00037918140653501065 120
1627563506089 0.0003788209732115947 121
1627563506155 0.0003784481328400675 122
1627563506245 0.00037808285849095705 123
1627563506339 0.0003777041576379288 124
1627563506410 0.00037729406040035423 125
1627563506513 0.0003769772064668011 126
1627563506602 0.0003766536010390494 127
1627563506687 0.0003761135143612292 128
1627563506755 0.0003757496131538634 129
1627563506832 0.00037540625196758385 130
1627563506920 0.00037494658218754516 131
1627563507001 0.000374624350211742 132
1627563507079 0.0003742823639303304 133
1627563507156 0.0003739249824528446 134
1627563507264 0.0003735885940863548 135
1627563507381 0.00037323699752540455 136
1627563507461 0.00037292880895419006 137
1627563507572 0.00037262583426471706 138
1627563507689 0.0003722861436665217 139
1627563507809 0.0003719040581216255 140
1627563507934 0.0003715675378548507 141
1627563508066 0.00037126077159045445 142
1627563508168 0.00037094181292699114 143
1627563508247 0.0003705961810004819 144
1627563508338 0.00037017779330173064 145
1627563508411 0.00036987266727226965 146
1627563508501 0.0003694061586631673 147
1627563508558 0.00036911355364026364 148
1627563508666 0.00036861022214995935 149
1627563508748 0.0003683040451806535 150
1627563508816 0.0003680061199229574 151
1627563508908 0.0003675397821028733 152
1627563508988 0.0003671803871548771 153
1627563509060 0.0003668964828130308 154
1627563509134 0.0003665960111150893 155
1627563509203 0.00036632505599579315 156
1627563509276 0.00036601726335158365 157
1627563509343 0.0003657489197337016 158
1627563509429 0.0003653135571613442 159
1627563509501 0.00036501178369106906 160
1627563509593 0.000364550703714733 161
1627563509669 0.00036423973902339015 162
1627563509725 0.00036398510615977383 163
1627563509798 0.0003637078524086022 164
1627563509866 0.0003634238369113346 165
1627563509943 0.0003631423708228879 166
1627563510007 0.0003628975630231647 167
1627563510070 0.0003626872589045732 168
1627563510143 0.00036243903624544565 169
1627563510213 0.00036215932076443636 170
1627563510282 0.0003619022127425428 171
1627563510347 0.0003616592772765562 172
1627563510409 0.0003613902010175038 173
1627563510497 0.0003610883502660125 174
1627563510575 0.00036081955914357553 175
1627563510655 0.0003605296947256216 176
1627563510730 0.00036023371968025035 177
1627563510793 0.0003599849320548827 178
1627563510878 0.0003595660131367691 179
1627563510968 0.0003591387294772229 180
1627563511025 0.00035890415261872224 181
1627563511105 0.00035859010945867286 182
1627563511168 0.0003583517943831877 183
1627563511228 0.00035811793002737984 184
1627563511323 0.0003578346552783425 185
1627563511389 0.00035757624151533016 186
1627563511459 0.00035731375110586874 187
1627563511520 0.0003570962371515866 188
1627563511584 0.0003568400775142106 189
1627563511643 0.0003565978700729113 190
1627563511743 0.0003563626816982116 191
1627563511801 0.00035614549691739464 192
1627563511881 0.00035591743898666926 193
1627563511960 0.00035563646083449957 194
1627563512026 0.00035542127366816053 195
1627563512094 0.0003552041408925331 196
1627563512190 0.0003549711330327795 197
1627563512252 0.0003547457553001093 198
1627563512343 0.0003544937585371998 199
1627563512447 0.0003541860995255589 200
1627563512515 0.0003539484744456188 201
1627563512592 0.0003536911103455717 202
1627563512655 0.0003534474829606064 203
1627563512759 0.00035321038722519463 204
1627563512825 0.0003529792071843868 205
1627563512888 0.00035277646976132886 206
1627563512972 0.00035254203852393666 207
1627563513052 0.0003522955492409705 208
1627563513124 0.0003520140188065488 209
1627563513188 0.00035178144195096396 210
1627563513286 0.0003515476092570803 211
1627563513387 0.00035133724993782273 212
1627563513478 0.00035110433791947846 213
1627563513564 0.00035084510005538853 214
1627563513644 0.0003505849500896805 215
1627563513704 0.00035040150769256206 216
1627563513775 0.0003501479292458388 217
1627563513835 0.0003499406671430551 218
1627563513903 0.0003496995319468316 219
1627563513999 0.0003492709320484908 220
1627563514061 0.0003490359701619444 221
1627563514138 0.0003488125530674123 222
1627563514216 0.00034855689143591806 223
1627563514303 0.0003483290362572912 224
1627563514376 0.0003481249560914236 225
1627563514472 0.00034773767064115316 226
1627563514536 0.00034751904519403397 227
1627563514603 0.0003473012043803474 228
1627563514669 0.0003470999646154641 229
1627563514729 0.00034687037965735096 230
1627563514790 0.000346669469195211 231
1627563514895 0.00034644284987047686 232
1627563514972 0.00034624915511119827 233
1627563515058 0.00034601750676678186 234
1627563515166 0.000345768155705166 235
1627563515262 0.0003453872043229889 236
1627563515323 0.0003452039421735826 237
1627563515388 0.00034498276432580206 238
1627563515453 0.00034475314495648773 239
1627563515512 0.0003445638750424871 240
1627563515587 0.00034432518009238874 241
1627563515662 0.00034409929004299234 242
1627563515724 0.0003439033294646159 243
1627563515792 0.00034366890907486453 244
1627563515868 0.00034343118020313025 245
1627563515937 0.0003432022388242115 246
1627563516009 0.00034298870690909264 247
1627563516078 0.00034278308719502837 248
1627563516148 0.00034257367875813405 249
1627563516245 0.00034235786651312487 250
1627563516328 0.000342123184768746 251
1627563516395 0.0003419072873979125 252
1627563516464 0.00034168502862850136 253
1627563516533 0.00034151332532475953 254
1627563516618 0.00034124636722591316 255
1627563516713 0.00034092221078900204 256
1627563516791 0.0003406511052623687 257
1627563516846 0.00034046912912244015 258
1627563516943 0.00034006440904891546 259
1627563517015 0.0003398429371164144 260
1627563517082 0.0003396227088722662 261
1627563517145 0.0003394274395753901 262
1627563517221 0.0003392035655687246 263
1627563517282 0.00033901566371201245 264
1627563517346 0.0003388325359421769 265
1627563517441 0.0003386594465391764 266
1627563517535 0.00033847279721222585 267
1627563517643 0.0003382822412346776 268
1627563517779 0.00033799100214111145 269
1627563517864 0.00033778890847488457 270
1627563517940 0.000337566304401659 271
1627563518016 0.0003373652515298261 272
1627563518069 0.00033719285331736153 273
1627563518135 0.00033700132605536757 274
1627563518210 0.0003367814709493705 275
1627563518284 0.0003366110856428354 276
1627563518341 0.0003364275801981217 277
1627563518416 0.00033616859468600115 278
1627563518469 0.0003360107435847196 279
1627563518539 0.0003357904544539315 280
1627563518605 0.00033555948500267645 281
1627563518674 0.00033536044612498183 282
1627563518747 0.00033514604375022017 283
1627563518797 0.0003349517206080675 284
1627563518854 0.00033475877899346847 285
1627563518917 0.00033458854782407964 286
1627563518972 0.00033438665343589474 287
1627563519062 0.0003340455470626207 288
1627563519117 0.00033388046191262105 289
1627563519179 0.00033370082243665066 290
1627563519248 0.00033349133682797864 291
1627563519348 0.0003332929683093199 292
1627563519418 0.00033312662664261567 293
1627563519481 0.0003329222441048175 294
1627563519554 0.0003327201471874236 295
1627563519625 0.0003325400724841813 296
1627563519690 0.0003323585469587247 297
1627563519745 0.000332193632472719 298
1627563519839 0.0003319743669511559 299
1627563519920 0.00033175698557403547 300
1627563519987 0.0003315643235169442 301
1627563520044 0.00033135560837560784 302
1627563520117 0.00033116293365278987 303
1627563520191 0.0003309543491823724 304
1627563520255 0.00033079050977783493 305
1627563520320 0.0003305937777420237 306
1627563520385 0.0003304269146462216 307
1627563520464 0.0003302281279440497 308
1627563520527 0.0003300518106218218 309
1627563520582 0.00032987296419375163 310
1627563520636 0.0003297295389388137 311
1627563520701 0.000329514219417736 312
1627563520758 0.00032937466181365467 313
1627563520813 0.00032919691729838994 314
1627563520877 0.0003290300232872351 315
1627563520970 0.00032878118830500516 316
1627563521033 0.00032861726004938254 317
1627563521125 0.0003283464529589444 318
1627563521197 0.00032814727528432126 319
1627563521274 0.00032798312820986954 320
1627563521330 0.00032780798529963035 321
1627563521414 0.000327625559014569 322
1627563521516 0.00032741008883842233 323
1627563521578 0.00032722304518819403 324
1627563521644 0.0003270307046245859 325
1627563521711 0.0003268375602064919 326
1627563521769 0.0003266843738728994 327
1627563521844 0.00032649577644236 328
1627563521926 0.0003262701241522091 329
1627563521992 0.0003260750348300466 330
1627563522053 0.0003258819649989679 331
1627563522133 0.00032562332646538753 332
1627563522180 0.0003254541305668074 333
1627563522243 0.00032525230316443154 334
1627563522305 0.00032506555483776604 335
1627563522368 0.0003248840804277808 336
1627563522428 0.00032471042537950194 337
1627563522482 0.00032456385397630204 338
1627563522544 0.0003244034001155501 339
1627563522612 0.0003242106256763132 340
1627563522680 0.00032402160078670285 341
1627563522770 0.00033349133682797864 342
1627563527237 0.0011000452673528413 0
1627563527381 0.0010148239390637497 1
1627563527509 0.0009395650488566192 2
1627563527635 0.0008733755116975187 3
1627563527771 0.0008152162061539636 4
1627563527899 0.0007646261798860619 5
1627563528032 0.0007207534176590026 6
1627563528168 0.0006828559280684402 7
1627563528292 0.00065013189762022 8
1627563528423 0.0006219682807109156 9
1627563528617 0.0005976027047214349 10
1627563528745 0.000576811531255135 11
1627563528915 0.0005589180179628952 12
1627563529044 0.0005438111881169106 13
1627563529198 0.000530911539469331 14
1627563529363 0.0005200402793944833 15
1627563529476 0.0005106459265086496 16
1627563529597 0.0005028365712131651 17
1627563529716 0.0004961729224370721 18
1627563529842 0.0004900973088640701 19
1627563529959 0.0004849323764323602 20
1627563530064 0.0004805251188973303 21
1627563530180 0.00047674072432759537 22
1627563530283 0.00047333754801205305 23
1627563530389 0.0004701320309450578 24
1627563530491 0.00046754068608437596 25
1627563530590 0.0004648208689638078 26
1627563530687 0.0004624173537920482 27
1627563530792 0.0004604514695719956 28
1627563530894 0.0004583161359877245 29
1627563530993 0.0004563768411514626 30
1627563531140 0.00045478029522602164 31
1627563531241 0.0004525992267548748 32
1627563531386 0.00045062202302386127 33
1627563531479 0.00044940684613293765 34
1627563531618 0.000447132219077513 35
1627563531741 0.0004460478516673344 36
1627563531890 0.0004437266755158211 37
1627563531987 0.00044178986943503606 38
1627563532086 0.0004402182928533702 39
1627563532172 0.00043932241855594437 40
1627563532263 0.0004379700534719805 41
1627563532362 0.0004358553294628079 42
1627563532469 0.0004336550211943664 43
1627563532571 0.00043224551506185633 44
1627563532664 0.00043146803165429595 45
1627563532761 0.00043002810778684374 46
1627563532842 0.00042927773455891976 47
1627563532939 0.0004283520791246703 48
1627563533049 0.0004275759252696778 49
1627563533208 0.00042604593895197835 50
1627563533308 0.00042517757255904027 51
1627563533460 0.00042309906624989773 52
1627563533580 0.000421135459165047 53
1627563533671 0.0004202257999797733 54
1627563533767 0.0004192124782375076 55
1627563533860 0.0004185540243148541 56
1627563533957 0.00041788525735086404 57
1627563534043 0.00041723845453634677 58
1627563534145 0.0004154140990111902 59
1627563534221 0.0004147208286898298 60
1627563534325 0.0004133810069660241 61
1627563534419 0.0004127803405169975 62
1627563534493 0.00041221379353649637 63
1627563534587 0.00041157196864167095 64
1627563534673 0.0004109696297197887 65
1627563534762 0.000410430291900758 66
1627563534844 0.00040990510690071605 67
1627563534947 0.00040901873830161763 68
1627563535046 0.00040743300184794553 69
1627563535134 0.0004068946640658732 70
1627563535228 0.00040617768543575034 71
1627563535309 0.0004056193086107653 72
1627563535412 0.0004048462258106007 73
1627563535497 0.00040424056095137795 74
1627563535590 0.00040357444659104997 75
1627563535684 0.0004030444170127235 76
1627563535769 0.0004023354307216222 77
1627563535854 0.00040184944385497786 78
1627563535945 0.0004013707504836926 79
1627563536068 0.0004001889943381694 80
1627563536152 0.0003996965113104037 81
1627563536248 0.0003992105802078891 82
1627563536338 0.0003987423620768055 83
1627563536438 0.00039779102158985706 84
1627563536533 0.0003973400393308394 85
1627563536642 0.0003963086214506858 86
1627563536729 0.0003957957756344813 87
1627563536812 0.0003953614427744425 88
1627563536903 0.00039465989203935547 89
1627563536983 0.0003941965769846897 90
1627563537069 0.0003937851573157988 91
1627563537161 0.00039299865303733117 92
1627563537264 0.0003920152927327871 93
1627563537355 0.000391296951321946 94
1627563537451 0.00039046601680502516 95
1627563537547 0.0003898313874455236 96
1627563537653 0.0003889693187219267 97
1627563537741 0.00038852047808353993 98
1627563537830 0.0003881127759745909 99
1627563537929 0.000387697150280768 100
1627563538028 0.00038690393892403836 101
1627563538086 0.0003865261991959246 102
1627563538189 0.00038601023729745073 103
1627563538260 0.00038561477662223825 104
1627563538349 0.0003852250785544044 105
1627563538422 0.00038480783087676667 106
1627563538522 0.00038407668097959396 107
1627563538605 0.00038366779241542795 108
1627563538694 0.0003832796806067305 109
1627563538790 0.0003825980705416711 110
1627563538867 0.00038222980334853243 111
1627563538944 0.0003818489456253353 112
1627563539044 0.00038126255958719846 113
1627563539120 0.0003808534399075853 114
1627563539204 0.0003804930979812177 115
1627563539263 0.000380139414818511 116
1627563539349 0.0003797118582195745 117
1627563539433 0.0003792456905244366 118
1627563539511 0.0003788928440424271 119
1627563539598 0.00037855945719524335 120
1627563539661 0.00037824079927185574 121
1627563539736 0.00037787720071257215 122
1627563539826 0.00037753799875717706 123
1627563539881 0.0003771984478502625 124
1627563539964 0.0003766568788731553 125
1627563540035 0.0003763352673612757 126
1627563540117 0.0003759617363725195 127
1627563540228 0.00037522907427160957 128
1627563540311 0.0003748370271974824 129
1627563540400 0.00037443306460116846 130
1627563540492 0.00037398788818192183 131
1627563540579 0.00037366310979547186 132
1627563540663 0.0003733253973485973 133
1627563540741 0.0003730155589499221 134
1627563540825 0.0003726804008650156 135
1627563540899 0.0003723537673078794 136
1627563540976 0.0003720172953148199 137
1627563541063 0.00037160409854618146 138
1627563541135 0.00037130169556018864 139
1627563541225 0.0003708592959402647 140
1627563541280 0.00037059839074868463 141
1627563541353 0.0003702876074311734 142
1627563541441 0.0003699023837939586 143
1627563541524 0.00036959459709296925 144
1627563541607 0.0003692490367836486 145
1627563541683 0.0003689578176525024 146
1627563541760 0.0003686670343700386 147
1627563541879 0.0003683600581008792 148
1627563541978 0.0003678738808696537 149
1627563542094 0.0003675690017291964 150
1627563542211 0.00036727864363506676 151
1627563542306 0.0003668213265049372 152
1627563542397 0.0003663514890136671 153
1627563542471 0.00036606609751725465 154
1627563542563 0.0003656574133012117 155
1627563542641 0.00036538170648900913 156
1627563542710 0.00036509703622256275 157
1627563542766 0.0003648578763609813 158
1627563542847 0.0003645342218377677 159
1627563542904 0.00036426252377675755 160
1627563542961 0.0003640015856908669 161
1627563543039 0.0003636238813354383 162
1627563543091 0.00036336174375323026 163
1627563543162 0.00036311777880993493 164
1627563543233 0.00036282581350361495 165
1627563543301 0.0003625533400138395 166
1627563543370 0.0003622970733975634 167
1627563543457 0.00036181931538940094 168
1627563543516 0.000361538412988561 169
1627563543572 0.0003612981332476024 170
1627563543646 0.0003609960981793613 171
1627563543712 0.0003607222044988612 172
1627563543787 0.000360448390370854 173
1627563543849 0.00036019497991132134 174
1627563543917 0.00035996410867399515 175
1627563544000 0.000359676649983258 176
1627563544066 0.00035944155226609283 177
1627563544168 0.000359100834699539 178
1627563544230 0.00035883188794209116 179
1627563544310 0.00035857234302014374 180
1627563544387 0.0003582580771786877 181
1627563544472 0.000357976201645835 182
1627563544534 0.00035771056443176154 183
1627563544609 0.0003574327269296953 184
1627563544672 0.00035721373612778167 185
1627563544741 0.0003569851287287842 186
1627563544809 0.0003567502913221983 187
1627563544884 0.0003564927244305285 188
1627563544982 0.00035598511965331396 189
1627563545052 0.0003557140413871621 190
1627563545141 0.0003553297385170718 191
1627563545202 0.0003550940843514449 192
1627563545276 0.00035485135475134835 193
1627563545355 0.0003545616434445023 194
1627563545428 0.00035431677327914224 195
1627563545510 0.00035397711773852575 196
1627563545576 0.00035373472346352924 197
1627563545639 0.00035346698508355735 198
1627563545738 0.0003530101220674252 199
1627563545809 0.00035280893987791397 200
1627563545900 0.00035244218280991126 201
1627563545964 0.00035222136908711656 202
1627563546028 0.00035199622107352736 203
1627563546099 0.00035172461358380674 204
1627563546165 0.00035147410879962296 205
1627563546224 0.00035122239530787654 206
1627563546289 0.0003509903007880071 207
1627563546370 0.0003507642748938754 208
1627563546496 0.00035033948444664417 209
1627563546566 0.0003500944164841458 210
1627563546635 0.00034984917304888865 211
1627563546730 0.0003495442289468293 212
1627563546794 0.00034929827859190253 213
1627563546853 0.0003490598971563976 214
1627563546929 0.0003488142855967687 215
1627563547026 0.00034859807997753993 216
1627563547099 0.0003483503454424974 217
1627563547154 0.000348161030444867 218
1627563547228 0.0003479150480231672 219
1627563547313 0.00034766021899573476 220
1627563547396 0.0003474107843719924 221
1627563547483 0.0003471957888577431 222
1627563547571 0.00034694280927806664 223
1627563547644 0.000346752538394817 224
1627563547726 0.00034652915326596214 225
1627563547823 0.00034629734169112794 226
1627563547937 0.00034604309180226667 227
1627563548025 0.0003457776383162291 228
1627563548102 0.0003455738882075625 229
1627563548164 0.0003453559067842595 230
1627563548234 0.00034511707383507476 231
1627563548320 0.00034488180176796024 232
1627563548387 0.00034464825292081523 233
1627563548466 0.0003444249099719444 234
1627563548532 0.00034419957147955395 235
1627563548626 0.00034397253429116665 236
1627563548702 0.00034376377083416816 237
1627563548772 0.0003435609492657637 238
1627563548829 0.00034332707576215045 239
1627563548897 0.00034312542492696385 240
1627563548966 0.0003428917417421583 241
1627563549027 0.0003426701078746551 242
1627563549096 0.00034248412312940744 243
1627563549163 0.0003422377403587498 244
1627563549217 0.0003420431735787244 245
1627563549277 0.000341810988863573 246
1627563549340 0.0003416134068736549 247
1627563549405 0.00034141695316451594 248
1627563549466 0.0003412475238587645 249
1627563549553 0.0003410102113931859 250
1627563549617 0.0003407917348918342 251
1627563549691 0.00034055346425663753 252
1627563549747 0.0003403576019244938 253
1627563549817 0.0003401448351152184 254
1627563549895 0.0003399676457340554 255
1627563549951 0.000339732350520914 256
1627563550029 0.00033951015629265905 257
1627563550095 0.00033927836631744 258
1627563550173 0.0003390841203745096 259
1627563550228 0.0003388991526402909 260
1627563550302 0.00033864433682539405 261
1627563550374 0.00033843487166744307 262
1627563550455 0.000338236070666944 263
1627563550524 0.00033800907395305365 264
1627563550585 0.00033780237700617986 265
1627563550655 0.0003375763795548336 266
1627563550733 0.00033739123883268554 267
1627563550795 0.00033716195261903443 268
1627563550853 0.0003369500652148342 269
1627563550931 0.0003367633502490514 270
1627563550993 0.00033659283278995015 271
1627563551066 0.00033640517072951176 272
1627563551156 0.0003361970678281965 273
1627563551250 0.0003359694353968074 274
1627563551321 0.00033576626456618773 275
1627563551387 0.00033559669737950697 276
1627563551448 0.0003354237886122117 277
1627563551502 0.0003352509852142126 278
1627563551572 0.0003457776383162291 279
