1627555158881 0.0010991881707436639 0
1627555159012 0.0010145009197388675 1
1627555159124 0.0009395546916094932 2
1627555159231 0.0008737428300112922 3
1627555159340 0.0008158889679153491 4
1627555159449 0.0007656638138011172 5
1627555159556 0.0007221704878640374 6
1627555159662 0.0006847346964973611 7
1627555159769 0.0006525779427170449 8
1627555159873 0.0006245013429491575 9
1627555159976 0.0006002669234216866 10
1627555160085 0.0005796003216846088 11
1627555160189 0.0005619803604083656 12
1627555160291 0.0005470421389460854 13
1627555160411 0.0005342150998194245 14
1627555160526 0.000523275426686625 15
1627555160623 0.0005139882812171844 16
1627555160729 0.0005063454626914742 17
1627555160824 0.00049975085406615 18
1627555160916 0.0004938901067046966 19
1627555161007 0.0004888495350803075 20
1627555161112 0.00048464317194189924 21
1627555161210 0.0004809526653506294 22
1627555161298 0.00047750605809423384 23
1627555161436 0.0004742522151522173 24
1627555161532 0.00047171421984302836 25
1627555161642 0.00046925906821916537 26
1627555161727 0.00046676953518099947 27
1627555161821 0.0004644216692064083 28
1627555161910 0.0004624617266145834 29
1627555161996 0.0004608050944055047 30
1627555162116 0.0004591055354623104 31
1627555162232 0.00045766477066710125 32
1627555162325 0.00045599861081377396 33
1627555162440 0.0004544950648236692 34
1627555162524 0.0004526586787754034 35
1627555162607 0.0004506764500185236 36
1627555162690 0.00044923322763679976 37
1627555162774 0.00044826917042361603 38
1627555162855 0.00044659291545303564 39
1627555162935 0.00044570583408972764 40
1627555163019 0.00044387623467073044 41
1627555163101 0.00044242552247312323 42
1627555163184 0.00044119884213531717 43
1627555163276 0.0004401576233953223 44
1627555163355 0.00043951606445260676 45
1627555163451 0.00043810087951784497 46
1627555163569 0.000436624873180863 47
1627555163641 0.0004357330386904808 48
1627555163739 0.0004350153670813606 49
1627555163836 0.0004335741278660236 50
1627555163904 0.00043296913257077674 51
1627555163981 0.0004322235896979882 52
1627555164073 0.0004311346667232585 53
1627555164152 0.00042993639172754185 54
1627555164255 0.00042904426052278207 55
1627555164358 0.0004281943025500448 56
1627555164438 0.0004276431420703715 57
1627555164519 0.00042710593107103684 58
1627555164633 0.00042543852146320567 59
1627555164733 0.00042477037510053677 60
1627555164809 0.0004240457918156987 61
1627555164885 0.00042332508169802666 62
1627555164971 0.0004228238983888838 63
1627555165051 0.00042201852721476465 64
1627555165193 0.00042042323508736056 65
1627555165288 0.0004196525647543554 66
1627555165360 0.0004192115926482597 67
1627555165459 0.0004184716462737461 68
1627555165597 0.00041800677440175296 69
1627555165680 0.0004174849905836296 70
1627555165758 0.00041701475020123664 71
1627555165863 0.0004159164826939688 72
1627555165939 0.00041535653367135084 73
1627555166023 0.00041478319268809823 74
1627555166117 0.00041340573339837896 75
1627555166230 0.00041281882616275026 76
1627555166330 0.00041234350724986165 77
1627555166426 0.0004119309450076018 78
1627555166536 0.00041115504766105253 79
1627555166638 0.00041068531513230945 80
1627555166718 0.0004097630027426328 81
1627555166800 0.0004092419452311789 82
1627555166866 0.0004088638147612733 83
1627555166951 0.0004077724907118043 84
1627555167027 0.0004073050090576219 85
1627555167112 0.0004066102676157274 86
1627555167177 0.00040619996885892163 87
1627555167241 0.0004057871407947658 88
1627555167332 0.0004053164999491425 89
1627555167430 0.0004047411947304502 90
1627555167514 0.0004041633618297861 91
1627555167585 0.0004034812243336276 92
1627555167663 0.0004030955456614779 93
1627555167769 0.00040267911563426884 94
1627555167883 0.0004022716962842878 95
1627555167989 0.0004018027331118794 96
1627555168067 0.0004010800966012272 97
1627555168131 0.00040070296012167977 98
1627555168206 0.0004003346162216307 99
1627555168305 0.00039990283538656065 100
1627555168378 0.0003995455339701124 101
1627555168502 0.0003987016675363519 102
1627555168581 0.00039829185210824746 103
1627555168654 0.0003979406132124173 104
1627555168725 0.00039754550091943426 105
1627555168799 0.00039719562348457287 106
1627555168874 0.0003968708327493041 107
1627555168986 0.0003960820260546158 108
1627555169079 0.0003957446814140746 109
1627555169157 0.0003952480139203518 110
1627555169227 0.00039489777197983884 111
1627555169302 0.000394190984624597 112
1627555169381 0.0003938487382321278 113
1627555169461 0.0003935210193990544 114
1627555169526 0.00039320186383240733 115
1627555169578 0.00039288423117345703 116
1627555169658 0.00039255989791329505 117
1627555169733 0.0003922066629785636 118
1627555169812 0.00039162682227354895 119
1627555169875 0.00039129199542081494 120
1627555169941 0.000390979300349787 121
1627555170005 0.0003906631868419394 122
1627555170082 0.0003902295257176157 123
1627555170167 0.0003894622512161447 124
1627555170243 0.0003889517802630877 125
1627555170328 0.0003883777634621298 126
1627555170404 0.00038776604574310456 127
1627555170507 0.00038714762219141803 128
1627555170590 0.00038684503368142817 129
1627555170674 0.0003865528488381269 130
1627555170765 0.0003859636491487314 131
1627555170868 0.00038545593543197026 132
1627555170946 0.00038514908208618913 133
1627555171019 0.0003848678654125597 134
1627555171083 0.0003845825924126947 135
1627555171150 0.0003842600541829319 136
1627555171230 0.0003839359084160449 137
1627555171316 0.0003835236944137686 138
1627555171390 0.0003832235986394535 139
1627555171451 0.00038293996489246573 140
1627555171525 0.0003825198228303764 141
1627555171588 0.00038225179221092794 142
1627555171648 0.00038199539332318277 143
1627555171720 0.00038171913270365263 144
1627555171783 0.0003814505724029263 145
1627555171870 0.00038118069037446664 146
1627555171927 0.0003809383974255224 147
1627555171991 0.00038066359008781216 148
1627555172065 0.0003803911319414997 149
1627555172133 0.000380110303388887 150
1627555172202 0.00037977427357016065 151
1627555172271 0.0003794526021238273 152
1627555172347 0.0003791862438893475 153
1627555172403 0.00037895495309469993 154
1627555172494 0.0003786912368719995 155
1627555172569 0.0003784334082849155 156
1627555172641 0.00037816564717239816 157
1627555172721 0.0003778654097830135 158
1627555172781 0.0003776104798107903 159
1627555172864 0.0003771952996168776 160
1627555172942 0.0003766494230751663 161
1627555173020 0.0003763666443738101 162
1627555173091 0.0003761090261267356 163
1627555173158 0.00037582484122044316 164
1627555173211 0.0003756051928730437 165
1627555173263 0.00037540350877432357 166
1627555173329 0.0003751029289053638 167
1627555173409 0.0003747317291053505 168
1627555173466 0.0003745082187710963 169
1627555173530 0.00037426437380638756 170
1627555173612 0.00037400312366552956 171
1627555173728 0.0003734629219329522 172
1627555173775 0.0003732194123509758 173
1627555173830 0.0003729946443309765 174
1627555173889 0.0003727516462540648 175
1627555173957 0.0003724891081417537 176
1627555174026 0.0003721450028091811 177
1627555174103 0.0003718870219356335 178
1627555174169 0.00037166515847874854 179
1627555174219 0.00037142102408306224 180
1627555174305 0.00037119723668312235 181
1627555174372 0.0003708758631361273 182
1627555174442 0.00037065368521871015 183
1627555174502 0.0003703945351297751 184
1627555174594 0.00037005159333291257 185
1627555174670 0.0003698329459742456 186
1627555174737 0.0003695972091009087 187
1627555174793 0.0003694050761442299 188
1627555174902 0.00036903213427410235 189
1627555175005 0.0003687973339933042 190
1627555175077 0.00036843290421212426 191
1627555175141 0.00036821159978578486 192
1627555175206 0.00036798213450715215 193
1627555175273 0.00036769475226933407 194
1627555175336 0.00036749248729225106 195
1627555175426 0.0003673008218979662 196
1627555175508 0.00036705905140831146 197
1627555175558 0.00036684569229904814 198
1627555175624 0.00036659658921842813 199
1627555175696 0.00036640740897852495 200
1627555175771 0.0003661979636386463 201
1627555175848 0.0003657928828877675 202
1627555175924 0.00036558363925395196 203
1627555175986 0.00036537467493872656 204
1627555176052 0.00036514409762544367 205
1627555176106 0.00036493098277946286 206
1627555176179 0.0003646656612280201 207
1627555176226 0.00036446343320810034 208
1627555176280 0.0003642550623921258 209
1627555176349 0.00036402711412833526 210
1627555176469 0.0003635685776157602 211
1627555176514 0.0003633582306574469 212
1627555176575 0.00036311851284684014 213
1627555176637 0.0003629143001091315 214
1627555176717 0.0003626808268935254 215
1627555176797 0.0003623360417224753 216
1627555176861 0.00036213418379207613 217
1627555176944 0.00036193903856996686 218
1627555177037 0.0003617300805222977 219
1627555177137 0.00036154451624198584 220
1627555177218 0.0003613638238860486 221
1627555177280 0.0003611604086793995 222
1627555177357 0.00036094411657152894 223
1627555177440 0.0003607563325645094 224
1627555177504 0.00036054945726788897 225
1627555177589 0.0003603416608993805 226
1627555177672 0.000360134944747682 227
1627555177750 0.0003599587755946367 228
1627555177883 0.0003596053317555051 229
1627555177942 0.0003593891095496583 230
1627555178002 0.0003591840390722921 231
1627555178074 0.0003589637494049871 232
1627555178145 0.0003587553613816942 233
1627555178207 0.000358506001763221 234
1627555178262 0.0003582988232744271 235
1627555178307 0.0003581100858165746 236
1627555178374 0.00035791945332870075 237
1627555178455 0.00035753624208139853 238
1627555178509 0.0003573333163112443 239
1627555178567 0.0003571267332906134 240
1627555178616 0.00035692223868238556 241
1627555178665 0.00035674472227636403 242
1627555178727 0.000356519551784433 243
1627555178788 0.000356322951701691 244
1627555178849 0.00035613594711097265 245
1627555178909 0.0003559416957571669 246
1627555178975 0.0003557367218154893 247
1627555179052 0.00035555032400561227 248
1627555179142 0.0003553628977828352 249
1627555179259 0.0003551592440616666 250
1627555179336 0.00035496594293699097 251
1627555179386 0.0003547944946177442 252
1627555179451 0.0003546053650876724 253
1627555179553 0.0003543158819694143 254
1627555179604 0.00035412983183936763 255
1627555179666 0.00035392331311852814 256
1627555179769 0.00035366151949047344 257
1627555179832 0.0003534904417974336 258
1627555179891 0.00035331861704730413 259
1627555179946 0.0003531297682337047 260
1627555179999 0.00035296686762454634 261
1627555180062 0.00035272717406184924 262
1627555180120 0.0003525561227983157 263
1627555180174 0.00035236488119751836 264
1627555180233 0.0003521790070931298 265
1627555180306 0.00035200056702811916 266
1627555180375 0.0003517642398476725 267
1627555180431 0.0003515578391963928 268
1627555180482 0.0003513793134007324 269
1627555180552 0.00035117379135596874 270
1627555180619 0.0003509757143155123 271
1627555180689 0.00035078906602377006 272
1627555180747 0.0003506073582703087 273
1627555180815 0.0003504068116170172 274
1627555180884 0.000350255610719476 275
1627555180969 0.0003500961528545008 276
1627555181017 0.00034991365321042616 277
1627555181066 0.0003497456396568117 278
1627555181133 0.00034956011302552287 279
1627555181179 0.0003493951257660822 280
1627555181257 0.00034906588152207644 281
1627555181322 0.0003488845186547059 282
1627555181381 0.00034868028739642624 283
1627555181429 0.0003485207020508844 284
1627555181478 0.0003483862675286173 285
1627555181542 0.0003481629183769307 286
1627555181592 0.00034799791534614476 287
1627555181656 0.00034782553006102416 288
1627555181706 0.0003476660655787918 289
1627555181778 0.00034738872513226116 290
1627555181823 0.0003472436004939928 291
1627555181883 0.00034705528118383243 292
1627555181937 0.00034689238079114776 293
1627555181988 0.00034672017128310696 294
1627555182048 0.00034653304293514177 295
1627555182099 0.00034637073962693785 296
1627555182145 0.00034620414730015614 297
1627555182201 0.0003460283314032455 298
1627555182274 0.00034575196349706 299
1627555182354 0.00034560195808253286 300
1627555182436 0.00034544227133076255 301
1627555182505 0.00034527380637694314 302
1627555182571 0.00034510583184478106 303
1627555182622 0.00034494818845017195 304
1627555182709 0.0003447897864357554 305
1627555182776 0.00034462618900224366 306
1627555182836 0.0003444661127168763 307
1627555182893 0.0003442431114390084 308
1627555182957 0.0003440627687596113 309
1627555183011 0.0003438826627616223 310
1627555183081 0.0003436993675366332 311
1627555183136 0.00034353451570605945 312
1627555183196 0.00034339052133108974 313
1627555183257 0.0003432233338980695 314
1627555183320 0.0003430513297762665 315
1627555183369 0.00034289701004559635 316
1627555183420 0.00034273380713573077 317
1627555183483 0.0003425596146324489 318
1627555183567 0.00034225535209849215 319
1627555183618 0.00034209898291623955 320
1627555183682 0.000341939005933886 321
1627555183734 0.00034178951756211833 322
1627555183809 0.00034161992732680257 323
1627555183900 0.0003414796971955508 324
1627555183990 0.0003413378006211698 325
1627555184057 0.00034117488024211224 326
1627555184146 0.00034094955432198486 327
1627555184207 0.0003407895515739712 328
1627555184263 0.00034062877789105305 329
1627555184323 0.0003404770450424723 330
1627555184381 0.0003403220010315133 331
1627555184445 0.0003401489941795463 332
1627555184492 0.00033999337176756673 333
1627555184549 0.000339834742160629 334
1627555184609 0.00033965328668885265 335
1627555184658 0.0003394949200763976 336
1627555184727 0.0003393305294495265 337
1627555184783 0.00033921629485327096 338
1627555184855 0.00033894147233437755 339
1627555184905 0.0003387827155461648 340
1627555184957 0.00033861648882684903 341
1627555185008 0.0003384679917001795 342
1627555185061 0.00033831813435986855 343
1627555185111 0.00033818053453353835 344
1627555185168 0.00033802303216003024 345
1627555185245 0.00033787166585034844 346
1627555185310 0.0003376981483442711 347
1627555185359 0.0003375509233440342 348
1627555185409 0.0003374122133684549 349
1627555185492 0.0003372773639767689 350
1627555185561 0.0003370993320269225 351
1627555185620 0.0003369653950089415 352
1627555185671 0.0003368481524486016 353
1627555185733 0.0003366910667195223 354
1627555185798 0.0003365330376508736 355
1627555185889 0.00033638077387824583 356
1627555185982 0.0003362332023692118 357
1627555186060 0.0003360932145627497 358
1627555186141 0.00033592827259085493 359
1627555186247 0.00033571346247945487 360
1627555186305 0.0003355669635971753 361
1627555186350 0.00033544275177764776 362
1627555186408 0.000335275985916472 363
1627555186457 0.0003351222794630262 364
1627555186512 0.0003349741071766017 365
1627555186561 0.0003348403419183168 366
1627555186619 0.0003347045219562704 367
1627555186690 0.00033454522599264404 368
1627555186752 0.0003343872300597394 369
1627555186797 0.0003342488484224338 370
1627555186847 0.0003341200664490278 371
1627555186902 0.0003340039217126587 372
1627555186980 0.00033376531991545 373
1627555187037 0.0003336016560850105 374
1627555187093 0.0003334719021764156 375
1627555187157 0.00033330486065890307 376
1627555187210 0.0003331808026579056 377
1627555187261 0.0003330285687799304 378
1627555187322 0.0003328818110991212 379
1627555187375 0.0003327605507452636 380
1627555187423 0.00033262556615088813 381
1627555187480 0.00033248218669535405 382
1627555187536 0.00033234930535656947 383
1627555187586 0.00033219864481854504 384
1627555187635 0.0003320579805136953 385
1627555187694 0.0003319085824457789 386
1627555187751 0.0003317732131919759 387
1627555187805 0.0003316133552845556 388
1627555187851 0.0003315026763504645 389
1627555187930 0.00033894147233437755 390
1627555192153 0.0010990784943687238 0
1627555192287 0.0010143961293790813 1
1627555192403 0.0009397640102150047 2
1627555192519 0.0008740182086686111 3
1627555192633 0.0008163532616863027 4
1627555192748 0.0007662073836350313 5
1627555192865 0.000722811302536181 6
1627555192981 0.0006854155879655673 7
1627555193125 0.000653076882389124 8
1627555193236 0.0006251745615284698 9
1627555193347 0.0006011531049528168 10
1627555193456 0.0005807086465702227 11
1627555193578 0.0005632776950629211 12
1627555193734 0.0005483927070018129 13
1627555193835 0.0005356051981380846 14
1627555193941 0.0005246588343291813 15
1627555194044 0.000515373230692801 16
1627555194190 0.0005076928296499721 17
1627555194298 0.0005011629567404717 18
1627555194400 0.0004951414966297741 19
1627555194526 0.0004901510233007614 20
1627555194645 0.00048590192970280905 21
1627555194752 0.00048228506726614713 22
1627555194852 0.00047895446304811946 23
1627555194987 0.00047596400994460287 24
1627555195112 0.00047341025979923584 25
1627555195258 0.00047099944905928823 26
1627555195365 0.00046863580837114564 27
1627555195464 0.0004665847455294627 28
1627555195561 0.00046446188468535134 29
1627555195647 0.00046257112426447116 30
1627555195737 0.0004607449067935647 31
1627555195829 0.00045924467121530646 32
1627555195922 0.0004576999815674695 33
1627555196005 0.00045650687169055884 34
1627555196085 0.00045511836712348386 35
1627555196172 0.00045286688946428907 36
1627555196258 0.00045172264904753734 37
1627555196347 0.00045069925147857526 38
1627555196433 0.0004489143412177898 39
1627555196517 0.00044749724714080873 40
1627555196603 0.000445721439464041 41
1627555196690 0.00044430000619067743 42
1627555196772 0.0004430241495325621 43
1627555196860 0.00044202360759358167 44
1627555196937 0.0004412291526129007 45
1627555197025 0.0004396785647639739 46
1627555197121 0.0004378986776215975 47
1627555197205 0.0004366462308975802 48
1627555197298 0.0004360302040370426 49
1627555197411 0.00043453771584101063 50
1627555197482 0.00043396579145646295 51
1627555197574 0.0004333536496394261 52
1627555197678 0.00043163040602557174 53
1627555197751 0.00043095599608723934 54
1627555197833 0.00042993983797881525 55
1627555197918 0.00042935939375853997 56
1627555197996 0.00042867315222215255 57
1627555198079 0.0004280985616632739 58
1627555198212 0.0004266406956773425 59
1627555198308 0.00042593900670837465 60
1627555198411 0.00042545913376105756 61
1627555198486 0.00042489070348151575 62
1627555198572 0.00042418522716545175 63
1627555198646 0.0004236733471302314 64
1627555198728 0.00042311444735606386 65
1627555198810 0.00042253195473892146 66
1627555198896 0.00042181952901731426 67
1627555198991 0.0004203626838951144 68
1627555199132 0.00041956475457699327 69
1627555199251 0.00041878802003881595 70
1627555199365 0.0004178090527816659 71
1627555199482 0.0004166486726129596 72
1627555199562 0.0004160294662386024 73
1627555199649 0.0004155835621710971 74
1627555199738 0.00041441912512057543 75
1627555199819 0.000413742611956262 76
1627555199886 0.0004133020972149964 77
1627555199957 0.0004128632784486048 78
1627555200051 0.0004119192026452855 79
1627555200132 0.0004114000359120529 80
1627555200217 0.0004109606868489129 81
1627555200305 0.0004104921308765024 82
1627555200375 0.0004101101640031834 83
1627555200466 0.0004090560864203827 84
1627555200568 0.00040859789752377396 85
1627555200652 0.00040819347104331156 86
1627555200755 0.0004077544759716332 87
1627555200857 0.0004071366873105425 88
1627555200935 0.0004067170970694317 89
1627555201005 0.00040636423905612287 90
1627555201095 0.00040531137595578776 91
1627555201175 0.0004048548034854941 92
1627555201246 0.0004044360795075618 93
1627555201323 0.000404033968274648 94
1627555201407 0.00040325481519077027 95
1627555201488 0.00040247529414386043 96
1627555201567 0.0004021165962813976 97
1627555201658 0.00040128323866863477 98
1627555201740 0.0004008381513744945 99
1627555201852 0.0004001180777830216 100
1627555201942 0.00039934030705854546 101
1627555202016 0.000398929347468827 102
1627555202095 0.0003983745504002776 103
1627555202159 0.0003980429494264453 104
1627555202258 0.0003975541726218288 105
1627555202331 0.00039720110542690583 106
1627555202416 0.0003965980572436563 107
1627555202510 0.00039612909792252285 108
1627555202598 0.00039536079728900715 109
1627555202669 0.0003950107799248277 110
1627555202737 0.00039465686704484343 111
1627555202811 0.0003943070043166618 112
1627555202887 0.0003939744585961633 113
1627555202952 0.00039365329006263 114
1627555203031 0.00039290381018046883 115
1627555203105 0.0003925748409323927 116
1627555203168 0.0003919504826020142 117
1627555203209 0.0003916063757570796 118
1627555203249 0.00039127924586627403 119
1627555203298 0.000390903460796196 120
1627555203341 0.0003905523091550519 121
1627555203385 0.0003901637683167761 122
1627555203435 0.00038982644194177806 123
1627555203476 0.0003894651091424496 124
1627555203523 0.00038908682713136874 125
1627555203562 0.0003887802515902946 126
1627555203601 0.0003884332272226871 127
1627555203643 0.0003881306726710973 128
1627555203684 0.000387844730964024 129
1627555203735 0.0003873486016304613 130
1627555203765 0.00038709213435384187 131
1627555203811 0.00038670058942317327 132
1627555203850 0.00038638471825775083 133
1627555203891 0.0003860939766603046 134
1627555203929 0.000385776685027913 135
1627555203969 0.00038546066596195806 136
1627555203997 0.00038517248589550247 137
1627555204039 0.0003847905058559332 138
1627555204077 0.0003844969747560328 139
1627555204123 0.00038414218582890654 140
1627555204161 0.00038387690677605584 141
1627555204189 0.0003835694320676998 142
1627555204220 0.0003833149794237872 143
1627555204264 0.0003830293182680021 144
1627555204303 0.0003827606490974999 145
1627555204362 0.00038221389002027775 146
1627555204397 0.0003819754483015448 147
1627555204431 0.0003816979619002689 148
1627555204476 0.0003814363412350303 149
1627555204531 0.00038115841274492394 150
1627555204580 0.00038067349561987277 151
1627555204624 0.00038039246062918043 152
1627555204670 0.00038011153117720046 153
1627555204706 0.00037984850842844595 154
1627555204753 0.00037955970358645376 155
1627555204799 0.00037928133241515126 156
1627555204832 0.0003790065914007134 157
1627555204881 0.00037875651109208034 158
1627555204919 0.00037846649873137536 159
1627555204965 0.0003781488164529825 160
1627555205003 0.00037789770913710687 161
1627555205061 0.0003772499560836457 162
1627555205095 0.0003770060582340982 163
1627555205146 0.00037656058694105073 164
1627555205178 0.0003763060682433051 165
1627555205205 0.0003760850155335944 166
1627555205249 0.00037574259082054573 167
1627555205292 0.0003754837294050073 168
1627555205326 0.00037524417700938735 169
1627555205366 0.00037500620026155234 170
1627555205401 0.00037475224171740955 171
1627555205455 0.00037433353217221734 172
1627555205485 0.00037411428266039774 173
1627555205523 0.00037387314894409403 174
1627555205572 0.0003735082940409734 175
1627555205603 0.0003732427475894325 176
1627555205638 0.0003730224618802634 177
1627555205672 0.0003727853451562554 178
1627555205709 0.0003725457958266138 179
1627555205748 0.0003722877229053715 180
1627555205789 0.000372049709222489 181
1627555205825 0.0003718118972138765 182
1627555205869 0.0003715689829527937 183
1627555205896 0.000371349271992644 184
1627555205934 0.00037109287073301147 185
1627555205964 0.000370880925305623 186
1627555205994 0.0003706723327475003 187
1627555206043 0.00037023492267089216 188
1627555206084 0.00037000609297945696 189
1627555206115 0.00036982575691499043 190
1627555206172 0.00036939473820203725 191
1627555206200 0.0003691692060057321 192
1627555206239 0.0003689142729128147 193
1627555206271 0.00036867988971848813 194
1627555206328 0.0003683299265904465 195
1627555206376 0.0003680955179371675 196
1627555206414 0.0003678753186031209 197
1627555206464 0.00036749061848512655 198
1627555206514 0.00036726431421305305 199
1627555206568 0.000367043770527165 200
1627555206621 0.0003666068479253196 201
1627555206662 0.0003664078832024306 202
1627555206697 0.0003661707779884078 203
1627555206738 0.0003659353748482587 204
1627555206774 0.00036570029418350205 205
1627555206815 0.00036546507904814865 206
1627555206859 0.00036522075730603595 207
1627555206918 0.0003648205222007652 208
1627555206947 0.0003646211276459782 209
1627555206976 0.0003644060341676981 210
1627555207015 0.0003641571221000207 211
1627555207043 0.00036396435326354546 212
1627555207079 0.00036375858481990685 213
1627555207118 0.0003635728724525524 214
1627555207163 0.00036335237989273294 215
1627555207203 0.0003631576760710113 216
1627555207234 0.0003629589862160455 217
1627555207272 0.0003627412310130208 218
1627555207302 0.00036255315776554173 219
1627555207335 0.00036238147061432886 220
1627555207373 0.0003621901385230198 221
1627555207411 0.0003619680979832628 222
1627555207450 0.0003617649378439967 223
1627555207489 0.0003615587963950707 224
1627555207530 0.0003613634444355592 225
1627555207563 0.00036116228086299356 226
1627555207594 0.00036096031913969786 227
1627555207623 0.0003607653417932691 228
1627555207670 0.0003604542245420145 229
1627555207703 0.0003602543818580757 230
1627555207735 0.00036004073493727987 231
1627555207779 0.00035977562154113237 232
1627555207820 0.0003595499992685909 233
1627555207870 0.0003592769749671744 234
1627555207908 0.00035903319071114406 235
1627555207951 0.0003587705505939293 236
1627555207984 0.00035858744221954397 237
1627555208011 0.000358416173105846 238
1627555208039 0.00035821032474989855 239
1627555208080 0.0003580150536930581 240
1627555208109 0.00035782907440255307 241
1627555208135 0.0003576610783061995 242
1627555208180 0.00035746967095420513 243
1627555208206 0.0003572788684159535 244
1627555208243 0.00035707356965332306 245
1627555208268 0.00035688254561467344 246
1627555208296 0.00035669541337962813 247
1627555208348 0.00035641646719243103 248
1627555208393 0.00035616641004613717 249
1627555208441 0.0003559762462845476 250
1627555208471 0.00035579178695185134 251
1627555208511 0.00035560717193417607 252
1627555208551 0.00035541183733656654 253
1627555208597 0.0003550955891433058 254
1627555208624 0.0003549144986997412 255
1627555208652 0.0003547561835569694 256
1627555208680 0.0003545717121499482 257
1627555208706 0.00035439738230919434 258
1627555208745 0.00035419082151159404 259
1627555208773 0.0003540074455812262 260
1627555208802 0.00035384867141970724 261
1627555208846 0.00035361964576614634 262
1627555208883 0.0003534484724796385 263
1627555208915 0.00035326680872831313 264
1627555208944 0.00035307449059265617 265
1627555208973 0.0003529099060531989 266
1627555209006 0.00035271634924097716 267
1627555209037 0.0003525399448256449 268
1627555209069 0.0003523712992843343 269
1627555209110 0.000352170051648021 270
1627555209144 0.0003519981929534321 271
1627555209175 0.0003518307479252825 272
1627555209201 0.00035165270503569404 273
1627555209245 0.0003514270781266017 274
1627555209288 0.0003511813558022228 275
1627555209324 0.0003510055276130803 276
1627555209349 0.00035084033704193483 277
1627555209384 0.00035064904715378134 278
1627555209419 0.00035045450701344386 279
1627555209443 0.0003502808012937051 280
1627555209480 0.000350099417001278 281
1627555209512 0.0003499351394730094 282
1627555209554 0.0003497497841945609 283
1627555209580 0.000349576818515459 284
1627555209607 0.00034940606067425313 285
1627555209648 0.0003491820527877591 286
1627555209686 0.000348996915318314 287
1627555209716 0.0003488399314204739 288
1627555209741 0.0003486600527544943 289
1627555209773 0.00034851197579058627 290
1627555209818 0.0003482650837069198 291
1627555209843 0.00034811336289344624 292
1627555209870 0.0003479666617973645 293
1627555209901 0.00034779217466202283 294
1627555209928 0.00034761905626301103 295
1627555209962 0.00034744492102086345 296
1627555209999 0.0003472532242010957 297
1627555210037 0.0003470809497463655 298
1627555210087 0.0003468106659249411 299
1627555210134 0.00034663805014960915 300
1627555210193 0.0003464656020153955 301
1627555210219 0.00034629736464505934 302
1627555210257 0.00034612772647185056 303
1627555210292 0.00034595751764201745 304
1627555210324 0.0003457998838684764 305
1627555210350 0.0003456364543783923 306
1627555210381 0.00034548694609670574 307
1627555210424 0.0003453097769834819 308
1627555210463 0.00034513486327672884 309
1627555210489 0.00034496675389069487 310
1627555210535 0.0003446846401960872 311
1627555210562 0.000344512924122876 312
1627555210601 0.000344322201139253 313
1627555210628 0.00034416104755908075 314
1627555210656 0.00034402294939773576 315
1627555210681 0.0003438644821974585 316
1627555210709 0.0003437023845637331 317
1627555210737 0.00034353710055603354 318
1627555210770 0.0003433791323695876 319
1627555210797 0.0003432073562724392 320
1627555210823 0.00034304309431208344 321
1627555210852 0.00034288080221280746 322
1627555210887 0.00034272203065346317 323
1627555210936 0.0003424130955685081 324
1627555210969 0.0003422742870101609 325
1627555210997 0.0003421068039214712 326
1627555211035 0.00034194345254440445 327
1627555211073 0.0003417659493166791 328
1627555211109 0.0003415731741501233 329
1627555211143 0.0003413736022302027 330
1627555211179 0.00034121161056181027 331
1627555211205 0.00034106114722891567 332
1627555211237 0.0003409005052032794 333
1627555211264 0.00034075953446081035 334
1627555211295 0.0003406296227262751 335
1627555211332 0.00034046661736740176 336
1627555211359 0.0003403245494229824 337
1627555211391 0.00034019708868935727 338
1627555211429 0.0003400445121233078 339
1627555211463 0.00033988775715649216 340
1627555211503 0.0003397084350908938 341
1627555211532 0.00033956547439651806 342
1627555211559 0.0003394078932088405 343
1627555211590 0.00033926383427646624 344
1627555211615 0.00033910280155068475 345
1627555211643 0.0003389517151815558 346
1627555211679 0.0003387872534577243 347
1627555211707 0.00033863436848954816 348
1627555211746 0.00033845711608777016 349
1627555211795 0.0003383030036099171 350
1627555211854 0.00034663805014960915 351
1627555215878 0.0010999943767028414 0
1627555216004 0.0010152084160273685 1
1627555216174 0.0009402620325306173 2
1627555216287 0.000874746082460977 3
1627555216449 0.0008172864689343031 4
1627555216596 0.0007670406828915358 5
1627555216712 0.0007235237628071649 6
1627555216820 0.0006861954846063419 7
1627555216931 0.0006539640496846088 8
1627555217037 0.0006259699596019087 9
1627555217141 0.0006017333140732353 10
1627555217274 0.0005810496441131474 11
1627555217411 0.000563275831786609 12
1627555217551 0.0005483186217768459 13
1627555217645 0.0005355312083352737 14
1627555217750 0.000524669183746065 15
1627555217852 0.0005153944899790268 16
1627555217959 0.0005076554943931888 17
1627555218063 0.0005010807266226122 18
1627555218163 0.0004950518130907713 19
1627555218255 0.0004897945699877989 20
1627555218350 0.00048552129486323793 21
1627555218457 0.0004819154851960652 22
1627555218554 0.0004783475141448966 23
1627555218651 0.0004751460240334547 24
1627555218737 0.000472619216565814 25
1627555218826 0.0004700727132615737 26
1627555218919 0.000467842452148881 27
1627555219010 0.00046550005516109036 28
1627555219098 0.0004634324831098594 29
1627555219183 0.0004615624124858252 30
1627555219273 0.00046016618113123693 31
1627555219359 0.00045831938977795096 32
1627555219438 0.0004566894599152108 33
1627555219521 0.000455427654340656 34
1627555219602 0.00045351567833439244 35
1627555219686 0.0004517858710637306 36
1627555219774 0.00044985810407936706 37
1627555219861 0.00044794280275410695 38
1627555219948 0.0004466077450621333 39
1627555220022 0.00044572859785078515 40
1627555220105 0.00044442551339221906 41
1627555220185 0.00044352335542493533 42
1627555220268 0.00044252035871645445 43
1627555220352 0.00044149125818935425 44
1627555220430 0.0004403643762412524 45
1627555220528 0.0004382481545993418 46
1627555220606 0.00043749694963312127 47
1627555220709 0.0004366423089432355 48
1627555220798 0.0004358501266740504 49
1627555220906 0.00043402144273877206 50
1627555220985 0.00043327218079247524 51
1627555221081 0.0004323478725218374 52
1627555221171 0.0004313969202734261 53
1627555221268 0.0004300291090306241 54
1627555221358 0.00042873094990749657 55
1627555221447 0.0004270963080109239 56
1627555221529 0.00042654619603258354 57
1627555221607 0.00042601104824290025 58
1627555221693 0.00042517431950557516 59
1627555221765 0.00042461732005893337 60
1627555221849 0.0004231640226216958 61
1627555221935 0.00042204911798009436 62
1627555222005 0.00042152328713096433 63
1627555222084 0.00042094098167727237 64
1627555222169 0.0004200212483560936 65
1627555222243 0.000419370531278773 66
1627555222322 0.00041869482180345623 67
1627555222411 0.00041746944138247886 68
1627555222499 0.0004168579936177746 69
1627555222583 0.00041629130631956753 70
1627555222656 0.00041578826282088316 71
1627555222730 0.0004153050799335665 72
1627555222807 0.00041421626190432046 73
1627555222891 0.0004136413621905072 74
1627555222968 0.0004132176762170024 75
1627555223051 0.0004120941807114451 76
1627555223134 0.0004112784171873957 77
1627555223209 0.0004108441594230931 78
1627555223287 0.0004103990387975979 79
1627555223374 0.00040947866920130544 80
1627555223455 0.0004088452715570771 81
1627555223534 0.00040837508195158646 82
1627555223602 0.0004080126955073253 83
1627555223682 0.0004075220984313381 84
1627555223757 0.00040705052923928114 85
1627555223825 0.0004065090476646947 86
1627555223898 0.00040609682371994663 87
1627555223970 0.0004056266708585249 88
1627555224044 0.00040517007359374237 89
1627555224119 0.0004047815162129891 90
1627555224201 0.00040381366586877244 91
1627555224281 0.0004031031823756166 92
1627555224355 0.0004027211794259287 93
1627555224435 0.00040237128305480627 94
1627555224560 0.00040177542806377144 95
1627555224657 0.00040089398664368807 96
1627555224745 0.00040053030698483535 97
1627555224830 0.0003998415884373779 98
1627555224944 0.0003994281383906885 99
1627555225089 0.00039906693350243356 100
1627555225169 0.0003986445802694195 101
1627555225252 0.0003983301219833796 102
1627555225317 0.0003979442981366861 103
1627555225399 0.00039748291172302856 104
1627555225477 0.00039698760255386446 105
1627555225554 0.00039653358653486486 106
1627555225624 0.00039619382127488814 107
1627555225710 0.0003956361061922973 108
1627555225779 0.0003952909080934342 109
1627555225862 0.0003948737056997149 110
1627555225933 0.0003945179453508249 111
1627555226009 0.00039401068815915106 112
1627555226099 0.00039332376883641164 113
1627555226196 0.00039295362007533047 114
1627555226307 0.0003924013812426921 115
1627555226383 0.00039207534390186985 116
1627555226505 0.0003913736633978691 117
1627555226570 0.00039105329204596297 118
1627555226654 0.00039072964016709043 119
1627555226757 0.0003902325158959058 120
1627555226842 0.0003896600891421607 121
1627555226897 0.0003893452219753182 122
1627555226968 0.00038900185307038065 123
1627555227042 0.0003886976857645636 124
1627555227124 0.000388161368232514 125
1627555227185 0.0003878596452936448 126
1627555227263 0.00038734568178397486 127
1627555227357 0.00038705549587040444 128
1627555227435 0.00038673351480831235 129
1627555227516 0.0003863464785657697 130
1627555227597 0.00038604670107485125 131
1627555227705 0.000385626946661885 132
1627555227781 0.0003852949543729869 133
1627555227851 0.0003849604892123773 134
1627555227917 0.00038467422377669026 135
1627555227976 0.0003843967132814585 136
1627555228029 0.00038412056946316017 137
1627555228095 0.0003838295871922956 138
1627555228160 0.00038351723671741975 139
1627555228237 0.00038317090352596645 140
1627555228306 0.00038291808279322686 141
1627555228367 0.00038264829659719876 142
1627555228446 0.0003821653742314536 143
1627555228513 0.00038186871414826385 144
1627555228565 0.0003816337440228029 145
1627555228637 0.00038134402422874286 146
1627555228712 0.0003810393083640686 147
1627555228800 0.0003805378633566336 148
1627555228866 0.00038027797370966264 149
1627555228947 0.00037998509030846454 150
1627555229026 0.0003795525927985195 151
1627555229097 0.00037927004811905726 152
1627555229163 0.0003790158657147573 153
1627555229215 0.0003787656980996361 154
1627555229280 0.0003784240647155519 155
1627555229360 0.00037813857294061984 156
1627555229484 0.00037783856336446713 157
1627555229584 0.00037761536300583257 158
1627555229688 0.00037733495922361666 159
1627555229774 0.00037678505689230465 160
1627555229829 0.000376517241470902 161
1627555229913 0.0003762513451640936 162
1627555229972 0.0003760275757490646 163
1627555230035 0.00037580761582941386 164
1627555230101 0.0003755665819235969 165
1627555230160 0.00037528972300764004 166
1627555230239 0.0003750049646959545 167
1627555230309 0.00037475340746744067 168
1627555230369 0.00037451360823383985 169
1627555230437 0.0003742236300920005 170
1627555230496 0.0003739795644094662 171
1627555230578 0.00037349072055902784 172
1627555230626 0.0003732711121132354 173
1627555230692 0.00037303894483455425 174
1627555230765 0.0003727509755562117 175
1627555230831 0.0003725024495109464 176
1627555230890 0.0003722855921217324 177
1627555230952 0.0003720370923989547 178
1627555231005 0.00037182698493108457 179
1627555231057 0.0003716178795679302 180
1627555231114 0.0003713961757856577 181
1627555231175 0.00037116434431953236 182
1627555231241 0.00037081828401156207 183
1627555231304 0.00037057034326372514 184
1627555231382 0.0003702947482685729 185
1627555231465 0.00037009124033719754 186
1627555231516 0.0003698845321741683 187
1627555231582 0.00036966075099431535 188
1627555231663 0.0003691131646237233 189
1627555231719 0.00036886912582564935 190
1627555231797 0.00036844306440075495 191
1627555231852 0.0003682291969967312 192
1627555231937 0.0003679681124292807 193
1627555232060 0.00036764010398919835 194
1627555232114 0.00036742814763544585 195
1627555232173 0.00036721168234460236 196
1627555232225 0.0003670184000857653 197
1627555232347 0.00036677299355857874 198
1627555232422 0.00036658941144796886 199
1627555232509 0.00036639365776878244 200
1627555232580 0.0003661638210557693 201
1627555232629 0.0003659830862624457 202
1627555232682 0.00036578330932004067 203
1627555232755 0.0003654750889869876 204
1627555232807 0.0003652744760458805 205
1627555232867 0.0003650552229944177 206
1627555232970 0.0003645907908305977 207
1627555233070 0.00036436804133094963 208
1627555233136 0.00036417966066204716 209
1627555233185 0.00036397844376893907 210
1627555233239 0.0003637714067440375 211
1627555233310 0.00036354026413467277 212
1627555233371 0.00036333275898865124 213
1627555233434 0.0003631039762606005 214
1627555233483 0.00036289502569231553 215
1627555233544 0.0003626329159144136 216
1627555233590 0.00036245548985086785 217
1627555233654 0.0003622340858780689 218
1627555233705 0.00036204110712798613 219
1627555233762 0.0003618481350143624 220
1627555233834 0.0003616415720359388 221
1627555233884 0.00036146266562560303 222
1627555233963 0.0003610463076610595 223
1627555234020 0.00036083382595787113 224
1627555234098 0.00036043060149702256 225
1627555234163 0.000360231201918782 226
1627555234227 0.0003600258437978414 227
1627555234292 0.00035980912054144206 228
1627555234355 0.00035961675038709414 229
1627555234417 0.00035936264201035607 230
1627555234479 0.00035916575440562146 231
1627555234591 0.0003588001561029232 232
1627555234642 0.0003586236922934658 233
1627555234705 0.0003584007123456035 234
1627555234754 0.00035822520436845466 235
1627555234829 0.00035804120620315104 236
1627555234915 0.0003578577509891342 237
1627555235026 0.00035762534634531764 238
1627555235084 0.0003574516153880973 239
1627555235147 0.00035719843576418686 240
1627555235200 0.0003569963291231102 241
1627555235248 0.0003568168473309676 242
1627555235310 0.0003566345440094217 243
1627555235367 0.00035644310810329657 244
1627555235429 0.00035626678034131234 245
1627555235484 0.0003560672897447107 246
1627555235549 0.0003558864245987788 247
1627555235616 0.0003555925454187726 248
1627555235664 0.0003553967559279249 249
1627555235735 0.00035521993535695567 250
1627555235787 0.00035503819859035955 251
1627555235837 0.0003548654285262822 252
1627555235902 0.0003546456716350297 253
1627555235956 0.0003544899839174844 254
1627555236020 0.00035429243722462773 255
1627555236084 0.0003540972053669614 256
1627555236137 0.0003539222399535604 257
1627555236211 0.00035363086844302546 258
1627555236277 0.0003534250105096291 259
1627555236324 0.00035324894936816906 260
1627555236373 0.00035307483253343454 261
1627555236428 0.00035289749460807105 262
1627555236496 0.0003526868984382694 263
1627555236555 0.0003525012642675552 264
1627555236617 0.0003523232168853933 265
1627555236671 0.0003521624072401444 266
1627555236738 0.00035198895360614546 267
1627555236789 0.0003518199606182428 268
1627555236841 0.0003516561829789863 269
1627555236897 0.00035150160082908895 270
1627555236958 0.00035130496435193797 271
1627555237007 0.00035115966303236266 272
1627555237057 0.0003509814863911564 273
1627555237127 0.0003507348754553775 274
1627555237184 0.0003505602757002474 275
1627555237275 0.0003502369192248411 276
1627555237334 0.00035002249960506415 277
1627555237393 0.00034986596073684266 278
1627555237509 0.0003495584927148408 279
1627555237588 0.00034939223355211354 280
1627555237650 0.00034922912144648866 281
1627555237724 0.0003489469263975142 282
1627555237780 0.0003487661685648864 283
1627555237839 0.0003485800243151775 284
1627555237889 0.0003484045506771996 285
1627555237953 0.00034821906500730985 286
1627555238001 0.00034806191960013154 287
1627555238064 0.0003478644942759855 288
1627555238126 0.0003476820337737834 289
1627555238194 0.0003475066979892117 290
1627555238259 0.00034733483465279147 291
1627555238328 0.0003471562871993157 292
1627555238392 0.0003469920137056767 293
1627555238444 0.0003468174057597396 294
1627555238498 0.00034666906016273354 295
1627555238564 0.0003464913972900041 296
1627555238620 0.0003463293773149322 297
1627555238703 0.00034604111828501633 298
1627555238780 0.0003458110840104259 299
1627555238862 0.00034566161616019083 300
1627555238912 0.00034549631586966277 301
1627555238977 0.0003453038794867956 302
1627555239031 0.0003451537008374137 303
1627555239108 0.00034499166246055186 304
1627555239177 0.000344829552230951 305
1627555239229 0.0003446513298384428 306
1627555239313 0.00034446638223113577 307
1627555239397 0.00034430729579029446 308
1627555239456 0.00034414781838008467 309
1627555239548 0.00034397137235826227 310
1627555239606 0.000343811091956498 311
1627555239657 0.000343639474301794 312
1627555239716 0.0003434691628700363 313
1627555239761 0.00034330995158996983 314
1627555239811 0.0003431637710391852 315
1627555239866 0.0003429929473694722 316
1627555239916 0.0003428303370769864 317
1627555239978 0.0003426394206514107 318
1627555240037 0.0003424768479392946 319
1627555240088 0.00034231235400858037 320
1627555240146 0.00034214348247976436 321
1627555240201 0.00034198299803640667 322
1627555240272 0.0003418401227802791 323
1627555240359 0.0003416724610272376 324
1627555240438 0.0003415330754248833 325
1627555240493 0.00034135407986992864 326
1627555240564 0.0003411963542323571 327
1627555240637 0.00034104825358357085 328
1627555240724 0.00034091133968171787 329
1627555240805 0.00034077430679622494 330
1627555240882 0.0003406183575889455 331
1627555240934 0.00034046163131685303 332
1627555240982 0.0003403030545359313 333
1627555241073 0.0003401214924615358 334
1627555241131 0.0003399738872841395 335
1627555241187 0.0003398150015594128 336
1627555241243 0.00033965683706587964 337
1627555241299 0.0003395052186638208 338
1627555241354 0.0003393438268746133 339
1627555241403 0.0003391973933427872 340
1627555241474 0.0003475066979892117 341
1627555245545 0.0010976482248064353 0
1627555245676 0.0010133013997342454 1
1627555245785 0.0009388128786333895 2
1627555245896 0.0008731926102451903 3
1627555246003 0.0008155784092513523 4
1627555246150 0.0007654123039729947 5
1627555246262 0.0007220184956010086 6
1627555246372 0.0006846427195486856 7
1627555246479 0.0006523858951242795 8
1627555246588 0.0006245961335391709 9
1627555246694 0.0006004660748223264 10
1627555246804 0.0005799474155167444 11
1627555246912 0.0005623845907301208 12
1627555247013 0.0005473708862951265 13
1627555247112 0.000534523536891566 14
1627555247213 0.0005238722253946734 15
1627555247319 0.000514700095780528 16
1627555247421 0.0005071790666498938 17
1627555247534 0.0005007869375263979 18
1627555247644 0.0004949238519114581 19
1627555247763 0.0004898943432112972 20
1627555247857 0.000485621858428799 21
1627555247948 0.00048175426457480134 22
1627555248034 0.00047835902290842747 23
1627555248132 0.0004748651233083116 24
1627555248222 0.00047234059343332485 25
1627555248311 0.00046981819070425745 26
1627555248400 0.0004677022464685091 27
1627555248486 0.0004656380145884339 28
1627555248567 0.00046366626400447703 29
1627555248653 0.00046193212678438873 30
1627555248741 0.0004602441022912179 31
1627555248823 0.0004585133508769454 32
1627555248909 0.000456350195465539 33
1627555248989 0.00045521328392902205 34
1627555249070 0.00045335108164989106 35
1627555249153 0.00045175528212012563 36
1627555249235 0.00045032355044556714 37
1627555249331 0.00044852828800149853 38
1627555249418 0.00044718560416386516 39
1627555249504 0.00044629844714163814 40
1627555249590 0.0004452598658741013 41
1627555249678 0.00044378555628711065 42
1627555249780 0.00044181994468248364 43
1627555249879 0.00044044271107263364 44
1627555249960 0.00043955460186413783 45
1627555250044 0.0004378792112090855 46
1627555250121 0.00043681181228925344 47
1627555250212 0.00043511645214790824 48
1627555250299 0.0004343807258409565 49
1627555250402 0.00043315467608779555 50
1627555250485 0.0004323794377730758 51
1627555250567 0.00043162113446194264 52
1627555250656 0.00043031231267251805 53
1627555250726 0.00042959355284676444 54
1627555250800 0.00042896706437674085 55
1627555250924 0.00042796285683822737 56
1627555251009 0.0004273433904565819 57
1627555251113 0.00042673684149528707 58
1627555251244 0.00042518873171429404 59
1627555251322 0.00042449862442923715 60
1627555251406 0.000423947510228017 61
1627555251493 0.00042339001229836827 62
1627555251566 0.0004228710068056372 63
1627555251654 0.0004219657670486221 64
1627555251739 0.0004206181493569217 65
1627555251816 0.0004201622707098886 66
1627555251887 0.0004196335815812291 67
1627555251969 0.0004190023278093403 68
1627555252054 0.0004180529903164796 69
1627555252133 0.0004175758324233541 70
1627555252205 0.0004170996067935069 71
1627555252296 0.00041584869436702153 72
1627555252388 0.0004146355342383778 73
1627555252467 0.0004141550364711876 74
1627555252555 0.0004136167156644381 75
1627555252634 0.00041312071797023595 76
1627555252703 0.00041269329383341203 77
1627555252772 0.000412251453500769 78
1627555252852 0.00041175862246399037 79
1627555252956 0.00041085126243786853 80
1627555253057 0.00040998862301987995 81
1627555253161 0.0004094997790193183 82
1627555253240 0.00040867745000304565 83
1627555253332 0.0004082317331166738 84
1627555253410 0.0004077527627016286 85
1627555253489 0.00040731642067266143 86
1627555253563 0.0004069062524761004 87
1627555253653 0.000405942346120935 88
1627555253729 0.00040530854789974657 89
1627555253800 0.00040491321693835727 90
1627555253874 0.0004045179015169042 91
1627555253981 0.0004041262327412735 92
1627555254076 0.00040319580195161294 93
1627555254146 0.00040281044159573803 94
1627555254217 0.00040246524936908665 95
1627555254296 0.0004021335124414721 96
1627555254370 0.0004017586722713051 97
1627555254460 0.0004011637354913671 98
1627555254553 0.000400572211603055 99
1627555254644 0.0004002042548739948 100
1627555254740 0.0003998551425472144 101
1627555254861 0.00039896681663275003 102
1627555254929 0.0003985374625315195 103
1627555254997 0.0003981622072378615 104
1627555255063 0.0003977800554568263 105
1627555255133 0.0003974231367379645 106
1627555255225 0.000396602972978067 107
1627555255311 0.0003961796515683337 108
1627555255388 0.00039580815419375264 109
1627555255480 0.0003954444863899524 110
1627555255593 0.00039494691759351156 111
1627555255666 0.0003946277525230302 112
1627555255732 0.00039426417759664726 113
1627555255808 0.0003938335235140768 114
1627555255887 0.0003935136134148634 115
1627555255955 0.0003931922766662144 116
1627555256037 0.0003928736636251177 117
1627555256111 0.00039253263356818356 118
1627555256196 0.00039182624816217317 119
1627555256269 0.00039135511741269965 120
1627555256333 0.0003910399947286987 121
1627555256397 0.00039069106310620985 122
1627555256484 0.0003903617539560873 123
1627555256561 0.00038987414993066837 124
1627555256632 0.0003895696805904196 125
1627555256700 0.00038929829551514604 126
1627555256781 0.0003888016431878122 127
1627555256855 0.0003883650881414287 128
1627555256918 0.00038805200023849147 129
1627555256990 0.0003876135219095776 130
1627555257060 0.0003873240183766289 131
1627555257128 0.00038704586854679517 132
1627555257206 0.00038647531036646165 133
1627555257288 0.0003859228443922695 134
1627555257348 0.00038564079646370594 135
1627555257411 0.00038535521291930305 136
1627555257485 0.0003848351132770206 137
1627555257548 0.0003845548653637253 138
1627555257633 0.0003839625653933452 139
1627555257708 0.00038367896739812963 140
1627555257773 0.0003833336214459335 141
1627555257829 0.00038302337272432007 142
1627555257894 0.0003827450365267751 143
1627555257971 0.0003824038959539644 144
1627555258061 0.00038214787916832484 145
1627555258185 0.00038185785743685615 146
1627555258281 0.00038134270777472236 147
1627555258350 0.00038105539254723196 148
1627555258450 0.00038054120958392923 149
1627555258559 0.00038028079673774445 150
1627555258643 0.000380013310379305 151
1627555258776 0.00037967978321485875 152
1627555258889 0.0003792637348194263 153
1627555258987 0.0003789655734076499 154
1627555259065 0.0003786991337875186 155
1627555259138 0.0003784455202987069 156
1627555259206 0.0003781510508656568 157
1627555259281 0.0003777717282911121 158
1627555259361 0.0003773656177909469 159
1627555259428 0.0003770396563668333 160
1627555259508 0.0003766341699221989 161
1627555259590 0.0003763904753121406 162
1627555259666 0.0003761320779262039 163
1627555259735 0.0003758254197157883 164
1627555259796 0.00037558498905018354 165
1627555259867 0.00037531312783152033 166
1627555259941 0.00037501817600203263 167
1627555260030 0.0003745507023465302 168
1627555260143 0.0003742925457530231 169
1627555260205 0.00037404976352191973 170
1627555260301 0.0003738240662863432 171
1627555260424 0.0003735807192734243 172
1627555260479 0.00037336267876175017 173
1627555260571 0.0003731204192434439 174
1627555260655 0.0003728269840792989 175
1627555260729 0.00037258073321957096 176
1627555260834 0.00037216364981472087 177
1627555260887 0.00037191881916693226 178
1627555260959 0.0003715595581012901 179
1627555261032 0.00037124080187493375 180
1627555261097 0.0003710139955658238 181
1627555261149 0.0003707720352632167 182
1627555261221 0.0003705174771977272 183
1627555261288 0.0003702598443765648 184
1627555261366 0.00036994635858273453 185
1627555261426 0.00036972139911933 186
1627555261476 0.00036950507308440794 187
1627555261536 0.0003692741515665102 188
1627555261605 0.00036890686756761823 189
1627555261698 0.0003684764567458226 190
1627555261747 0.00036828851513690073 191
1627555261810 0.0003680350274864206 192
1627555261872 0.00036779473447496756 193
1627555261943 0.00036750336872023407 194
1627555262015 0.00036728797889547173 195
1627555262065 0.00036710103778509325 196
1627555262142 0.00036673254386743615 197
1627555262233 0.0003663831571391748 198
1627555262310 0.00036617682772280573 199
1627555262385 0.0003659742912544546 200
1627555262447 0.0003657728364583528 201
1627555262544 0.00036549188111894155 202
1627555262593 0.00036528122171555397 203
1627555262656 0.00036507235747297877 204
1627555262710 0.0003648523635978355 205
1627555262775 0.00036463985085520264 206
1627555262854 0.00036428458101656427 207
1627555262929 0.0003639997720746228 208
1627555262991 0.0003637824056789891 209
1627555263063 0.0003635144742114474 210
1627555263142 0.00036314612792568416 211
1627555263195 0.0003629361304335144 212
1627555263249 0.00036273350044237326 213
1627555263320 0.0003625085187878202 214
1627555263375 0.00036232171932309824 215
1627555263457 0.0003619865745318011 216
1627555263531 0.0003617745545798175 217
1627555263598 0.00036157339164246435 218
1627555263651 0.0003613949177198971 219
1627555263712 0.00036117755590110625 220
1627555263777 0.0003609624432788146 221
1627555263831 0.0003607821296820605 222
1627555263890 0.00036062574202102194 223
1627555263952 0.00036046058830152935 224
1627555264027 0.00036027884257745785 225
1627555264090 0.00036009408476470604 226
1627555264147 0.00035988919104903196 227
1627555264216 0.0003596639654523555 228
1627555264319 0.0003594316296160797 229
1627555264396 0.00035924310008953164 230
1627555264447 0.00035905903677697936 231
1627555264498 0.0003588970971234939 232
1627555264563 0.00035870349423701827 233
1627555264661 0.00035850932383563926 234
1627555264760 0.00035830485091803324 235
1627555264853 0.00035810287911904607 236
1627555264927 0.0003579223902964449 237
1627555264986 0.00035775770845606844 238
1627555265044 0.00035755915995915207 239
1627555265133 0.00035716858480566076 240
1627555265186 0.0003569685521383996 241
1627555265271 0.0003566690781561288 242
1627555265366 0.0003564738980997475 243
1627555265442 0.0003562905671584619 244
1627555265524 0.00035610203513879336 245
1627555265579 0.000355911955116225 246
1627555265652 0.00035570668209443824 247
1627555265731 0.0003555039627615037 248
1627555265818 0.00035509861918251644 249
1627555265891 0.0003549166890253282 250
1627555265950 0.0003547377680751623 251
1627555266006 0.00035453363785013147 252
1627555266064 0.0003543583566253042 253
1627555266124 0.00035418647607251327 254
1627555266172 0.0003540297977342059 255
1627555266242 0.000353816104788578 256
1627555266302 0.0003535358634575879 257
1627555266361 0.0003533621124153471 258
1627555266447 0.000353108173643272 259
1627555266500 0.00035292073384904506 260
1627555266565 0.0003527178260743694 261
1627555266625 0.00035249968211833695 262
1627555266694 0.0003523193652707145 263
1627555266782 0.00035210860739816585 264
1627555266885 0.0003519026208210489 265
1627555266966 0.0003517065478154011 266
1627555267035 0.000351524140095314 267
1627555267085 0.00035133320322066085 268
1627555267158 0.0003511767131198061 269
1627555267248 0.00035098772390611185 270
1627555267306 0.00035081829328137697 271
1627555267359 0.0003506574678984475 272
1627555267409 0.000350490930023958 273
1627555267451 0.0003503280487110936 274
1627555267515 0.00035012407695027487 275
1627555267580 0.00034994648147314484 276
1627555267637 0.00034976001748316684 277
1627555267685 0.0003496002657631427 278
1627555267753 0.00034943721787129487 279
1627555267838 0.00034925257822097775 280
1627555267911 0.0003491010004943307 281
1627555268001 0.000348905802424569 282
1627555268090 0.0003487400433885482 283
1627555268151 0.00034855359006516224 284
1627555268213 0.00034838253209402894 285
1627555268292 0.00034809195025768626 286
1627555268347 0.00034792395155766413 287
1627555268418 0.00034777279388550507 288
1627555268507 0.0003476002504941777 289
1627555268589 0.00034744742541383314 290
1627555268659 0.00034728867055164374 291
1627555268747 0.00034710851080900317 292
1627555268843 0.00034694815872251893 293
1627555268905 0.00034679640014553635 294
1627555268960 0.0003466180918316694 295
1627555269012 0.0003464575957612392 296
1627555269068 0.00034629437545144915 297
1627555269131 0.0003461322559509024 298
1627555269194 0.0003459061142731564 299
1627555269264 0.0003457590934023758 300
1627555269316 0.0003455978006272135 301
1627555269369 0.00034541862083971764 302
1627555269438 0.0003452394864184834 303
1627555269503 0.00034506795699088384 304
1627555269599 0.0003448263993685183 305
1627555269671 0.00034464916263651394 306
1627555269754 0.0003445120362739716 307
1627555269823 0.0003443290150009932 308
1627555269882 0.00034416506959909104 309
1627555269946 0.000353108173643272 310
1627555273967 0.0011005214303137776 0
1627555274096 0.001015777167905436 1
1627555274213 0.0009409284274172542 2
1627555274335 0.000875113515732355 3
1627555274443 0.0008172004150680369 4
1627555274571 0.0007668481425232213 5
1627555274737 0.0007233416295861172 6
1627555274844 0.0006859028613960661 7
1627555274985 0.000653454944591441 8
1627555275098 0.000625527756049495 9
1627555275212 0.0006013075203414926 10
1627555275315 0.0005807381139796326 11
1627555275449 0.0005631531218206548 12
1627555275570 0.0005482391932795717 13
1627555275698 0.0005354706348267694 14
1627555275836 0.0005246242401068696 15
1627555275939 0.0005152945279692413 16
1627555276054 0.0005075136473350183 17
1627555276153 0.0005008568198985443 18
1627555276246 0.0004949180052488294 19
1627555276338 0.0004898174522429672 20
1627555276432 0.0004854533706499001 21
1627555276526 0.00048181706387560126 22
1627555276618 0.0004784419648342161 23
1627555276712 0.000475432706880317 24
1627555276801 0.000472885269732504 25
1627555276890 0.0004702832938129863 26
1627555276984 0.0004682249891747234 27
1627555277079 0.00046625596441878566 28
1627555277168 0.00046411443893847634 29
1627555277249 0.00046223541235699536 30
1627555277357 0.00046053580819955636 31
1627555277439 0.00045889423291993123 32
1627555277525 0.00045736654930268365 33
1627555277634 0.00045598494188639054 34
1627555277718 0.0004540496456012341 35
1627555277802 0.0004528626160843322 36
1627555277893 0.00045053251013881646 37
1627555277974 0.0004494742836110495 38
1627555278077 0.0004476633285984744 39
1627555278160 0.00044633133688966895 40
1627555278239 0.00044432708712179394 41
1627555278325 0.000442747638479771 42
1627555278415 0.00044106532571642907 43
1627555278502 0.00043951199971788656 44
1627555278577 0.0004388074018159008 45
1627555278694 0.0004378940396810017 46
1627555278779 0.0004371366383965236 47
1627555278870 0.0004364060475377273 48
1627555278962 0.00043437240066820313 49
1627555279076 0.0004327396007849352 50
1627555279166 0.0004315354018137001 51
1627555279267 0.00043000392096581265 52
1627555279360 0.00042868659793172904 53
1627555279437 0.0004280087076892454 54
1627555279515 0.00042745632695676645 55
1627555279607 0.00042644566009367445 56
1627555279686 0.0004257919164203202 57
1627555279765 0.0004252674924498347 58
1627555279844 0.0004241793409823771 59
1627555279922 0.00042354656088892614 60
1627555280007 0.00042238654551067495 61
1627555280081 0.0004217011050550121 62
1627555280149 0.0004212183564704306 63
1627555280230 0.00042037231100586095 64
1627555280308 0.00041978910260915127 65
1627555280384 0.00041928557027298284 66
1627555280486 0.00041838913444516753 67
1627555280565 0.00041782941721125766 68
1627555280675 0.00041666819227244387 69
1627555280770 0.00041605765508919866 70
1627555280843 0.0004154908121452293 71
1627555280915 0.0004150139386265816 72
1627555280996 0.00041392319672654924 73
1627555281079 0.00041332686520277845 74
1627555281161 0.00041279029228519996 75
1627555281238 0.00041217890873846693 76
1627555281309 0.0004117633078075778 77
1627555281404 0.000410902528678173 78
1627555281485 0.00041007143852062153 79
1627555281561 0.0004096936875147777 80
1627555281645 0.000409020935061015 81
1627555281728 0.0004085608555919972 82
1627555281799 0.000408193414019955 83
1627555281877 0.0004073840283107944 84
1627555281965 0.0004069519656492514 85
1627555282044 0.00040633893615604175 86
1627555282117 0.0004058392936866206 87
1627555282188 0.00040539570609857454 88
1627555282255 0.00040500371670598853 89
1627555282325 0.00040454181860321827 90
1627555282407 0.00040405144576788885 91
1627555282488 0.00040331687712681993 92
1627555282559 0.00040290903016555534 93
1627555282631 0.0004025016626615003 94
1627555282712 0.00040185382592270076 95
1627555282793 0.00040104694454116935 96
1627555282863 0.0004006628459837553 97
1627555282930 0.00040033461749328634 98
1627555283011 0.00039988116301851594 99
1627555283096 0.00039951385511728313 100
1627555283182 0.0003988892078672975 101
1627555283262 0.0003980993549590086 102
1627555283335 0.0003977195967463389 103
1627555283400 0.0003973619981135451 104
1627555283465 0.00039699919769453954 105
1627555283555 0.0003966523497839739 106
1627555283642 0.0003962713413285443 107
1627555283713 0.0003958777751410399 108
1627555283808 0.00039524930517552355 109
1627555283887 0.0003948030839428951 110
1627555284013 0.0003943620587718061 111
1627555284118 0.00039373235856342146 112
1627555284232 0.00039316321443317687 113
1627555284334 0.00039279030053283886 114
1627555284414 0.00039245290065023446 115
1627555284483 0.0003921368217544623 116
1627555284561 0.0003916826272844142 117
1627555284639 0.0003911588238108534 118
1627555284715 0.00039076306884553954 119
1627555284786 0.0003904073250695306 120
1627555284847 0.0003901254502590865 121
1627555284936 0.0003895727002332252 122
1627555285010 0.0003892136052008216 123
1627555285084 0.00038864164042994454 124
1627555285156 0.0003883458397819551 125
1627555285252 0.0003877013188678092 126
1627555285334 0.00038739413908524375 127
1627555285440 0.00038684399474289667 128
1627555285519 0.0003865541111353355 129
1627555285607 0.0003861232359725113 130
1627555285690 0.0003858564490911838 131
1627555285746 0.00038556170271712774 132
1627555285824 0.0003852780772291864 133
1627555285908 0.0003849703079480534 134
1627555285966 0.0003846918201338984 135
1627555286039 0.00038437914474164365 136
1627555286125 0.00038388819726577943 137
1627555286197 0.00038354492104592994 138
1627555286260 0.00038324959059626986 139
1627555286326 0.0003829339553806595 140
1627555286391 0.00038264146513324325 141
1627555286454 0.00038239130902321966 142
1627555286563 0.00038191538253191926 143
1627555286629 0.00038162023241719784 144
1627555286707 0.00038132412146923495 145
1627555286809 0.00038081816142921505 146
1627555286906 0.0003804803656728491 147
1627555286973 0.0003801809099980551 148
1627555287027 0.0003799212436192251 149
1627555287104 0.0003796612368855451 150
1627555287182 0.00037914872743804876 151
1627555287250 0.0003788811880719633 152
1627555287340 0.0003786261155501529 153
1627555287410 0.0003783629352881195 154
1627555287508 0.00037806842674673914 155
1627555287607 0.0003778245270740522 156
1627555287708 0.0003775727580775572 157
1627555287767 0.00037731689005855804 158
1627555287826 0.00037705885492803233 159
1627555287897 0.0003767749007718541 160
1627555287973 0.0003763542784783911 161
1627555288042 0.00037609681895245546 162
1627555288103 0.0003758410686240856 163
1627555288172 0.00037560695147594085 164
1627555288238 0.0003753572316885105 165
1627555288312 0.00037501814766713505 166
1627555288367 0.0003748013101616724 167
1627555288438 0.0003745493586505168 168
1627555288500 0.000374288269507771 169
1627555288564 0.0003740495035726412 170
1627555288627 0.0003738019826264778 171
1627555288698 0.0003734475451017464 172
1627555288757 0.0003732046783130913 173
1627555288812 0.0003729830947342413 174
1627555288896 0.0003726364105601606 175
1627555288981 0.0003722326220753468 176
1627555289056 0.00037196396801532995 177
1627555289126 0.0003717331102891384 178
1627555289214 0.00037148864031736034 179
1627555289280 0.00037126492790857447 180
1627555289327 0.00037104828742174983 181
1627555289422 0.00037063244492591986 182
1627555289490 0.0003704052037684004 183
1627555289538 0.00037018170483314473 184
1627555289638 0.00036987778394747503 185
1627555289707 0.0003696051622287652 186
1627555289794 0.0003693569152088119 187
1627555289853 0.00036917578883573053 188
1627555289918 0.0003689581402627157 189
1627555290000 0.0003687361048521918 190
1627555290065 0.00036850931367554224 191
1627555290180 0.0003681696534901739 192
1627555290280 0.0003678418801042444 193
1627555290362 0.00036762550151566353 194
1627555290422 0.00036737022347353303 195
1627555290501 0.0003671419549411947 196
1627555290602 0.00036678097841589164 197
1627555290681 0.00036654383217502614 198
1627555290748 0.00036633162201625357 199
1627555290825 0.00036613759786925307 200
1627555290891 0.00036589724705332865 201
1627555290948 0.00036570069302108377 202
1627555290998 0.0003654994032060542 203
1627555291055 0.0003653053510366505 204
1627555291108 0.0003651086884427364 205
1627555291171 0.00036485862871110805 206
1627555291230 0.0003646580628480299 207
1627555291317 0.0003642383114932661 208
1627555291368 0.0003640255588500687 209
1627555291426 0.00036381621291364753 210
1627555291473 0.00036364286181719846 211
1627555291531 0.0003634361560931831 212
1627555291625 0.000363219608571494 213
1627555291737 0.0003629848604225717 214
1627555291859 0.00036257550692341483 215
1627555291960 0.00036234647555380287 216
1627555292049 0.0003621425844224658 217
1627555292109 0.0003619456028305091 218
1627555292158 0.0003617570521779809 219
1627555292245 0.0003613217029082281 220
1627555292311 0.00036112485526578614 221
1627555292365 0.0003609264678429063 222
1627555292432 0.00036074352297274325 223
1627555292531 0.0003605056263527022 224
1627555292600 0.00036030050827411684 225
1627555292660 0.0003600982220685405 226
1627555292713 0.0003598890675450256 227
1627555292769 0.00035968913369731315 228
1627555292833 0.0003594894827399848 229
1627555292885 0.00035931157188718834 230
1627555292945 0.00035909516717877324 231
1627555293013 0.00035881029362922937 232
1627555293088 0.0003586066889547066 233
1627555293150 0.0003584209581972562 234
1627555293211 0.00035823260926129023 235
1627555293269 0.00035803220997190736 236
1627555293331 0.0003578137673232384 237
1627555293385 0.0003576027193723492 238
1627555293436 0.0003574149850636939 239
1627555293485 0.00035723622718583637 240
1627555293530 0.00035706080305814995 241
1627555293580 0.00035687615259670285 242
1627555293652 0.00035669205429552525 243
1627555293708 0.00035650888526779804 244
1627555293815 0.00035613753728729156 245
1627555293878 0.00035595471107496493 246
1627555293962 0.00035574009265701217 247
1627555294026 0.00035552334230262 248
1627555294085 0.00035531564195772134 249
1627555294170 0.000355130707035412 250
1627555294281 0.0003548928079217074 251
1627555294374 0.000354683921790016 252
1627555294469 0.0003544723011041011 253
1627555294575 0.0003542590983136702 254
1627555294657 0.00035407745304482746 255
1627555294734 0.0003539045605088219 256
1627555294826 0.0003537000513258664 257
1627555294906 0.0003534956570068409 258
1627555294979 0.00035329770769222137 259
1627555295036 0.0003531195842216623 260
1627555295094 0.0003529460638241972 261
1627555295171 0.00035271516802618577 262
1627555295241 0.00035253550204799005 263
1627555295310 0.0003523012291251577 264
1627555295363 0.00035212774946985584 265
1627555295430 0.0003519668291042042 266
1627555295518 0.0003517910895927689 267
1627555295580 0.0003516016194372989 268
1627555295631 0.000351410566715307 269
1627555295715 0.0003510829337435127 270
1627555295794 0.0003507163015997868 271
1627555295858 0.0003504879463567468 272
1627555295916 0.00035030927350053487 273
1627555295981 0.0003501000869863865 274
1627555296045 0.0003499167346623159 275
1627555296111 0.0003497193141093136 276
1627555296176 0.00034956092908749564 277
1627555296242 0.0003493936876383135 278
1627555296312 0.0003491586448729564 279
1627555296369 0.00034897489340840454 280
1627555296450 0.00034873946755130543 281
1627555296531 0.000348438634585585 282
1627555296585 0.000348252154140368 283
1627555296645 0.00034807387992806494 284
1627555296702 0.0003478841015539811 285
1627555296762 0.00034771822100602387 286
1627555296829 0.00034752478881059235 287
1627555296891 0.00034735683439662054 288
1627555296943 0.0003471827025575867 289
1627555296993 0.00034703923921722285 290
1627555297055 0.00034688816245098057 291
1627555297124 0.00034671086239157923 292
1627555297179 0.0003465634889965674 293
1627555297245 0.0003464106991822973 294
1627555297333 0.00034622072976875064 295
1627555297400 0.00034604628802228373 296
1627555297461 0.00034586945454302513 297
1627555297526 0.00034569104425159693 298
1627555297602 0.00034552486239924955 299
1627555297694 0.0003453656567267574 300
1627555297755 0.0003451888869725684 301
1627555297806 0.000345027367153008 302
1627555297881 0.00034485920484863446 303
1627555297950 0.00034468637481992095 304
1627555298004 0.0003445333822759839 305
1627555298054 0.0003443739753605651 306
1627555298136 0.00034403028015354104 307
1627555298199 0.0003438278668264463 308
1627555298243 0.00034368844718845297 309
1627555298290 0.00034350968105108335 310
1627555298338 0.0003433777832003718 311
1627555298389 0.0003432122404857534 312
1627555298458 0.00034304133071653807 313
1627555298509 0.0003428807795765203 314
1627555298561 0.00034273798150498245 315
1627555298616 0.00034258463626985673 316
1627555298666 0.00034240576703254983 317
1627555298717 0.00034222965335428554 318
1627555298767 0.00034206973228243783 319
1627555298835 0.00034190607127485717 320
1627555298893 0.00034175984839889987 321
1627555298941 0.0003416009416057778 322
1627555298993 0.00034145804002588343 323
1627555299048 0.0003412985849441324 324
1627555299115 0.0003411320303932834 325
1627555299169 0.0003409608999538966 326
1627555299245 0.00034073152721448874 327
1627555299306 0.00034058304186547527 328
1627555299387 0.00034040344725556914 329
1627555299435 0.00034026282740661764 330
1627555299484 0.00034011198020114056 331
1627555299530 0.0003399743127174013 332
1627555299581 0.0003398084527830216 333
1627555299632 0.00033966297803719666 334
1627555299687 0.0003395405706122175 335
1627555299756 0.0003393646683474241 336
1627555299805 0.00033923284572364126 337
1627555299852 0.0003390945511935813 338
1627555299909 0.00033894280633648224 339
1627555299955 0.00033880339128307884 340
1627555300000 0.0003386453515522901 341
1627555300070 0.00033848600670516977 342
1627555300121 0.00033831945969888357 343
1627555300180 0.0003381615421898707 344
1627555300242 0.00033799758363822237 345
1627555300300 0.00033784690119619345 346
1627555300351 0.00033769637227974806 347
1627555300400 0.00033752661899562976 348
1627555300453 0.00033737494721324814 349
1627555300517 0.0003372421644520038 350
1627555300579 0.00033710512017185644 351
1627555300640 0.0003369246761465552 352
1627555300702 0.0003367408464705773 353
1627555300756 0.0003365943579385361 354
1627555300812 0.00033646245966147863 355
1627555300886 0.0003363293437649693 356
1627555300963 0.00033611931719492415 357
1627555301021 0.0003359737095004602 358
1627555301083 0.00033580296613321337 359
1627555301155 0.00033564420740926686 360
1627555301210 0.0003355012731473494 361
1627555301274 0.0003353580210619593 362
1627555301360 0.0003432122404857534 363
