1627560090602 0.0010988787456294217 0
1627560090724 0.001013821757319459 1
1627560090844 0.0009384959967472655 2
1627560090981 0.0008724211047048994 3
1627560091114 0.0008143220710540059 4
1627560091253 0.000763767399098809 5
1627560091377 0.0007199568647696195 6
1627560091500 0.0006822054571472319 7
1627560091624 0.0006497074155425769 8
1627560091743 0.0006215395433648467 9
1627560091859 0.0005971807465945411 10
1627560091976 0.0005763416887852824 11
1627560092094 0.0005584065924234017 12
1627560092208 0.0005432271525089878 13
1627560092316 0.00053014574910749 14
1627560092430 0.0005192242656037848 15
1627560092545 0.0005098446212711782 16
1627560092667 0.0005020668149589552 17
1627560092792 0.0004954932956551231 18
1627560092910 0.00048931899663409 19
1627560093016 0.0004841160329775758 20
1627560093144 0.0004798280866783733 21
1627560093253 0.0004761742504392287 22
1627560093373 0.0004727409980396796 23
1627560093481 0.0004696172482548051 24
1627560093582 0.0004668998696475315 25
1627560093673 0.00046446861734372925 26
1627560093773 0.00046232251978203256 27
1627560093879 0.0004598278079273621 28
1627560093976 0.00045783317530810396 29
1627560094072 0.00045612285957396327 30
1627560094171 0.00045432022960142736 31
1627560094272 0.0004518696220797072 32
1627560094365 0.0004501961260438508 33
1627560094453 0.00044862779583268285 34
1627560094541 0.0004465173417801394 35
1627560094640 0.00044442281471279585 36
1627560094743 0.0004428239547551123 37
1627560094839 0.00044161352459667566 38
1627560094947 0.0004395975618024657 39
1627560095027 0.0004385632605442706 40
1627560095107 0.0004371927156969145 41
1627560095204 0.00043562750287568354 42
1627560095286 0.000434463676720152 43
1627560095386 0.00043324497830129745 44
1627560095478 0.0004322451196292824 45
1627560095583 0.00043033200552799946 46
1627560095682 0.000428268543959236 47
1627560095781 0.00042688850293012 48
1627560095881 0.00042612266025742455 49
1627560095996 0.00042427698771609236 50
1627560096083 0.00042363856499575737 51
1627560096178 0.00042294292997845556 52
1627560096279 0.00042111562063796643 53
1627560096371 0.0004202697114047601 54
1627560096472 0.00041915644041490546 55
1627560096566 0.000418514978312386 56
1627560096654 0.0004178754737747978 57
1627560096745 0.0004173004978192684 58
1627560096837 0.000416374798179105 59
1627560096927 0.000415727923218199 60
1627560097035 0.0004144220086021363 61
1627560097120 0.0004138456691128445 62
1627560097221 0.000412646060624448 63
1627560097310 0.0004120375619451909 64
1627560097415 0.00041061641352526464 65
1627560097499 0.00040994948838872096 66
1627560097580 0.0004093521545924195 67
1627560097672 0.00040877843862000343 68
1627560097762 0.000408233116010934 69
1627560097851 0.0004070344945305129 70
1627560097945 0.0004064197261253269 71
1627560098031 0.0004057663292002673 72
1627560098137 0.00040444439573449135 73
1627560098238 0.00040393164020801616 74
1627560098326 0.0004032958072657097 75
1627560098416 0.0004027702151143605 76
1627560098506 0.0004019832132538908 77
1627560098601 0.0004009151499828039 78
1627560098692 0.0004002851043687942 79
1627560098782 0.00039969245671648575 80
1627560098865 0.0003990822329742355 81
1627560098956 0.0003986138328707122 82
1627560099038 0.0003981832184526712 83
1627560099127 0.0003977389080087683 84
1627560099215 0.00039726831752891136 85
1627560099287 0.00039679221564063526 86
1627560099357 0.00039635253051070567 87
1627560099443 0.000395887965737672 88
1627560099536 0.0003954230150970511 89
1627560099626 0.0003949397517015635 90
1627560099726 0.0003945245690893967 91
1627560099831 0.00039349426011000893 92
1627560099931 0.00039270157751896583 93
1627560100014 0.000392191195310518 94
1627560100110 0.0003914314676682289 95
1627560100194 0.0003909800401063793 96
1627560100280 0.0003902777853881976 97
1627560100349 0.0003898646155536479 98
1627560100435 0.00038937599787465104 99
1627560100525 0.0003889309608582026 100
1627560100628 0.0003884872096418199 101
1627560100705 0.00038810927018847005 102
1627560100769 0.00038768963920432574 103
1627560100850 0.0003872037998621218 104
1627560100943 0.00038631812051618397 105
1627560101046 0.00038564164692450137 106
1627560101131 0.00038522515630490554 107
1627560101219 0.0003848294177647651 108
1627560101305 0.00038437418289100414 109
1627560101395 0.00038356964875849636 110
1627560101471 0.00038316211816291336 111
1627560101552 0.0003827931587999002 112
1627560101634 0.0003824030931451494 113
1627560101716 0.0003820168804745688 114
1627560101829 0.0003813372731336248 115
1627560101916 0.0003808243735245701 116
1627560101994 0.0003804432252970052 117
1627560102068 0.00038010196128240793 118
1627560102157 0.00037976555357820547 119
1627560102245 0.00037943711890985667 120
1627560102307 0.0003791111518183516 121
1627560102385 0.0003787491203936183 122
1627560102478 0.00037807158274951315 123
1627560102574 0.0003777044339796238 124
1627560102655 0.0003773693133636698 125
1627560102724 0.00037704651959404934 126
1627560102809 0.0003767371906127039 127
1627560102897 0.0003763244290174768 128
1627560103003 0.000375765037699241 129
1627560103115 0.00037526113821287517 130
1627560103193 0.00037495653366988093 131
1627560103272 0.00037457036379252894 132
1627560103344 0.0003742383407616728 133
1627560103441 0.0003739113913732923 134
1627560103578 0.00037336428307579213 135
1627560103653 0.00037301629978907545 136
1627560103721 0.0003727199113288754 137
1627560103789 0.0003724148131009617 138
1627560103876 0.0003719806515050132 139
1627560103937 0.00037169289057768003 140
1627560104014 0.00037137413711485647 141
1627560104094 0.00037105927026114286 142
1627560104159 0.00037077864370061987 143
1627560104225 0.00037046175651249874 144
1627560104291 0.0003701509865958047 145
1627560104353 0.0003698707143569921 146
1627560104444 0.00036935184602892565 147
1627560104517 0.000369016795660945 148
1627560104601 0.0003686763757417982 149
1627560104705 0.00036831086802501683 150
1627560104775 0.0003680199427398797 151
1627560104860 0.00036755856814855905 152
1627560104945 0.0003672677848030886 153
1627560105051 0.00036695116712287654 154
1627560105126 0.0003666243244464264 155
1627560105201 0.000366325553028233 156
1627560105265 0.0003660210948724458 157
1627560105353 0.0003657030320639491 158
1627560105416 0.0003654359756297695 159
1627560105483 0.0003651389358959851 160
1627560105574 0.0003646097479234705 161
1627560105655 0.0003643335623205191 162
1627560105714 0.0003641018786880924 163
1627560105803 0.00036371520841772483 164
1627560105876 0.0003634379016044327 165
1627560105953 0.00036314915849125094 166
1627560106046 0.000362671528697118 167
1627560106129 0.00036229360657043003 168
1627560106205 0.0003620010652234029 169
1627560106283 0.0003617287879527966 170
1627560106355 0.0003614701611023491 171
1627560106426 0.00036118605679493973 172
1627560106499 0.00036091421225535716 173
1627560106571 0.0003606461865410549 174
1627560106638 0.0003603825035959445 175
1627560106722 0.00036011165918903553 176
1627560106825 0.0003596460149233191 177
1627560106899 0.00035939144507554475 178
1627560106974 0.00035910636746356076 179
1627560107050 0.00035879573934448496 180
1627560107126 0.0003585236480375287 181
1627560107216 0.000358226244890489 182
1627560107309 0.0003578373221975932 183
1627560107386 0.00035755141209234306 184
1627560107467 0.00035727426156227367 185
1627560107545 0.00035698503000582984 186
1627560107617 0.00035671967867211587 187
1627560107679 0.00035649375113233595 188
1627560107734 0.000356281687651839 189
1627560107812 0.0003560433415153437 190
1627560107889 0.0003557408875440209 191
1627560107952 0.000355490934122594 192
1627560108016 0.0003552443929323545 193
1627560108079 0.0003549996154680308 194
1627560108149 0.0003547508569057425 195
1627560108207 0.0003545328216832413 196
1627560108286 0.00035429024782019275 197
1627560108351 0.00035405409424308986 198
1627560108425 0.0003538357984111336 199
1627560108488 0.000353633917151308 200
1627560108562 0.0003533895064894269 201
1627560108634 0.0003531869832985995 202
1627560108703 0.00035295086651718357 203
1627560108774 0.0003527444072436198 204
1627560108849 0.0003525058108596856 205
1627560108937 0.0003521126878719621 206
1627560109021 0.00035181672703676274 207
1627560109093 0.00035156569858962194 208
1627560109160 0.00035135379556432855 209
1627560109224 0.0003511415253258281 210
1627560109287 0.0003508890998736649 211
1627560109349 0.00035065171165165227 212
1627560109419 0.000350408491046231 213
1627560109490 0.0003501652335376621 214
1627560109565 0.0003499142464900131 215
1627560109645 0.0003496362955799911 216
1627560109711 0.0003494104460320916 217
1627560109766 0.0003492088858474332 218
1627560109830 0.00034898617480404035 219
1627560109911 0.00034875834543975407 220
1627560109983 0.00034853766785902557 221
1627560110048 0.00034830369802179065 222
1627560110123 0.00034806031394691753 223
1627560110178 0.0003478748665726469 224
1627560110239 0.0003476813294983923 225
1627560110331 0.0003474439287876015 226
1627560110414 0.0003471973393518225 227
1627560110501 0.0003468743509577822 228
1627560110555 0.000346690990941388 229
1627560110622 0.00034645859046145215 230
1627560110683 0.00034624779208198366 231
1627560110754 0.0003460203957484395 232
1627560110838 0.0003456765640883684 233
1627560110902 0.00034546955395718876 234
1627560110973 0.0003452311367501307 235
1627560111049 0.0003449991413288236 236
1627560111123 0.0003447860972248781 237
1627560111199 0.00034457081174110276 238
1627560111312 0.00034420413791991716 239
1627560111389 0.0003440103474292268 240
1627560111451 0.0003438043294348956 241
1627560111510 0.0003435911595100298 242
1627560111584 0.0003433694650115372 243
1627560111654 0.0003431415437838411 244
1627560111733 0.00034293282210487864 245
1627560111817 0.00034269582023707613 246
1627560111879 0.00034247374976780626 247
1627560111957 0.0003422730048300674 248
1627560112030 0.0003420939414965607 249
1627560112116 0.0003418359527346121 250
1627560112178 0.0003416367879522401 251
1627560112250 0.0003414155541765819 252
1627560112321 0.0003411917447086961 253
1627560112392 0.00034101084022564057 254
1627560112455 0.00034079371192313225 255
1627560112521 0.00034057384664192166 256
1627560112606 0.0003403603409307869 257
1627560112684 0.0003401480621018029 258
1627560112753 0.0003399859226185369 259
1627560112824 0.0003397720252087181 260
1627560112899 0.00033953729807705593 261
1627560112968 0.0003393450075618465 262
1627560113027 0.0003391349910074741 263
1627560113088 0.00033892627517168543 264
1627560113152 0.0003387171533297012 265
1627560113214 0.00033854529137813716 266
1627560113284 0.00033835093898906994 267
1627560113348 0.0003381332391005739 268
1627560113406 0.0003379252902896314 269
1627560113471 0.00033770421787291896 270
1627560113541 0.00033749441260641424 271
1627560113613 0.00033731449775000936 272
1627560113676 0.00033713363960408317 273
1627560113740 0.0003369811737156694 274
1627560113819 0.00033674297367762676 275
1627560113903 0.00033644958016839694 276
1627560113974 0.00033624589105691157 277
1627560114029 0.0003360523389017212 278
1627560114110 0.0003357700099083866 279
1627560114174 0.0003355482579773226 280
1627560114241 0.0003353605450210349 281
1627560114304 0.0003351763865154081 282
1627560114367 0.0003349732484701714 283
1627560114429 0.00033477245895039944 284
1627560114486 0.000334589909151168 285
1627560114556 0.0003344040884624383 286
1627560114640 0.00033408682307569553 287
1627560114723 0.00033375234266018255 288
1627560114794 0.000333554674767405 289
1627560114848 0.0003333982787917086 290
1627560114920 0.0003332297877172337 291
1627560114997 0.0003330513676124724 292
1627560115073 0.00033287130884348496 293
1627560115136 0.0003326893663621205 294
1627560115201 0.0003325143590661499 295
1627560115263 0.00033235209185526635 296
1627560115333 0.00033216121838929887 297
1627560115394 0.00033200447499866757 298
1627560115466 0.00033179185150642625 299
1627560115541 0.00033157510722834634 300
1627560115598 0.00033139105822238817 301
1627560115655 0.00033119225647156405 302
1627560115746 0.00033099957985487024 303
1627560115811 0.000330804931393374 304
1627560115870 0.0003306223626256957 305
1627560115922 0.0003304490616554908 306
1627560115988 0.00033027258104052136 307
1627560116065 0.000330083970445841 308
1627560116127 0.000329906883532547 309
1627560116196 0.0003297578434263093 310
1627560116259 0.0003295897100242065 311
1627560116316 0.0003294087983905685 312
1627560116372 0.0003292686282502413 313
1627560116431 0.0003290981201131858 314
1627560116485 0.0003289561268070338 315
1627560116571 0.0003287642122820817 316
1627560116646 0.0003286057256783068 317
1627560116705 0.00032842052835501117 318
1627560116763 0.00032824454253349875 319
1627560116820 0.000328074830504821 320
1627560116893 0.0003278693888024791 321
1627560116969 0.0003276713023178127 322
1627560117036 0.00032749408364356566 323
1627560117120 0.0003272092010785207 324
1627560117182 0.00032706137008952605 325
1627560117240 0.00032688456101380756 326
1627560117303 0.00032672583638821274 327
1627560117379 0.00032652737354054736 328
1627560117443 0.00032637626165261144 329
1627560117505 0.00032621142371376457 330
1627560117558 0.0003260306515488973 331
1627560117622 0.00032586992984223376 332
1627560117679 0.0003256775825310181 333
1627560117763 0.000325459483542273 334
1627560117824 0.00032530481067498217 335
1627560117905 0.00032512861922307635 336
1627560117987 0.0003249319508652493 337
1627560118044 0.0003248086600584186 338
1627560118106 0.00032463016422733384 339
1627560118160 0.0003244532405742277 340
1627560118258 0.00032428826736998986 341
1627560118318 0.0003241484151589453 342
1627560118390 0.0003239495696350867 343
1627560118459 0.0003237817900902097 344
1627560118523 0.0003235999171294184 345
1627560118579 0.0003234390998543617 346
1627560118634 0.0003232796560902425 347
1627560118690 0.0003231058206393306 348
1627560118745 0.00032293766880018323 349
1627560118817 0.00032275165396907174 350
1627560118869 0.00032260844679372447 351
1627560118944 0.0003223602682041573 352
1627560119003 0.0003221990190000849 353
1627560119070 0.00032202055781948376 354
1627560119129 0.00032186437684760184 355
1627560119199 0.0003216908536241471 356
1627560119277 0.0003214962616732297 357
1627560119344 0.0003213151443542236 358
1627560119410 0.000321135835161391 359
1627560119475 0.00032098743894522 360
1627560119585 0.0003207975750229359 361
1627560119651 0.00032065237511641286 362
1627560119721 0.0003204789116136999 363
1627560119777 0.0003203230504956453 364
1627560119856 0.0003201433661492445 365
1627560119918 0.0003199711489110493 366
1627560119987 0.000319801409387457 367
1627560120047 0.00031965064109583624 368
1627560120102 0.0003195054623929835 369
1627560120158 0.0003193307044067819 370
1627560120228 0.00031912464927118776 371
1627560120283 0.00031899557846751367 372
1627560120342 0.0003188484118268899 373
1627560120407 0.00031868285592229976 374
1627560120479 0.0003185038896864584 375
1627560120570 0.00031833984404213003 376
1627560120660 0.00031806680958459884 377
1627560120716 0.00031789802612395554 378
1627560120844 0.00031764712195872985 379
1627560120909 0.0003175039259291186 380
1627560120980 0.0003173482144343509 381
1627560121036 0.0003171785660450405 382
1627560121121 0.0003170109260197542 383
1627560121181 0.0003168420289766 384
1627560121262 0.0003166410339684854 385
1627560121320 0.00031647095722033973 386
1627560121385 0.000316323851713881 387
1627560121444 0.00031617641481111627 388
1627560121503 0.000316025442736868 389
1627560121565 0.0003158716444894373 390
1627560121626 0.00031571948473700976 391
1627560121689 0.000315571088585157 392
1627560121746 0.0003154130750907642 393
1627560121828 0.00031518664104719456 394
1627560121887 0.0003150445535173778 395
1627560121962 0.00031486014516941184 396
1627560122027 0.0003147069969184317 397
1627560122083 0.00031455541461389205 398
1627560122154 0.0003143916124531769 399
1627560122210 0.00031424471959027065 400
1627560122264 0.0003141129848834147 401
1627560122324 0.0003139442415225484 402
1627560122392 0.00031378582045034364 403
1627560122456 0.0003136263143963152 404
1627560122518 0.0003134850622161648 405
1627560122570 0.00031335086514185 406
1627560122628 0.00031318500442462815 407
1627560122727 0.0003130046689997837 408
1627560122828 0.0003128608686979649 409
1627560122897 0.0003127168403008144 410
1627560122956 0.00031257115370182393 411
1627560123013 0.00031240507432545923 412
1627560123071 0.00031225247383117726 413
1627560123134 0.0003120912741375128 414
1627560123186 0.0003119409862005245 415
1627560123248 0.00031182144201610996 416
1627560123326 0.0003116425581842543 417
1627560123381 0.0003115059235875293 418
1627560123435 0.00031135581105709044 419
1627560123507 0.0003111803528743809 420
1627560123572 0.00031103563325709025 421
1627560123644 0.0003108616331114426 422
1627560123699 0.0003107396816510655 423
1627560123753 0.0003105858976349218 424
1627560123804 0.00031042872332288386 425
1627560123856 0.00031027850433328465 426
1627560123920 0.0003101324562880037 427
1627560123984 0.0003099784838578657 428
1627560124042 0.0003098081479095606 429
1627560124100 0.0003096905002471589 430
1627560124212 0.0003175039259291186 431
1627560128504 0.0010987260011028083 0
1627560128657 0.0010138239158963111 1
1627560128836 0.0009388307205607717 2
1627560128957 0.0008729469547298384 3
1627560129109 0.0008149808058458022 4
1627560129257 0.000764541149505306 5
1627560129448 0.000720877436418339 6
1627560129627 0.0006831544956267237 7
1627560129747 0.000650640439298885 8
1627560129857 0.0006225234577002906 9
1627560129966 0.0005982237969762404 10
1627560130088 0.0005774731278833973 11
1627560130204 0.0005596746500154988 12
1627560130317 0.0005446353254968909 13
1627560130427 0.0005317345901545093 14
1627560130547 0.0005209032274297275 15
1627560130668 0.0005115369101341891 16
1627560130816 0.0005037753203802924 17
1627560130944 0.0004971033414257549 18
1627560131094 0.0004910998821216403 19
1627560131201 0.00048592761359894047 20
1627560131306 0.0004815456443106497 21
1627560131415 0.0004778916466683416 22
1627560131520 0.0004738536588951148 23
1627560131623 0.00047052416688296415 24
1627560131720 0.00046787936311084807 25
1627560131821 0.00046549905378639577 26
1627560131920 0.0004633225769719485 27
1627560132026 0.00046137224587017165 28
1627560132129 0.00045918991566798066 29
1627560132229 0.00045746783993363813 30
1627560132362 0.00045563961597846797 31
1627560132493 0.0004535378785990654 32
1627560132598 0.0004516837261551278 33
1627560132734 0.0004503992137183557 34
1627560132865 0.00044849343907774324 35
1627560132971 0.00044644809847880763 36
1627560133113 0.00044451755065871715 37
1627560133219 0.0004433578766570931 38
1627560133356 0.00044222122754212714 39
1627560133470 0.00044125645560879733 40
1627560133597 0.00043983133833392176 41
1627560133693 0.000437818918187082 42
1627560133836 0.000435749323479059 43
1627560133943 0.00043403871218439586 44
1627560134029 0.0004331904629222795 45
1627560134161 0.0004317479275990046 46
1627560134288 0.00043036455261765143 47
1627560134410 0.00042836016964553034 48
1627560134550 0.00042719669693409764 49
1627560134673 0.0004260816439516035 50
1627560134769 0.0004253301537095491 51
1627560134860 0.0004246180132387207 52
1627560134977 0.00042260527934461937 53
1627560135088 0.00042204649017161123 54
1627560135166 0.0004214562787665588 55
1627560135266 0.0004203447671294461 56
1627560135353 0.0004197394021364186 57
1627560135439 0.00041909542527021685 58
1627560135531 0.00041840119503816384 59
1627560135627 0.00041769473574482523 60
1627560135734 0.0004161465639453674 61
1627560135832 0.0004155611778776932 62
1627560135916 0.0004146935038545243 63
1627560136018 0.00041359869859338506 64
1627560136115 0.0004125243827992556 65
1627560136204 0.00041191359731000763 66
1627560136293 0.0004113460876642244 67
1627560136403 0.00040977427636361104 68
1627560136497 0.0004091725613748228 69
1627560136598 0.00040857672181629235 70
1627560136702 0.00040740528563545616 71
1627560136785 0.0004068471366316215 72
1627560136885 0.00040631142272236977 73
1627560136981 0.00040564634393213577 74
1627560137072 0.00040497809832439627 75
1627560137176 0.0004037646108608178 76
1627560137253 0.0004032491188375357 77
1627560137332 0.00040274014460108714 78
1627560137418 0.0004021972490992433 79
1627560137510 0.000401456027465972 80
1627560137612 0.00040078739353948593 81
1627560137696 0.0004003266042441965 82
1627560137773 0.00039984461728293354 83
1627560137881 0.00039880189874955373 84
1627560138010 0.0003983057530800158 85
1627560138079 0.0003978591167524395 86
1627560138158 0.0003973983039559807 87
1627560138244 0.00039692282294333427 88
1627560138326 0.00039643980780755674 89
1627560138410 0.0003959731033455938 90
1627560138500 0.0003951762276672077 91
1627560138597 0.0003942022327192705 92
1627560138674 0.0003937406628924166 93
1627560138765 0.0003930215921484289 94
1627560138859 0.000392104937241038 95
1627560138936 0.0003916814189660705 96
1627560139024 0.00039126050301946857 97
1627560139121 0.00039084738391704995 98
1627560139237 0.00039036170454247757 99
1627560139359 0.0003899317374069404 100
1627560139511 0.0003890307537475599 101
1627560139589 0.00038861694193663773 102
1627560139673 0.00038816680902711 103
1627560139750 0.0003877814175013715 104
1627560139850 0.0003871848429462351 105
1627560139937 0.00038680334719419935 106
1627560140033 0.00038638501675988845 107
1627560140133 0.00038597816864525025 108
1627560140232 0.0003855860927695981 109
1627560140299 0.0003851462373026807 110
1627560140384 0.000384745575335468 111
1627560140480 0.0003839320275025242 112
1627560140580 0.00038327260976830593 113
1627560140654 0.0003828930161796015 114
1627560140744 0.00038248668573777323 115
1627560140819 0.0003821334949319271 116
1627560140891 0.000381774830158669 117
1627560140969 0.00038141486906789995 118
1627560141056 0.00038106528761290375 119
1627560141128 0.0003807157617920493 120
1627560141197 0.0003803557613269191 121
1627560141259 0.0003800205102405823 122
1627560141343 0.00037949513744190674 123
1627560141415 0.00037914486372970656 124
1627560141501 0.0003787804812325851 125
1627560141570 0.0003784584188323599 126
1627560141678 0.00037792014343717263 127
1627560141803 0.0003773060681969687 128
1627560141895 0.0003768942300694139 129
1627560141985 0.00037627415013747673 130
1627560142063 0.000375937660847862 131
1627560142156 0.0003753847715662704 132
1627560142233 0.000375030820042013 133
1627560142311 0.00037469223407286497 134
1627560142380 0.00037431943899936856 135
1627560142457 0.0003739919910339257 136
1627560142535 0.00037368599757856886 137
1627560142605 0.0003733606289439131 138
1627560142682 0.0003730398756286184 139
1627560142751 0.000372719112650297 140
1627560142847 0.00037210580929458324 141
1627560142919 0.00037174868804523 142
1627560142996 0.00037135761206194513 143
1627560143071 0.00037104439343077115 144
1627560143166 0.00037072240260095543 145
1627560143265 0.00037027658322336403 146
1627560143348 0.00036984387264482247 147
1627560143437 0.00036949448301193584 148
1627560143520 0.00036918835581486076 149
1627560143579 0.00036891037830497954 150
1627560143676 0.00036829995965695475 151
1627560143752 0.00036794203688982925 152
1627560143808 0.0003676913739514432 153
1627560143861 0.0003674150411473403 154
1627560143955 0.00036695720053551577 155
1627560144034 0.00036665556190807044 156
1627560144114 0.0003663404712171796 157
1627560144178 0.0003660759201713655 158
1627560144236 0.00036582639362058207 159
1627560144316 0.00036548968506015453 160
1627560144381 0.0003652040878201265 161
1627560144451 0.0003649084668303666 162
1627560144529 0.000364641312517123 163
1627560144608 0.0003643855250096057 164
1627560144693 0.0003640860295801206 165
1627560144774 0.00036380032083420345 166
1627560144844 0.0003635258742981782 167
1627560144925 0.00036326613781503125 168
1627560144994 0.0003629705781126554 169
1627560145073 0.0003626672029721579 170
1627560145136 0.0003623905688701303 171
1627560145215 0.00036211022914940346 172
1627560145290 0.00036178951621784945 173
1627560145379 0.00036146307704711534 174
1627560145444 0.0003612053161302304 175
1627560145516 0.00036090564750992276 176
1627560145603 0.00036048905602759665 177
1627560145671 0.0003602465787598729 178
1627560145731 0.0003599665507658119 179
1627560145802 0.00035969316820015575 180
1627560145873 0.0003594012321278739 181
1627560145945 0.0003590795714886537 182
1627560146009 0.00035882099191991137 183
1627560146070 0.0003585672939925416 184
1627560146142 0.0003583179048885728 185
1627560146223 0.00035809185047622026 186
1627560146287 0.0003578194037324991 187
1627560146346 0.00035759316389021056 188
1627560146439 0.0003571455571530845 189
1627560146537 0.0003568914633839822 190
1627560146611 0.0003566086642800286 191
1627560146688 0.00035632389432208153 192
1627560146753 0.00035609022145484474 193
1627560146832 0.000355798711673624 194
1627560146890 0.00035556391746540073 195
1627560146952 0.0003553566442967604 196
1627560147017 0.000355143894013031 197
1627560147093 0.00035481519636472203 198
1627560147146 0.0003545873126205433 199
1627560147213 0.0003543490407343249 200
1627560147271 0.00035413312664218347 201
1627560147325 0.0003538958744358596 202
1627560147380 0.0003536470799820848 203
1627560147462 0.00035339213520293344 204
1627560147520 0.0003531627830326669 205
1627560147595 0.00035291108516504355 206
1627560147660 0.00035267482090967317 207
1627560147733 0.000352395907663822 208
1627560147822 0.00035196937783394115 209
1627560147900 0.0003516928889211854 210
1627560147990 0.00035133331723120247 211
1627560148062 0.0003510523872570629 212
1627560148122 0.000350853483478446 213
1627560148200 0.00035059645609693523 214
1627560148268 0.00035038968150552193 215
1627560148336 0.0003501360723546108 216
1627560148405 0.0003499012331887867 217
1627560148477 0.00034964658547541924 218
1627560148535 0.00034942027459931277 219
1627560148590 0.00034918213521661304 220
1627560148648 0.00034896708455649684 221
1627560148729 0.00034872604895368675 222
1627560148786 0.0003485018960974759 223
1627560148865 0.00034827513045817654 224
1627560148934 0.00034806084844346406 225
1627560149000 0.00034784240182073105 226
1627560149065 0.0003475864929262216 227
1627560149145 0.00034736121979484576 228
1627560149212 0.0003471381754758473 229
1627560149274 0.00034691245998435936 230
1627560149332 0.00034669294623724297 231
1627560149397 0.00034648148607364953 232
1627560149475 0.0003462714856602763 233
1627560149544 0.00034606377382290416 234
1627560149601 0.00034584675354424363 235
1627560149681 0.00034562484518618097 236
1627560149758 0.00034539221608807655 237
1627560149881 0.0003451802008246393 238
1627560149955 0.0003449832946559897 239
1627560150020 0.00034480299980160897 240
1627560150082 0.00034459691088395227 241
1627560150143 0.0003443894070329083 242
1627560150197 0.00034421168722856114 243
1627560150259 0.00034399240737728864 244
1627560150333 0.0003437413912938478 245
1627560150406 0.0003434867376676723 246
1627560150476 0.0003432617714928196 247
1627560150536 0.00034307294955462984 248
1627560150593 0.0003428805882242474 249
1627560150656 0.0003426695005879186 250
1627560150712 0.0003424761907076407 251
1627560150783 0.0003422609095581527 252
1627560150856 0.00034201727528666474 253
1627560150924 0.0003418024209731189 254
1627560150994 0.00034158236675722615 255
1627560151062 0.00034136000147166494 256
1627560151128 0.000341166407792418 257
1627560151189 0.0003409506618928064 258
1627560151255 0.0003407403055705457 259
1627560151319 0.0003405240949494298 260
1627560151391 0.00034031986429846917 261
1627560151451 0.0003401132802055638 262
1627560151513 0.00033992302201031057 263
1627560151571 0.00033971640510162894 264
1627560151636 0.0003395088055406896 265
1627560151723 0.00033928055227108175 266
1627560151783 0.0003390873106899323 267
1627560151842 0.0003388857824556031 268
1627560151898 0.00033872042714993205 269
1627560151968 0.0003385076701850015 270
1627560152040 0.0003383166330900041 271
1627560152122 0.0003380523431701446 272
1627560152177 0.0003378705016963385 273
1627560152237 0.0003377154520283229 274
1627560152323 0.00033744961431220557 275
1627560152387 0.00033726922079313146 276
1627560152456 0.0003370945483057967 277
1627560152524 0.00033688692077956257 278
1627560152602 0.0003366404092363866 279
1627560152657 0.00033645641373486815 280
1627560152726 0.00033624330413115755 281
1627560152816 0.00033605099526308306 282
1627560152879 0.00033587518030595774 283
1627560152939 0.0003356653984574299 284
1627560153018 0.0003354791802411578 285
1627560153100 0.00033527147161381354 286
1627560153192 0.0003350116798340299 287
1627560153270 0.00033481096781981144 288
1627560153344 0.0003346287739107769 289
1627560153419 0.0003344459653554683 290
1627560153484 0.00033430550942896344 291
1627560153561 0.000334095562360201 292
1627560153625 0.00033392385279382825 293
1627560153682 0.00033373838106545337 294
1627560153751 0.0003335283576705773 295
1627560153805 0.0003333487198358055 296
1627560153861 0.00033316116518202534 297
1627560153954 0.00033287285189093513 298
1627560154030 0.0003326576083225339 299
1627560154094 0.00033247367896912063 300
1627560154154 0.0003322942693413938 301
1627560154223 0.00033209487969592213 302
1627560154324 0.00033190795669674157 303
1627560154405 0.00033171187451482275 304
1627560154485 0.0003315530516864546 305
1627560154569 0.00033136717329031423 306
1627560154678 0.00033116681614617065 307
1627560154749 0.00033099277005618007 308
1627560154806 0.0003308151161617859 309
1627560154887 0.00033057379531395203 310
1627560154942 0.0003303972256564883 311
1627560155016 0.00033022905330489086 312
1627560155092 0.0003300384861950953 313
1627560155165 0.0003298769041674641 314
1627560155253 0.0003295880053571715 315
1627560155303 0.00032941102727929866 316
1627560155359 0.00032923151434028757 317
1627560155426 0.00032903482106143067 318
1627560155501 0.0003288370191119399 319
1627560155565 0.00032865301928665434 320
1627560155621 0.00032846814500123834 321
1627560155671 0.0003283168550987541 322
1627560155750 0.00032807297953818917 323
1627560155814 0.00032783250228245794 324
1627560155868 0.00032767283017104556 325
1627560155924 0.0003274932899625086 326
1627560155981 0.00032734331730830047 327
1627560156042 0.00032717951765893203 328
1627560156114 0.0003270166708235332 329
1627560156175 0.00032684794532897765 330
1627560156225 0.0003266857493229165 331
1627560156285 0.00032650892215894863 332
1627560156350 0.00032631404102396143 333
1627560156408 0.00032613404201814944 334
1627560156474 0.0003259569585888153 335
1627560156540 0.00032577460661425257 336
1627560156613 0.0003255789258648625 337
1627560156673 0.0003254213809043863 338
1627560156732 0.00032525420535839503 339
1627560156786 0.0003250696704704755 340
1627560156854 0.00032484616745803783 341
1627560156912 0.00032468693583009856 342
1627560156971 0.0003245289111593415 343
1627560157035 0.00032434317783047403 344
1627560157101 0.00032415725268378876 345
1627560157161 0.00032399148146969683 346
1627560157219 0.00032381938666291033 347
1627560157278 0.00032366058563137627 348
1627560157336 0.00032350556105337073 349
1627560157410 0.0003233387573116809 350
1627560157481 0.000323168847719028 351
1627560157546 0.0003229866428702722 352
1627560157600 0.0003228327028675722 353
1627560157667 0.00032265047109158345 354
1627560157719 0.00032248845136300546 355
1627560157796 0.0003223073255513686 356
1627560157860 0.00032213768040911567 357
1627560157949 0.0003218995080529274 358
1627560158009 0.0003217309867295927 359
1627560158071 0.00032160180722837483 360
1627560158137 0.0003214342453320104 361
1627560158212 0.0003212568098825181 362
1627560158274 0.00032108294295166666 363
1627560158342 0.00032089574357403326 364
1627560158401 0.00032074248523517826 365
1627560158462 0.00032056714784331084 366
1627560158516 0.0003204310931892898 367
1627560158590 0.0003202755838737452 368
1627560158654 0.000320114775255508 369
1627560158709 0.0003199244853424249 370
1627560158766 0.00031977989797155016 371
1627560158846 0.000319615199476121 372
1627560158907 0.00031946313273682807 373
1627560158968 0.00031931841148768016 374
1627560159029 0.0003191577342978624 375
1627560159095 0.0003189482315515125 376
1627560159159 0.00031874404420889103 377
1627560159209 0.0003185908146803047 378
1627560159271 0.00031843126262001535 379
1627560159358 0.0003270166708235332 380
1627560163558 0.0010995460523588521 0
1627560163694 0.0010143745175579344 1
1627560163809 0.0009390577600694105 2
1627560163927 0.0008729184954738302 3
1627560164057 0.0008149835865544484 4
1627560164179 0.000764368454877677 5
1627560164299 0.0007206587813710279 6
1627560164418 0.0006828178303270797 7
1627560164540 0.000650277664886341 8
1627560164672 0.000622105743610951 9
1627560164818 0.0005977871901888471 10
1627560164972 0.0005769617432767473 11
1627560165081 0.0005590622825789457 12
1627560165222 0.0005438683843629392 13
1627560165346 0.0005307931935300907 14
1627560165477 0.0005199327278681315 15
1627560165580 0.000510573521322535 16
1627560165693 0.0005027961144142924 17
1627560165868 0.0004961097779244408 18
1627560166038 0.0004901847650497324 19
1627560166184 0.00048508869183232575 20
1627560166286 0.0004807268435556626 21
1627560166426 0.0004771316373970294 22
1627560166534 0.000473325007477088 23
1627560166633 0.0004702964658887853 24
1627560166737 0.00046769443717335795 25
1627560166841 0.0004651822766790573 26
1627560166961 0.0004628390470150092 27
1627560167063 0.00046097374914641774 28
1627560167166 0.00045888510829144446 29
1627560167264 0.0004570178561027651 30
1627560167369 0.00045541183407990645 31
1627560167470 0.0004530403217949358 32
1627560167562 0.00045108670549068487 33
1627560167650 0.0004497057802162749 34
1627560167747 0.00044815273061351576 35
1627560167838 0.00044602889494466385 36
1627560167974 0.0004444785899840758 37
1627560168063 0.0004432386771840049 38
1627560168201 0.000441391429857272 39
1627560168314 0.00044051760268885604 40
1627560168450 0.0004389085551664104 41
1627560168565 0.0004375318953645213 42
1627560168661 0.00043579922745437343 43
1627560168766 0.00043470638585659866 44
1627560168852 0.00043388242400154125 45
1627560168962 0.0004313387904085015 46
1627560169054 0.00043007833980221645 47
1627560169151 0.0004288700378680981 48
1627560169258 0.0004272067047247016 49
1627560169360 0.00042541902233808577 50
1627560169449 0.0004247546480558764 51
1627560169538 0.0004238847326437646 52
1627560169667 0.00042267251819970485 53
1627560169768 0.000421779520825007 54
1627560169867 0.00042061263197752766 55
1627560169996 0.0004199200712193449 56
1627560170102 0.00041923269208490345 57
1627560170208 0.0004186093242842445 58
1627560170313 0.00041709691011919083 59
1627560170403 0.00041641085039694967 60
1627560170521 0.00041584800238665464 61
1627560170610 0.0004151570621723555 62
1627560170701 0.0004144353142928062 63
1627560170822 0.00041381995848354633 64
1627560170911 0.0004131795093875633 65
1627560171001 0.0004126412259555453 66
1627560171087 0.000411977427339141 67
1627560171174 0.0004114454584776171 68
1627560171268 0.00041062209345221485 69
1627560171371 0.0004093478590355199 70
1627560171465 0.00040842621111171837 71
1627560171571 0.0004070386382505646 72
1627560171686 0.0004058713924562197 73
1627560171770 0.0004052790977004001 74
1627560171890 0.00040452892448876806 75
1627560172004 0.0004032412374876561 76
1627560172126 0.0004028130422277724 77
1627560172259 0.00040225817796148947 78
1627560172355 0.00040178760160160243 79
1627560172444 0.0004012331438366461 80
1627560172544 0.00040018749111314867 81
1627560172635 0.0003996692042169009 82
1627560172723 0.000399192584465133 83
1627560172828 0.00039864733818377907 84
1627560172904 0.00039814762749530345 85
1627560172985 0.0003975814860867231 86
1627560173065 0.0003971110629404398 87
1627560173155 0.00039643286645922224 88
1627560173242 0.00039590384324532705 89
1627560173323 0.0003954726638949117 90
1627560173429 0.00039447384922213587 91
1627560173520 0.000394068333080595 92
1627560173603 0.00039355528967182176 93
1627560173691 0.00039307584540409157 94
1627560173777 0.0003924657409327778 95
1627560173865 0.00039206548849150087 96
1627560173959 0.00039130913005385473 97
1627560174095 0.00039054169158109773 98
1627560174183 0.00039013805037724865 99
1627560174266 0.0003897074187672306 100
1627560174357 0.0003893130348748079 101
1627560174439 0.00038882940377511527 102
1627560174514 0.00038842805122783026 103
1627560174607 0.0003878214767249188 104
1627560174697 0.0003874040312155459 105
1627560174781 0.00038699296985046953 106
1627560174875 0.00038663881946814603 107
1627560174993 0.00038624671765736455 108
1627560175147 0.00038550805184340615 109
1627560175237 0.00038507034745704073 110
1627560175337 0.00038471072625059777 111
1627560175428 0.0003839497752175263 112
1627560175495 0.00038358304157433144 113
1627560175588 0.00038319732758697534 114
1627560175708 0.0003825628933316553 115
1627560175798 0.00038208006211724947 116
1627560175879 0.0003817045688617134 117
1627560175956 0.0003813273032510409 118
1627560176032 0.0003809850093844156 119
1627560176116 0.0003806070222286448 120
1627560176182 0.0003802724644200653 121
1627560176258 0.0003798945203169362 122
1627560176335 0.0003795651874752561 123
1627560176421 0.0003792625366163886 124
1627560176511 0.0003785752713463642 125
1627560176619 0.0003782936534675156 126
1627560176698 0.0003779290801358071 127
1627560176780 0.00037759378496436604 128
1627560176886 0.0003772353973003878 129
1627560176984 0.0003767126683318565 130
1627560177078 0.00037631355321010216 131
1627560177180 0.0003759030500846606 132
1627560177272 0.00037555634964725194 133
1627560177355 0.0003752122640825289 134
1627560177450 0.0003747516742138068 135
1627560177529 0.0003743999447983302 136
1627560177599 0.00037412701915058154 137
1627560177662 0.000373816786854736 138
1627560177754 0.0003732912036283784 139
1627560177861 0.00037295287369181054 140
1627560177965 0.00037245538543455374 141
1627560178028 0.000372135564244006 142
1627560178123 0.00037151631734468987 143
1627560178187 0.0003712155188167898 144
1627560178259 0.00037090398287516744 145
1627560178344 0.00037057190128269744 146
1627560178434 0.0003703033656361738 147
1627560178527 0.00036997378887712774 148
1627560178606 0.000369645920509947 149
1627560178679 0.0003693776492414903 150
1627560178743 0.0003691250190827293 151
1627560178828 0.00036863198948572124 152
1627560178903 0.0003683480747120999 153
1627560178992 0.0003679911713818338 154
1627560179076 0.00036769676513446467 155
1627560179146 0.0003674044239555031 156
1627560179212 0.00036711195645479735 157
1627560179287 0.0003668200130653741 158
1627560179371 0.0003663863279656747 159
1627560179438 0.00036612177455199753 160
1627560179508 0.000365858209331839 161
1627560179593 0.0003653493148274643 162
1627560179652 0.00036505155338592614 163
1627560179725 0.00036477811985424606 164
1627560179800 0.0003644680946219316 165
1627560179860 0.00036421448492949263 166
1627560179926 0.0003639792536600817 167
1627560180024 0.00036358631951507016 168
1627560180111 0.0003632898149819606 169
1627560180198 0.0003630031681198208 170
1627560180276 0.0003626707726209441 171
1627560180349 0.0003623829413870486 172
1627560180428 0.00036206642340850636 173
1627560180495 0.00036182164376081887 174
1627560180581 0.0003615618993503987 175
1627560180666 0.0003612961595093794 176
1627560180720 0.00036103344133283337 177
1627560180779 0.00036078955137542945 178
1627560180850 0.0003605120850962513 179
1627560180921 0.0003602260087352956 180
1627560180991 0.00035995570966835595 181
1627560181074 0.0003597196213715305 182
1627560181139 0.00035948558347075526 183
1627560181216 0.0003592016894290411 184
1627560181291 0.0003589581993250534 185
1627560181364 0.0003586617376552971 186
1627560181433 0.0003584298452550146 187
1627560181506 0.00035817575654777453 188
1627560181572 0.0003579274042692803 189
1627560181656 0.0003575912730592871 190
1627560181747 0.0003573123100099915 191
1627560181857 0.0003570631645753176 192
1627560181965 0.00035681910294441983 193
1627560182067 0.0003565183871057563 194
1627560182143 0.00035627819317012114 195
1627560182234 0.0003558884133623066 196
1627560182324 0.0003556386251735108 197
1627560182395 0.00035539968755366787 198
1627560182474 0.0003551644620576585 199
1627560182553 0.00035491954548375645 200
1627560182642 0.0003544585228627914 201
1627560182689 0.00035422875289519535 202
1627560182741 0.00035402303684612323 203
1627560182802 0.00035380846229906757 204
1627560182870 0.00035355121137002935 205
1627560182942 0.0003532991225999621 206
1627560183008 0.00035307536081558466 207
1627560183091 0.0003527407795118133 208
1627560183163 0.0003525031246198275 209
1627560183234 0.00035225355266626363 210
1627560183315 0.00035201469401149253 211
1627560183379 0.00035177390672658124 212
1627560183497 0.00035153542729445095 213
1627560183586 0.00035132076749341384 214
1627560183652 0.0003511039616955279 215
1627560183745 0.00035072788832839376 216
1627560183815 0.00035050055479017263 217
1627560183914 0.0003502454932465985 218
1627560184004 0.000350003377230147 219
1627560184114 0.0003495754493763123 220
1627560184208 0.00034933752908016024 221
1627560184306 0.00034910834667222586 222
1627560184395 0.0003488766658379405 223
1627560184470 0.00034854532111250406 224
1627560184555 0.0003481539057846 225
1627560184610 0.0003479644603170021 226
1627560184668 0.0003477343597573883 227
1627560184730 0.0003475058126655832 228
1627560184801 0.00034728232514285256 229
1627560184888 0.0003470525993467396 230
1627560184986 0.0003468069190582834 231
1627560185048 0.00034660605147918654 232
1627560185142 0.00034640058341075717 233
1627560185251 0.00034618428809916413 234
1627560185308 0.00034599507451887635 235
1627560185360 0.0003457865967389948 236
1627560185421 0.00034559525703135743 237
1627560185493 0.00034536950251476715 238
1627560185560 0.00034515920739089894 239
1627560185643 0.0003449758370442505 240
1627560185700 0.00034475981986273275 241
1627560185769 0.00034454717112393057 242
1627560185858 0.0003443526090925024 243
1627560185932 0.00034415102516877213 244
1627560185990 0.0003439759279154075 245
1627560186051 0.0003437833045304239 246
1627560186112 0.00034358881643918425 247
1627560186179 0.000343380794136434 248
1627560186256 0.0003431693881270797 249
1627560186312 0.00034296621253157355 250
1627560186371 0.00034276642699344087 251
1627560186428 0.0003425659360594536 252
1627560186485 0.00034235076900813473 253
1627560186547 0.00034214496843360946 254
1627560186614 0.00034192885480460906 255
1627560186674 0.0003417329688149389 256
1627560186751 0.0003414813647927642 257
1627560186829 0.0003411818747800958 258
1627560186902 0.0003409712756975867 259
1627560186966 0.00034076165562557794 260
1627560187027 0.00034058398795336727 261
1627560187087 0.0003404050363942067 262
1627560187174 0.00034011646512041637 263
1627560187246 0.0003398790169403416 264
1627560187326 0.00033961150964203335 265
1627560187386 0.00033940867239522595 266
1627560187452 0.00033922504425566 267
1627560187525 0.00033900975137699175 268
1627560187586 0.0003387935337817003 269
1627560187641 0.00033861578542050127 270
1627560187704 0.00033841290557377494 271
1627560187764 0.00033819216980439295 272
1627560187824 0.00033799482116642706 273
1627560187897 0.00033776132995384854 274
1627560187973 0.0003375597179131247 275
1627560188045 0.000337366244242667 276
1627560188119 0.0003371897464999677 277
1627560188252 0.0003369212068512129 278
1627560188345 0.00033675929854630633 279
1627560188404 0.0003365693580731005 280
1627560188468 0.0003364019523000161 281
1627560188546 0.00033611893658566324 282
1627560188608 0.00033596043511532593 283
1627560188664 0.0003357619819618376 284
1627560188725 0.00033555699037979275 285
1627560188800 0.000335353372618512 286
1627560188857 0.00033516096066207407 287
1627560188930 0.0003349449886327484 288
1627560189002 0.00033474388422400665 289
1627560189073 0.0003345445839697797 290
1627560189164 0.0003342562311603394 291
1627560189250 0.0003340719954358811 292
1627560189307 0.00033390298456902523 293
1627560189363 0.000333712257093043 294
1627560189432 0.000333492286708566 295
1627560189503 0.00033325614436601164 296
1627560189565 0.00033306759219114366 297
1627560189686 0.0003328855939081316 298
1627560189749 0.0003327083656944433 299
1627560189808 0.00033253172456836354 300
1627560189866 0.0003323443617056103 301
1627560189933 0.00033213772714452236 302
1627560189983 0.00033195574746333405 303
1627560190040 0.0003317707765191007 304
1627560190108 0.00033160245704018235 305
1627560190188 0.00033140257125903954 306
1627560190259 0.0003312114526337971 307
1627560190320 0.00033105788541597486 308
1627560190384 0.00033090231266176497 309
1627560190442 0.00033072228432628613 310
1627560190521 0.00033056347683410267 311
1627560190618 0.00033037995924475584 312
1627560190697 0.0003302174703745823 313
1627560190773 0.00033002592091565543 314
1627560190853 0.00032984876976777387 315
1627560190949 0.00032958685272667636 316
1627560191018 0.0003294019891862141 317
1627560191094 0.0003292030909444295 318
1627560191205 0.00032888865026603205 319
1627560191293 0.0003286842147495121 320
1627560191350 0.0003285222958829612 321
1627560191424 0.00032833823023713536 322
1627560191539 0.00032806282820824965 323
1627560191611 0.00032784703915637647 324
1627560191678 0.0003276499903018681 325
1627560191751 0.00032746801519283704 326
1627560191810 0.0003272867923011257 327
1627560191883 0.0003271242225951746 328
1627560191947 0.00032693878138304906 329
1627560192012 0.0003267923445020366 330
1627560192070 0.0003266074558793782 331
1627560192135 0.0003264142873178182 332
1627560192195 0.0003262426679482218 333
1627560192258 0.00032609395965572924 334
1627560192332 0.0003259385218359312 335
1627560192396 0.0003257508674155652 336
1627560192473 0.00032550801645587834 337
1627560192523 0.00032535049697240287 338
1627560192584 0.0003252008842743078 339
1627560192656 0.0003250024459660066 340
1627560192723 0.00032481264008986203 341
1627560192809 0.0003342562311603394 342
1627560196985 0.0010970873406688853 0
1627560197127 0.0010123307206640854 1
1627560197268 0.0009374522742495323 2
1627560197406 0.0008715227426403101 3
1627560197523 0.0008136067262079431 4
1627560197648 0.0007631679374215753 5
1627560197769 0.0007194778059752951 6
1627560197891 0.0006817270067555836 7
1627560198015 0.0006493446564974107 8
1627560198165 0.0006213630251339396 9
1627560198296 0.000597235710774638 10
1627560198454 0.000576552996607838 11
1627560198586 0.000558832051936078 12
1627560198744 0.0005438302160406745 13
1627560198849 0.0005308767272313869 14
1627560199004 0.0005200312467196073 15
1627560199125 0.000510717277286859 16
1627560199238 0.0005030139489965728 17
1627560199356 0.0004964405559622267 18
1627560199464 0.0004903351776744675 19
1627560199569 0.0004850102090069117 20
1627560199670 0.0004805705159233322 21
1627560199779 0.00047674353434852974 22
1627560199881 0.00047319551461635884 23
1627560199981 0.00047014205241189427 24
1627560200079 0.0004675735849228799 25
1627560200210 0.00046504418248750467 26
1627560200302 0.00046292801438081754 27
1627560200420 0.0004606156761250478 28
1627560200512 0.000458689400212546 29
1627560200602 0.0004565933295657316 30
1627560200730 0.0004547624943243399 31
1627560200842 0.0004530214084967033 32
1627560200933 0.00045109864086995615 33
1627560201038 0.0004499117135760128 34
1627560201154 0.00044779090111456534 35
1627560201243 0.0004456853532958332 36
1627560201341 0.0004441652350147029 37
1627560201462 0.0004431645372658897 38
1627560201562 0.0004411335897354007 39
1627560201652 0.0004400110184247364 40
1627560201741 0.00043837148224341985 41
1627560201825 0.00043741480296141617 42
1627560201923 0.0004364020250223042 43
1627560202021 0.0004354986950941922 44
1627560202121 0.00043426427705977737 45
1627560202231 0.00043189272491320115 46
1627560202316 0.0004308059512344717 47
1627560202412 0.00042947122639637144 48
1627560202507 0.0004287052485844499 49
1627560202607 0.00042720880272726345 50
1627560202692 0.0004265213893227812 51
1627560202796 0.0004253595647395567 52
1627560202897 0.00042349214004335075 53
1627560202996 0.00042279647604628754 54
1627560203102 0.0004221307006818992 55
1627560203197 0.0004214141264359212 56
1627560203288 0.00042029758454408114 57
1627560203374 0.0004197156811870269 58
1627560203472 0.00041804076915574084 59
1627560203554 0.00041740607336898585 60
1627560203650 0.00041584244754818344 61
1627560203764 0.0004145220449511615 62
1627560203856 0.00041392418406624014 63
1627560203946 0.00041336327178903733 64
1627560204062 0.0004127924872057045 65
1627560204189 0.0004121621855689922 66
1627560204294 0.0004108068068568025 67
1627560204431 0.0004094007991122907 68
1627560204518 0.00040885275998108405 69
1627560204637 0.00040829555094758885 70
1627560204728 0.00040778470876205703 71
1627560204852 0.00040702382716537017 72
1627560204949 0.0004061786948159374 73
1627560205066 0.00040488998572372185 74
1627560205189 0.00040432537706349553 75
1627560205280 0.00040379266902511876 76
1627560205358 0.00040322485865822464 77
1627560205440 0.0004027397398720087 78
1627560205520 0.0004022642694929351 79
1627560205612 0.00040130544654006867 80
1627560205690 0.00040082141719221024 81
1627560205786 0.0004003295644654455 82
1627560205872 0.00039967047111206725 83
1627560205991 0.0003991811044026723 84
1627560206093 0.0003985962606520358 85
1627560206183 0.00039813608502291145 86
1627560206313 0.00039725915988178014 87
1627560206408 0.0003965703919765112 88
1627560206481 0.0003961464970898022 89
1627560206561 0.0003957031104815188 90
1627560206650 0.000395058818559978 91
1627560206751 0.0003941235810159406 92
1627560206851 0.00039368364485071144 93
1627560206943 0.00039317773062907496 94
1627560207043 0.0003925548468042064 95
1627560207125 0.0003921580613697196 96
1627560207220 0.0003917635421508886 97
1627560207299 0.00039133332823919337 98
1627560207410 0.00039059969646973274 99
1627560207498 0.0003902173222233597 100
1627560207614 0.00038969906996489724 101
1627560207729 0.00038890194068359036 102
1627560207805 0.0003884905842047936 103
1627560207897 0.0003880379133394028 104
1627560208010 0.0003875110178088912 105
1627560208138 0.0003867793039671157 106
1627560208213 0.00038641147050568045 107
1627560208310 0.00038601565238519277 108
1627560208404 0.0003852263332220277 109
1627560208501 0.0003845201148620459 110
1627560208582 0.000384094297618443 111
1627560208663 0.00038373641499518896 112
1627560208735 0.0003833712147299979 113
1627560208815 0.0003829644584235344 114
1627560208894 0.0003826082080381702 115
1627560208968 0.00038222907955059223 116
1627560209075 0.0003815716388878366 117
1627560209154 0.0003812204908984272 118
1627560209234 0.0003808832707065182 119
1627560209328 0.00038027834934160567 120
1627560209427 0.00037990773328022345 121
1627560209537 0.0003792758118826407 122
1627560209604 0.00037891949120865624 123
1627560209713 0.0003782805664456769 124
1627560209815 0.00037788765677614045 125
1627560209890 0.0003775457632502059 126
1627560209974 0.0003771895332153027 127
1627560210075 0.00037676379237492306 128
1627560210159 0.00037635432577109567 129
1627560210244 0.0003759983514776232 130
1627560210328 0.00037567603814501246 131
1627560210448 0.0003751379200450939 132
1627560210529 0.000374796643136318 133
1627560210643 0.0003741693851193709 134
1627560210702 0.0003738583826070852 135
1627560210787 0.00037352759214680703 136
1627560210871 0.0003732082165317524 137
1627560210942 0.0003728727814599626 138
1627560211010 0.0003725670832731131 139
1627560211073 0.00037227632712758045 140
1627560211154 0.00037186620013969463 141
1627560211217 0.00037155199998115633 142
1627560211301 0.0003712541238584094 143
1627560211370 0.000370924679386265 144
1627560211434 0.0003706125657513722 145
1627560211516 0.0003702062494476123 146
1627560211589 0.00036991880242480987 147
1627560211676 0.00036959994696872866 148
1627560211760 0.0003692934984384039 149
1627560211847 0.00036887049805533914 150
1627560211907 0.0003686152104450823 151
1627560211988 0.00036831148193784783 152
1627560212064 0.00036801728157763284 153
1627560212143 0.0003676764775619304 154
1627560212218 0.0003673671177437919 155
1627560212286 0.00036710412924933616 156
1627560212356 0.0003668014315928318 157
1627560212443 0.00036653280705648916 158
1627560212509 0.00036626439456107076 159
1627560212591 0.00036589677723087026 160
1627560212668 0.0003656004979959723 161
1627560212732 0.0003653663014035992 162
1627560212832 0.0003648778912940367 163
1627560212915 0.0003645815805606923 164
1627560212985 0.0003642920921853848 165
1627560213071 0.0003639754946223497 166
1627560213143 0.00036367121299134676 167
1627560213215 0.00036342410703532 168
1627560213281 0.00036316070807010305 169
1627560213356 0.0003628519120243044 170
1627560213442 0.00036255634229462324 171
1627560213512 0.0003623036487702897 172
1627560213586 0.0003619980682880473 173
1627560213654 0.0003617157312295631 174
1627560213723 0.00036144028857899553 175
1627560213795 0.00036113660798518327 176
1627560213866 0.00036086071798132333 177
1627560213967 0.00036051752991457585 178
1627560214044 0.0003602254933819915 179
1627560214131 0.00035987696405281167 180
1627560214208 0.00035957202244239875 181
1627560214304 0.0003591195977574546 182
1627560214381 0.0003588133311617904 183
1627560214458 0.00035853677127478683 184
1627560214532 0.00035825411219042114 185
1627560214599 0.00035802719500005594 186
1627560214663 0.00035778343126562307 187
1627560214733 0.00035753563566686704 188
1627560214797 0.00035727968635179447 189
1627560214882 0.0003570085744556961 190
1627560214957 0.00035675972511030937 191
1627560215028 0.0003565099458301174 192
1627560215111 0.000356192211244579 193
1627560215162 0.0003559266399505651 194
1627560215254 0.00035568396041167757 195
1627560215351 0.0003552678739987788 196
1627560215437 0.0003550247277790207 197
1627560215529 0.00035461629234587953 198
1627560215607 0.00035433251806172325 199
1627560215708 0.0003541129913631573 200
1627560215791 0.0003538650482564649 201
1627560215875 0.0003535602176060022 202
1627560215987 0.0003532946602019391 203
1627560216056 0.000353076850128141 204
1627560216148 0.0003526893149173618 205
1627560216219 0.00035247910393306186 206
1627560216299 0.0003522460745213641 207
1627560216368 0.0003520269102554393 208
1627560216438 0.00035181021145788824 209
1627560216493 0.00035159242726489845 210
1627560216575 0.0003513109732098284 211
1627560216640 0.00035108423272552796 212
1627560216719 0.00035084344137672135 213
1627560216792 0.0003506250032085478 214
1627560216870 0.0003503713833061905 215
1627560216946 0.00035014196602484225 216
1627560217007 0.0003499297836730732 217
1627560217079 0.0003496794376209583 218
1627560217171 0.00034942254179849897 219
1627560217288 0.00034916798755538176 220
1627560217399 0.0003489498111160419 221
1627560217472 0.00034872046278851065 222
1627560217562 0.0003484924771198851 223
1627560217656 0.0003482813561584275 224
1627560217761 0.00034806458206937467 225
1627560217835 0.00034782883960526347 226
1627560217900 0.00034759981281262393 227
1627560217973 0.00034736144736509616 228
1627560218073 0.00034711794977490654 229
1627560218153 0.00034687245656583887 230
1627560218211 0.00034665953712790273 231
1627560218285 0.00034641670530770444 232
1627560218353 0.00034621443558403424 233
1627560218415 0.000346024734517272 234
1627560218485 0.0003457977704976362 235
1627560218589 0.000345445750194062 236
1627560218712 0.0003451679152751719 237
1627560218799 0.00034494553803315534 238
1627560218866 0.0003447341920655028 239
1627560218965 0.0003444926335430691 240
1627560219020 0.00034430146086121137 241
1627560219093 0.00034409226225134336 242
1627560219169 0.00034385261740894186 243
1627560219226 0.00034363431640608444 244
1627560219279 0.00034344858382935996 245
1627560219348 0.00034321698120352243 246
1627560219415 0.00034297906299547335 247
1627560219471 0.0003427667878893963 248
1627560219530 0.00034254871108127576 249
1627560219587 0.0003423377221151061 250
1627560219647 0.0003421297093008837 251
1627560219740 0.000341822990218513 252
1627560219834 0.00034161043919715613 253
1627560219927 0.0003414214898594819 254
1627560219984 0.00034124829333039274 255
1627560220085 0.000341037846983607 256
1627560220189 0.0003408356715358903 257
1627560220247 0.00034061857128467625 258
1627560220321 0.00034044280407126025 259
1627560220413 0.00034019489006277076 260
1627560220482 0.00033999344727633324 261
1627560220570 0.0003397867094607294 262
1627560220636 0.0003396203969244935 263
1627560220696 0.00033943381993002013 264
1627560220783 0.0003392312075698213 265
1627560220906 0.00033895629432763655 266
1627560220984 0.00033876944999739795 267
1627560221047 0.0003385477624607035 268
1627560221105 0.00033835892576815 269
1627560221163 0.0003381971931771365 270
1627560221226 0.0003380171458512951 271
1627560221288 0.00033784044918615984 272
1627560221342 0.0003376483134243882 273
1627560221403 0.0003374553876560383 274
1627560221471 0.0003372572362408609 275
1627560221545 0.00033706501556283363 276
1627560221607 0.0003368603156011263 277
1627560221678 0.0003366533647358903 278
1627560221741 0.00033649279906225633 279
1627560221822 0.00033627182629586725 280
1627560221880 0.00033609312078410405 281
1627560221954 0.00033591204665624593 282
1627560222021 0.00033571422648371864 283
1627560222090 0.0003355093615370617 284
1627560222141 0.0003353208286828002 285
1627560222207 0.00033512642723668954 286
1627560222261 0.00033495856048904304 287
1627560222356 0.0003346130864675257 288
1627560222445 0.0003344110173794904 289
1627560222551 0.0003342103728948642 290
1627560222670 0.0003339141104408653 291
1627560222730 0.00033373834994856604 292
1627560222799 0.0003335528820191261 293
1627560222857 0.000333358204219043 294
1627560222912 0.00033317338214436485 295
1627560222988 0.0003329433467330367 296
1627560223051 0.0003327601909387749 297
1627560223117 0.00033258869404275505 298
1627560223174 0.00033239158218991376 299
1627560223247 0.0003321928972549281 300
1627560223314 0.0003319880827554275 301
1627560223376 0.0003317961228480641 302
1627560223438 0.0003316315413898473 303
1627560223505 0.00033142434919373185 304
1627560223581 0.00033123090467174064 305
1627560223638 0.00033105279117804346 306
1627560223710 0.00033087689911376653 307
1627560223780 0.00033071186106371455 308
1627560223838 0.0003305379511454282 309
1627560223895 0.0003303477476126266 310
1627560223980 0.00033006139242051366 311
1627560224042 0.00032991782679335675 312
1627560224139 0.00032974138738129294 313
1627560224214 0.0003295413321817111 314
1627560224288 0.0003293719609557529 315
1627560224354 0.0003291939318560321 316
1627560224419 0.00032900310576349624 317
1627560224474 0.0003288317552846388 318
1627560224556 0.0003285785212140506 319
1627560224625 0.00032837271407522875 320
1627560224686 0.000328189108518509 321
1627560224771 0.0003279373434619007 322
1627560224837 0.0003277517622836799 323
1627560224895 0.00032757159426999327 324
1627560224969 0.0003273916645570085 325
1627560225029 0.00032719804490005894 326
1627560225084 0.0003270436337993636 327
1627560225137 0.0003268887735546258 328
1627560225232 0.000326592518005617 329
1627560225307 0.0003263857744547906 330
1627560225365 0.00032620793878637455 331
1627560225420 0.0003260231868828099 332
1627560225481 0.0003258410694641051 333
1627560225547 0.0003256545899043007 334
1627560225621 0.00032546227748751386 335
1627560225697 0.00032525555306464577 336
1627560225755 0.0003250844402199136 337
1627560225823 0.000324919182068819 338
1627560225881 0.0003247608684568809 339
1627560225941 0.0003245842142355766 340
1627560226002 0.000324386934345184 341
1627560226067 0.0003242242793515871 342
1627560226121 0.00032404656580265655 343
1627560226174 0.00032390542898631515 344
1627560226232 0.0003237391691968097 345
1627560226325 0.00032357738997641257 346
1627560226404 0.00032342842982048856 347
1627560226476 0.00032324368664710286 348
1627560226545 0.00032306011304438403 349
1627560226614 0.0003229092002515429 350
1627560226673 0.00032278038358296243 351
1627560226736 0.0003226227510786548 352
1627560226805 0.00032243014754557793 353
1627560226863 0.00032226094037827606 354
1627560226932 0.00032208255649162254 355
1627560226992 0.00032193556362879666 356
1627560227058 0.0003217448945211529 357
1627560227129 0.0003215422544336317 358
1627560227186 0.00032137411526676215 359
1627560227244 0.0003212425721486063 360
1627560227309 0.0003210615494581157 361
1627560227376 0.0003208660540242069 362
1627560227437 0.00032068522135996115 363
1627560227498 0.00032050183564425746 364
1627560227566 0.0003203468064808911 365
1627560227624 0.0003201712418163185 366
1627560227671 0.0003200332594567586 367
1627560227741 0.0003198544298816064 368
1627560227812 0.0003196883519842744 369
1627560227867 0.0003195246007043705 370
1627560227955 0.0003192694255736436 371
1627560228019 0.0003191037935660262 372
1627560228067 0.0003189470950672811 373
1627560228128 0.0003187986745862615 374
1627560228189 0.000318631797882769 375
1627560228255 0.00031848363101167926 376
1627560228312 0.0003183134307103364 377
1627560228365 0.0003181638222777302 378
1627560228427 0.0003180159203820143 379
1627560228481 0.0003178745311974917 380
1627560228578 0.0003263857744547906 381
1627560232675 0.0011001158922639039 0
1627560232806 0.0010148963947779683 1
1627560232934 0.0009395921196711495 2
1627560233065 0.0008735211550903695 3
1627560233199 0.0008153264034121103 4
1627560233329 0.0007647182149715262 5
1627560233461 0.0007208399486819373 6
1627560233620 0.0006829515324733681 7
1627560233773 0.0006502376868966471 8
1627560233895 0.0006220636537318929 9
1627560234054 0.000597699865076321 10
1627560234202 0.0005769307468890707 11
1627560234344 0.000559083105547361 12
1627560234456 0.0005441221359997665 13
1627560234566 0.0005310851984865813 14
1627560234674 0.0005202314385324833 15
1627560234784 0.0005108957623650557 16
1627560234899 0.0005031481274528754 17
1627560235011 0.0004965257519681265 18
1627560235128 0.0004905343554197074 19
1627560235252 0.00048515289252632854 20
1627560235375 0.00048087199945579114 21
1627560235484 0.0004770917984520102 22
1627560235587 0.0004738365905511834 23
1627560235689 0.00047061821546131097 24
1627560235785 0.00046788744151325955 25
1627560235881 0.0004653179380982284 26
1627560235985 0.0004629433688469885 27
1627560236091 0.000460947524725749 28
1627560236182 0.00045875567821497857 29
1627560236275 0.00045684873054445933 30
1627560236383 0.0004551695190719321 31
1627560236492 0.0004533287495601893 32
1627560236594 0.00045144145201565794 33
1627560236690 0.0004501237007342292 34
1627560236816 0.0004484110297662189 35
1627560236913 0.0004463081474655949 36
1627560237029 0.0004441611883719342 37
1627560237163 0.0004429869517332585 38
1627560237255 0.0004416958932743266 39
1627560237345 0.0004408084092922661 40
1627560237469 0.00043933752258015394 41
1627560237567 0.00043780202434530804 42
1627560237662 0.00043577947635073367 43
1627560237766 0.00043424299113562056 44
1627560237852 0.0004335035242294844 45
1627560237956 0.0004315718671457019 46
1627560238040 0.00043084821725414524 47
1627560238142 0.0004297809941944313 48
1627560238280 0.000428290459705604 49
1627560238419 0.00042655807626311285 50
1627560238513 0.00042580187027910525 51
1627560238609 0.00042440312773250384 52
1627560238715 0.00042244892549027347 53
1627560238809 0.000421192706860095 54
1627560238898 0.00042026952588252977 55
1627560238990 0.0004194651790470891 56
1627560239073 0.00041880887846519046 57
1627560239158 0.0004182370919470917 58
1627560239258 0.0004166095794103878 59
1627560239348 0.0004159289387073169 60
1627560239449 0.0004146118771995598 61
1627560239543 0.0004139192357275281 62
1627560239627 0.0004133448132051663 63
1627560239738 0.00041269507668278006 64
1627560239831 0.0004114404784068415 65
1627560239944 0.0004108268453951316 66
1627560240084 0.0004098134590152174 67
1627560240182 0.00040908457034702437 68
1627560240272 0.0004083745776463205 69
1627560240384 0.00040778250224488666 70
1627560240470 0.0004072466698798059 71
1627560240596 0.000406289892151503 72
1627560240685 0.00040575625494206936 73
1627560240776 0.00040511149341594725 74
1627560240859 0.00040459712257830344 75
1627560240961 0.00040333856299026145 76
1627560241041 0.0004027340551785015 77
1627560241139 0.00040222084893423737 78
1627560241229 0.0004016625826012385 79
1627560241328 0.0004011639155321503 80
1627560241438 0.00040033596052039535 81
1627560241551 0.00039984537841589494 82
1627560241628 0.00039939585555454174 83
1627560241708 0.0003989590770266903 84
1627560241792 0.00039849902175607385 85
1627560241880 0.0003980336280973748 86
1627560241964 0.0003975848736674833 87
1627560242055 0.0003968087612299206 88
1627560242149 0.00039579137792623023 89
1627560242233 0.0003953339458899119 90
1627560242329 0.00039436205981890817 91
1627560242410 0.0003938133797101456 92
1627560242483 0.0003933665670199007 93
1627560242564 0.0003929205250163081 94
1627560242650 0.00039232442518634104 95
1627560242742 0.00039149150015523905 96
1627560242825 0.0003910837940355281 97
1627560242919 0.0003906436963258464 98
1627560243025 0.0003902351377847719 99
1627560243107 0.0003897842584805704 100
1627560243202 0.00038902783576289044 101
1627560243293 0.0003883656833286633 102
1627560243378 0.00038785055354151603 103
1627560243460 0.00038745432113039075 104
1627560243553 0.0003870802180482097 105
1627560243631 0.00038669338423561237 106
1627560243725 0.00038619754687531507 107
1627560243814 0.00038566218634591526 108
1627560243920 0.00038492190769514966 109
1627560244009 0.00038450878704447683 110
1627560244089 0.0003840784801871355 111
1627560244182 0.0003833389687088558 112
1627560244257 0.00038296185880351037 113
1627560244333 0.00038257615546972453 114
1627560244424 0.0003822312784051802 115
1627560244485 0.00038186011063702936 116
1627560244574 0.00038152176322226084 117
1627560244650 0.00038113111324685145 118
1627560244735 0.0003806974633300279 119
1627560244820 0.0003801710233195393 120
1627560244879 0.0003798165428167102 121
1627560244953 0.0003794588816267075 122
1627560245041 0.0003790801991313837 123
1627560245150 0.00037835064689541837 124
1627560245235 0.000377915383171352 125
1627560245307 0.00037759832639969415 126
1627560245390 0.00037720893809478596 127
1627560245528 0.0003766635039131282 128
1627560245618 0.0003763217452673093 129
1627560245698 0.0003760020703812999 130
1627560245783 0.00037547991280411773 131
1627560245881 0.0003749649166578854 132
1627560245952 0.0003746313201339774 133
1627560246024 0.00037430809620612337 134
1627560246085 0.00037400948864597944 135
1627560246162 0.0003736524019922534 136
1627560246248 0.0003732501278371359 137
1627560246329 0.00037289425538419364 138
1627560246405 0.00037255561542931607 139
1627560246496 0.00037222984672872513 140
1627560246600 0.00037196076850532314 141
1627560246693 0.0003716479082121796 142
1627560246767 0.00037132424595813214 143
1627560246828 0.00037100672584093684 144
1627560246909 0.0003707010491624611 145
1627560247008 0.000370406874799395 146
1627560247112 0.0003700470920292533 147
1627560247184 0.0003697378263579187 148
1627560247268 0.0003693984778714219 149
1627560247342 0.00036910088546302297 150
1627560247420 0.00036880301905864286 151
1627560247503 0.00036848214951415616 152
1627560247571 0.00036820702761743385 153
1627560247645 0.0003679227522881328 154
1627560247737 0.00036747960554349483 155
1627560247825 0.00036715499839394463 156
1627560247907 0.00036685962129520455 157
1627560247966 0.0003666321471140361 158
1627560248050 0.0003662577456026976 159
1627560248110 0.00036596982135718057 160
1627560248196 0.000365672648007032 161
1627560248266 0.000365402083196045 162
1627560248321 0.0003651628515047988 163
1627560248398 0.0003648788945151261 164
1627560248461 0.0003646100433776846 165
1627560248525 0.00036431754295333134 166
1627560248596 0.0003640443592219296 167
1627560248684 0.0003636229898982393 168
1627560248744 0.0003633637106774125 169
1627560248807 0.0003630504153955137 170
1627560248871 0.00036279411113374673 171
1627560248957 0.000362510399143065 172
1627560249033 0.000362216093419604 173
1627560249097 0.0003619635369730774 174
1627560249168 0.00036167983847500097 175
1627560249245 0.0003614210551661863 176
1627560249316 0.000361193812627739 177
1627560249387 0.0003609132514967217 178
1627560249479 0.0003605539371273561 179
1627560249549 0.00036029527300994777 180
1627560249627 0.00036002464180629617 181
1627560249734 0.00035949377515670896 182
1627560249799 0.00035925944324987047 183
1627560249858 0.0003590183204661623 184
1627560249962 0.0003587607601999744 185
1627560250080 0.00035847741978532196 186
1627560250208 0.00035819284939036584 187
1627560250278 0.00035796353676036764 188
1627560250350 0.00035764707115636113 189
1627560250410 0.0003574393857129906 190
1627560250483 0.00035719254920112456 191
1627560250543 0.00035695666587413086 192
1627560250624 0.0003566323497138586 193
1627560250682 0.00035639402754214923 194
1627560250761 0.00035613015535043506 195
1627560250834 0.0003558861522251185 196
1627560250900 0.00035566545457516133 197
1627560251006 0.00035529561580923514 198
1627560251092 0.00035505268268465963 199
1627560251156 0.00035482194423717815 200
1627560251240 0.00035449073839756483 201
1627560251324 0.00035414999128378347 202
1627560251381 0.00035391517406429185 203
1627560251459 0.0003536415917503098 204
1627560251516 0.000353391131317379 205
1627560251619 0.000353136230370784 206
1627560251750 0.00035289746746745984 207
1627560251826 0.00035265668491273023 208
1627560251896 0.0003524258011442152 209
1627560251965 0.000352216189114309 210
1627560252074 0.0003519883211966251 211
1627560252130 0.0003517540125659761 212
1627560252198 0.00035148852262754894 213
1627560252323 0.00035124640037020345 214
1627560252408 0.00035092710507963337 215
1627560252490 0.0003507132172029737 216
1627560252553 0.00035048262918507 217
1627560252629 0.0003502428928053947 218
1627560252692 0.0003500286807154995 219
1627560252796 0.0003497245074206338 220
1627560252889 0.0003495010481844661 221
1627560252997 0.00034929678030910105 222
1627560253086 0.000349099318565035 223
1627560253150 0.0003488694617646956 224
1627560253231 0.0003486276553516289 225
1627560253322 0.0003484219979842081 226
1627560253411 0.0003482111899978308 227
1627560253502 0.0003479956376195242 228
1627560253600 0.00034777249289740105 229
1627560253676 0.00034757080337635894 230
1627560253764 0.00034723095518914926 231
1627560253821 0.00034703606980889163 232
1627560253899 0.0003468461007133968 233
1627560254042 0.00034644794944894747 234
1627560254129 0.00034626482189078995 235
1627560254271 0.0003459517250698258 236
1627560254355 0.00034574700238187213 237
1627560254429 0.00034556122461716507 238
1627560254483 0.0003453286699335244 239
1627560254579 0.00034511740651157086 240
1627560254658 0.00034490995697661336 241
1627560254749 0.00034468565750763494 242
1627560254845 0.00034447551803465576 243
1627560254907 0.00034423373803766293 244
1627560254968 0.00034400540553335964 245
1627560255042 0.0003437760945190501 246
1627560255121 0.0003435320585883173 247
1627560255185 0.0003433493059875256 248
1627560255250 0.00034318317497102394 249
1627560255325 0.0003429612228404283 250
1627560255387 0.00034274014655351673 251
1627560255446 0.00034253296026359975 252
1627560255514 0.00034230485537670613 253
1627560255573 0.0003421022813247826 254
1627560255646 0.000341879918541081 255
1627560255733 0.00034162793970570404 256
1627560255814 0.00034139737897135263 257
1627560255886 0.0003411675659972514 258
1627560255976 0.00034094355547845963 259
1627560256050 0.000340742415665424 260
1627560256145 0.00034056067972068415 261
1627560256241 0.0003401763678870897 262
1627560256344 0.00033994647698861634 263
1627560256420 0.00033973261807148893 264
1627560256495 0.0003395197512233709 265
1627560256567 0.0003393013555654186 266
1627560256636 0.0003390918096574188 267
1627560256734 0.00033887649371146385 268
1627560256829 0.00033864881554279274 269
1627560256906 0.00033847861330321607 270
1627560256994 0.0003381613715072402 271
1627560257063 0.00033797323918596193 272
1627560257120 0.0003377827392315052 273
1627560257201 0.00033752176013679744 274
1627560257269 0.00033735918584013724 275
1627560257362 0.00033716119469147723 276
1627560257421 0.0003369463541160139 277
1627560257495 0.000336725547078592 278
1627560257567 0.0003365179714269096 279
1627560257622 0.0003363387905090664 280
1627560257691 0.0003361458057861816 281
1627560257769 0.0003359216590835731 282
1627560257838 0.0003357404091878646 283
1627560257917 0.00033549823420157463 284
1627560257979 0.00033530559286708874 285
1627560258064 0.00033500312480961263 286
1627560258140 0.00033481555113461074 287
1627560258253 0.00033461031246089743 288
1627560258375 0.00033440646164791384 289
1627560258473 0.000334203965214949 290
1627560258565 0.00033402075864374654 291
1627560258635 0.0003338368291458257 292
1627560258711 0.00033360850665211837 293
1627560258782 0.0003333974519571024 294
1627560258829 0.0003332148246903011 295
1627560258905 0.0003330025277520976 296
1627560258982 0.00033279846204030937 297
1627560259041 0.0003326191432297274 298
1627560259102 0.0003324614264848342 299
1627560259172 0.0003322752486246883 300
1627560259227 0.000332119382411377 301
1627560259285 0.0003319421440627191 302
1627560259345 0.0003317714733705768 303
1627560259400 0.00033158507398700225 304
1627560259476 0.0003314086131276966 305
1627560259537 0.0003312234878022064 306
1627560259610 0.00033104262469192257 307
1627560259692 0.0003308458355184715 308
1627560259766 0.00033065058244067646 309
1627560259851 0.0003304688471665501 310
1627560259977 0.0003302765214641517 311
1627560260043 0.0003301074428424656 312
1627560260103 0.0003299590892433935 313
1627560260165 0.00032978122290284865 314
1627560260220 0.00032964128743639086 315
1627560260294 0.0003294133536813336 316
1627560260366 0.0003292560610514076 317
1627560260426 0.00032907918837423144 318
1627560260496 0.00032888843773078884 319
1627560260574 0.00032873704759304025 320
1627560260664 0.00032854208524085184 321
1627560260724 0.0003283699263821521 322
1627560260790 0.0003281901325044314 323
1627560260853 0.00032801243537679877 324
1627560260943 0.00032783156303701734 325
1627560261026 0.00032764994057042857 326
1627560261096 0.00032749419899195584 327
1627560261155 0.00032731416559200635 328
1627560261264 0.0003271635900134652 329
1627560261365 0.0003269406808804687 330
1627560261462 0.0003267490494872777 331
1627560261519 0.00032656917915669986 332
1627560261583 0.0003263595832744486 333
1627560261645 0.0003261671270518419 334
1627560261721 0.00032598769464235467 335
1627560261770 0.0003258004690071965 336
1627560261858 0.00032560201892123874 337
1627560261918 0.00032544276265991694 338
1627560261977 0.00032527973743601204 339
1627560262038 0.0003251172398530344 340
1627560262093 0.00032494959290600787 341
1627560262142 0.00032480627555784056 342
1627560262197 0.0003246179499334861 343
1627560262284 0.00033360850665211837 344
