1627560090602 0.5089529494700324 0
1627560090724 0.469558243505839 1
1627560090844 0.4346706199479292 2
1627560090981 0.4040675972532722 3
1627560091114 0.3771586460565337 4
1627560091253 0.35374391581269143 5
1627560091377 0.3334527774581753 6
1627560091500 0.31596796365764507 7
1627560091624 0.30091628102998197 8
1627560091743 0.28787014497474206 9
1627560091859 0.2765882073542642 10
1627560091976 0.26693646008349287 11
1627560092094 0.2586297017381825 12
1627560092208 0.2515992438794515 13
1627560092316 0.24554050548910444 14
1627560092430 0.24048214826464986 15
1627560092545 0.23613790403734206 16
1627560092667 0.2325355616695832 17
1627560092792 0.229490992785002 18
1627560092910 0.22663132541186876 19
1627560093016 0.2242215384276988 20
1627560093144 0.22223554777594498 21
1627560093253 0.22054324938819944 22
1627560093373 0.21895311586268495 23
1627560093481 0.21750633051701493 24
1627560093582 0.21624775866642992 25
1627560093673 0.21512170810351453 26
1627560093773 0.21412772884222267 27
1627560093879 0.21297228656971898 28
1627560093976 0.21204845929666719 29
1627560094072 0.21125631526609975 30
1627560094171 0.21042141528800598 31
1627560094272 0.20928640022703168 32
1627560094365 0.208511309484067 33
1627560094453 0.20778492698769155 34
1627560094541 0.20680745625305658 35
1627560094640 0.20583736220637622 36
1627560094743 0.20509683965664555 37
1627560094839 0.2045362209332475 38
1627560094947 0.2036025144498598 39
1627560095027 0.20312347098975436 40
1627560095107 0.20248869409004527 41
1627560095204 0.20176375543269764 42
1627560095286 0.20122472166187172 43
1627560095386 0.2006602734391304 44
1627560095478 0.2001971822905407 45
1627560095583 0.19931111085785522 46
1627560095682 0.19835540500182774 47
1627560095781 0.1977162298840826 48
1627560095881 0.1973615247911298 49
1627560095996 0.19650668936187787 50
1627560096083 0.19621099966161118 51
1627560096178 0.1958888117080584 52
1627560096279 0.19504248131633414 53
1627560096371 0.19465069286714062 54
1627560096472 0.19413507405510325 55
1627560096566 0.19383797664427027 56
1627560096654 0.19354178589315038 57
1627560096745 0.1932754819811359 58
1627560096837 0.19284673807732783 59
1627560096927 0.1925471336661224 60
1627560097035 0.19194229068546081 61
1627560097120 0.19167535524373 62
1627560097221 0.1911197486482458 63
1627560097310 0.190837918464918 64
1627560097415 0.1901797041868972 65
1627560097499 0.18987081340432815 66
1627560097580 0.1895941543110794 67
1627560097672 0.18932843396859703 68
1627560097762 0.18907586420021308 69
1627560097851 0.18852071474391666 70
1627560097945 0.18823598069599856 71
1627560098031 0.18793335559395688 72
1627560098137 0.1873210933770918 73
1627560098238 0.1870836072680774 74
1627560098326 0.18678911704067405 75
1627560098416 0.1865456855638701 76
1627560098506 0.186181180453567 77
1627560098601 0.18568649989483124 78
1627560098692 0.1853946901072126 79
1627560098782 0.18512020143253016 80
1627560098865 0.18483757227603428 81
1627560098956 0.18462062967385345 82
1627560099038 0.18442118776200925 83
1627560099127 0.18421540244522022 84
1627560099215 0.1839974453559045 85
1627560099287 0.18377693562128264 86
1627560099357 0.18357329254895033 87
1627560099443 0.18335812630553244 88
1627560099536 0.1831427813448966 89
1627560099626 0.18291895471091255 90
1627560099726 0.18272666014180675 91
1627560099831 0.182249465732051 92
1627560099931 0.18188232955435582 93
1627560100014 0.1816459426633243 94
1627560100110 0.18129406978759488 95
1627560100194 0.18108498813039992 96
1627560100280 0.1807597342192862 97
1627560100349 0.18056837188113947 98
1627560100435 0.18034206537595396 99
1627560100525 0.1801359435421988 100
1627560100628 0.17993041723501138 101
1627560100705 0.17975537208054213 102
1627560100769 0.17956101721826745 103
1627560100850 0.1793359975178913 104
1627560100943 0.17892578927835412 105
1627560101046 0.17861247606568986 106
1627560101131 0.17841957568389202 107
1627560101219 0.17823628676526615 108
1627560101305 0.1780254417262649 109
1627560101395 0.177652816428512 110
1627560101471 0.17746406594154548 111
1627560101552 0.1772931799755962 112
1627560101634 0.17711251849117127 113
1627560101716 0.17693364154111618 114
1627560101829 0.17661887691204234 115
1627560101916 0.176381324070739 116
1627560101994 0.17620479275108789 117
1627560102068 0.17604673406844765 118
1627560102157 0.17589092461852052 119
1627560102245 0.17573880793212138 120
1627560102307 0.1755878341207352 121
1627560102385 0.17542015687479398 122
1627560102478 0.17510635083917808 123
1627560102574 0.1749363034613099 124
1627560102655 0.17478109013404383 125
1627560102724 0.17463158606753396 126
1627560102809 0.17448831830635178 127
1627560102897 0.17429714504716104 128
1627560103003 0.17403805926335483 129
1627560103115 0.17380467488749488 130
1627560103193 0.17366359528119138 131
1627560103272 0.173484738151626 132
1627560103344 0.17333095949193464 133
1627560103441 0.17317953072306952 134
1627560103578 0.17292613390167116 135
1627560103653 0.1727649631436695 136
1627560103721 0.1726276888704734 137
1627560103789 0.17248638061079224 138
1627560103876 0.1722852958000383 139
1627560103937 0.17215201742576636 140
1627560104014 0.17200438465397436 141
1627560104094 0.17185855199069414 142
1627560104159 0.17172857794558496 143
1627560104225 0.17158180955125463 144
1627560104291 0.17143787441131195 145
1627560104353 0.1713080644726626 146
1627560104444 0.17106774717896137 147
1627560104517 0.17091256638812843 148
1627560104601 0.17075489865403584 149
1627560104705 0.1705856113410236 150
1627560104775 0.17045086737377269 151
1627560104860 0.1702371786841881 152
1627560104945 0.17010250045683115 153
1627560105051 0.16995585688653084 154
1627560105126 0.16980447754173264 155
1627560105201 0.169666099585844 156
1627560105265 0.1695250877801053 157
1627560105353 0.16937777488965416 158
1627560105416 0.16925408593779087 159
1627560105483 0.16911651002272757 160
1627560105574 0.16887141311750503 161
1627560105655 0.16874349593130317 162
1627560105714 0.1686361901262737 163
1627560105803 0.16845710123658078 164
1627560105876 0.16832866475469635 165
1627560105953 0.16819493147461737 166
1627560106046 0.1679737140805357 167
1627560106129 0.1677986769510553 168
1627560106205 0.1676631844939747 169
1627560106283 0.16753707747742635 170
1627560106355 0.16741729274365286 171
1627560106426 0.16728570795671505 172
1627560106499 0.16715980136297084 173
1627560106571 0.16703566348308177 174
1627560106638 0.16691353698524136 175
1627560106722 0.16678809360936905 176
1627560106825 0.1665724273921796 177
1627560106899 0.16645452168590094 178
1627560106974 0.16632248610706324 179
1627560107050 0.16617861664175504 180
1627560107126 0.16605259575574302 181
1627560107216 0.16591485152380156 182
1627560107309 0.1657347194097133 183
1627560107386 0.16560229825606554 184
1627560107467 0.16547393415723347 185
1627560107545 0.16533997465137623 186
1627560107617 0.16521707542857353 187
1627560107679 0.1651124355961261 188
1627560107734 0.1650142169942614 189
1627560107812 0.16490382540679197 190
1627560107889 0.16476374185227058 191
1627560107952 0.16464797427390138 192
1627560108016 0.16453378709328761 193
1627560108079 0.16442041679373331 194
1627560108149 0.1643052026227695 195
1627560108207 0.1642042181693343 196
1627560108286 0.164091868482363 197
1627560108351 0.16398249239331397 198
1627560108425 0.16388138723685475 199
1627560108488 0.16378788459782476 200
1627560108562 0.16367468418510503 201
1627560108634 0.16358088423141043 202
1627560108703 0.16347152518451105 203
1627560108774 0.16337590220832224 204
1627560108849 0.1632653947172179 205
1627560108937 0.16308331720875915 206
1627560109021 0.16294624099276925 207
1627560109093 0.1628299755094319 208
1627560109160 0.16273183122348642 209
1627560109224 0.16263351686034766 210
1627560109287 0.16251660434482654 211
1627560109349 0.16240665642160476 212
1627560109419 0.16229400719122647 213
1627560109490 0.16218134086929828 214
1627560109565 0.16206509456016308 215
1627560109645 0.16193635976015125 216
1627560109711 0.16183175605000302 217
1627560109766 0.16173840211897955 218
1627560109830 0.16163525202792686 219
1627560109911 0.16152973135305235 220
1627560109983 0.16142752307398855 221
1627560110048 0.16131915839837002 222
1627560110123 0.16120643345673716 223
1627560110178 0.16112054227994968 224
1627560110239 0.1610309043056649 225
1627560110331 0.16092095059845488 226
1627560110414 0.16080674107259885 227
1627560110501 0.16065714686450092 228
1627560110555 0.16057222246145275 229
1627560110622 0.16046458464437782 230
1627560110683 0.16036695198252202 231
1627560110754 0.1602616318682809 232
1627560110838 0.1601023839635133 233
1627560110902 0.160006505853983 234
1627560110973 0.15989608134992545 235
1627560111049 0.15978863113798675 236
1627560111123 0.15968995835409583 237
1627560111199 0.15959024746033476 238
1627560111312 0.15942042005806126 239
1627560111389 0.15933066471221466 240
1627560111451 0.15923524611715348 241
1627560111510 0.15913651505848375 242
1627560111584 0.15903383578699934 243
1627560111654 0.1589282725645509 244
1627560111733 0.15883160174007047 245
1627560111817 0.15872183275947382 246
1627560111879 0.15861897935496108 247
1627560111957 0.15852600301112535 248
1627560112030 0.15844306864544044 249
1627560112116 0.15832357944630487 250
1627560112178 0.15823133496185687 251
1627560112250 0.1581288690775797 252
1627560112321 0.15802521024440647 253
1627560112392 0.15794142313813606 254
1627560112455 0.15784085873071363 255
1627560112521 0.15773902667367928 256
1627560112606 0.15764014009338753 257
1627560112684 0.1575418217513492 258
1627560112753 0.1574667257786241 259
1627560112824 0.1573676577803772 260
1627560112899 0.15725894235872898 261
1627560112968 0.1571698817363149 262
1627560113027 0.15707261118188623 263
1627560113088 0.15697594306387827 264
1627560113152 0.15687908690146338 265
1627560113214 0.1567994879032648 266
1627560113284 0.15670947231074006 267
1627560113348 0.15660864316940706 268
1627560113406 0.15651233030393166 269
1627560113471 0.15640993915375279 270
1627560113541 0.15631276645854364 271
1627560113613 0.15622943770444966 272
1627560113676 0.1561456720593272 273
1627560113740 0.1560750564760037 274
1627560113819 0.15596473255502016 275
1627560113903 0.15582884541326897 276
1627560113974 0.15573450545584624 277
1627560114029 0.15564486049677842 278
1627560114110 0.1555140979586494 279
1627560114174 0.15541139208696103 280
1627560114241 0.1553244515911984 281
1627560114304 0.15523915736298116 282
1627560114367 0.15514507263555521 283
1627560114429 0.1550520756430204 284
1627560114486 0.1549675264976725 285
1627560114556 0.1548814624184626 286
1627560114640 0.15473451885926437 287
1627560114723 0.15457960204546456 288
1627560114794 0.154488050855485 289
1627560114848 0.15441561502649953 290
1627560114920 0.15433757727245112 291
1627560114997 0.15425494082222735 292
1627560115073 0.15417154541410574 293
1627560115136 0.15408727755217297 294
1627560115201 0.15400622176719786 295
1627560115263 0.15393106663653117 296
1627560115333 0.15384266232982752 297
1627560115394 0.15377006559312612 298
1627560115466 0.15367158761819172 299
1627560115541 0.15357120107408664 300
1627560115598 0.15348595756122593 301
1627560115655 0.15339388121728723 302
1627560115746 0.1533046417695964 303
1627560115811 0.15321448904910617 304
1627560115870 0.15312993111828746 305
1627560115922 0.1530496656291958 306
1627560115988 0.15296792746661772 307
1627560116065 0.15288057122391058 308
1627560116127 0.15279855225059671 309
1627560116196 0.152729523340854 310
1627560116259 0.15265165124522106 311
1627560116316 0.15256786082693635 312
1627560116372 0.15250294010060292 313
1627560116431 0.1524239681307221 314
1627560116485 0.15235820299304914 315
1627560116571 0.15226931651318065 316
1627560116646 0.15219591239583388 317
1627560116705 0.1521101370322572 318
1627560116763 0.15202862803664177 319
1627560116820 0.15195002478962558 320
1627560116893 0.15185487310814005 321
1627560116969 0.15176312804414982 322
1627560117036 0.15168104804455743 323
1627560117120 0.15154910280282669 324
1627560117182 0.1514806339038655 325
1627560117240 0.15139874361258207 326
1627560117303 0.15132522925398564 327
1627560117379 0.15123330987516478 328
1627560117443 0.15116332140602176 329
1627560117505 0.15108697562568996 330
1627560117558 0.151003249803422 331
1627560117622 0.1509288104833352 332
1627560117679 0.15083972355573183 333
1627560117763 0.15073870956866775 334
1627560117824 0.1506670718083968 335
1627560117905 0.15058546757346766 336
1627560117987 0.15049437932435722 337
1627560118044 0.1504372763726798 338
1627560118106 0.15035460484938568 339
1627560118160 0.15027266149063234 340
1627560118258 0.15019625306133108 341
1627560118318 0.15013147958607975 342
1627560118390 0.1500393829684213 343
1627560118459 0.14996167476381697 344
1627560118523 0.14987743910075577 345
1627560118579 0.14980295551751688 346
1627560118634 0.1497291080850578 347
1627560118690 0.14964859504764885 348
1627560118745 0.149570714412346 349
1627560118817 0.14948456041481512 350
1627560118869 0.149418233065895 351
1627560118944 0.14930328751294872 352
1627560119003 0.14922860387885753 353
1627560119070 0.14914594840430972 354
1627560119129 0.14907361215543732 355
1627560119199 0.14899324372862235 356
1627560119277 0.14890311718126442 357
1627560119344 0.14881923149839352 358
1627560119410 0.1487361832612666 359
1627560119475 0.14866745257352829 360
1627560119585 0.1485795158437669 361
1627560119651 0.14851226554797714 362
1627560119721 0.14843192478080697 363
1627560119777 0.14835973667473046 364
1627560119856 0.14827651468275788 365
1627560119918 0.1481967511314158 366
1627560119987 0.1481181351498372 367
1627560120047 0.14804830581973286 368
1627560120102 0.14798106534467734 369
1627560120158 0.14790012502904792 370
1627560120228 0.14780468923196383 371
1627560120283 0.14774490923666825 372
1627560120342 0.14767674803478348 373
1627560120407 0.14760006972395945 374
1627560120479 0.1475171803297463 375
1627560120570 0.14744120150597131 376
1627560120660 0.1473147437935021 377
1627560120716 0.1472365706188225 378
1627560120844 0.14712036269727607 379
1627560120909 0.14705404051036639 380
1627560120980 0.14698192170329044 381
1627560121036 0.1469033479313101 382
1627560121121 0.14682570434635836 383
1627560121181 0.14674747856499423 384
1627560121262 0.14665438639939932 385
1627560121320 0.146575614230257 386
1627560121385 0.14650748134335437 387
1627560121444 0.14643919496807598 388
1627560121503 0.14636927125449806 389
1627560121565 0.14629803858014456 390
1627560121626 0.146227564785663 391
1627560121689 0.1461588341276838 392
1627560121746 0.146085649134024 393
1627560121828 0.14598077471081347 394
1627560121887 0.14591496593292572 395
1627560121962 0.14582955598865147 396
1627560122027 0.14575862436452552 397
1627560122083 0.14568841801905186 398
1627560122154 0.14561255196647205 399
1627560122210 0.14554451756671924 400
1627560122264 0.14548350376715777 401
1627560122324 0.1454053491648481 402
1627560122392 0.14533197539872084 403
1627560122456 0.1452580991161972 404
1627560122518 0.14519267723594256 405
1627560122570 0.1451305229745253 406
1627560122628 0.14505370348766133 407
1627560122727 0.14497017994452174 408
1627560122828 0.14490357788487443 409
1627560122897 0.14483687018147498 410
1627560122956 0.14476939447093562 411
1627560123013 0.1446924737105503 412
1627560123071 0.1446217957835897 413
1627560123134 0.14454713508076872 414
1627560123186 0.1444775282301529 415
1627560123248 0.14442216055143986 416
1627560123326 0.14433930932319916 417
1627560123381 0.1442760261073052 418
1627560123435 0.1442065004974157 419
1627560123507 0.14412523588110143 420
1627560123572 0.14405820803446281 421
1627560123644 0.14397761871773995 422
1627560123699 0.1439211360934297 423
1627560123753 0.14384991001045663 424
1627560123804 0.14377711368974827 425
1627560123856 0.14370753877245093 426
1627560123920 0.14363989565572655 427
1627560123984 0.1435685823076484 428
1627560124042 0.14348969008830617 429
1627560124100 0.14343520079646782 430
1627560124212 0.14705404051036639 431
1627560128504 0.5082347426465401 0
1627560128657 0.468961812565937 1
1627560128836 0.4342724111239408 2
1627560128957 0.40379673408095834 3
1627560129109 0.37698348790066827 4
1627560129257 0.35365175121002845 5
1627560129448 0.33345434443789485 6
1627560129627 0.3160049447871667 7
1627560129747 0.30096500486820044 8
1627560129857 0.2879590080261885 9
1627560129966 0.2767187790715367 10
1627560130088 0.26712019766994993 11
1627560130204 0.2588872034496335 12
1627560130317 0.2519305034024522 13
1627560130427 0.24596304482091735 14
1627560130547 0.24095281038408792 15
1627560130668 0.23662025808944007 16
1627560130816 0.2330300003151208 17
1627560130944 0.2299437608883351 18
1627560131094 0.22716675680527298 19
1627560131201 0.22477423441421002 20
1627560131306 0.22274727862224877 21
1627560131415 0.2210570587242509 22
1627560131520 0.21918921753910753 23
1627560131623 0.21764910334061058 24
1627560131720 0.21642570354632512 25
1627560131821 0.21532465024014963 26
1627560131920 0.2143178831919267 27
1627560132026 0.21341572376000573 28
1627560132129 0.21240624912540865 29
1627560132229 0.21160967316689078 30
1627560132362 0.21076399651034786 31
1627560132493 0.2097918014819792 32
1627560132598 0.20893413115319812 33
1627560132734 0.20833995767621974 34
1627560132865 0.20745840860675535 35
1627560132971 0.2065123008857466 36
1627560133113 0.20561929255255726 37
1627560133219 0.20508286525696534 38
1627560133356 0.2045570885209893 39
1627560133470 0.20411081655228627 40
1627560133597 0.2034516038726771 41
1627560133693 0.20252072407685404 42
1627560133836 0.20156339719760188 43
1627560133943 0.2007721243136628 44
1627560134029 0.2003797519246821 45
1627560134161 0.19971248222508348 46
1627560134288 0.199072578165733 47
1627560134410 0.19814541610385084 48
1627560134550 0.19760723164812527 49
1627560134673 0.1970914445765765 50
1627560134769 0.19674382974923849 51
1627560134860 0.1964144168396155 52
1627560134977 0.19548339191366376 53
1627560135088 0.1952249143027894 54
1627560135166 0.19495190179375413 55
1627560135266 0.19443775283365758 56
1627560135353 0.19415773076993337 57
1627560135439 0.19385984811711696 58
1627560135531 0.19353871989845828 59
1627560135627 0.1932119349153418 60
1627560135734 0.19249580123407892 61
1627560135832 0.1922250207693133 62
1627560135916 0.19182366312161506 63
1627560136018 0.19131724198469016 64
1627560136115 0.19082029860531746 65
1627560136204 0.1905377691970399 66
1627560136293 0.19027525778071872 67
1627560136403 0.18954818923784542 68
1627560136497 0.18926985554699477 69
1627560136598 0.18899423963881776 70
1627560136702 0.1884523715433598 71
1627560136785 0.18819419005386004 72
1627560136885 0.18794638630574015 73
1627560136981 0.1876387425920515 74
1627560137072 0.18732963401149896 75
1627560137176 0.18676831436679195 76
1627560137253 0.18652986460280338 77
1627560137332 0.18629442975361374 78
1627560137418 0.18604330403499075 79
1627560137510 0.1857004391302296 80
1627560137612 0.18539115092580102 81
1627560137696 0.18517800485577504 82
1627560137773 0.18495505343825505 83
1627560137881 0.18447272591942646 84
1627560138010 0.1842432251462151 85
1627560138079 0.18403662577651092 86
1627560138158 0.18382346883552267 87
1627560138244 0.1836035268566751 88
1627560138326 0.18338009983934744 89
1627560138410 0.18316421760655305 90
1627560138500 0.1827956089586371 91
1627560138597 0.1823450707242121 92
1627560138674 0.18213156360570026 93
1627560138765 0.18179894497803328 94
1627560138859 0.18137493037290658 95
1627560138936 0.18117902465948485 96
1627560139024 0.1809843226977168 97
1627560139121 0.18079322730082378 98
1627560139237 0.18056856789321823 99
1627560139359 0.18036967914676633 100
1627560139511 0.17995291354898196 101
1627560139589 0.17976149772802244 102
1627560139673 0.17955328095401432 103
1627560139750 0.17937501142792384 104
1627560139850 0.17909905553405636 105
1627560139937 0.1789225880660589 106
1627560140033 0.17872908207757393 107
1627560140133 0.17854088743485624 108
1627560140232 0.17835952594728247 109
1627560140299 0.1781560631822556 110
1627560140384 0.17797073004921904 111
1627560140480 0.17759440940743995 112
1627560140580 0.17728938431313307 113
1627560140654 0.1771137967235023 114
1627560140744 0.17692584153906427 115
1627560140819 0.17676246701426818 116
1627560140891 0.17659656041083008 117
1627560140969 0.17643005417297136 118
1627560141056 0.17626834921587914 119
1627560141128 0.17610666999338362 120
1627560141197 0.1759401455429717 121
1627560141259 0.17578506934572138 122
1627560141343 0.17554204905751566 123
1627560141415 0.17538002388459273 124
1627560141501 0.1752114724493254 125
1627560141570 0.175062496907757 126
1627560141678 0.17481350830000666 127
1627560141803 0.17452945716105323 128
1627560141895 0.17433895430166932 129
1627560141985 0.17405212558846403 130
1627560142063 0.17389647663860777 131
1627560142156 0.173640728124619 132
1627560142233 0.17347700171584898 133
1627560142311 0.1733203829113733 134
1627560142380 0.17314794009251722 135
1627560142457 0.17299647336434065 136
1627560142535 0.17285493079136804 137
1627560142605 0.172704425893787 138
1627560142682 0.17255605589216305 139
1627560142751 0.172407681420534 140
1627560142847 0.17212398732994835 141
1627560142919 0.1719587947105879 142
1627560142996 0.1717778957411292 143
1627560143071 0.1716330110376554 144
1627560143166 0.17148406860211238 145
1627560143265 0.17127784712718475 146
1627560143348 0.1710776893538946 147
1627560143437 0.17091607312720947 148
1627560143520 0.17077446868933654 149
1627560143579 0.17064588537740474 150
1627560143676 0.17036352565882204 151
1627560143752 0.1701979622828412 152
1627560143808 0.1700820137991376 153
1627560143861 0.16995419127416891 154
1627560143955 0.16974240916910222 155
1627560144034 0.1696028809971892 156
1627560144114 0.16945713034033388 157
1627560144178 0.16933475767170683 158
1627560144236 0.16921933484385387 159
1627560144316 0.16906358446738293 160
1627560144381 0.16893147651714444 161
1627560144451 0.16879473190795585 162
1627560144529 0.16867115505303593 163
1627560144608 0.16855283611078092 164
1627560144693 0.1684142993120632 165
1627560144774 0.16828213978289497 166
1627560144844 0.1681551897839682 167
1627560144925 0.16803504417476758 168
1627560144994 0.1678983279150913 169
1627560145073 0.16775799648924644 170
1627560145136 0.16763003459383435 171
1627560145215 0.16750035860053114 172
1627560145290 0.1673520072784868 173
1627560145379 0.1672010071856872 174
1627560145444 0.16708177540870991 175
1627560145516 0.1669431584978763 176
1627560145603 0.16675045689185253 177
1627560145671 0.1666382948318781 178
1627560145731 0.1665087630327731 179
1627560145802 0.16638230519210043 180
1627560145873 0.16624726510516685 181
1627560145945 0.16609847540487555 182
1627560146009 0.16597886494630051 183
1627560146070 0.16586151257586032 184
1627560146142 0.16574615332609524 185
1627560146223 0.16564158794220507 186
1627560146287 0.16551556298164322 187
1627560146346 0.16541091182360412 188
1627560146439 0.1652038635743774 189
1627560146537 0.16508632809983978 190
1627560146611 0.16495551447580536 191
1627560146688 0.16482378919954924 192
1627560146753 0.1647156997673729 193
1627560146832 0.16458085686855983 194
1627560146890 0.16447224874061225 195
1627560146952 0.16437637094659124 196
1627560147017 0.1642779596179052 197
1627560147093 0.16412591482733727 198
1627560147146 0.1640205032541731 199
1627560147213 0.16391028646563294 200
1627560147271 0.16381041166220445 201
1627560147325 0.16370066654458262 202
1627560147380 0.16358558236059062 203
1627560147462 0.16346765323670975 204
1627560147520 0.1633615624177237 205
1627560147595 0.16324513520945313 206
1627560147660 0.16313584708569148 207
1627560147733 0.16300683093287174 208
1627560147822 0.1628095321720788 209
1627560147900 0.16268163743652855 210
1627560147990 0.1625153113232351 211
1627560148062 0.16238536229772216 212
1627560148122 0.16229335590974817 213
1627560148200 0.16217446344255432 214
1627560148268 0.16207881627359697 215
1627560148336 0.16196150496818298 216
1627560148405 0.1618528760444288 217
1627560148477 0.16173508433339967 218
1627560148535 0.1616304003178499 219
1627560148590 0.16152024482152047 220
1627560148648 0.16142076941386643 221
1627560148729 0.1613092742208599 222
1627560148786 0.16120558843469474 223
1627560148865 0.16110069406044142 224
1627560148934 0.16100157420307867 225
1627560149000 0.1609005279339101 226
1627560149065 0.1607821528420915 227
1627560149145 0.16067794885323827 228
1627560149212 0.16057477584030516 229
1627560149274 0.16047036723007013 230
1627560149332 0.1603688273439279 231
1627560149397 0.16027101278258032 232
1627560149475 0.16017387345394746 233
1627560149544 0.16007779274576867 234
1627560149601 0.15997740625702866 235
1627560149681 0.15987475870258422 236
1627560149758 0.15976715208384928 237
1627560149881 0.15966908075151506 238
1627560149955 0.15957799839259273 239
1627560150020 0.15949459988478568 240
1627560150082 0.1593992698866771 241
1627560150143 0.15930328538636518 242
1627560150197 0.15922107801263508 243
1627560150259 0.15911964631920847 244
1627560150333 0.1590035344819428 245
1627560150406 0.15888574003642655 246
1627560150476 0.15878167803546694 247
1627560150536 0.15869433517736692 248
1627560150593 0.15860535511177842 249
1627560150656 0.1585077128692764 250
1627560150712 0.15841829403591667 251
1627560150783 0.1583187120112092 252
1627560150856 0.15820601475882007 253
1627560150924 0.1581066301744905 254
1627560150994 0.15800484028529554 255
1627560151062 0.1579019813712803 256
1627560151128 0.15781243126189506 257
1627560151189 0.15771263425901716 258
1627560151255 0.1576153302983632 259
1627560151319 0.1575153183307411 260
1627560151391 0.15742084790576913 261
1627560151451 0.15732528885526148 262
1627560151513 0.15723728163165843 263
1627560151571 0.15714170740176372 264
1627560151636 0.15704567862925473 265
1627560151723 0.15694009612585758 266
1627560151783 0.15685070888537786 267
1627560151842 0.15675748850999296 268
1627560151898 0.15668100054905165 269
1627560151968 0.1565825861297262 270
1627560152040 0.15649421861249496 271
1627560152122 0.15637196673207768 272
1627560152177 0.15628785280851082 273
1627560152237 0.15621613189894554 274
1627560152323 0.1560931640585736 275
1627560152387 0.15600971991178808 276
1627560152456 0.15592892212697776 277
1627560152524 0.15583288041848944 278
1627560152602 0.15571885223410742 279
1627560152657 0.15563374192790616 280
1627560152726 0.15553516438952183 281
1627560152816 0.15544620859179856 282
1627560152879 0.15536488233809315 283
1627560152939 0.15526784411049385 284
1627560153018 0.15518170564874778 285
1627560153100 0.1550856264253647 286
1627560153192 0.15496545523791425 287
1627560153270 0.1548726124194066 288
1627560153344 0.15478833547106963 289
1627560153419 0.15470377420749243 290
1627560153484 0.15463880388580306 291
1627560153561 0.1545416892325784 292
1627560153625 0.15446226199833288 293
1627560153682 0.15437646883771647 294
1627560153751 0.1542793188785915 295
1627560153805 0.15419622428642832 296
1627560153861 0.15410946763257619 297
1627560153954 0.15397610332573264 298
1627560154030 0.15387653868490064 299
1627560154094 0.15379145897666724 300
1627560154154 0.1537084699457886 301
1627560154223 0.153616238811518 302
1627560154324 0.15352977434059953 303
1627560154405 0.1534390731310198 304
1627560154485 0.15336560688067213 305
1627560154569 0.1532796256089685 306
1627560154678 0.1531869469415269 307
1627560154749 0.15310643890807218 308
1627560154806 0.1530242620218975 309
1627560154887 0.15291263488383683 310
1627560154942 0.15283095953036022 311
1627560155016 0.15275316849602874 312
1627560155092 0.15266501837846536 313
1627560155165 0.15259027581288329 314
1627560155253 0.15245664066426884 315
1627560155303 0.15237477638909275 316
1627560155359 0.15229173956973238 317
1627560155426 0.15220075568652858 318
1627560155501 0.15210925896876343 319
1627560155565 0.1520241466624406 320
1627560155621 0.1519386298595785 321
1627560155671 0.15186864809456588 322
1627560155750 0.1517558392299069 323
1627560155814 0.15164460230956825 324
1627560155868 0.15157074320902708 325
1627560155924 0.151487693775497 326
1627560155981 0.15141832132665137 327
1627560156042 0.1513425529618277 328
1627560156114 0.1512672253375019 329
1627560156175 0.15118917843737498 330
1627560156225 0.15111415186535568 331
1627560156285 0.151032357397793 332
1627560156350 0.1509422117530506 333
1627560156408 0.15085895009514041 334
1627560156474 0.15077703708778303 335
1627560156540 0.15069268702331368 336
1627560156613 0.15060217150333294 337
1627560156673 0.15052929635311596 338
1627560156732 0.1504519664086527 339
1627560156786 0.15036660659994308 340
1627560156854 0.15026322141041068 341
1627560156912 0.15018956606305045 342
1627560156971 0.150116469014583 343
1627560157035 0.15003055484626684 344
1627560157101 0.1499445519492183 345
1627560157161 0.14986787160268383 346
1627560157219 0.14978826616905125 347
1627560157278 0.1497148100013379 348
1627560157336 0.14964310069750372 349
1627560157410 0.14956594273771262 350
1627560157481 0.14948734811262387 351
1627560157546 0.14940306610395898 352
1627560157600 0.14933185848924177 353
1627560157667 0.14924756402497974 354
1627560157719 0.14917261899319967 355
1627560157796 0.14908883611197365 356
1627560157860 0.1490103638130922 357
1627560157949 0.14890019306414443 358
1627560158009 0.14882224060723667 359
1627560158071 0.1487624863913033 360
1627560158137 0.14868497773372205 361
1627560158212 0.14860290189317624 362
1627560158274 0.14852247673274122 363
1627560158342 0.1484358844181461 364
1627560158401 0.14836499211911458 365
1627560158462 0.14828388677160254 366
1627560158516 0.14822095233469543 367
1627560158590 0.14814901880730366 368
1627560158654 0.14807463399566945 369
1627560158709 0.14798661210022113 370
1627560158766 0.14791973070758382 371
1627560158846 0.14784354656560533 372
1627560158907 0.14777320546153266 373
1627560158968 0.14770626214115481 374
1627560159029 0.1476319381239496 375
1627560159095 0.1475350289997675 376
1627560159159 0.14744057860772047 377
1627560159209 0.14736969963507773 378
1627560159271 0.14729589606609908 379
1627560159358 0.1512672253375019 380
1627560163558 0.5089247908366152 0
1627560163694 0.46950315366454004 1
1627560163809 0.43464279927713895 2
1627560163927 0.4040302466457208 3
1627560164057 0.3772150792986666 4
1627560164179 0.3537878701830706 5
1627560164299 0.3335568517597671 6
1627560164418 0.31604217099711 7
1627560164540 0.30098095836847066 8
1627560164672 0.2879415871560315 9
1627560164818 0.27668574690339354 10
1627560164972 0.2670466906850163 11
1627560165081 0.25876192692158434 12
1627560165222 0.25172943250833785 13
1627560165346 0.24567758161631928 14
1627560165477 0.24065081606832467 15
1627560165580 0.23631890816656742 16
1627560165693 0.23271913608387992 17
1627560165868 0.22962436584485255 18
1627560166038 0.22688197417284128 19
1627560166184 0.2245232571451425 20
1627560166286 0.22250437606581594 21
1627560166426 0.2208403352207524 22
1627560166534 0.2190784369076758 23
1627560166633 0.21767667670818353 24
1627560166737 0.2164723279534292 25
1627560166841 0.21530957469660555 26
1627560166961 0.2142250110591722 27
1627560167063 0.21336165810894658 28
1627560167166 0.21239493087886122 29
1627560167264 0.21153067337253792 30
1627560167369 0.21078732622512172 31
1627560167470 0.20968967197887134 32
1627560167562 0.20878544084945078 33
1627560167650 0.20814627971202676 34
1627560167747 0.20742745084442143 35
1627560167838 0.2064444336977226 36
1627560167974 0.2057268751872949 37
1627560168063 0.2051529816602349 38
1627560168201 0.20429798340296476 39
1627560168314 0.20389353257632684 40
1627560168450 0.2031487850768549 41
1627560168565 0.20251159821214523 42
1627560168661 0.20170963302702588 43
1627560168766 0.2012038113926714 44
1627560168852 0.20082244072262 45
1627560168962 0.19964512014471808 46
1627560169054 0.19906172069623648 47
1627560169151 0.1985024582553449 48
1627560169258 0.19773258466087001 49
1627560169360 0.19690515603007647 50
1627560169449 0.19659765045396302 51
1627560169538 0.19619501018400257 52
1627560169667 0.19563393683834113 53
1627560169768 0.19522061308448613 54
1627560169867 0.19468051868641542 55
1627560169996 0.19435996700263997 56
1627560170102 0.1940418136327963 57
1627560170208 0.19375328790270321 58
1627560170313 0.1930532671436952 59
1627560170403 0.1927357244636752 60
1627560170521 0.19247521031228595 61
1627560170610 0.19215540869706033 62
1627560170701 0.1918213477558782 63
1627560170822 0.19153653037497972 64
1627560170911 0.19124009856816818 65
1627560171001 0.19099095413027012 66
1627560171087 0.19068371500084697 67
1627560171174 0.19043749326131684 68
1627560171268 0.19005639883301945 69
1627560171371 0.1894666195484492 70
1627560171465 0.18904003489093876 71
1627560171571 0.18839779691790595 72
1627560171686 0.18785753730763902 73
1627560171770 0.1875833937329961 74
1627560171890 0.18723617613000257 75
1627560172004 0.18664017031837118 76
1627560172126 0.18644198018047592 77
1627560172259 0.18618516130523927 78
1627560172355 0.18596735507893158 79
1627560172444 0.18571072435263516 80
1627560172544 0.18522674408375284 81
1627560172635 0.18498685504054058 82
1627560172723 0.1847662516313897 83
1627560172828 0.1845138844393259 84
1627560172904 0.18428259339181974 85
1627560172985 0.18402055489226102 86
1627560173065 0.18380281958160138 87
1627560173155 0.18348891640171497 88
1627560173242 0.1832440580551335 89
1627560173323 0.18304448673201323 90
1627560173429 0.18258218545090393 91
1627560173520 0.18239449234170016 92
1627560173603 0.1821570302467156 93
1627560173691 0.18193511951065328 94
1627560173777 0.18165273271111326 95
1627560173865 0.1814674759047536 96
1627560173959 0.18111739547018105 97
1627560174095 0.1807621866421576 98
1627560174183 0.18057536134695404 99
1627560174266 0.180376043545092 100
1627560174357 0.1801935029960254 101
1627560174439 0.179969654385573 102
1627560174514 0.17978388839552506 103
1627560174607 0.1795031354417343 104
1627560174697 0.1793099208252592 105
1627560174781 0.17911966110971964 106
1627560174875 0.17895574263692007 107
1627560174993 0.17877425834910157 108
1627560175147 0.17843236694416595 109
1627560175237 0.17822977550861774 110
1627560175337 0.17806332486569623 111
1627560175428 0.17771111874897777 112
1627560175495 0.1775413761152386 113
1627560175588 0.17736284843140993 114
1627560175708 0.17706920059385722 115
1627560175798 0.17684572221021447 116
1627560175879 0.17667192519098202 117
1627560175956 0.17649730783693524 118
1627560176032 0.17633887715175556 119
1627560176116 0.17616392583105697 120
1627560176182 0.1760090757795582 121
1627560176258 0.1758341443857299 122
1627560176335 0.17568171270965946 123
1627560176421 0.17554163078709625 124
1627560176511 0.1752235301191336 125
1627560176619 0.175093183309737 126
1627560176698 0.17492444057594367 127
1627560176780 0.17476924923572698 128
1627560176886 0.17460336953793404 129
1627560176984 0.1743614244819297 130
1627560177078 0.17417669408383227 131
1627560177180 0.1739866927492124 132
1627560177272 0.17382622248298213 133
1627560177355 0.17366696251032446 134
1627560177450 0.17345377853090355 135
1627560177529 0.17329098060292109 136
1627560177599 0.1731646569915948 137
1627560177662 0.17302106600111206 138
1627560177754 0.17277779985208205 139
1627560177861 0.17262120387163526 140
1627560177965 0.1723909414770793 141
1627560178028 0.172242912267474 142
1627560178123 0.17195629389619563 143
1627560178187 0.17181706932483237 144
1627560178259 0.17167287494218444 145
1627560178344 0.17151917100739164 146
1627560178434 0.1713948793074673 147
1627560178527 0.17124233473431977 148
1627560178606 0.17109058089035664 149
1627560178679 0.17096641155805556 150
1627560178743 0.17084948171183229 151
1627560178828 0.17062128300726184 152
1627560178903 0.17048987307980473 153
1627560178992 0.1703246804059814 154
1627560179076 0.17018841450125013 155
1627560179146 0.1700531044130324 156
1627560179212 0.16991773585661515 157
1627560179287 0.16978260988508928 158
1627560179371 0.169581878775695 159
1627560179438 0.1694594302522481 160
1627560179508 0.16933743911394708 161
1627560179593 0.16910189733839362 162
1627560179652 0.16896407848212489 163
1627560179725 0.16883751979651918 164
1627560179800 0.1686940246458092 165
1627560179860 0.16857664142253775 166
1627560179926 0.16846776465061897 167
1627560180024 0.1682858951171168 168
1627560180111 0.16814865802100287 169
1627560180198 0.16801598354661632 170
1627560180276 0.1678621343199747 171
1627560180349 0.16772891165923604 172
1627560180428 0.16758241134159066 173
1627560180495 0.167469115103765 174
1627560180581 0.16734889242688458 175
1627560180666 0.16722589476536756 176
1627560180720 0.16710429568100535 177
1627560180779 0.16699141123601402 178
1627560180850 0.16686298599388702 179
1627560180921 0.1667305755757488 180
1627560180991 0.16660546767720238 181
1627560181074 0.16649619423046483 182
1627560181139 0.1663878698091561 183
1627560181216 0.16625646947744965 184
1627560181291 0.16614377010468603 185
1627560181364 0.1660065528476393 186
1627560181433 0.16589922147135805 187
1627560181506 0.16578161653620732 188
1627560181572 0.16566666670656852 189
1627560181656 0.16551108840643938 190
1627560181747 0.1653819703841371 191
1627560181857 0.1652666534423702 192
1627560181965 0.165153689538763 193
1627560182067 0.16501450324035116 194
1627560182143 0.164903329498875 195
1627560182234 0.16472291995010854 196
1627560182324 0.1646073055097686 197
1627560182395 0.16449671325394438 198
1627560182474 0.16438783915449087 199
1627560182553 0.16427447954028188 200
1627560182642 0.16406109526213447 201
1627560182689 0.16395474625355244 202
1627560182741 0.16385953059882652 203
1627560182802 0.16376021478914615 204
1627560182870 0.1636411462197245 205
1627560182942 0.16352446695515402 206
1627560183008 0.16342089883324626 207
1627560183091 0.1632660379069252 208
1627560183163 0.16315603936172693 209
1627560183234 0.16304052500536342 210
1627560183315 0.16292996929853074 211
1627560183379 0.1628185209254288 212
1627560183497 0.1627081407417351 213
1627560183586 0.16260878547251492 214
1627560183652 0.16250843692855851 215
1627560183745 0.16233437140440177 216
1627560183815 0.16222915009653008 217
1627560183914 0.16211109488401493 218
1627560184004 0.1619990315076413 219
1627560184114 0.16180096513924372 220
1627560184208 0.16169084375179518 221
1627560184306 0.1615847666950693 222
1627560184395 0.16147753324162348 223
1627560184470 0.16132417036523325 224
1627560184555 0.1611430038160788 225
1627560184610 0.16105531899852496 226
1627560184668 0.1609488169751408 227
1627560184730 0.16084303397395983 228
1627560184801 0.16073959279413663 229
1627560184888 0.16063326422994825 230
1627560184986 0.16051955113023317 231
1627560185048 0.16042657958942494 232
1627560185142 0.1603314787124426 233
1627560185251 0.16023136644717523 234
1627560185308 0.16014378895841022 235
1627560185360 0.16004729503676032 236
1627560185421 0.15995873347043768 237
1627560185493 0.1598542430125638 238
1627560185560 0.15975690793350472 239
1627560185643 0.15967203498500496 240
1627560185700 0.15957205145195547 241
1627560185769 0.15947362700258574 242
1627560185858 0.15938357398381775 243
1627560185932 0.15929027088317074 244
1627560185990 0.15920922713535582 245
1627560186051 0.15912007141901488 246
1627560186112 0.1590300526235472 247
1627560186179 0.15893376951936206 248
1627560186256 0.15883592026718135 249
1627560186312 0.15874188046109686 250
1627560186371 0.158649409742764 251
1627560186428 0.1585566125319548 252
1627560186485 0.1584570224816876 253
1627560186547 0.15836176770427396 254
1627560186614 0.1582617395306813 255
1627560186674 0.15817107371817787 256
1627560186751 0.15805461881912275 257
1627560186829 0.1579159998939503 258
1627560186902 0.15781852412748382 259
1627560186966 0.1577215014961665 260
1627560187027 0.15763926803017905 261
1627560187087 0.15755644031725974 262
1627560187174 0.15742287512942085 263
1627560187246 0.15731297226074586 264
1627560187326 0.15718915653173296 265
1627560187386 0.15709527333031262 266
1627560187452 0.15701028106247833 267
1627560187525 0.15691063277301912 268
1627560187586 0.15681055647828432 269
1627560187641 0.15672828566545605 270
1627560187704 0.15663438274661048 271
1627560187764 0.1565322152158079 272
1627560187824 0.15644087241674942 273
1627560187897 0.15633280103004413 274
1627560187973 0.15623948491542883 275
1627560188045 0.15614993564475801 276
1627560188119 0.15606824368058192 277
1627560188252 0.1559439501283108 278
1627560188345 0.15586901088407723 279
1627560188404 0.1557810969528716 280
1627560188468 0.1557036132057664 281
1627560188546 0.15557261940772413 282
1627560188608 0.15549925701618567 283
1627560188664 0.15540740299183575 284
1627560188725 0.15531252265660656 285
1627560188800 0.15521827819428857 286
1627560188857 0.1551292203374894 287
1627560188930 0.15502925770332257 288
1627560189002 0.1549361765460482 289
1627560189073 0.15484393044140035 290
1627560189164 0.15471046636992242 291
1627560189250 0.15462519288166268 292
1627560189307 0.1545469662173415 293
1627560189363 0.15445868802242307 294
1627560189432 0.15435687474988624 295
1627560189503 0.15424757628776656 296
1627560189565 0.1541603049307391 297
1627560189686 0.15407606704207544 298
1627560189749 0.15399403697954858 299
1627560189808 0.15391227865023976 300
1627560189866 0.15382555776611784 301
1627560189933 0.1537299169783471 302
1627560189983 0.15364568769922243 303
1627560190040 0.1535600739142316 304
1627560190108 0.15348216725885083 305
1627560190188 0.15338965014314165 306
1627560190259 0.15330119090484745 307
1627560190320 0.1532301123318864 308
1627560190384 0.15315810549654346 309
1627560190442 0.15307477939767286 310
1627560190521 0.15300127536420366 311
1627560190618 0.1529163342644288 312
1627560190697 0.15284112630555358 313
1627560190773 0.15275246765588318 314
1627560190853 0.1526704732629541 315
1627560190949 0.15254924498417072 316
1627560191018 0.15246368091153006 317
1627560191094 0.15237162087819447 318
1627560191205 0.15222608203860452 319
1627560191293 0.15213145907813144 320
1627560191350 0.15205651494534952 321
1627560191424 0.15197132017785014 322
1627560191539 0.15184385037361303 323
1627560191611 0.15174397243055301 324
1627560191678 0.15165276838626726 325
1627560191751 0.15156854122356192 326
1627560191810 0.15148466222429996 327
1627560191883 0.1514094168506801 328
1627560191947 0.1513235854023963 329
1627560192012 0.15125580710531986 330
1627560192070 0.15117023142290187 331
1627560192135 0.15108082337164025 332
1627560192195 0.15100138936189506 333
1627560192258 0.15093255974207814 334
1627560192332 0.1508606153614417 335
1627560192396 0.15077375952971397 336
1627560192473 0.1506613559850746 337
1627560192523 0.15058844810632938 338
1627560192584 0.1505191998823537 339
1627560192656 0.15042735272912428 340
1627560192723 0.1503395010966799 341
1627560192809 0.15471046636992242 342
1627560196985 0.5069755004881147 0
1627560197127 0.4678085825532372 1
1627560197268 0.4332064716410669 2
1627560197406 0.4027397475780612 3
1627560197523 0.37597615244111815 4
1627560197648 0.3526678621717957 5
1627560197769 0.33247819683452373 6
1627560197891 0.31503315885345373 7
1627560198015 0.300068937118786 8
1627560198165 0.2871383334753854 9
1627560198296 0.27598884991166833 10
1627560198454 0.26643115201741147 11
1627560198586 0.25824211869297137 12
1627560198744 0.2513096138880165 13
1627560198849 0.24532367163134747 14
1627560199004 0.24031186199101218 15
1627560199125 0.23600777958974217 16
1627560199238 0.23244799125653412 17
1627560199356 0.22941035778897692 18
1627560199464 0.22658899881620906 19
1627560199569 0.22412827526624077 20
1627560199670 0.2220766467937092 21
1627560199779 0.2203081587001147 22
1627560199881 0.21866858178347903 23
1627560199981 0.21725754505648012 24
1627560200079 0.21607062944499777 25
1627560200210 0.2149017662028027 26
1627560200302 0.21392386285277995 27
1627560200420 0.21285530723214874 28
1627560200512 0.21196515504494803 29
1627560200602 0.21099653894221346 30
1627560200730 0.21015049088524915 31
1627560200842 0.20934591696833063 32
1627560200933 0.2084573859971141 33
1627560201038 0.207908894517396 34
1627560201154 0.2069288449634337 35
1627560201243 0.20595584935994948 36
1627560201341 0.2052533868500119 37
1627560201462 0.2047909539848006 38
1627560201562 0.20385243195259517 39
1627560201652 0.20333368004381447 40
1627560201741 0.20257603327745993 41
1627560201825 0.20213394180477817 42
1627560201923 0.20166592655822638 43
1627560202021 0.20124848837932582 44
1627560202121 0.20067805093337876 45
1627560202231 0.1995821319560479 46
1627560202316 0.19907992250681864 47
1627560202412 0.19846313224083473 48
1627560202507 0.19810916590636946 49
1627560202607 0.19741764267058437 50
1627560202692 0.19709998176769422 51
1627560202796 0.19656309051202173 52
1627560202897 0.19570013408618317 53
1627560202996 0.19537866049929287 54
1627560203102 0.19507099876060402 55
1627560203197 0.19473986232966792 56
1627560203288 0.19422389667798862 57
1627560203374 0.19395499306886502 58
1627560203472 0.1931809987533117 59
1627560203554 0.1928876992114857 60
1627560203650 0.19216513141444413 61
1627560203764 0.19155495960591803 62
1627560203856 0.19127868185719218 63
1627560203946 0.191019478444968 64
1627560204062 0.19075571293687696 65
1627560204189 0.19046444397762383 66
1627560204294 0.18983810934096496 67
1627560204431 0.1891883785005383 68
1627560204518 0.18893512390290018 69
1627560204637 0.18867763179811442 70
1627560204728 0.18844156629685993 71
1627560204852 0.18808995497641387 72
1627560204949 0.18769941050440705 73
1627560205066 0.18710388459427896 74
1627560205189 0.1868429730447298 75
1627560205280 0.18659680310451102 76
1627560205358 0.18633441201255255 77
1627560205440 0.186110233562206 78
1627560205520 0.18589051374149265 79
1627560205612 0.18544743165686722 80
1627560205690 0.18522375664801116 81
1627560205786 0.1849964663738542 82
1627560205872 0.1846918924626301 83
1627560205991 0.18446575100280785 84
1627560206093 0.18419548860742582 85
1627560206183 0.18398283665025952 86
1627560206313 0.1835776003983394 87
1627560206408 0.18325931356669395 88
1627560206481 0.1830634273198099 89
1627560206561 0.18285853374415104 90
1627560206650 0.18256079972884814 91
1627560206751 0.1821286167070711 92
1627560206851 0.1819253176173926 93
1627560206943 0.1816915293807158 94
1627560207043 0.18140368826944836 95
1627560207125 0.1812203295826708 96
1627560207220 0.1810380181379958 97
1627560207299 0.1808392118034122 98
1627560207410 0.1805001929121414 99
1627560207498 0.18032349378520665 100
1627560207614 0.18008400401242122 101
1627560207729 0.17971564225918968 102
1627560207805 0.17952555014072175 103
1627560207897 0.179316366213472 104
1627560208010 0.17907288229358595 105
1627560208138 0.17873474969714837 106
1627560208213 0.17856477001886165 107
1627560208310 0.17838185833730616 108
1627560208404 0.17801710572114113 109
1627560208501 0.1776907548522714 110
1627560208582 0.17749398026355528 111
1627560208663 0.17732859897125752 112
1627560208735 0.17715983612057776 113
1627560208815 0.17697186978977927 114
1627560208894 0.17680724277179577 115
1627560208968 0.1766320435440667 116
1627560209075 0.1763282333579374 117
1627560209154 0.17616596421037437 118
1627560209234 0.1760101312435518 119
1627560209328 0.17573059077325803 120
1627560209427 0.17555932522645665 121
1627560209537 0.17526730775888133 122
1627560209604 0.1751026482593339 123
1627560209713 0.17480739446354684 124
1627560209815 0.17462582680785138 125
1627560209890 0.1744678342442856 126
1627560209974 0.1743032166302725 127
1627560210075 0.17410647734845017 128
1627560210159 0.1739172585608906 129
1627560210244 0.17375275912748886 130
1627560210328 0.17360381477562586 131
1627560210448 0.17335514478994685 132
1627560210529 0.1731974371715616 133
1627560210643 0.1729075747011731 134
1627560210702 0.17276385719681414 135
1627560210787 0.1726109954755842 136
1627560210871 0.17246340867352028 137
1627560210942 0.17230840062872088 138
1627560211010 0.1721671343088117 139
1627560211073 0.1720327728614544 140
1627560211154 0.1718432489032794 141
1627560211217 0.17169805373376565 142
1627560211301 0.1715604020711397 143
1627560211370 0.17140816234485004 144
1627560211434 0.17126393137941454 145
1627560211516 0.17107616837835388 146
1627560211589 0.17094333611166912 147
1627560211676 0.1707959896806568 148
1627560211760 0.17065437661885788 149
1627560211847 0.1704589037308298 150
1627560211907 0.17034093266421554 151
1627560211988 0.17020057655363832 152
1627560212064 0.17006462349909046 153
1627560212143 0.16990713440937702 154
1627560212218 0.16976417601129717 155
1627560212286 0.1696426462856944 156
1627560212356 0.16950276654219754 157
1627560212443 0.1693786323428352 158
1627560212509 0.1692545961295248 159
1627560212591 0.1690847163276777 160
1627560212668 0.1689478026036258 161
1627560212732 0.1688395779160391 162
1627560212832 0.16861387851113183 163
1627560212915 0.16847695023107567 164
1627560212985 0.1683431746341081 165
1627560213071 0.16819687159908828 166
1627560213143 0.16805625988394882 167
1627560213215 0.1679420696451529 168
1627560213281 0.16782035023643532 169
1627560213356 0.1676776523635849 170
1627560213442 0.16754106650938247 171
1627560213512 0.16742429419668908 172
1627560213586 0.1672830822692153 173
1627560213654 0.1671526113698061 174
1627560213723 0.16702532644893753 175
1627560213795 0.16688499247958058 176
1627560213866 0.166757500831625 177
1627560213967 0.16659891004711852 178
1627560214044 0.16646395692022586 179
1627560214131 0.16630289788309277 180
1627560214208 0.1661619811850326 181
1627560214304 0.165952911020216 182
1627560214381 0.16581138203246432 183
1627560214458 0.16568358082479193 184
1627560214532 0.16555296111452084 185
1627560214599 0.16544810031447144 186
1627560214663 0.16533545455074847 187
1627560214733 0.16522094562082332 188
1627560214797 0.16510266877323063 189
1627560214882 0.16497738513867105 190
1627560214957 0.1648623892612131 191
1627560215028 0.16474696365143243 192
1627560215111 0.16460013518597763 193
1627560215162 0.16447741192143653 194
1627560215254 0.16436526717594127 195
1627560215351 0.16417298930559338 196
1627560215437 0.16406062890197928 197
1627560215529 0.1638718866289852 198
1627560215607 0.1637407515732129 199
1627560215708 0.1636393059968668 200
1627560215791 0.16352472890210756 201
1627560215875 0.16338386347976405 202
1627560215987 0.16326114663388674 203
1627560216056 0.1631604943274252 204
1627560216148 0.162981410265442 205
1627560216219 0.1628842695775486 206
1627560216299 0.16277658425645597 207
1627560216368 0.16267530616367903 208
1627560216438 0.1625751673893277 209
1627560216493 0.16247452704273074 210
1627560216575 0.16234446418866633 211
1627560216640 0.1622396850464673 212
1627560216719 0.16212841285299576 213
1627560216792 0.16202747029774422 214
1627560216870 0.1619102698962399 215
1627560216946 0.1618042537779681 216
1627560217007 0.1617062021005719 217
1627560217079 0.1615905145792433 218
1627560217171 0.1614718003408522 219
1627560217288 0.16135416817071843 220
1627560217399 0.16125334656319393 221
1627560217472 0.16114736230929713 222
1627560217562 0.16104200775417352 223
1627560217656 0.16094444655642118 224
1627560217761 0.1608442729893046 225
1627560217835 0.16073533393861605 226
1627560217900 0.16062949826912218 227
1627560217973 0.1605193471101767 228
1627560218073 0.16040682433456985 229
1627560218153 0.16029337936245242 230
1627560218211 0.1601949870699711 231
1627560218285 0.16008277195373632 232
1627560218353 0.159989301005154 233
1627560218415 0.15990163816381206 234
1627560218485 0.1597967557234673 235
1627560218589 0.15963408347055796 236
1627560218712 0.15950569305746576 237
1627560218799 0.15940293021521232 238
1627560218866 0.15930526503942888 239
1627560218965 0.15919363832736588 240
1627560219020 0.1591052954375228 241
1627560219093 0.15900862257867873 242
1627560219169 0.1588978801977233 243
1627560219226 0.15879700102769456 244
1627560219279 0.15871117206703847 245
1627560219348 0.1586041460786056 246
1627560219415 0.15849420159351454 247
1627560219471 0.1583961070535374 248
1627560219530 0.15829533148635436 249
1627560219587 0.15819783128487608 250
1627560219647 0.15810170639423737 251
1627560219740 0.15795996830792672 252
1627560219834 0.15786174626413024 253
1627560219927 0.15777443080481196 254
1627560219984 0.1576943948826162 255
1627560220085 0.15759714543128459 256
1627560220189 0.1575037180484967 257
1627560220247 0.15740339375841708 258
1627560220321 0.1573221698961347 259
1627560220413 0.15720760624761523 260
1627560220482 0.1571145174356903 261
1627560220570 0.15701898173502363 262
1627560220636 0.156942126977688 263
1627560220696 0.15685590780310862 264
1627560220783 0.1567622785185813 265
1627560220906 0.15663523824232134 266
1627560220984 0.15654889552890067 267
1627560221047 0.15644645140651944 268
1627560221105 0.15635918800176282 269
1627560221163 0.1562844496850369 270
1627560221226 0.15620124793839948 271
1627560221288 0.1561195945667115 272
1627560221342 0.15603080662750948 273
1627560221403 0.1559416536182544 274
1627560221471 0.1558500857827815 275
1627560221545 0.15576125860291695 276
1627560221607 0.1556666646157731 277
1627560221678 0.15557103046308735 278
1627560221741 0.15549683139102546 279
1627560221822 0.15539471757137546 280
1627560221880 0.15531213589065598 281
1627560221954 0.1552284596478865 282
1627560222021 0.1551370448833094 283
1627560222090 0.1550423746550207 284
1627560222141 0.15495525165704396 285
1627560222207 0.15486541672182835 286
1627560222261 0.15478784374721263 287
1627560222356 0.15462819659929333 288
1627560222445 0.1545348183663294 289
1627560222551 0.1544420984575435 290
1627560222670 0.15430519248805555 291
1627560222730 0.1542239717318936 292
1627560222799 0.1541382650675473 293
1627560222857 0.15404830242605652 294
1627560222912 0.1539628942180617 295
1627560222988 0.15385659245583283 296
1627560223051 0.15377195425320822 297
1627560223117 0.15369270374911198 298
1627560223174 0.15360161630612054 299
1627560223247 0.15350980192596114 300
1627560223314 0.15341515501003247 301
1627560223376 0.1533264483350956 302
1627560223438 0.15325039352706343 303
1627560223505 0.15315464785232738 304
1627560223581 0.15306525512168134 305
1627560223638 0.15298294701881798 306
1627560223710 0.15290166546163883 307
1627560223780 0.1528253996576833 308
1627560223838 0.1527450340710451 309
1627560223895 0.15265713903498185 310
1627560223980 0.15252481131447437 311
1627560224042 0.15245846814113748 312
1627560224139 0.1523769336490847 313
1627560224214 0.1522844860551775 314
1627560224288 0.1522062178453994 315
1627560224354 0.152123948741952 316
1627560224419 0.15203576601487973 317
1627560224474 0.15195658317162597 318
1627560224556 0.15183956106660332 319
1627560224625 0.15174445544175766 320
1627560224686 0.15165960939921538 321
1627560224771 0.1515432661410887 322
1627560224837 0.15145750714332032 323
1627560224895 0.15137424962528884 324
1627560224969 0.15129110222871053 325
1627560225029 0.15120162856591354 326
1627560225084 0.1511302735859735 327
1627560225137 0.15105871105197702 328
1627560225232 0.1509218082736118 329
1627560225307 0.15082626992287484 330
1627560225365 0.15074409020607157 331
1627560225420 0.15065871442486325 332
1627560225481 0.15057455606641998 333
1627560225547 0.15048838191750807 334
1627560225621 0.15039951234416246 335
1627560225697 0.15030398283253893 336
1627560225755 0.15022490980251305 337
1627560225823 0.15014854228765662 338
1627560225881 0.150075383916609 339
1627560225941 0.14999375015889432 340
1627560226002 0.1499025850643283 341
1627560226067 0.14982742049570874 342
1627560226121 0.1497452972114515 343
1627560226174 0.1496800764168482 344
1627560226232 0.14960324603420433 345
1627560226325 0.14952848616933523 346
1627560226404 0.14945965012809576 347
1627560226476 0.14937427838107953 348
1627560226545 0.14928944710485328 349
1627560226614 0.14921970872939994 350
1627560226673 0.1491601812035254 351
1627560226736 0.14908733757939954 352
1627560226805 0.14899833347821206 353
1627560226863 0.14892014108162563 354
1627560226932 0.14883770802763197 355
1627560226992 0.14876978109287664 356
1627560227058 0.14868167091017265 357
1627560227129 0.14858802881265046 358
1627560227186 0.14851032995033592 359
1627560227244 0.148449542503658 360
1627560227309 0.1483658900307795 361
1627560227376 0.14827554955200603 362
1627560227437 0.14819198489207036 363
1627560227498 0.14810724044067583 364
1627560227566 0.14803559984777181 365
1627560227624 0.14795446958554903 366
1627560227671 0.1478907064983785 367
1627560227741 0.14780806748674144 368
1627560227812 0.14773132115866405 369
1627560227867 0.14765564998453035 370
1627560227955 0.1475377308955132 371
1627560228019 0.14746119061744153 372
1627560228067 0.1473887786070047 373
1627560228128 0.14732019195508136 374
1627560228189 0.14724307649033275 375
1627560228255 0.14717460703409252 376
1627560228312 0.14709595569997072 377
1627560228365 0.14702682008316906 378
1627560228427 0.1469584730748818 379
1627560228481 0.14689313565827056 380
1627560228578 0.15082626992287484 381
1627560232675 0.5097696721181867 0
1627560232806 0.47028081863153226 1
1627560232934 0.43538646259611263 2
1627560233065 0.40477062095034483 3
1627560233199 0.3778044443087489 4
1627560233329 0.3543537153406299 5
1627560233461 0.33402148528109266 6
1627560233620 0.3164648208984798 7
1627560233773 0.30130593950591705 8
1627560233895 0.28825070800987806 9
1627560234054 0.2769610605832723 10
1627560234202 0.2673371049254026 11
1627560234344 0.2590668978184897 12
1627560234456 0.25213431135808745 13
1627560234566 0.24609327931309466 14
1627560234674 0.24106388405704296 15
1627560234784 0.23673793566298015 16
1627560234899 0.2331478508951698 17
1627560235011 0.23007918676446765 18
1627560235128 0.22730290448880971 19
1627560235252 0.2248092521439833 20
1627560235375 0.2228255798131478 21
1627560235484 0.22107391724845535 22
1627560235587 0.21956552501740642 23
1627560235689 0.21807420030744978 24
1627560235785 0.21680881931479037 25
1627560235881 0.21561816756337365 26
1627560235985 0.21451784404505672 27
1627560236091 0.21359301347847115 28
1627560236182 0.21257735968655578 29
1627560236275 0.21169372179352783 30
1627560236383 0.21091561187994753 31
1627560236492 0.2100626395010633 32
1627560236594 0.20918810704780003 33
1627560236690 0.2085774898901456 34
1627560236816 0.20778387557761874 35
1627560236913 0.2068094458581862 36
1627560237029 0.20581459191555246 37
1627560237163 0.20527047630855655 38
1627560237255 0.20467222802115964 39
1627560237345 0.20426098733081305 40
1627560237469 0.20357941056066145 41
1627560237567 0.2028678942213005 42
1627560237662 0.2019306896646343 43
1627560237766 0.201218715980527 44
1627560237852 0.20087606316934772 45
1627560237956 0.19998097547468585 46
1627560238040 0.19964565192253994 47
1627560238142 0.1991511240704296 48
1627560238280 0.1984604429488599 49
1627560238419 0.19765769430610203 50
1627560238513 0.19730728497211633 51
1627560238609 0.19665913823164613 52
1627560238715 0.1957536036022691 53
1627560238809 0.1951714993310675 54
1627560238898 0.1947437174318862 55
1627560238990 0.1943710006791877 56
1627560239073 0.19406688532600985 57
1627560239158 0.19380193194445264 58
1627560239258 0.19304777818801525 59
1627560239348 0.192732384154862 60
1627560239449 0.19212208662346494 61
1627560239543 0.19180113169604243 62
1627560239627 0.1915349568471073 63
1627560239738 0.19123388313644057 64
1627560239831 0.19065252970248156 65
1627560239944 0.19036818556980095 66
1627560240084 0.18989860445871462 67
1627560240182 0.18956085337253287 68
1627560240272 0.18923185826478792 69
1627560240384 0.18895750345726536 70
1627560240470 0.1887092104442789 71
1627560240596 0.1882658605460039 72
1627560240685 0.18801858472010463 73
1627560240776 0.18771981631372345 74
1627560240859 0.1874814681036615 75
1627560240961 0.18689827908427992 76
1627560241041 0.18661816336952788 77
1627560241139 0.18638035480697346 78
1627560241229 0.18612166638356456 79
1627560241328 0.1858905949568229 80
1627560241438 0.18550693869128115 81
1627560241551 0.18527961366039972 82
1627560241628 0.18507131458530332 83
1627560241708 0.18486892095675964 84
1627560241792 0.18465574139438423 85
1627560241880 0.1844400881398561 86
1627560241964 0.1842321451402685 87
1627560242055 0.18387251159138657 88
1627560242149 0.18340107839361824 89
1627560242233 0.18318911438076546 90
1627560242329 0.18273876360645502 91
1627560242410 0.18248451722975223 92
1627560242483 0.18227747398956676 93
1627560242564 0.18207078786854786 94
1627560242650 0.1817945682294655 95
1627560242742 0.1814086089654907 96
1627560242825 0.18121968685608533 97
1627560242919 0.18101575519075763 98
1627560243025 0.18082643808743634 99
1627560243107 0.18061751046718025 100
1627560243202 0.18026700070386487 101
1627560243293 0.17996017373027823 102
1627560243378 0.17972147383989723 103
1627560243460 0.1795378683961845 104
1627560243553 0.1793645172003197 105
1627560243631 0.17918526686182346 106
1627560243725 0.17895550666025833 107
1627560243814 0.17870743228587568 108
1627560243920 0.17836440333056272 109
1627560244009 0.1781729722457077 110
1627560244089 0.17797357744822392 111
1627560244182 0.17763090398340714 112
1627560244257 0.17745615949089485 113
1627560244333 0.17727743299180182 114
1627560244424 0.17711762449357027 115
1627560244485 0.17694563345781517 116
1627560244574 0.17678885065707087 117
1627560244650 0.17660783199237381 118
1627560244735 0.17640688809399274 119
1627560244820 0.17616294729330703 120
1627560244879 0.1759986887718244 121
1627560244953 0.17583295638929505 122
1627560245041 0.17565748319295965 123
1627560245150 0.17531942462421002 124
1627560245235 0.17511773292300878 125
1627560245307 0.1749708157415108 126
1627560245390 0.1747903817072591 127
1627560245528 0.174537639422969 128
1627560245618 0.17437927593227 129
1627560245698 0.1742311455735272 130
1627560245783 0.17398918915886769 131
1627560245881 0.17375055119479216 132
1627560245952 0.17359596985327466 133
1627560246024 0.1734461949457258 134
1627560246085 0.17330782672535527 135
1627560246162 0.17314236057045224 136
1627560246248 0.17295595551473217 137
1627560246329 0.17279105199411648 138
1627560246405 0.17263413363645466 139
1627560246496 0.17248317953687226 140
1627560246600 0.17235849456620947 141
1627560246693 0.17221352194071693 142
1627560246767 0.1720635439226282 143
1627560246828 0.17191641203661287 144
1627560246909 0.17177476814107753 145
1627560247008 0.17163845416775342 146
1627560247112 0.17147173869133592 147
1627560247184 0.17132843173578663 148
1627560247268 0.17117118506047632 149
1627560247342 0.17103328723941832 150
1627560247420 0.170895262454722 151
1627560247503 0.17074657851733244 152
1627560247571 0.17061909304035638 153
1627560247645 0.17048736606251141 154
1627560247737 0.17028202154149982 155
1627560247825 0.17013160567931343 156
1627560247907 0.169994734384092 157
1627560247966 0.1698893278178964 158
1627560248050 0.16971583833661483 159
1627560248110 0.16958242053072456 160
1627560248196 0.16944471689192478 161
1627560248266 0.16931934306875482 162
1627560248321 0.169208488329129 163
1627560248398 0.1690769088632736 164
1627560248461 0.1689523291194704 165
1627560248525 0.16881679081272932 166
1627560248596 0.16869020343923202 167
1627560248684 0.168494950099521 168
1627560248744 0.16837480577240777 169
1627560248807 0.16822963158271148 170
1627560248871 0.16811086578707923 171
1627560248957 0.16797939984811922 172
1627560249033 0.16784302500511628 173
1627560249097 0.16772599586490863 174
1627560249168 0.16759453617833134 175
1627560249245 0.16747462164608468 176
1627560249316 0.16736932241782104 177
1627560249387 0.16723931651846574 178
1627560249479 0.1670728180890092 179
1627560249549 0.16695295878750815 180
1627560249627 0.1668275541995207 181
1627560249734 0.16658156219092335 182
1627560249799 0.16647297790411394 183
1627560249858 0.16636124687343826 184
1627560249962 0.16624189907241277 185
1627560250080 0.1661106053139271 186
1627560250208 0.1659787416094344 187
1627560250278 0.1658724831458059 188
1627560250350 0.16572583989811646 189
1627560250410 0.16562960300055646 190
1627560250483 0.1655152243529206 191
1627560250543 0.1654059211719214 192
1627560250624 0.1652556401478769 193
1627560250682 0.16514520685959558 194
1627560250761 0.16502293425029824 195
1627560250834 0.16490986853239978 196
1627560250900 0.1648076020624803 197
1627560251006 0.16463622685743948 198
1627560251092 0.16452365695438184 199
1627560251156 0.1644167377983052 200
1627560251240 0.16426326424747134 201
1627560251324 0.1641053694789471 202
1627560251381 0.1639965603092717 203
1627560251459 0.16386978824136986 204
1627560251516 0.16375373034850804 205
1627560251619 0.16363561481794545 206
1627560251750 0.1635249773043632 207
1627560251826 0.16341340392851403 208
1627560251896 0.16330641743409002 209
1627560251965 0.1632092877985136 210
1627560252074 0.16310369878331385 211
1627560252130 0.16299512528229607 212
1627560252198 0.16287210304436522 213
1627560252323 0.16275990887956215 214
1627560252408 0.1626119544169682 215
1627560252490 0.16251284344727673 216
1627560252553 0.1624059939969886 217
1627560252629 0.16229490539577746 218
1627560252692 0.16219564419281352 219
1627560252796 0.16205469693267102 220
1627560252889 0.16195115080407896 221
1627560252997 0.16185649753289807 222
1627560253086 0.16176499807433392 223
1627560253150 0.16165848745436331 224
1627560253231 0.16154643964484852 225
1627560253322 0.16145114251352277 226
1627560253411 0.1613534586978053 227
1627560253502 0.16125357643434027 228
1627560253600 0.16115017604475862 229
1627560253676 0.1610567175267034 230
1627560253764 0.160899239300841 231
1627560253821 0.1608089336727051 232
1627560253899 0.16072090614348092 233
1627560254042 0.16053641154533463 234
1627560254129 0.16045155423551546 235
1627560254271 0.16030647200812814 236
1627560254355 0.16021160798672232 237
1627560254429 0.1601255226289501 238
1627560254483 0.16001776186841413 239
1627560254579 0.15991986701381405 240
1627560254658 0.15982373943118142 241
1627560254749 0.15971980395702393 242
1627560254845 0.15962242991579484 243
1627560254907 0.1595103943470161 244
1627560254968 0.15940459005235064 245
1627560255042 0.15929833233771046 246
1627560255121 0.15918525141824774 247
1627560255185 0.15910056785528884 248
1627560255250 0.15902358637127278 249
1627560255325 0.1589207386023975 250
1627560255387 0.15881829668045763 251
1627560255446 0.1587222910797179 252
1627560255514 0.15861659225778985 253
1627560255573 0.15852272386741723 254
1627560255646 0.15841968581098065 255
1627560255733 0.15830292432317025 256
1627560255814 0.15819608751551753 257
1627560255886 0.15808959720359905 258
1627560255976 0.1579857956225598 259
1627560256050 0.15789259182690402 260
1627560256145 0.15780837936016823 261
1627560256241 0.15763029765136155 262
1627560256344 0.15752377123109826 263
1627560256420 0.15742467368072868 264
1627560256495 0.15732603583338348 265
1627560256567 0.15722483605646187 266
1627560256636 0.1571277370602887 267
1627560256734 0.15702796435456218 268
1627560256829 0.15692246326472398 269
1627560256906 0.15684359526489774 270
1627560256994 0.15669659234678326 271
1627560257063 0.15660941593890537 272
1627560257120 0.15652114242135629 273
1627560257201 0.15640021041016966 274
1627560257269 0.15632487703246034 275
1627560257362 0.1562331322592514 276
1627560257421 0.15613357982991746 277
1627560257495 0.15603126267224474 278
1627560257567 0.15593507664979483 279
1627560257622 0.1558520481265963 280
1627560257691 0.15576262322151302 281
1627560257769 0.1556587585360094 282
1627560257838 0.15557477129384767 283
1627560257917 0.1554625526954517 284
1627560257979 0.1553732869095706 285
1627560258064 0.15523312981900692 286
1627560258140 0.15514621227564127 287
1627560258253 0.15505110915768802 288
1627560258375 0.15495664914391355 289
1627560258473 0.1548628167205862 290
1627560258565 0.1547779227976118 291
1627560258635 0.15469269388590473 292
1627560258711 0.15458689423009908 293
1627560258782 0.1544890960950848 294
1627560258829 0.1544044706090557 295
1627560258905 0.15430609684551722 296
1627560258982 0.15421153725241363 297
1627560259041 0.15412844483280905 298
1627560259102 0.15405536233838057 299
1627560259172 0.153969091585188 300
1627560259227 0.1538968665867665 301
1627560259285 0.15381473820764938 302
1627560259345 0.15373565313732074 303
1627560259400 0.15364927973490278 304
1627560259476 0.15356751162761953 305
1627560259537 0.15348172859574058 306
1627560259610 0.1533979205813669 307
1627560259692 0.15330673277710272 308
1627560259766 0.15321625676619322 309
1627560259851 0.15313204461013538 310
1627560259977 0.1530429250811003 311
1627560260043 0.15296457774126165 312
1627560260103 0.15289583392444026 313
1627560260165 0.1528134145478978 314
1627560260220 0.15274857150967977 315
1627560260294 0.15264295198682504 316
1627560260366 0.15257006601826154 317
1627560260426 0.1524881070835327 318
1627560260496 0.15239971740259914 319
1627560260574 0.15232956651972587 320
1627560260664 0.1522392252245625 321
1627560260724 0.1521594505701446 322
1627560260790 0.15207613801488767 323
1627560260853 0.15199379704773638 324
1627560260943 0.15190998475656503 325
1627560261026 0.1518258248733688 326
1627560261096 0.15175365762795046 327
1627560261155 0.15167023408321872 328
1627560261264 0.15160046064953694 329
1627560261365 0.1514971694269383 330
1627560261462 0.1514083716254579 331
1627560261519 0.15132502364355074 332
1627560261583 0.15122790149031076 333
1627560261645 0.1511387214810405 334
1627560261721 0.15105557642207268 335
1627560261770 0.1509688201527131 336
1627560261858 0.15087686271801384 337
1627560261918 0.15080306684565092 338
1627560261977 0.1507275245182215 339
1627560262038 0.15065222668806788 340
1627560262093 0.15057454275509075 341
1627560262142 0.15050813262657478 342
1627560262197 0.15042086664626203 343
1627560262284 0.15458689423009908 344
