1627557959297 0.5093344966707892 0
1627557959463 0.4703656306841078 1
1627557959582 0.4358882490419722 2
1627557959679 0.4056809567911243 3
1627557959784 0.37907475360938936 4
1627557959872 0.35597589752471276 5
1627557959959 0.3359704312198436 6
1627557960067 0.31875808902097297 7
1627557960161 0.3038941256688274 8
1627557960250 0.29105826335674595 9
1627557960340 0.27996356120201166 10
1627557960431 0.2705338355028596 11
1627557960519 0.2623878725278139 12
1627557960609 0.25556256500475255 13
1627557960721 0.24960452749060005 14
1627557960808 0.24464909219440267 15
1627557960893 0.24041763427300566 16
1627557960994 0.23690866895662943 17
1627557961109 0.23390560312983769 18
1627557961215 0.2312763590651229 19
1627557961304 0.22891982864669622 20
1627557961386 0.22695858575283032 21
1627557961469 0.22528396855425603 22
1627557961546 0.22376377310640502 23
1627557961625 0.22238345482369248 24
1627557961702 0.22128970167571116 25
1627557961778 0.22022254759987053 26
1627557961852 0.21931695588145336 27
1627557961933 0.21850326637936898 28
1627557962007 0.21759947866275114 29
1627557962078 0.21686268720440924 30
1627557962160 0.2162066305242264 31
1627557962226 0.21538371374456736 32
1627557962298 0.21467795158296182 33
1627557962372 0.21406577970722615 34
1627557962443 0.21337037825046484 35
1627557962515 0.21262491628815952 36
1627557962591 0.21192809577016913 37
1627557962663 0.2112013064926838 38
1627557962750 0.21074055929181015 39
1627557962841 0.2103972435335173 40
1627557962946 0.20974293034056538 41
1627557963047 0.20920260832893448 42
1627557963151 0.2087847348532947 43
1627557963243 0.208441824682742 44
1627557963308 0.20800792943525684 45
1627557963402 0.20743919825931828 46
1627557963488 0.2068773536320563 47
1627557963570 0.2064981329579676 48
1627557963645 0.20612807491999802 49
1627557963740 0.20558592644474397 50
1627557963816 0.20532252982259067 51
1627557963879 0.20493838201317943 52
1627557963952 0.20426435279231134 53
1627557964022 0.20360565483373655 54
1627557964087 0.20337226529977673 55
1627557964158 0.20302539407869769 56
1627557964224 0.20281027043244224 57
1627557964302 0.20224525226545295 58
1627557964374 0.2019779260236718 59
1627557964445 0.2017215532026185 60
1627557964512 0.20129144548858446 61
1627557964586 0.20108444169325845 62
1627557964652 0.2008801956473325 63
1627557964725 0.20046683106386837 64
1627557964806 0.19985464072712592 65
1627557964893 0.19961627820767736 66
1627557964977 0.19936794995667134 67
1627557965053 0.1989460792511308 68
1627557965134 0.1987699873887677 69
1627557965204 0.19854029059474565 70
1627557965278 0.1981386435291435 71
1627557965363 0.19774102589762993 72
1627557965454 0.19748434587829503 73
1627557965547 0.1972725048788715 74
1627557965639 0.19700958990037407 75
1627557965727 0.1968261619192063 76
1627557965828 0.1964330388378499 77
1627557965911 0.1961152577747833 78
1627557965983 0.19564827078723585 79
1627557966054 0.19542793267046457 80
1627557966126 0.19500027128235026 81
1627557966198 0.194770817820545 82
1627557966266 0.19450099489612116 83
1627557966332 0.1943301161286984 84
1627557966400 0.19413061535322415 85
1627557966470 0.19372357892175995 86
1627557966540 0.19350623135390507 87
1627557966594 0.1933408002336204 88
1627557966667 0.19315716727247034 89
1627557966731 0.19299498416450023 90
1627557966800 0.19260578344524817 91
1627557966898 0.1923869867493052 92
1627557966951 0.19222866882041154 93
1627557967018 0.19204329755536623 94
1627557967099 0.191892152599417 95
1627557967188 0.1916376689377603 96
1627557967290 0.19132817665248647 97
1627557967355 0.1911825138093465 98
1627557967420 0.19098557822768572 99
1627557967503 0.1907745876125 100
1627557967568 0.1904285689276327 101
1627557967616 0.19029933954708403 102
1627557967681 0.19014555006743156 103
1627557967755 0.18983829634506946 104
1627557967819 0.1896904663299315 105
1627557967888 0.1895241892070292 106
1627557967950 0.18930341554033467 107
1627557968011 0.18911242747134718 108
1627557968075 0.18898170638574077 109
1627557968142 0.18882148573096308 110
1627557968206 0.18867312731131888 111
1627557968261 0.1885003894832612 112
1627557968327 0.18831957618069348 113
1627557968383 0.18817264787934315 114
1627557968464 0.1878318402335095 115
1627557968509 0.18770189226820813 116
1627557968570 0.18745099379585808 117
1627557968637 0.1872524219206696 118
1627557968698 0.18713068261016458 119
1627557968767 0.18698016459472946 120
1627557968823 0.18684542396087042 121
1627557968879 0.18671421287674259 122
1627557968951 0.1865417149822256 123
1627557969031 0.1864217026674004 124
1627557969111 0.18629038151779825 125
1627557969166 0.18618637604135457 126
1627557969251 0.18602709893336813 127
1627557969345 0.18577363966789165 128
1627557969399 0.18563681168296764 129
1627557969460 0.18545603048404058 130
1627557969560 0.1851593295523736 131
1627557969629 0.18498234770520777 132
1627557969720 0.18484444853683818 133
1627557969794 0.18470395061809586 134
1627557969878 0.18459255149944873 135
1627557969980 0.1843542525368584 136
1627557970044 0.18418707352743 137
1627557970092 0.1840703954865027 138
1627557970190 0.18394827982796827 139
1627557970262 0.18382049770254905 140
1627557970320 0.18366024058702785 141
1627557970393 0.18346763458090798 142
1627557970466 0.18333900071844725 143
1627557970526 0.18322523557942189 144
1627557970581 0.18311491729899554 145
1627557970651 0.18297693944429905 146
1627557970732 0.18286707379251996 147
1627557970821 0.1827336375840991 148
1627557970879 0.1826238240276802 149
1627557970961 0.18243220994973192 150
1627557971032 0.1822687245964593 151
1627557971118 0.18214547494453964 152
1627557971180 0.18205747019938423 153
1627557971250 0.1819585792208492 154
1627557971340 0.18183496197820442 155
1627557971437 0.18165957191256452 156
1627557971523 0.18151076533943775 157
1627557971596 0.1814040038566236 158
1627557971648 0.18129142259086609 159
1627557971704 0.18119534001081716 160
1627557971764 0.1810610022302122 161
1627557971824 0.18090748678044688 162
1627557971868 0.18080982899151307 163
1627557971916 0.18071422000786613 164
1627557971984 0.18050238962334178 165
1627557972070 0.18030806306283692 166
1627557972125 0.1801888973159133 167
1627557972184 0.18009294444905657 168
1627557972243 0.1799918446206712 169
1627557972301 0.17988339022401328 170
1627557972357 0.17976078569489984 171
1627557972414 0.17963608141592044 172
1627557972468 0.17952007587663993 173
1627557972518 0.17942258978991965 174
1627557972586 0.17931708315083203 175
1627557972663 0.17921854694674133 176
1627557972749 0.17911718295504178 177
1627557972827 0.1790147971907367 178
1627557972902 0.17891738975712795 179
1627557972972 0.17881412622675155 180
1627557973027 0.17871518950214965 181
1627557973075 0.1786336427550486 182
1627557973140 0.17850695989542392 183
1627557973184 0.1784238261824115 184
1627557973244 0.17829718008372286 185
1627557973302 0.17819351899492497 186
1627557973363 0.178035378305873 187
1627557973423 0.17794260682837848 188
1627557973494 0.1777435017673113 189
1627557973568 0.1775574711272532 190
1627557973616 0.17747669654306222 191
1627557973672 0.1773431087292875 192
1627557973726 0.1772395480634268 193
1627557973775 0.17712663963926256 194
1627557973819 0.1770415857036719 195
1627557973882 0.176953298017535 196
1627557973936 0.1768741506914237 197
1627557973990 0.1767909405621422 198
1627557974042 0.176707354001991 199
1627557974130 0.17660568694681267 200
1627557974226 0.17652350752314497 201
1627557974301 0.17644028726285352 202
1627557974361 0.17636341322490579 203
1627557974418 0.17627274522712338 204
1627557974478 0.17618196908241626 205
1627557974533 0.17610475725554164 206
1627557974586 0.17601797619591553 207
1627557974644 0.17591403177029855 208
1627557974705 0.17580309906086578 209
1627557974752 0.17571636718568606 210
1627557974808 0.17558790412453826 211
1627557974858 0.1754997974015127 212
1627557974901 0.17541216337576765 213
1627557974972 0.17521190432801226 214
1627557975032 0.1751104996116363 215
1627557975077 0.17504369475310255 216
1627557975157 0.17486630383136437 217
1627557975226 0.1747192870102799 218
1627557975295 0.17455053961066294 219
1627557975348 0.17447370568307108 220
1627557975407 0.17439726047892704 221
1627557975491 0.17430954389538772 222
1627557975557 0.17422794931346253 223
1627557975610 0.1741562600349886 224
1627557975666 0.17407588382780334 225
1627557975725 0.17396337299382897 226
1627557975770 0.1738980177793352 227
1627557975822 0.17381503141078591 228
1627557975867 0.1737229927289036 229
1627557975913 0.1736484152760746 230
1627557975968 0.17356306756525502 231
1627557976029 0.17340180707473002 232
1627557976092 0.17332010934915842 233
1627557976155 0.17315933474863807 234
1627557976206 0.17307454518657628 235
1627557976257 0.17298342235410308 236
1627557976310 0.17290455206569663 237
1627557976361 0.1728265923377004 238
1627557976404 0.17275241617536113 239
1627557976467 0.17261353385055622 240
1627557976517 0.17253230828270952 241
1627557976561 0.17245582825486536 242
1627557976616 0.1723926128186165 243
1627557976678 0.1722850868137298 244
1627557976735 0.17220846951971977 245
1627557976777 0.17214580728000317 246
1627557976832 0.17205922667966728 247
1627557976895 0.1719510140314266 248
1627557976950 0.17184832548104512 249
1627557977015 0.1717663022231518 250
1627557977080 0.17167674537792205 251
1627557977155 0.17159533167795368 252
1627557977200 0.17152269395980216 253
1627557977273 0.17141058061189698 254
1627557977334 0.1713168972356636 255
1627557977392 0.17123383716924476 256
1627557977452 0.17110241999899967 257
1627557977508 0.17101774834473216 258
1627557977563 0.1709480015831955 259
1627557977617 0.17086421290282863 260
1627557977656 0.17080751153796764 261
1627557977705 0.1707415844669062 262
1627557977746 0.17067980028898827 263
1627557977796 0.1706047980200085 264
1627557977858 0.17050691213452143 265
1627557977911 0.17043504941037646 266
1627557977964 0.1703619888686318 267
1627557978008 0.17030648524273567 268
1627557978060 0.1702388139071082 269
1627557978113 0.17016172208598876 270
1627557978167 0.17008848999782825 271
1627557978228 0.17001710841606812 272
1627557978286 0.16993892874789812 273
1627557978328 0.16988459509983578 274
1627557978383 0.16980944907166823 275
1627557978440 0.16973529021209502 276
1627557978486 0.169663256179343 277
1627557978537 0.1695903392343768 278
1627557978593 0.1695205810440987 279
1627557978666 0.16937579463177585 280
1627557978728 0.16926301813977665 281
1627557978783 0.16919299040603478 282
1627557978838 0.1691195546724875 283
1627557978879 0.16906526004204264 284
1627557978925 0.16899153974775896 285
1627557978992 0.168888151282732 286
1627557979039 0.1688215573622011 287
1627557979098 0.16874192209978459 288
1627557979148 0.1686839221617906 289
1627557979197 0.16860762541878335 290
1627557979239 0.16855382622997808 291
1627557979294 0.16848693707943413 292
1627557979348 0.16839445995642782 293
1627557979396 0.1683241828682169 294
1627557979452 0.16824763345415408 295
1627557979505 0.16817004455598653 296
1627557979568 0.16807846989511444 297
1627557979621 0.16801252618530912 298
1627557979669 0.1679396330288972 299
1627557979746 0.16780114794363973 300
1627557979792 0.16774498138090072 301
1627557979856 0.16769126275909202 302
1627557979932 0.16762333135950058 303
1627557979990 0.16755887297185026 304
1627557980039 0.16749532320579255 305
1627557980096 0.16741094758566724 306
1627557980159 0.16727700158975034 307
1627557980201 0.1672118077123066 308
1627557980260 0.1671468989556469 309
1627557980323 0.1670474624077115 310
1627557980376 0.16698612993871842 311
1627557980417 0.16692850133201692 312
1627557980477 0.16687198338350887 313
1627557980520 0.16681387836144326 314
1627557980576 0.1667530370729648 315
1627557980626 0.1666879322450673 316
1627557980662 0.16662664309198275 317
1627557980711 0.16655380727955515 318
1627557980778 0.16648929464258433 319
1627557980834 0.16642890474803207 320
1627557980889 0.16636621183765546 321
1627557980957 0.16628384716893282 322
1627557981004 0.1662254117007143 323
1627557981043 0.16616058867783198 324
1627557981093 0.16611474827720768 325
1627557981146 0.1660467248091536 326
1627557981195 0.16598586419718062 327
1627557981267 0.16586764192369335 328
1627557981322 0.1657680539914868 329
1627557981370 0.16570848475666985 330
1627557981415 0.16564612836221224 331
1627557981457 0.1655837356865592 332
1627557981503 0.1655228160150091 333
1627557981557 0.16544603304117902 334
1627557981603 0.16540157379277395 335
1627557981651 0.16533422471588477 336
1627557981704 0.16527687324272336 337
1627557981763 0.1651700705421963 338
1627557981812 0.1651144477131937 339
1627557981855 0.16505253485037377 340
1627557981912 0.1649844793418661 341
1627557981967 0.16491409360149323 342
1627557982039 0.16482270108181055 343
1627557982116 0.16475943604703436 344
1627557982179 0.16468861597211068 345
1627557982238 0.16462235275998433 346
1627557982290 0.1645536816117477 347
1627557982335 0.164501759495671 348
1627557982372 0.16445367892234455 349
1627557982447 0.16438608975585034 350
1627557982499 0.16431725170804226 351
1627557982543 0.16425935853096335 352
1627557982595 0.16420617018273742 353
1627557982644 0.16414452934908466 354
1627557982714 0.16408265274736172 355
1627557982769 0.16402510665447412 356
1627557982822 0.16397563559594833 357
1627557982866 0.1639207057379155 358
1627557982911 0.1638580518649469 359
1627557982961 0.1638047406302349 360
1627557983015 0.16374242946299103 361
1627557983070 0.16368936099622103 362
1627557983131 0.16361920008931138 363
1627557983170 0.16356442768748006 364
1627557983236 0.1634335034296403 365
1627557983272 0.16338112065332402 366
1627557983330 0.1633250927265782 367
1627557983394 0.1631957429238558 368
1627557983439 0.16313227252507279 369
1627557983493 0.16307275418796746 370
1627557983535 0.1630281714175651 371
1627557983586 0.16296581804431576 372
1627557983639 0.16290917592807416 373
1627557983681 0.1628648857345113 374
1627557983739 0.1628072419526433 375
1627557983780 0.16274957458883357 376
1627557983841 0.1626980702668529 377
1627557983914 0.1626301349588555 378
1627557983971 0.16256812777142615 379
1627557984016 0.16251347585132203 380
1627557984088 0.16242334529442592 381
1627557984156 0.16235617740420047 382
1627557984222 0.16228550477853199 383
1627557984265 0.16222353700869377 384
1627557984316 0.1621720014622842 385
1627557984363 0.1621047541798362 386
1627557984420 0.16203285794633243 387
1627557984477 0.16196340643966717 388
1627557984531 0.1619103733559381 389
1627557984601 0.16180616880063428 390
1627557984641 0.16176532202639463 391
1627557984709 0.16168573048521842 392
1627557984755 0.1616365057416629 393
1627557984803 0.16159303931941865 394
1627557984851 0.16152507713851436 395
1627557984907 0.1614549729803985 396
1627557984956 0.16140140544288023 397
1627557985000 0.1613442829366469 398
1627557985045 0.16128709013425738 399
1627557985097 0.16124107560341777 400
1627557985147 0.16118044742964208 401
1627557985201 0.16111515954931302 402
1627557985246 0.16105804539045443 403
1627557985296 0.16101545973942472 404
1627557985337 0.16095730648237663 405
1627557985385 0.16089662200946653 406
1627557985426 0.16084256635874034 407
1627557985471 0.1607933140728417 408
1627557985533 0.16069378787493024 409
1627557985593 0.1606212562750252 410
1627557985641 0.1605681741487473 411
1627557985692 0.16052734821545298 412
1627557985745 0.16047502902820132 413
1627557985802 0.16042180953644566 414
1627557985870 0.16036611206517495 415
1627557985952 0.160254622676406 416
1627557986041 0.16015243603253096 417
1627557986109 0.16009555843680295 418
1627557986156 0.16003658613560895 419
1627557986209 0.15997698810100755 420
1627557986261 0.15993585100312044 421
1627557986306 0.15988886795269555 422
1627557986347 0.15984905647942366 423
1627557986392 0.15978770081879365 424
1627557986435 0.15973503984679924 425
1627557986484 0.15969126746374918 426
1627557986519 0.1596469641228177 427
1627557986573 0.1595727398135439 428
1627557986630 0.15950017533737082 429
1627557986682 0.15943645262848216 430
1627557986752 0.15932035379063264 431
1627557986798 0.15926672165122838 432
1627557986845 0.15921791458727824 433
1627557986888 0.15916295473591646 434
1627557986943 0.1591110242543441 435
1627557986986 0.15906225529270698 436
1627557987035 0.15900126607721837 437
1627557987088 0.15893992958269687 438
1627557987133 0.15888086110615277 439
1627557987172 0.15883846644137742 440
1627557987215 0.15880431678390852 441
1627557987260 0.15875362351859065 442
1627557987306 0.1587024954081014 443
1627557987366 0.15861876873616432 444
1627557987413 0.15856934117870694 445
1627557987462 0.1585117536533108 446
1627557987501 0.15847401250647078 447
1627557987543 0.15842622222200348 448
1627557987585 0.15838802639359728 449
1627557987640 0.1583358949430397 450
1627557987686 0.15829576686223723 451
1627557987739 0.1582407065038015 452
1627557987778 0.15819717966686206 453
1627557987823 0.15814886242886972 454
1627557987860 0.15810646798493433 455
1627557987916 0.1580595054828321 456
1627557987957 0.15800451842601898 457
1627557988021 0.15795284266512044 458
1627557988077 0.15791167907099846 459
1627557988141 0.1578519183723567 460
1627557988202 0.15775625795525455 461
1627557988267 0.1576993836129655 462
1627557988332 0.15764532849445734 463
1627557988384 0.15761367264844622 464
1627557988432 0.15756220447379612 465
1627557988478 0.15751284817619182 466
1627557988521 0.1574678859055569 467
1627557988596 0.15738937801717784 468
1627557988649 0.15734014810620317 469
1627557988694 0.15729193831999877 470
1627557988734 0.15725322648654555 471
1627557988780 0.1572079543930114 472
1627557988841 0.15715852097498878 473
1627557988912 0.15710884511473078 474
1627557988965 0.15705154446360842 475
1627557989008 0.15701479368274082 476
1627557989049 0.15697202090368964 477
1627557989085 0.15692944459519034 478
1627557989133 0.15687151677329217 479
1627557989179 0.15682235648878817 480
1627557989217 0.15677012102015714 481
1627557989269 0.15672209272794027 482
1627557989319 0.1566662980439284 483
1627557989359 0.15662344292457725 484
1627557989436 0.15916295473591646 485
1627557993667 0.508650449685728 0
1627557993780 0.46975735102683386 1
1627557993879 0.4354359257756044 2
1627557993976 0.4052747754430451 3
1627557994102 0.3788093550511617 4
1627557994235 0.35574886124964644 5
1627557994339 0.3358373486788794 6
1627557994434 0.31867547302374544 7
1627557994553 0.3038889205686157 8
1627557994677 0.29112356030178016 9
1627557994778 0.2800740362794678 10
1627557994880 0.27063861839768005 11
1627557995005 0.26251387937933346 12
1627557995111 0.25566160828659734 13
1627557995226 0.24973701325156858 14
1627557995328 0.2447111268552779 15
1627557995437 0.24049584242512487 16
1627557995543 0.23701790399638487 17
1627557995635 0.23400366324897395 18
1627557995741 0.2313190599936146 19
1627557995825 0.22898489725228796 20
1627557995929 0.22707122996819348 21
1627557996018 0.225433236515427 22
1627557996121 0.2240011125810157 23
1627557996204 0.22262545944961512 24
1627557996302 0.2215399052315353 25
1627557996382 0.22042688610305367 26
1627557996493 0.21951791305019358 27
1627557996584 0.21863574741026973 28
1627557996664 0.21775010582619908 29
1627557996753 0.21692444334497105 30
1627557996835 0.2162883668734458 31
1627557996911 0.21552042075477998 32
1627557996989 0.21490966283182641 33
1627557997062 0.21435657149776652 34
1627557997131 0.21360975471499627 35
1627557997203 0.2128801337870142 36
1627557997293 0.21201561215525735 37
1627557997365 0.21129557355207826 38
1627557997436 0.21071172233931026 39
1627557997503 0.21031109628916453 40
1627557997573 0.20973920486398945 41
1627557997648 0.20925069414916975 42
1627557997722 0.20848993340856195 43
1627557997791 0.20814535090120598 44
1627557997865 0.20783997978279395 45
1627557997935 0.2073912297929563 46
1627557998013 0.2066406042221511 47
1627557998092 0.20637811542729437 48
1627557998192 0.20591754070885832 49
1627557998278 0.20565365151272424 50
1627557998351 0.20512076786148084 51
1627557998424 0.20459685637877967 52
1627557998507 0.2039092776357939 53
1627557998570 0.20362380879110675 54
1627557998642 0.20315785268056283 55
1627557998713 0.20291869544236535 56
1627557998778 0.20267477469141384 57
1627557998860 0.20218891214050094 58
1627557998924 0.2016983674859525 59
1627557998990 0.20142927381233258 60
1627557999065 0.20096498414247368 61
1627557999127 0.20074999465693433 62
1627557999186 0.2005247681003003 63
1627557999252 0.2000947686667406 64
1627557999322 0.19983775168437315 65
1627557999397 0.1994699290941983 66
1627557999504 0.19902594824069775 67
1627557999595 0.1987936944304916 68
1627557999677 0.19826954616719233 69
1627557999772 0.19805951448652798 70
1627557999864 0.19785027119063978 71
1627557999933 0.19765215939204558 72
1627558000011 0.19728352778407204 73
1627558000084 0.1970881786321236 74
1627558000161 0.19658775396692782 75
1627558000227 0.19614728933664868 76
1627558000301 0.19590062936286956 77
1627558000390 0.1955439377221322 78
1627558000457 0.19518593149966504 79
1627558000518 0.19494263760583136 80
1627558000586 0.1945727313484183 81
1627558000659 0.1943376714565578 82
1627558000722 0.194160711438024 83
1627558000788 0.19397927329103926 84
1627558000865 0.19379684784270315 85
1627558000929 0.1936438997645364 86
1627558000992 0.19345281764710065 87
1627558001060 0.19329537719972362 88
1627558001128 0.1930982177195287 89
1627558001197 0.19278510716259503 90
1627558001259 0.19256263326992942 91
1627558001331 0.19220007044964346 92
1627558001398 0.1920350543485443 93
1627558001477 0.191866675596308 94
1627558001562 0.1916549020069106 95
1627558001639 0.19148992598792558 96
1627558001702 0.19117210822211594 97
1627558001746 0.19101922237926278 98
1627558001820 0.1908437659474146 99
1627558001907 0.19068051831190183 100
1627558001975 0.1904596333875008 101
1627558002044 0.1902784469095915 102
1627558002106 0.19012457369387908 103
1627558002178 0.1898236912828683 104
1627558002239 0.1896440834297065 105
1627558002309 0.18943105575630176 106
1627558002379 0.18915146277272063 107
1627558002445 0.1889787743974024 108
1627558002506 0.1888592440242475 109
1627558002570 0.18869234194325318 110
1627558002638 0.18852200397002952 111
1627558002706 0.1882656462810118 112
1627558002761 0.18813448951132192 113
1627558002835 0.18791823361673723 114
1627558002891 0.18774257247031845 115
1627558002955 0.1875028534596572 116
1627558003018 0.18738915842537207 117
1627558003092 0.18723609413233486 118
1627558003192 0.18707197927786232 119
1627558003256 0.1869413825705566 120
1627558003342 0.18672189494224045 121
1627558003412 0.1864649956540516 122
1627558003480 0.18628432937229503 123
1627558003541 0.18606391828283894 124
1627558003607 0.18593256965386107 125
1627558003663 0.18576047371138543 126
1627558003714 0.18562389189698866 127
1627558003783 0.18547575380391892 128
1627558003842 0.18533523611283398 129
1627558003904 0.18512089007197943 130
1627558003959 0.18499752779381426 131
1627558004018 0.18487608784444887 132
1627558004081 0.18473884396675572 133
1627558004147 0.18458736288643754 134
1627558004220 0.18431439827476842 135
1627558004274 0.1841838464209774 136
1627558004371 0.1839267399371865 137
1627558004433 0.18380371709673884 138
1627558004500 0.18368540314849896 139
1627558004570 0.18343597143983092 140
1627558004633 0.1833024280063741 141
1627558004702 0.1831263635963871 142
1627558004754 0.18302312755489816 143
1627558004814 0.18290378486200848 144
1627558004879 0.1827461657801106 145
1627558004941 0.18262325673684263 146
1627558004987 0.18253307345833247 147
1627558005046 0.18241706533371038 148
1627558005108 0.182301913062069 149
1627558005193 0.18208229162337217 150
1627558005255 0.1819589181546895 151
1627558005324 0.18176796567349945 152
1627558005379 0.18166138003252044 153
1627558005439 0.1815597417486376 154
1627558005493 0.18143082501446803 155
1627558005544 0.18134067641310492 156
1627558005607 0.1811959323696319 157
1627558005677 0.18108180123214404 158
1627558005779 0.18084377999018614 159
1627558005867 0.18070487936281532 160
1627558005913 0.18060315085367945 161
1627558005974 0.18047161082965565 162
1627558006034 0.18036376948833088 163
1627558006078 0.18028330524306804 164
1627558006143 0.1801292056829336 165
1627558006199 0.18000942907547302 166
1627558006241 0.17993025143853672 167
1627558006290 0.17984270348920076 168
1627558006352 0.17971134309390285 169
1627558006419 0.17953931604414788 170
1627558006481 0.17942953069384493 171
1627558006538 0.1792962691005243 172
1627558006585 0.17920222338775557 173
1627558006651 0.17902211472892837 174
1627558006717 0.17886367548846674 175
1627558006769 0.17874996557934986 176
1627558006829 0.178659759407132 177
1627558006893 0.17851372906141544 178
1627558006959 0.17841883717829682 179
1627558007024 0.17831348901395278 180
1627558007075 0.17820805790926728 181
1627558007133 0.1780956316469189 182
1627558007186 0.17799782390068147 183
1627558007224 0.17791432035823723 184
1627558007265 0.1778208466239669 185
1627558007314 0.17771913777723095 186
1627558007365 0.17761951884899416 187
1627558007427 0.1774239832775615 188
1627558007485 0.17733544780717336 189
1627558007540 0.17724134890078289 190
1627558007597 0.17708689653187917 191
1627558007646 0.1769905031926476 192
1627558007702 0.17689228844295235 193
1627558007751 0.17680883747573872 194
1627558007817 0.17663271101821024 195
1627558007864 0.17655549015472605 196
1627558007936 0.1763466209240727 197
1627558007992 0.17622467144557713 198
1627558008060 0.17611207095279846 199
1627558008136 0.17597367206801945 200
1627558008190 0.17587977437021293 201
1627558008243 0.1757999452677282 202
1627558008305 0.17569770246002667 203
1627558008354 0.1756122298964393 204
1627558008403 0.17552045487160836 205
1627558008478 0.17543470517807264 206
1627558008535 0.17535776419081522 207
1627558008604 0.17527842016309197 208
1627558008655 0.17520819087683856 209
1627558008755 0.17505747588931553 210
1627558008812 0.17491400986956218 211
1627558008864 0.17479512673495223 212
1627558008912 0.1746968502790394 213
1627558008968 0.17460808841316586 214
1627558009040 0.17452723953910917 215
1627558009134 0.17439703654145816 216
1627558009177 0.1743122743811622 217
1627558009225 0.17421859048073515 218
1627558009277 0.17413201053954613 219
1627558009359 0.17405189447744168 220
1627558009424 0.1739681504601189 221
1627558009477 0.17388673067147908 222
1627558009551 0.17373735637635268 223
1627558009616 0.17365802695016053 224
1627558009696 0.1735825066352049 225
1627558009779 0.1734811175506152 226
1627558009851 0.17341430392137488 227
1627558009922 0.1733408633356952 228
1627558009989 0.173270105683523 229
1627558010060 0.1731015238283003 230
1627558010116 0.17304198247110814 231
1627558010171 0.1729608169876117 232
1627558010230 0.17287835958000877 233
1627558010279 0.17279560802859625 234
1627558010323 0.17271839883570198 235
1627558010387 0.1726379189088572 236
1627558010452 0.17254121930161195 237
1627558010546 0.17245474075944328 238
1627558010602 0.1723643677347215 239
1627558010662 0.17227067409817948 240
1627558010703 0.17220970052962822 241
1627558010753 0.17212258042475367 242
1627558010800 0.1720645206060826 243
1627558010852 0.1719818954882738 244
1627558010906 0.17191270789564086 245
1627558010971 0.17176812702855412 246
1627558011026 0.17167391043515173 247
1627558011070 0.17160910511228306 248
1627558011128 0.17152368388472994 249
1627558011183 0.1714491904459978 250
1627558011246 0.17135137227783828 251
1627558011318 0.17118109800711262 252
1627558011382 0.17103702062951398 253
1627558011435 0.17096676116655468 254
1627558011504 0.1708843476620192 255
1627558011553 0.1708157806634156 256
1627558011598 0.17075781848380508 257
1627558011642 0.17068702328818633 258
1627558011714 0.1705457859434314 259
1627558011763 0.17047171776261702 260
1627558011814 0.17039541423948618 261
1627558011871 0.1703172600598725 262
1627558011917 0.17024068011940102 263
1627558011971 0.17014646233355177 264
1627558012022 0.17006704601374434 265
1627558012062 0.1700033405123916 266
1627558012115 0.1699377003407078 267
1627558012169 0.169862099090666 268
1627558012221 0.1698106393491311 269
1627558012275 0.1697404907417796 270
1627558012335 0.1696265563538414 271
1627558012396 0.1695065646446818 272
1627558012445 0.16942790647281272 273
1627558012506 0.16929009724418395 274
1627558012558 0.16921885042123933 275
1627558012599 0.16915353411596085 276
1627558012642 0.16908139488863855 277
1627558012700 0.16899967549057643 278
1627558012761 0.16892644030428577 279
1627558012809 0.16883778467422111 280
1627558012877 0.16868992044569545 281
1627558012924 0.16861726669795152 282
1627558012968 0.16854570957421097 283
1627558013032 0.16847664564691453 284
1627558013147 0.1684005702214947 285
1627558013206 0.16833562766653754 286
1627558013261 0.16825236034189245 287
1627558013315 0.16818798028032467 288
1627558013374 0.16812256334424913 289
1627558013439 0.168040177104232 290
1627558013504 0.1679623871039724 291
1627558013559 0.1678940874614955 292
1627558013605 0.16783484823738784 293
1627558013663 0.16774999858115136 294
1627558013700 0.16769072067664542 295
1627558013763 0.16758988025314883 296
1627558013817 0.16751393644044704 297
1627558013871 0.16742600949294245 298
1627558013944 0.16728249815173432 299
1627558014002 0.16721466003472085 300
1627558014068 0.16711790059677067 301
1627558014112 0.16706228145191215 302
1627558014170 0.16698098906697834 303
1627558014213 0.16691418728037521 304
1627558014256 0.16684545636249404 305
1627558014297 0.16679848726572435 306
1627558014354 0.16672547501944054 307
1627558014399 0.16666797733324204 308
1627558014450 0.16659835164810757 309
1627558014489 0.16653305600529042 310
1627558014563 0.16646351337703494 311
1627558014655 0.1664014072198824 312
1627558014741 0.16633521353329958 313
1627558014810 0.16625711032290286 314
1627558014864 0.16618723489358717 315
1627558014918 0.1661046318455175 316
1627558014966 0.1660323926141813 317
1627558015010 0.1659650485569376 318
1627558015050 0.16591230006788163 319
1627558015091 0.16584457192858587 320
1627558015134 0.16577665552430962 321
1627558015172 0.16570634223587458 322
1627558015213 0.16565343600334678 323
1627558015268 0.16558713365824287 324
1627558015331 0.16552037839556005 325
1627558015389 0.16544119169187893 326
1627558015428 0.16539147453473999 327
1627558015490 0.16532252411380552 328
1627558015579 0.16521418901429719 329
1627558015641 0.16514800021876244 330
1627558015691 0.16508671754980542 331
1627558015752 0.16499875842597592 332
1627558015806 0.16493392534517407 333
1627558015846 0.16487004760676402 334
1627558015899 0.164808697773388 335
1627558015957 0.16472417103249964 336
1627558016008 0.16466341013663047 337
1627558016053 0.16461179945596593 338
1627558016102 0.1645517097150955 339
1627558016157 0.164482638239788 340
1627558016208 0.16442131424105969 341
1627558016254 0.16436057185452657 342
1627558016295 0.16429691853325845 343
1627558016350 0.16423408927370273 344
1627558016422 0.16416102641700342 345
1627558016484 0.16409416440614932 346
1627558016537 0.164028322600458 347
1627558016583 0.1639677568004246 348
1627558016627 0.16390639725425313 349
1627558016702 0.16384387586511906 350
1627558016751 0.16379307287582506 351
1627558016823 0.16372981089574 352
1627558016886 0.16366173214447752 353
1627558016966 0.16355610392326864 354
1627558017028 0.16350136929392983 355
1627558017099 0.1633812598363943 356
1627558017174 0.16331338470026843 357
1627558017228 0.16326143215954564 358
1627558017279 0.1631990247869503 359
1627558017330 0.16314427804840667 360
1627558017369 0.16308937191476958 361
1627558017423 0.1630286280299089 362
1627558017485 0.162938344322317 363
1627558017549 0.16283847701614337 364
1627558017595 0.16278592842648204 365
1627558017647 0.16271824969263282 366
1627558017705 0.16264732172136565 367
1627558017751 0.16259170057173056 368
1627558017806 0.16250755808135547 369
1627558017871 0.1624347096666818 370
1627558017953 0.16233975166823814 371
1627558017997 0.16227954295842356 372
1627558018042 0.16223188697721797 373
1627558018096 0.16214319889071277 374
1627558018185 0.16202605261876674 375
1627558018247 0.16196731464253772 376
1627558018288 0.1619260730960738 377
1627558018339 0.16186610832518492 378
1627558018395 0.1618136465541689 379
1627558018441 0.16175852559379952 380
1627558018490 0.16170862144203396 381
1627558018540 0.16164836950958897 382
1627558018590 0.16160762008278376 383
1627558018632 0.1615614231275588 384
1627558018675 0.16151900788742427 385
1627558018734 0.16144673221357192 386
1627558018776 0.16140755261423553 387
1627558018822 0.1613611723832261 388
1627558018878 0.161302514426627 389
1627558018935 0.16124816235253456 390
1627558018989 0.16118226600552724 391
1627558019037 0.16112636947144696 392
1627558019089 0.16106031393588102 393
1627558019137 0.16101023898450792 394
1627558019172 0.16096059281459216 395
1627558019218 0.16089328520115218 396
1627558019256 0.1608550295131706 397
1627558019304 0.16080593700208554 398
1627558019364 0.16072939758892546 399
1627558019422 0.16067602117425275 400
1627558019464 0.1606199730395969 401
1627558019515 0.16055993880494604 402
1627558019562 0.16051382978452888 403
1627558019621 0.16043990118504375 404
1627558019670 0.1603892526452522 405
1627558019720 0.16032786450892422 406
1627558019790 0.16026755200276852 407
1627558019851 0.1602137511002376 408
1627558019891 0.1601645883534419 409
1627558019931 0.1601141494831041 410
1627558019973 0.16006218420607957 411
1627558020017 0.1600123260950644 412
1627558020065 0.15995263272876098 413
1627558020106 0.1598953566879369 414
1627558020171 0.15980778309572208 415
1627558020234 0.15976090338249055 416
1627558020303 0.15968990459575413 417
1627558020366 0.15963931165476183 418
1627558020423 0.15959839654841906 419
1627558020485 0.15953416811579674 420
1627558020527 0.15949186315691405 421
1627558020581 0.15942330747330255 422
1627558020640 0.15938461508996082 423
1627558020705 0.1593270131271969 424
1627558020782 0.15926229990423876 425
1627558020843 0.15920376862897742 426
1627558020896 0.1591577394905496 427
1627558020954 0.1590969036251305 428
1627558020993 0.15905325950513363 429
1627558021029 0.1590193285925704 430
1627558021065 0.1589788725845031 431
1627558021121 0.15893543438565344 432
1627558021178 0.15886247518967822 433
1627558021232 0.158796261385911 434
1627558021290 0.15873369058724987 435
1627558021335 0.15868723363322199 436
1627558021371 0.15863301749661385 437
1627558021405 0.15858421258810718 438
1627558021480 0.15851604132229313 439
1627558021527 0.1584626094822989 440
1627558021580 0.15840670071408516 441
1627558021631 0.15834872138578132 442
1627558021682 0.15828243959442284 443
1627558021741 0.15818445187232683 444
1627558021778 0.15813514013045815 445
1627558021823 0.15807854997718435 446
1627558021868 0.1580334219827488 447
1627558021917 0.15798398678611186 448
1627558021975 0.15793150244198853 449
1627558022070 0.15787946892893337 450
1627558022159 0.1577864652644809 451
1627558022237 0.15772273289386152 452
1627558022307 0.15766820609152815 453
1627558022386 0.15760289196797905 454
1627558022455 0.157558118519729 455
1627558022491 0.15751602002877887 456
1627558022533 0.1574678136996448 457
1627558022577 0.15742336898861745 458
1627558022619 0.1573810200982276 459
1627558022662 0.15732928888382988 460
1627558022705 0.15727904117901495 461
1627558022750 0.15724212860962775 462
1627558022814 0.15719605089882982 463
1627558022860 0.15715389288622747 464
1627558022905 0.15710999022968894 465
1627558022941 0.15707056276879636 466
1627558023005 0.15701558110850802 467
1627558023074 0.1569455292193357 468
1627558023124 0.1568952382786288 469
1627558023165 0.15684681333546244 470
1627558023218 0.15681660464358538 471
1627558023259 0.1567779207950915 472
1627558023303 0.15673519937739686 473
1627558023349 0.15668049718692786 474
1627558023414 0.15663197025150535 475
1627558023462 0.1565763008993517 476
1627558023517 0.15651909717001153 477
1627558023576 0.15646224419531257 478
1627558023632 0.1564053843953516 479
1627558023684 0.15634872736907815 480
1627558023722 0.1562992226440042 481
1627558023789 0.1562463197806825 482
1627558023853 0.15619339464155557 483
1627558023922 0.156144803167735 484
1627558023970 0.15609228933171587 485
1627558024020 0.1560396643267068 486
1627558024065 0.15599394596003166 487
1627558024127 0.15593857339544404 488
1627558024183 0.15587922719136693 489
1627558024225 0.15583708746161357 490
1627558024275 0.15578563359463019 491
1627558024322 0.15573261054018947 492
1627558024375 0.1557038527217089 493
1627558024444 0.15565472857911056 494
1627558024493 0.15562198441969294 495
1627558024567 0.15813514013045815 496
1627558028544 0.5094114389298177 0
1627558028653 0.4704326847763104 1
1627558028747 0.4359988054304729 2
1627558028843 0.40570457239786295 3
1627558028948 0.3791272858147848 4
1627558029042 0.35598331348302864 5
1627558029143 0.33600882469386006 6
1627558029241 0.31875646667169005 7
1627558029336 0.30397052515465917 8
1627558029430 0.29115648794936966 9
1627558029523 0.2800429368258554 10
1627558029625 0.27065355053456525 11
1627558029718 0.2625332785491455 12
1627558029813 0.25566517642645803 13
1627558029900 0.2497463183965833 14
1627558029995 0.2447610817170236 15
1627558030105 0.24056579446887608 16
1627558030246 0.23706659219865187 17
1627558030365 0.23405584140414334 18
1627558030477 0.23134209287067378 19
1627558030555 0.22893405758286386 20
1627558030633 0.2269528180603362 21
1627558030716 0.22523258754809303 22
1627558030796 0.22358971933650604 23
1627558030884 0.2223249944578114 24
1627558030957 0.22117582556554058 25
1627558031027 0.22008380379338252 26
1627558031099 0.21916266431179776 27
1627558031174 0.21833937777031648 28
1627558031247 0.21743707505506557 29
1627558031325 0.21661516811865256 30
1627558031407 0.21593577386407176 31
1627558031492 0.21523503398707208 32
1627558031568 0.2146517311670058 33
1627558031647 0.21404807985596203 34
1627558031714 0.21331062944607723 35
1627558031784 0.21265989755828105 36
1627558031856 0.21196897277849017 37
1627558031923 0.2113631698660647 38
1627558031995 0.21076274920627808 39
1627558032065 0.2104370221623816 40
1627558032137 0.20973256486707334 41
1627558032205 0.20914247566133057 42
1627558032277 0.2084313971195054 43
1627558032349 0.2080926945387306 44
1627558032422 0.20763861348915852 45
1627558032498 0.2069860833562019 46
1627558032585 0.2066984602656635 47
1627558032690 0.2059680769572985 48
1627558032785 0.20562371374785754 49
1627558032920 0.20485741593804915 50
1627558033030 0.20438533685955973 51
1627558033117 0.20409424731287198 52
1627558033233 0.20339678036036027 53
1627558033329 0.2031113342941161 54
1627558033431 0.2028375509751426 55
1627558033515 0.20251765855199536 56
1627558033577 0.202301945218678 57
1627558033642 0.20205567365317176 58
1627558033716 0.2017481801144123 59
1627558033788 0.20131395621828674 60
1627558033855 0.20093679316579974 61
1627558033917 0.20068841888773817 62
1627558033986 0.20021447263206976 63
1627558034052 0.1999744684025021 64
1627558034120 0.1994122079334382 65
1627558034193 0.1991948867443727 66
1627558034261 0.19872788406623007 67
1627558034338 0.19820042463631105 68
1627558034409 0.19795954569809132 69
1627558034484 0.1977317904957375 70
1627558034547 0.1975203740477509 71
1627558034607 0.19729114093178807 72
1627558034680 0.1968295097755457 73
1627558034750 0.1965460011646819 74
1627558034820 0.19637128537630225 75
1627558034890 0.19611756214904863 76
1627558034959 0.1957053184724122 77
1627558035022 0.19550438537577597 78
1627558035101 0.1950604214102993 79
1627558035172 0.19482218978319785 80
1627558035239 0.19451507902845827 81
1627558035305 0.1943084816744265 82
1627558035377 0.1940122954940906 83
1627558035440 0.1938121735578329 84
1627558035508 0.1936032363795547 85
1627558035568 0.19341146590028135 86
1627558035635 0.1931240003227418 87
1627558035733 0.19289911727728365 88
1627558035835 0.19272912307724985 89
1627558035940 0.19251929258952155 90
1627558036013 0.1923578307222839 91
1627558036074 0.1921254651194168 92
1627558036133 0.19196567046413113 93
1627558036197 0.19175236119884773 94
1627558036252 0.19156805257611517 95
1627558036315 0.19126865750628327 96
1627558036385 0.19088763490408214 97
1627558036447 0.19066594910449072 98
1627558036516 0.19049283970964462 99
1627558036597 0.19022270747844688 100
1627558036663 0.1900402820078037 101
1627558036731 0.1898986142511937 102
1627558036788 0.18976300681389813 103
1627558036856 0.18959806543502208 104
1627558036925 0.18935436689619636 105
1627558036980 0.18919673241944202 106
1627558037043 0.18900356972559912 107
1627558037106 0.18884055399836683 108
1627558037176 0.18867129526296067 109
1627558037250 0.18850902506442985 110
1627558037313 0.1883691254634332 111
1627558037403 0.18823267896053988 112
1627558037501 0.1879817224435577 113
1627558037578 0.18768290660002235 114
1627558037643 0.1874594224869523 115
1627558037702 0.18730150830650608 116
1627558037772 0.18713201570707125 117
1627558037839 0.18699303884701154 118
1627558037909 0.1867705079985956 119
1627558037980 0.18663454220979037 120
1627558038042 0.18650665932805696 121
1627558038104 0.18635266885038188 122
1627558038175 0.18609386388614763 123
1627558038251 0.18582888678978818 124
1627558038349 0.18561300853499857 125
1627558038418 0.18549559349436834 126
1627558038476 0.18538460333048257 127
1627558038544 0.18518759354140346 128
1627558038596 0.18505726692085994 129
1627558038669 0.1849443421333422 130
1627558038739 0.18471455214945162 131
1627558038813 0.18459311658153493 132
1627558038906 0.18447125710326243 133
1627558038964 0.1843608950661633 134
1627558039031 0.18421767741383177 135
1627558039122 0.1840797614134672 136
1627558039207 0.18396741305352052 137
1627558039294 0.18385480039907412 138
1627558039393 0.18369123048737424 139
1627558039472 0.18357337465982307 140
1627558039574 0.18334093101568713 141
1627558039663 0.18320975021822475 142
1627558039739 0.18290423650625115 143
1627558039787 0.18277604334958736 144
1627558039844 0.18265554868788747 145
1627558039913 0.1825411017229792 146
1627558039972 0.18242524791337064 147
1627558040042 0.18221497207852083 148
1627558040102 0.18210787208613022 149
1627558040177 0.1819582474830591 150
1627558040282 0.181702419827509 151
1627558040349 0.1815703270369845 152
1627558040398 0.18147603336749793 153
1627558040475 0.1812653900788364 154
1627558040539 0.1811612208018818 155
1627558040599 0.1810539656148201 156
1627558040659 0.18093916160996432 157
1627558040723 0.1808245720489492 158
1627558040772 0.18071885583992572 159
1627558040816 0.1806331516123599 160
1627558040879 0.18045058247753623 161
1627558040939 0.18033563114830717 162
1627558041000 0.18023735302426383 163
1627558041070 0.18007472408884875 164
1627558041134 0.17995629216731215 165
1627558041188 0.17986746900389428 166
1627558041251 0.17976791574129736 167
1627558041299 0.17969220406884068 168
1627558041360 0.179579138007125 169
1627558041419 0.1794652710739057 170
1627558041484 0.17935326691744544 171
1627558041555 0.17910238376622384 172
1627558041615 0.17899252021957565 173
1627558041677 0.17886414303289844 174
1627558041735 0.1787585744689349 175
1627558041794 0.178654521313638 176
1627558041853 0.17856154174165334 177
1627558041898 0.17846531148617073 178
1627558041961 0.17835790779449143 179
1627558042011 0.17824558497699963 180
1627558042075 0.1780969505260291 181
1627558042131 0.17799437093484252 182
1627558042184 0.17789119115488697 183
1627558042238 0.17778460806469543 184
1627558042298 0.17762305089371175 185
1627558042339 0.177540197190813 186
1627558042400 0.177425626156504 187
1627558042457 0.17733434040310542 188
1627558042512 0.17721994829809676 189
1627558042575 0.17713491158557135 190
1627558042622 0.17704570088254684 191
1627558042685 0.17694752244334597 192
1627558042737 0.1768548433049061 193
1627558042799 0.17675414856185725 194
1627558042855 0.17666578589985515 195
1627558042917 0.1765246817856586 196
1627558042997 0.17629112905785851 197
1627558043047 0.17621130146201128 198
1627558043105 0.17606377018367592 199
1627558043176 0.17594861430734507 200
1627558043229 0.1758571478962333 201
1627558043285 0.17575947468035183 202
1627558043359 0.17556459213381426 203
1627558043421 0.17546438295985603 204
1627558043495 0.1752832350569574 205
1627558043560 0.17515935910719124 206
1627558043622 0.17504753119369823 207
1627558043678 0.17495287066866755 208
1627558043739 0.17482498141457398 209
1627558043789 0.17473888269439142 210
1627558043850 0.17462373235119769 211
1627558043904 0.17452510548421557 212
1627558043945 0.17445604646548904 213
1627558044005 0.17435604260666251 214
1627558044061 0.17427985875456908 215
1627558044106 0.17419869746568806 216
1627558044155 0.1741127846571451 217
1627558044207 0.17401876457583468 218
1627558044271 0.17388704548888848 219
1627558044328 0.17380052313727357 220
1627558044392 0.17367704351495783 221
1627558044474 0.1735633961604845 222
1627558044518 0.17349613570604297 223
1627558044567 0.17342090818371636 224
1627558044632 0.17327598604776417 225
1627558044690 0.1731794145440329 226
1627558044749 0.17309619643743113 227
1627558044815 0.17302056525030246 228
1627558044877 0.17293489081557345 229
1627558044926 0.17285911781916052 230
1627558044971 0.17278269382542194 231
1627558045053 0.1727115717296045 232
1627558045116 0.17264860442240104 233
1627558045169 0.17257762619350983 234
1627558045225 0.17249148196832634 235
1627558045271 0.17241866313415147 236
1627558045350 0.17232913103871286 237
1627558045450 0.17216976911119392 238
1627558045520 0.17201529479326103 239
1627558045569 0.17194959984489244 240
1627558045626 0.17188555466028535 241
1627558045704 0.17179341514685606 242
1627558045753 0.17171590667186096 243
1627558045806 0.1716389570060729 244
1627558045866 0.17155628782222823 245
1627558045913 0.1714772401682331 246
1627558045972 0.1713957084542562 247
1627558046017 0.1713244964027279 248
1627558046066 0.1712436671718959 249
1627558046131 0.17117045854066265 250
1627558046182 0.17109932182151505 251
1627558046251 0.17101154573169294 252
1627558046331 0.17092320354161458 253
1627558046383 0.17085549919676213 254
1627558046441 0.17078034976667944 255
1627558046507 0.17069261204594038 256
1627558046555 0.17062558383767662 257
1627558046610 0.17053455478823068 258
1627558046656 0.1704729589284861 259
1627558046717 0.17037733618434972 260
1627558046778 0.17029298404699428 261
1627558046840 0.1701949277113387 262
1627558046888 0.17013378821182062 263
1627558046936 0.1700612803863144 264
1627558046987 0.16998273968690858 265
1627558047036 0.1699158298740438 266
1627558047097 0.16984513148799554 267
1627558047146 0.1697784561080288 268
1627558047189 0.16972163207175897 269
1627558047241 0.169656477316635 270
1627558047324 0.16956914711538687 271
1627558047374 0.1695026558992297 272
1627558047425 0.16943275279083386 273
1627558047468 0.1693562987111411 274
1627558047531 0.16926456011980956 275
1627558047578 0.16919760470473447 276
1627558047625 0.16912756635840345 277
1627558047672 0.16906847225416535 278
1627558047729 0.16898965113025097 279
1627558047788 0.16891453617650676 280
1627558047826 0.16886250931410532 281
1627558047883 0.1687940012417028 282
1627558047937 0.1687229161387524 283
1627558047983 0.16865714642763305 284
1627558048039 0.16858423043545268 285
1627558048110 0.16845197986202187 286
1627558048160 0.1683737696622375 287
1627558048211 0.16830633543385898 288
1627558048255 0.16825063529595743 289
1627558048296 0.16817753106813157 290
1627558048357 0.16811368092300943 291
1627558048399 0.16805664387593103 292
1627558048444 0.16798319784431215 293
1627558048492 0.16791715407440194 294
1627558048554 0.16782792119224824 295
1627558048644 0.16770974875987818 296
1627558048709 0.16763471161137514 297
1627558048762 0.16756629412599056 298
1627558048806 0.16751266149054778 299
1627558048869 0.16745462682515536 300
1627558048917 0.16739521371045052 301
1627558048980 0.16728267326362736 302
1627558049019 0.16722955393792255 303
1627558049091 0.16715585204439037 304
1627558049158 0.16708380702702444 305
1627558049200 0.1670163632306028 306
1627558049257 0.16695512071950416 307
1627558049326 0.16689132674699958 308
1627558049419 0.1667785819003727 309
1627558049482 0.16666850725317262 310
1627558049537 0.16659761520890867 311
1627558049591 0.16652472280904076 312
1627558049641 0.16647674858150602 313
1627558049690 0.16641026042306598 314
1627558049740 0.16633572557876708 315
1627558049787 0.16627355088688034 316
1627558049840 0.1661911432386076 317
1627558049888 0.16611725736741093 318
1627558049933 0.1660686391612161 319
1627558049980 0.16601150946092114 320
1627558050030 0.1659463598353483 321
1627558050081 0.16587578087902047 322
1627558050144 0.1657584709232193 323
1627558050205 0.16569718934789746 324
1627558050258 0.16563265694595194 325
1627558050318 0.16550485266185558 326
1627558050370 0.1654425600715507 327
1627558050425 0.16539124700545754 328
1627558050475 0.16532923050736892 329
1627558050534 0.16526778237886217 330
1627558050583 0.16520869058134524 331
1627558050634 0.16514547690852338 332
1627558050693 0.16507578984374874 333
1627558050751 0.1650016615127549 334
1627558050798 0.16495899682005943 335
1627558050857 0.16488903641764416 336
1627558050913 0.16481940462268213 337
1627558050994 0.1647492055445055 338
1627558051061 0.16468657120251914 339
1627558051114 0.1646380759576939 340
1627558051169 0.16455728439425824 341
1627558051222 0.16449799379383648 342
1627558051272 0.1644352010167742 343
1627558051322 0.16438058333316355 344
1627558051370 0.16431072948059305 345
1627558051415 0.16425341781782501 346
1627558051458 0.1641931937170142 347
1627558051511 0.16412623612488575 348
1627558051555 0.16406720508444494 349
1627558051627 0.16401439782505656 350
1627558051684 0.16395423933506523 351
1627558051729 0.16389230452214465 352
1627558051770 0.1638340804945917 353
1627558051827 0.16376591756249448 354
1627558051885 0.16369483183207087 355
1627558051927 0.16365340686326704 356
1627558051978 0.16359306437035315 357
1627558052046 0.16346982045064634 358
1627558052088 0.16341815619440234 359
1627558052139 0.16336242463322334 360
1627558052186 0.16330515703766715 361
1627558052232 0.16324672093053225 362
1627558052291 0.16316906001785786 363
1627558052338 0.1631060577577494 364
1627558052386 0.16304474345956813 365
1627558052436 0.162982946736731 366
1627558052501 0.1629293280307235 367
1627558052559 0.1628708841077587 368
1627558052621 0.16281322467751103 369
1627558052694 0.16275183828407655 370
1627558052752 0.16269399241575525 371
1627558052802 0.1626443125068722 372
1627558052885 0.16258154052952037 373
1627558052959 0.1625218738471671 374
1627558053024 0.16245686787312205 375
1627558053099 0.1623363093660507 376
1627558053158 0.16550485266185558 377
1627558057188 0.5073896953373283 0
1627558057341 0.4686425767561899 1
1627558057473 0.4344526835974265 2
1627558057580 0.4044140314485978 3
1627558057686 0.3779991750791688 4
1627558057786 0.3550273012765391 5
1627558057889 0.33515795620753575 6
1627558058019 0.3180251598691352 7
1627558058134 0.3032879971652202 8
1627558058275 0.29056742068828756 9
1627558058394 0.27955711489574187 10
1627558058505 0.2701728810858518 11
1627558058598 0.26204817090479 12
1627558058689 0.2552536186430394 13
1627558058774 0.24933576621486028 14
1627558058867 0.2444009652794842 15
1627558058957 0.24022051865443328 16
1627558059052 0.2367378397614612 17
1627558059175 0.23377075880041348 18
1627558059291 0.2310751406730919 19
1627558059387 0.22879801454875484 20
1627558059475 0.2268420632092618 21
1627558059564 0.22512895795611418 22
1627558059652 0.22350426902306728 23
1627558059772 0.22202006382866804 24
1627558059864 0.22086718071532452 25
1627558059944 0.21978572369704014 26
1627558060031 0.2188746253855066 27
1627558060112 0.21795872894266385 28
1627558060187 0.21709660906686984 29
1627558060267 0.21636044708728164 30
1627558060346 0.2156167803366438 31
1627558060423 0.2148695773003745 32
1627558060503 0.2141968524444687 33
1627558060578 0.21363399461881538 34
1627558060691 0.212847445872132 35
1627558060806 0.2120543334755372 36
1627558060919 0.21123878914613667 37
1627558061049 0.2108716002669313 38
1627558061134 0.21019451785726878 39
1627558061210 0.2097677470710145 40
1627558061292 0.20916167078734954 41
1627558061369 0.2086838897173289 42
1627558061464 0.20802693648032608 43
1627558061548 0.20749067722906037 44
1627558061617 0.20720752136036324 45
1627558061698 0.20667030577507595 46
1627558061788 0.20603529601717208 47
1627558061856 0.2056302839571147 48
1627558061934 0.2051058651539468 49
1627558062006 0.20481000997495932 50
1627558062076 0.20449233536186764 51
1627558062141 0.20408027511401558 52
1627558062246 0.20346451106800414 53
1627558062345 0.20289872876418266 54
1627558062426 0.2026155301876331 55
1627558062494 0.20217873985651133 56
1627558062559 0.20187725982005256 57
1627558062635 0.2016327321472381 58
1627558062711 0.20136611437290675 59
1627558062787 0.2008629290192369 60
1627558062862 0.20062900069662384 61
1627558062939 0.20014189962485082 62
1627558063009 0.19991145660722556 63
1627558063076 0.19941023741406597 64
1627558063150 0.19901758364301717 65
1627558063252 0.19877820543354624 66
1627558063344 0.19827275979433012 67
1627558063423 0.19794190183188287 68
1627558063499 0.197698859968623 69
1627558063577 0.1974783891170043 70
1627558063647 0.19726895823063506 71
1627558063713 0.19709544526306844 72
1627558063792 0.19665680886907452 73
1627558063866 0.1964500041363961 74
1627558063941 0.19623153286848538 75
1627558064018 0.19581472139373765 76
1627558064104 0.1956212097322 77
1627558064179 0.19542659495319642 78
1627558064244 0.1951238270897092 79
1627558064317 0.19492595995998657 80
1627558064396 0.19473718446338906 81
1627558064495 0.19452315884737412 82
1627558064577 0.19408378060975434 83
1627558064650 0.19380573079693691 84
1627558064718 0.1936428394454527 85
1627558064781 0.19347537621053032 86
1627558064846 0.1932289292498906 87
1627558064911 0.19306638995830425 88
1627558064986 0.1928620317239335 89
1627558065069 0.19270351038209801 90
1627558065160 0.19248347445113445 91
1627558065226 0.19218999687039723 92
1627558065297 0.19181624883066717 93
1627558065367 0.19162300555080325 94
1627558065440 0.1914608918105881 95
1627558065507 0.19119309416548838 96
1627558065577 0.19094390712431242 97
1627558065661 0.19075659944774487 98
1627558065732 0.1905820299628871 99
1627558065811 0.19043050149617083 100
1627558065878 0.1902846311034599 101
1627558065945 0.18993112098769493 102
1627558066002 0.18977620967035913 103
1627558066059 0.18963120219848614 104
1627558066123 0.1894825777342744 105
1627558066188 0.18921881875640645 106
1627558066258 0.18906758402211873 107
1627558066332 0.188903940888008 108
1627558066400 0.18858202930063056 109
1627558066478 0.18826427348579436 110
1627558066549 0.1881074027503391 111
1627558066609 0.1878979139552648 112
1627558066672 0.1877414624149116 113
1627558066743 0.1875846719974416 114
1627558066802 0.18740573749419936 115
1627558066855 0.18727367235732653 116
1627558066930 0.18715070353631158 117
1627558066999 0.18701401402423223 118
1627558067063 0.18684007094585695 119
1627558067141 0.1867134336371943 120
1627558067207 0.1865837066852869 121
1627558067259 0.18645862540012967 122
1627558067331 0.18613505047956316 123
1627558067409 0.18585366781045676 124
1627558067491 0.18572400297420388 125
1627558067551 0.18560443335212437 126
1627558067622 0.18549657923948323 127
1627558067718 0.1852542168287452 128
1627558067794 0.18507434066792888 129
1627558067878 0.1849080945144253 130
1627558067944 0.18478432656626403 131
1627558068026 0.1846168243907668 132
1627558068097 0.18448914233552438 133
1627558068167 0.18437435931072138 134
1627558068234 0.18425263867291583 135
1627558068293 0.1841318920000674 136
1627558068362 0.18394296663393256 137
1627558068420 0.18382141981524674 138
1627558068483 0.1836944224595196 139
1627558068541 0.18358166676334714 140
1627558068609 0.18342991359369545 141
1627558068684 0.1832688270915054 142
1627558068787 0.18302801847616876 143
1627558068880 0.1828873722116016 144
1627558068928 0.18278794769823367 145
1627558068998 0.1826544980326628 146
1627558069081 0.18253617925937154 147
1627558069154 0.18240811556277164 148
1627558069209 0.18226990341242535 149
1627558069299 0.18204914003932526 150
1627558069363 0.18191385703846413 151
1627558069422 0.18177488373886677 152
1627558069482 0.18165770959857147 153
1627558069542 0.18153422946366915 154
1627558069594 0.18141784189737634 155
1627558069663 0.18131695330744066 156
1627558069713 0.18120400331959144 157
1627558069778 0.1810141565362227 158
1627558069836 0.1809057797429741 159
1627558069886 0.1807985294014759 160
1627558069950 0.1806317164831773 161
1627558070000 0.1805331770999365 162
1627558070059 0.18042947201653356 163
1627558070127 0.180317576054443 164
1627558070218 0.1801112993907957 165
1627558070294 0.17999776265903641 166
1627558070361 0.17987077887643957 167
1627558070418 0.1797885849261304 168
1627558070496 0.1796264287499592 169
1627558070562 0.17947530978886608 170
1627558070630 0.17936927259027752 171
1627558070719 0.17910443970516787 172
1627558070770 0.17902254141220306 173
1627558070840 0.17892412625455398 174
1627558070905 0.1788177915668805 175
1627558070959 0.17871382872615182 176
1627558071023 0.17862285061625263 177
1627558071094 0.17845188821719912 178
1627558071157 0.17829725072204863 179
1627558071237 0.1781689181651497 180
1627558071324 0.17806198321778335 181
1627558071382 0.17797218087211505 182
1627558071445 0.17784850687761283 183
1627558071516 0.1776387079965039 184
1627558071579 0.1775154200758213 185
1627558071654 0.17735620416705897 186
1627558071718 0.177251018994724 187
1627558071785 0.17713317508452486 188
1627558071840 0.17704100127310882 189
1627558071894 0.17694175289149564 190
1627558071945 0.1768642138459779 191
1627558072002 0.17677043018226354 192
1627558072061 0.17666459322846886 193
1627558072115 0.17656342407781037 194
1627558072183 0.17647418668612216 195
1627558072236 0.17639122742217836 196
1627558072293 0.17630715542964387 197
1627558072367 0.17611654590382989 198
1627558072433 0.17602864539025634 199
1627558072517 0.17594344051829655 200
1627558072599 0.17583387469511122 201
1627558072675 0.17573482533889515 202
1627558072746 0.1756394206159153 203
1627558072809 0.17553060424733613 204
1627558072862 0.17544053358809986 205
1627558072924 0.17532639070846526 206
1627558072985 0.17525458971128147 207
1627558073052 0.17516091920692625 208
1627558073111 0.17506987146143158 209
1627558073157 0.1749927936337809 210
1627558073224 0.17486432202949323 211
1627558073307 0.17477340019645105 212
1627558073382 0.1747083533949232 213
1627558073465 0.174624997734568 214
1627558073535 0.17442957081306532 215
1627558073584 0.17435406787696198 216
1627558073675 0.1742499406452465 217
1627558073742 0.17418151207214708 218
1627558073803 0.17410507034029538 219
1627558073868 0.1740111864759005 220
1627558073920 0.17393386458662208 221
1627558073974 0.1738606418703124 222
1627558074023 0.1737748724683918 223
1627558074074 0.17369102200370082 224
1627558074133 0.17361132648566122 225
1627558074190 0.1735375719792185 226
1627558074234 0.17346557409558783 227
1627558074288 0.17337773246161028 228
1627558074348 0.17330351805938204 229
1627558074395 0.17322695963628432 230
1627558074458 0.1731323898744242 231
1627558074530 0.1729409932290582 232
1627558074590 0.17281704979144347 233
1627558074665 0.1726452766349453 234
1627558074724 0.17256014071450942 235
1627558074789 0.17248883590688602 236
1627558074838 0.1724044990200873 237
1627558074884 0.1723349862557973 238
1627558074930 0.17226203723578815 239
1627558075004 0.172125039310009 240
1627558075079 0.17204198007201751 241
1627558075155 0.17191272455724582 242
1627558075218 0.1718341525316235 243
1627558075290 0.17174569505353632 244
1627558075351 0.17166555755241777 245
1627558075416 0.17158212266276032 246
1627558075467 0.1714994676844588 247
1627558075526 0.1714246887790497 248
1627558075574 0.1713449806132473 249
1627558075638 0.17127412994359761 250
1627558075685 0.17120095877259084 251
1627558075741 0.17111509995269225 252
1627558075802 0.1710284648907874 253
1627558075869 0.17095015873378588 254
1627558075925 0.17086002173242226 255
1627558075973 0.17077845082296655 256
1627558076010 0.1707092938546342 257
1627558076071 0.17059965510870576 258
1627558076124 0.1705171844526359 259
1627558076167 0.17044495369460624 260
1627558076210 0.17037649817825776 261
1627558076265 0.17030145836150742 262
1627558076323 0.17022934103334347 263
1627558076383 0.17014789862696048 264
1627558076442 0.1700500432939643 265
1627558076524 0.16991931111267883 266
1627558076631 0.1697692909343169 267
1627558076695 0.16969670092467107 268
1627558076757 0.16963881982245677 269
1627558076827 0.16956393814167928 270
1627558076875 0.16949054611521355 271
1627558076928 0.16942075748445226 272
1627558076969 0.16935311358300154 273
1627558077022 0.16928824443747117 274
1627558077071 0.1692247104381777 275
1627558077109 0.16916602304683423 276
1627558077157 0.16909131680340486 277
1627558077209 0.1690113229315102 278
1627558077267 0.1689200343482172 279
1627558077318 0.16884493173695425 280
1627558077374 0.1687766112272225 281
1627558077421 0.16872140926248638 282
1627558077477 0.16863835657393889 283
1627558077530 0.16856236558367294 284
1627558077591 0.16845638988356998 285
1627558077635 0.1683861120415769 286
1627558077693 0.16831364007980065 287
1627558077734 0.16825312746657115 288
1627558077778 0.16820007323349928 289
1627558077816 0.16814989653116733 290
1627558077877 0.16801154525931766 291
1627558077927 0.16794431603252835 292
1627558077974 0.17191272455724582 293
1627558081992 0.5102217043330645 0
1627558082121 0.47118150249745505 1
1627558082219 0.4367000203512358 2
1627558082319 0.40641375417331743 3
1627558082413 0.3797756764515276 4
1627558082516 0.3566380221693228 5
1627558082622 0.3366156449388771 6
1627558082718 0.31933446354266704 7
1627558082820 0.3044543611180338 8
1627558082911 0.2915987174862384 9
1627558083004 0.28050233652191203 10
1627558083107 0.2710597308785286 11
1627558083212 0.26292236389519685 12
1627558083331 0.25605671959521137 13
1627558083422 0.25008189947971077 14
1627558083512 0.24510895120734766 15
1627558083601 0.2408436398352276 16
1627558083699 0.23735211832926417 17
1627558083786 0.23434724862862413 18
1627558083871 0.23167830374269358 19
1627558083955 0.22932921825412078 20
1627558084037 0.22735416732975158 21
1627558084122 0.22571077390883437 22
1627558084202 0.22415640637692028 23
1627558084287 0.22284019411788208 24
1627558084362 0.22160865835744206 25
1627558084437 0.22043054280138646 26
1627558084513 0.21932284292802467 27
1627558084602 0.21847803056051857 28
1627558084675 0.21757284837482233 29
1627558084751 0.21677503051551122 30
1627558084837 0.21612829854075086 31
1627558084939 0.21542009916029364 32
1627558085025 0.2147178094971503 33
1627558085110 0.21411049318550823 34
1627558085190 0.21341210089702858 35
1627558085263 0.21269097014791066 36
1627558085340 0.21182925765597438 37
1627558085445 0.21143120492764103 38
1627558085550 0.21078215720229787 39
1627558085648 0.2103964153184235 40
1627558085739 0.2097314262122806 41
1627558085825 0.20903959571651273 42
1627558085901 0.2087158220806599 43
1627558085975 0.2082203341988711 44
1627558086046 0.20794355656438118 45
1627558086122 0.20735912311041144 46
1627558086197 0.2069824138466913 47
1627558086279 0.20616045092604152 48
1627558086352 0.2058679210806775 49
1627558086446 0.20546796149499913 50
1627558086542 0.20494115624704337 51
1627558086652 0.20455845874591425 52
1627558086729 0.20408706815657304 53
1627558086803 0.20360482846152345 54
1627558086871 0.20338043555313243 55
1627558086960 0.2027051586525348 56
1627558087035 0.2021305719617156 57
1627558087106 0.20191071762810175 58
1627558087187 0.2016243273211114 59
1627558087255 0.2013596492741005 60
1627558087328 0.20100927870983562 61
1627558087406 0.2005401051296989 62
1627558087473 0.2003017860758234 63
1627558087545 0.199802687590448 64
1627558087613 0.1995323717058219 65
1627558087684 0.19928896217742498 66
1627558087766 0.1988778778854376 67
1627558087843 0.19860482970638518 68
1627558087942 0.19837652655762644 69
1627558088017 0.19809882495264597 70
1627558088089 0.19786828736552145 71
1627558088171 0.19769233947356774 72
1627558088260 0.1972165847826658 73
1627558088333 0.19700755823359326 74
1627558088409 0.19676050509306034 75
1627558088485 0.19647059272986253 76
1627558088553 0.19608104734741802 77
1627558088616 0.1958445361092712 78
1627558088690 0.19567509511241676 79
1627558088765 0.1954821927831623 80
1627558088835 0.19509327836310045 81
1627558088905 0.19490774807989023 82
1627558088960 0.1946876711996977 83
1627558089010 0.19451992680456845 84
1627558089090 0.1943144870099816 85
1627558089151 0.1941291751069262 86
1627558089212 0.19396504832982103 87
1627558089282 0.19365400715172335 88
1627558089353 0.19345941299552757 89
1627558089422 0.19331077050221884 90
1627558089487 0.1931290415509351 91
1627558089562 0.19274526855149868 92
1627558089639 0.19251718491087388 93
1627558089729 0.19234833402077559 94
1627558089803 0.19205502947609784 95
1627558089884 0.19190252283484283 96
1627558089955 0.1917713021935254 97
1627558090042 0.19145903248180346 98
1627558090140 0.19130341845286927 99
1627558090225 0.19103899389774112 100
1627558090304 0.19076664900814275 101
1627558090383 0.19052701523872229 102
1627558090466 0.19029136821790993 103
1627558090530 0.1901343607370752 104
1627558090611 0.18980387955083805 105
1627558090682 0.1896464428967663 106
1627558090786 0.18938102152827122 107
1627558090851 0.18920174419058286 108
1627558090932 0.18887999145116352 109
1627558091003 0.18873121642996027 110
1627558091077 0.18859112758015775 111
1627558091175 0.1884227062064916 112
1627558091267 0.18828725088793116 113
1627558091333 0.1881256263199812 114
1627558091401 0.18783868192698375 115
1627558091462 0.18768715868294206 116
1627558091532 0.18754859310763353 117
1627558091597 0.18741636351195687 118
1627558091660 0.18727358923194465 119
1627558091704 0.18715309503499564 120
1627558091775 0.18693518426733535 121
1627558091822 0.18681218133569574 122
1627558091889 0.18665257911183386 123
1627558091967 0.18642733652886354 124
1627558092030 0.18629704084676033 125
1627558092118 0.18618851050083435 126
1627558092202 0.18593494992883455 127
1627558092310 0.185773112303595 128
1627558092397 0.18552107756669872 129
1627558092477 0.1853949716414276 130
1627558092530 0.18527947762453245 131
1627558092593 0.18516022260279447 132
1627558092665 0.1849685094821891 133
1627558092729 0.18485419198502623 134
1627558092795 0.1847108051210913 135
1627558092876 0.18446682840313952 136
1627558092946 0.18435088181804807 137
1627558093012 0.18411168751607923 138
1627558093066 0.18398533343712345 139
1627558093129 0.18383046611471557 140
1627558093217 0.1836595781537509 141
1627558093331 0.18340160872608516 142
1627558093381 0.18329197697431984 143
1627558093435 0.18316680451614012 144
1627558093490 0.1830457448726425 145
1627558093567 0.1829228510093037 146
1627558093616 0.1828117689010373 147
1627558093680 0.1826637540144098 148
1627558093750 0.18255991090496787 149
1627558093833 0.18247769025428193 150
1627558093913 0.1823902342664138 151
1627558093997 0.18220179890127922 152
1627558094060 0.1820967191959395 153
1627558094130 0.1818486001539901 154
1627558094194 0.18168128782749646 155
1627558094245 0.18158451469957565 156
1627558094301 0.18145058807707118 157
1627558094368 0.18134911878722618 158
1627558094438 0.18113807808488958 159
1627558094497 0.18099963467065677 160
1627558094566 0.18078369061247102 161
1627558094626 0.18069037054670176 162
1627558094687 0.1805193108239598 163
1627558094748 0.18036794278938703 164
1627558094795 0.18026835978640818 165
1627558094862 0.1800844274272525 166
1627558094915 0.1799843100195569 167
1627558094990 0.1798828215922665 168
1627558095031 0.1798000025235172 169
1627558095114 0.17969035120934546 170
1627558095207 0.17957481612336115 171
1627558095280 0.17947019991367288 172
1627558095340 0.1793703234372283 173
1627558095408 0.17927136887537967 174
1627558095490 0.17911261212588922 175
1627558095566 0.17900820966944403 176
1627558095633 0.17890201805697076 177
1627558095702 0.17880386766294964 178
1627558095762 0.17870343402979308 179
1627558095817 0.17859896687978424 180
1627558095874 0.17850154050663242 181
1627558095927 0.17841302255346744 182
1627558095997 0.17823507675764277 183
1627558096061 0.17813554619733585 184
1627558096129 0.17803440835279716 185
1627558096177 0.17794786012231395 186
1627558096242 0.1778088703601157 187
1627558096293 0.1777083226114151 188
1627558096353 0.17759936704926463 189
1627558096426 0.1773780088160195 190
1627558096479 0.1772971607593734 191
1627558096585 0.1771706876008218 192
1627558096659 0.1770426182515224 193
1627558096711 0.1769546578567402 194
1627558096782 0.17686159235660695 195
1627558096848 0.1767766096931117 196
1627558096928 0.17664414190478653 197
1627558096982 0.17657026122212297 198
1627558097022 0.17648610226973677 199
1627558097097 0.1763512500399065 200
1627558097152 0.17623791161963406 201
1627558097199 0.17616009699689103 202
1627558097257 0.17605623181436603 203
1627558097322 0.1759537025476133 204
1627558097372 0.17587789209664018 205
1627558097414 0.17580923249084918 206
1627558097481 0.17571956073675324 207
1627558097552 0.17563669603335758 208
1627558097598 0.17555440250920487 209
1627558097649 0.1754636894350364 210
1627558097710 0.17537394131044337 211
1627558097781 0.17528961629342332 212
1627558097847 0.17516511059965958 213
1627558097909 0.1750764793108316 214
1627558097955 0.17501698221780795 215
1627558098034 0.17483754366336393 216
1627558098110 0.17475838069986951 217
1627558098172 0.1746401565646758 218
1627558098226 0.17455924868207184 219
1627558098273 0.1744836845782484 220
1627558098328 0.17441467469491692 221
1627558098391 0.17432812631958314 222
1627558098449 0.1742399249402092 223
1627558098510 0.17416996483402813 224
1627558098564 0.17408160694183805 225
1627558098642 0.17398702141859534 226
1627558098694 0.17390165366155733 227
1627558098760 0.17381310908235736 228
1627558098854 0.1736682264161763 229
1627558098909 0.17355580876041415 230
1627558098968 0.17346866746783673 231
1627558099027 0.17335140087635165 232
1627558099081 0.17328592611033625 233
1627558099152 0.17313060871268784 234
1627558099191 0.17306455920663066 235
1627558099243 0.1729863396846541 236
1627558099304 0.17290780740435638 237
1627558099362 0.17282875150551863 238
1627558099409 0.17274638915921514 239
1627558099467 0.17266638946401458 240
1627558099512 0.17257494352838346 241
1627558099594 0.17248455902014945 242
1627558099655 0.17242954198108396 243
1627558099727 0.17233570368713919 244
1627558099768 0.17227552158599524 245
1627558099818 0.1721931063953216 246
1627558099872 0.17212311655471402 247
1627558099970 0.17195448191362858 248
1627558100008 0.17188545063561628 249
1627558100093 0.17180237598531217 250
1627558100174 0.1717191865414396 251
1627558100243 0.17163911675411064 252
1627558100330 0.17148870288651752 253
1627558100381 0.1714208776860657 254
1627558100463 0.17132741527473636 255
1627558100544 0.17125433982169108 256
1627558100617 0.1711785626716391 257
1627558100669 0.1711048394115284 258
1627558100733 0.1710268354715881 259
1627558100785 0.17094872867944838 260
1627558100835 0.1708942982419113 261
1627558100916 0.17072632738055946 262
1627558100986 0.17065596324318694 263
1627558101043 0.17058779079442943 264
1627558101098 0.17051615727778238 265
1627558101156 0.17041888922599943 266
1627558101242 0.17028148065120613 267
1627558101309 0.1702076126873869 268
1627558101384 0.17012830850269292 269
1627558101451 0.1700646153286967 270
1627558101515 0.1699999553985795 271
1627558101581 0.1699337816883681 272
1627558101623 0.16986667787892615 273
1627558101673 0.16979348226032245 274
1627558101728 0.16970085759452547 275
1627558101769 0.16964337127303064 276
1627558101831 0.1695290703860416 277
1627558101895 0.169424974172655 278
1627558101947 0.1693497719150263 279
1627558102000 0.1692657609562828 280
1627558102052 0.16919624109481776 281
1627558102120 0.16912495027330385 282
1627558102190 0.169039462872201 283
1627558102260 0.1689730592465813 284
1627558102312 0.16889168507068975 285
1627558102368 0.16880888242168532 286
1627558102418 0.16872820394385268 287
1627558102484 0.1686458473893172 288
1627558102526 0.16859133265981777 289
1627558102595 0.168479388912735 290
1627558102649 0.16839078610438055 291
1627558102705 0.1683191699332869 292
1627558102774 0.16824997821322504 293
1627558102819 0.16819404425693352 294
1627558102891 0.16810279990302848 295
1627558102946 0.16803151161194355 296
1627558103003 0.16795606893072929 297
1627558103057 0.1678848164967159 298
1627558103113 0.16780058086931868 299
1627558103179 0.16773677950085383 300
1627558103245 0.1676299354461819 301
1627558103304 0.16756011800565476 302
1627558103362 0.16748938349682155 303
1627558103420 0.16739732745070823 304
1627558103473 0.16733908891272034 305
1627558103525 0.167266677087993 306
1627558103591 0.16713870966852482 307
1627558103649 0.16707356724800668 308
1627558103699 0.1670072649844291 309
1627558103743 0.16693241359564787 310
1627558103783 0.16686689761841375 311
1627558103842 0.16678341522349854 312
1627558103906 0.16671543900986818 313
1627558103956 0.16665080350484676 314
1627558104008 0.16657434620884443 315
1627558104048 0.16650577188844348 316
1627558104100 0.1664352193059564 317
1627558104159 0.1663701276333715 318
1627558104234 0.16622933061410264 319
1627558104302 0.16616620631976511 320
1627558104368 0.16609253132092663 321
1627558104415 0.16603621661077278 322
1627558104468 0.16597976165877856 323
1627558104516 0.16591589674106985 324
1627558104567 0.16585213131402196 325
1627558104619 0.16579046808994768 326
1627558104675 0.16572788857467768 327
1627558104744 0.16562675063621238 328
1627558104797 0.16555741346187355 329
1627558104846 0.16549147961508354 330
1627558104888 0.16543045100339138 331
1627558104938 0.16536645102240816 332
1627558104983 0.1653042735313132 333
1627558105026 0.16524659174080225 334
1627558105084 0.16513917001395212 335
1627558105136 0.1650640279630796 336
1627558105183 0.16500726836919158 337
1627558105234 0.16493418184943395 338
1627558105279 0.16487235109541326 339
1627558105332 0.16480217643708342 340
1627558105395 0.16473552660370724 341
1627558105443 0.1646735378027292 342
1627558105503 0.16460268306023076 343
1627558105547 0.16455550785097067 344
1627558105588 0.16450500486722544 345
1627558105640 0.164437144588673 346
1627558105691 0.1643675330377357 347
1627558105758 0.164285530220756 348
1627558105793 0.16423519120041813 349
1627558105861 0.16418574590930596 350
1627558105909 0.16412380591985654 351
1627558105974 0.16405083082433172 352
1627558106048 0.1639894666564273 353
1627558106116 0.16392759276747354 354
1627558106162 0.16387377246788498 355
1627558106215 0.1638204363659151 356
1627558106268 0.1637602424039532 357
1627558106351 0.16364228644205236 358
1627558106402 0.1635974754579243 359
1627558106459 0.16353604786955814 360
1627558106513 0.16347121442993268 361
1627558106565 0.16341294237165407 362
1627558106623 0.16335165399980595 363
1627558106694 0.16328321132987691 364
1627558106753 0.16321511772692937 365
1627558106797 0.16315680628808185 366
1627558106835 0.16310557066431056 367
1627558106899 0.16300421727600403 368
1627558106952 0.16294578764426224 369
1627558107011 0.1628586092116738 370
1627558107069 0.16279970653670836 371
1627558107121 0.16273873913816048 372
1627558107161 0.16269841538083446 373
1627558107223 0.16264236439696406 374
1627558107273 0.16259415073567676 375
1627558107332 0.1625395822492302 376
1627558107389 0.1624758862079333 377
1627558107456 0.16240250568556863 378
1627558107522 0.16234593130559674 379
1627558107561 0.16228515307560312 380
1627558107608 0.162222624603955 381
1627558107681 0.16216188238038676 382
1627558107729 0.16210635381826113 383
1627558107782 0.16204254155322667 384
1627558107851 0.16194608809265099 385
1627558107897 0.16189292354555848 386
1627558107947 0.161839660363441 387
1627558107990 0.16178107589502394 388
1627558108035 0.1617275862806582 389
1627558108076 0.16168456070384582 390
1627558108121 0.16162142724334858 391
1627558108192 0.16152202401176272 392
1627558108244 0.1614496592483889 393
1627558108321 0.16138503173340404 394
1627558108390 0.1613210880661049 395
1627558108439 0.16126030452453002 396
1627558108492 0.16119687869975888 397
1627558108550 0.1611335013864946 398
1627558108598 0.16109110407406407 399
1627558108666 0.16102218143356237 400
1627558108708 0.16097403416489808 401
1627558108764 0.16091552718165544 402
1627558108808 0.16086306421580188 403
1627558108878 0.16079787411824786 404
1627558108946 0.16074995164907466 405
1627558108989 0.160704185972399 406
1627558109039 0.16064619875954522 407
1627558109100 0.16055523325638937 408
1627558109159 0.16050328224504815 409
1627558109239 0.1604492660172242 410
1627558109291 0.1603896769367515 411
1627558109339 0.16033737788297286 412
1627558109386 0.1602796640243839 413
1627558109462 0.16021755763114764 414
1627558109528 0.16015490695098933 415
1627558109588 0.16009851218264642 416
1627558109634 0.1600468154997506 417
1627558109687 0.15999787689416797 418
1627558109739 0.15993795475631262 419
1627558109800 0.15985561571997195 420
1627558109843 0.15981227920436739 421
1627558109889 0.1597541352839586 422
1627558109932 0.15971349402430512 423
1627558109977 0.15965736515118575 424
1627558110031 0.15959624685495466 425
1627558110074 0.15953956303461628 426
1627558110117 0.15949184800598082 427
1627558110169 0.15944660280207223 428
1627558110218 0.1593832785513979 429
1627558110258 0.15934228604970266 430
1627558110327 0.159283061828128 431
1627558110370 0.15923391347393723 432
1627558110423 0.15918862296163433 433
1627558110490 0.1591425039550728 434
1627558110545 0.1590966986733678 435
1627558110605 0.159035939660079 436
1627558110655 0.15899660238694693 437
1627558110708 0.1589460215689208 438
1627558110753 0.15889839227066577 439
1627558110811 0.1588048748424238 440
1627558110855 0.15875975339863443 441
1627558110900 0.15870464533552706 442
1627558110958 0.15861756682810216 443
1627558111012 0.15855344846142838 444
1627558111064 0.1585061309523075 445
1627558111123 0.1584428839144239 446
1627558111178 0.15839283789038855 447
1627558111235 0.15833729662075843 448
1627558111293 0.15827168669612235 449
1627558111356 0.15821935430069284 450
1627558111413 0.1581583737031275 451
1627558111459 0.15811410446678184 452
1627558111505 0.15806445246141246 453
1627558111571 0.15798253784588734 454
1627558111620 0.15792740716467277 455
1627558111663 0.15788613811697805 456
1627558111723 0.15779952721404503 457
1627558111761 0.15775540405846145 458
1627558111813 0.15770750934774397 459
1627558111881 0.157624566945393 460
1627558111938 0.15757630016198831 461
1627558112009 0.15752500351998452 462
1627558112052 0.1574911227773314 463
1627558112101 0.15743211693014078 464
1627558112152 0.1573855793775698 465
1627558112236 0.15733510822520025 466
1627558112284 0.15728598514716235 467
1627558112340 0.15723076463405522 468
1627558112378 0.15718899645978188 469
1627558112430 0.15712533085321295 470
1627558112495 0.1570638120614888 471
1627558112542 0.15700923820028526 472
1627558112589 0.1569594273643411 473
1627558112635 0.1569162949335846 474
1627558112683 0.1568588568600408 475
1627558112737 0.15680467685055663 476
1627558112790 0.15674612556960632 477
1627558112854 0.156651807272357 478
1627558112896 0.15660075316030003 479
1627558112948 0.15654213545136886 480
1627558112994 0.1564862521835001 481
1627558113049 0.15641549209542616 482
1627558113092 0.15636369072870746 483
1627558113138 0.15632268363333587 484
1627558113178 0.15629356065147773 485
1627558113230 0.1562405839217196 486
1627558113277 0.1561939851307093 487
1627558113332 0.1561410311120097 488
1627558113372 0.15609905436535707 489
1627558113436 0.1560183308925977 490
1627558113490 0.1559740676393829 491
1627558113564 0.15591435574310483 492
1627558113643 0.155867250806903 493
1627558113688 0.1558200627674068 494
1627558113739 0.15576819015669469 495
1627558113808 0.15571035277999193 496
1627558113851 0.1556585472073765 497
1627558113902 0.1556053893276215 498
1627558113942 0.1555596811063211 499
1627558114002 0.15551056446496606 500
1627558114053 0.15545891020003505 501
1627558114106 0.1554141927524556 502
1627558114153 0.15535734334849585 503
1627558114213 0.15529940757177 504
1627558114270 0.15524563117146314 505
1627558114317 0.15521002883998689 506
1627558114366 0.15516032663767554 507
1627558114417 0.15511569284409674 508
1627558114457 0.155062415048852 509
1627558114504 0.15501361763104526 510
1627558114543 0.15496033375967702 511
1627558114579 0.15492071275770475 512
1627558114622 0.15486541510704271 513
1627558114668 0.15482073707402658 514
1627558114724 0.1547713317037174 515
1627558114764 0.15472181054088027 516
1627558114804 0.15468328172944013 517
1627558114846 0.15463693981557744 518
1627558114903 0.15458802145727096 519
1627558114969 0.15453929322836696 520
1627558115033 0.1544909589501522 521
1627558115107 0.15443177492991178 522
1627558115184 0.15435940482848742 523
1627558115274 0.15429119125733431 524
1627558115327 0.15425040495906772 525
1627558115369 0.1541971481213143 526
1627558115423 0.15412500825278996 527
1627558115473 0.1540788115760129 528
1627558115526 0.15403499508241142 529
1627558115578 0.15398544891548097 530
1627558115621 0.15395113911399852 531
1627558115667 0.15390568252185138 532
1627558115720 0.15385417297845666 533
1627558115790 0.15380288131961076 534
1627558115830 0.15375617095369035 535
1627558115877 0.15370708854298598 536
1627558115916 0.1536699980270092 537
1627558115961 0.15361765737077945 538
1627558116003 0.15357934752051203 539
1627558116046 0.1535313460854888 540
1627558116089 0.15348558998370784 541
1627558116141 0.1534471632830684 542
1627558116188 0.1534016636958527 543
1627558116236 0.15335657307373 544
1627558116295 0.15330771815170754 545
1627558116342 0.15326831362148005 546
1627558116394 0.1532244503580982 547
1627558116438 0.1531855538559487 548
1627558116484 0.15314412751432893 549
1627558116533 0.153119335433219 550
1627558116587 0.15305306224931428 551
1627558116642 0.15300737641487078 552
1627558116677 0.15296357282493706 553
1627558116734 0.15290967917226822 554
1627558116780 0.15285973727650615 555
1627558116849 0.15279149531540717 556
1627558116896 0.15274854035204652 557
1627558116950 0.1527012975929151 558
1627558116993 0.15265570932140043 559
1627558117041 0.15260546399252786 560
1627558117088 0.15255154328466755 561
1627558117127 0.15250008776837953 562
1627558117171 0.15246042732257623 563
1627558117221 0.1524042239520195 564
1627558117277 0.15236054254576958 565
1627558117321 0.1523092354916339 566
1627558117372 0.15226366894697654 567
1627558117413 0.1522281261481036 568
1627558117467 0.1521738030148861 569
1627558117510 0.1521290784733751 570
1627558117566 0.15207745348883117 571
1627558117628 0.15203043871785654 572
1627558117689 0.1519695030136606 573
1627558117739 0.15193020587517742 574
1627558117779 0.15189024275221497 575
1627558117824 0.15184732730502815 576
1627558117876 0.15178691240566516 577
1627558117927 0.15173581272824246 578
1627558117998 0.151677057274646 579
1627558118052 0.15162717067488213 580
1627558118091 0.15159253881834348 581
1627558118136 0.1515533851328639 582
1627558118180 0.15151630667099145 583
1627558118224 0.15148167018192701 584
1627558118314 0.15380288131961076 585
