1627560266609 0.5087573894467086 0
1627560266751 0.46919904695721387 1
1627560266891 0.4341765659718981 2
1627560267039 0.40342312795378427 3
1627560267184 0.3763853624941272 4
1627560267338 0.352845062660686 5
1627560267477 0.3324031126405566 6
1627560267616 0.31478889468874904 7
1627560267757 0.29958387377154777 8
1627560267893 0.2864516442263408 9
1627560268028 0.27511494578672113 10
1627560268248 0.26541789546966726 11
1627560268390 0.2571627169886075 12
1627560268532 0.25016631210260204 13
1627560268665 0.2440307398447212 14
1627560268828 0.23895917994736218 15
1627560268964 0.23461976805749019 16
1627560269158 0.23103434047176374 17
1627560269330 0.22787190695376422 18
1627560269458 0.2250629318792738 19
1627560269578 0.2226824033217226 20
1627560269705 0.2205611867600016 21
1627560269833 0.21879660524513922 22
1627560269953 0.2172384391821995 23
1627560270078 0.21573201315661297 24
1627560270196 0.21444913495219164 25
1627560270309 0.2131430506981032 26
1627560270422 0.2119781382294242 27
1627560270553 0.21078375506212127 28
1627560270661 0.20973664507270562 29
1627560270767 0.208883619105447 30
1627560270882 0.20806659436962846 31
1627560271005 0.2071121243150328 32
1627560271116 0.20643119453146655 33
1627560271223 0.20572653605267316 34
1627560271330 0.20506646321571886 35
1627560271463 0.20388008946548766 36
1627560271591 0.20282385299352879 37
1627560271716 0.20225871014008517 38
1627560271840 0.20146366267671292 39
1627560271983 0.20098945718300779 40
1627560272113 0.20012654315198525 41
1627560272286 0.19947660435728568 42
1627560272406 0.1986410663362239 43
1627560272509 0.1979974625721952 44
1627560272636 0.19761983846808395 45
1627560272764 0.19694532734663983 46
1627560272881 0.19644708997003904 47
1627560273003 0.19558074054199723 48
1627560273116 0.19522340465546412 49
1627560273256 0.19410968897169786 50
1627560273361 0.193782627276598 51
1627560273470 0.19334024183417892 52
1627560273660 0.1925850146762626 53
1627560273805 0.19192287576727268 54
1627560273924 0.19161014570140472 55
1627560274049 0.19079606654039427 56
1627560274158 0.19044457736523418 57
1627560274274 0.1901128574595753 58
1627560274453 0.1892520961411285 59
1627560274562 0.18891377024456102 60
1627560274696 0.18818287488340976 61
1627560274821 0.18784445882883527 62
1627560274913 0.18755260590030984 63
1627560275016 0.18723332952594296 64
1627560275125 0.18688190945377844 65
1627560275225 0.1865552913636757 66
1627560275324 0.18627102307754723 67
1627560275435 0.1857889891173869 68
1627560275546 0.18545687734643027 69
1627560275656 0.18520319653400505 70
1627560275762 0.184881812570258 71
1627560275902 0.18455535953600516 72
1627560276066 0.18392372010505095 73
1627560276198 0.18365747638077443 74
1627560276318 0.18338758996809046 75
1627560276425 0.18304682474314737 76
1627560276556 0.18279420980838262 77
1627560276646 0.1825694404120982 78
1627560276783 0.1823371364150804 79
1627560276908 0.18208360155321202 80
1627560277016 0.1815982718466004 81
1627560277130 0.18132388250970302 82
1627560277253 0.18078365585375497 83
1627560277374 0.18029688940117042 84
1627560277483 0.18005442256404955 85
1627560277583 0.17982474578591795 86
1627560277672 0.17959784081797964 87
1627560277778 0.17936484506378558 88
1627560277886 0.17912909044195102 89
1627560277985 0.1788957982649564 90
1627560278075 0.17866642593619228 91
1627560278240 0.17825161129991413 92
1627560278390 0.17803400340224138 93
1627560278500 0.17781096461837056 94
1627560278594 0.17760672222513965 95
1627560278742 0.17710275011485735 96
1627560278890 0.17687813164858773 97
1627560278969 0.17666070779212914 98
1627560279077 0.1764556789361446 99
1627560279199 0.17622149379767724 100
1627560279319 0.17598650485884923 101
1627560279458 0.17578438577691546 102
1627560279570 0.17556294704939795 103
1627560279719 0.17536977795991135 104
1627560279815 0.17516827352200592 105
1627560279950 0.17493255789886855 106
1627560280099 0.17475167793505408 107
1627560280264 0.1745399616317231 108
1627560280405 0.17412983440127264 109
1627560280561 0.17390964905371256 110
1627560280639 0.17371848734531323 111
1627560280755 0.173472707089343 112
1627560280845 0.17329143261038593 113
1627560280939 0.17309760511748112 114
1627560281059 0.17279446769479737 115
1627560281133 0.17260372447413802 116
1627560281215 0.1724234796626961 117
1627560281318 0.17223534121497983 118
1627560281482 0.1718928661882018 119
1627560281611 0.17153662930901464 120
1627560281697 0.17135094587747177 121
1627560281816 0.17114104342891023 122
1627560281898 0.17095496729323825 123
1627560282017 0.17074260202627548 124
1627560282126 0.1705556401888168 125
1627560282217 0.17039749617012517 126
1627560282370 0.17018358191562596 127
1627560282480 0.17001677824482514 128
1627560282590 0.16983985558720593 129
1627560282666 0.16967926860904603 130
1627560282802 0.16950976861834566 131
1627560282905 0.16934856002873702 132
1627560282997 0.16916021583015792 133
1627560283157 0.16898835636097692 134
1627560283297 0.16881702766298162 135
1627560283386 0.16864052938212765 136
1627560283516 0.1684699826947002 137
1627560283626 0.16826593050420496 138
1627560283733 0.16806142431809823 139
1627560283824 0.16789283392301757 140
1627560283945 0.1676110074450215 141
1627560284025 0.167463445315016 142
1627560284110 0.16730609231235713 143
1627560284188 0.16713627341547715 144
1627560284270 0.16697440910485475 145
1627560284374 0.16681964330982557 146
1627560284473 0.16663150126468862 147
1627560284566 0.1664587760354863 148
1627560284661 0.16628925621361182 149
1627560284736 0.16613952479005578 150
1627560284824 0.16599144729225257 151
1627560284907 0.16585026538409336 152
1627560285003 0.165632910278588 153
1627560285083 0.16546996840614586 154
1627560285176 0.16531766064358 155
1627560285256 0.1651905965141848 156
1627560285353 0.1650146051457054 157
1627560285427 0.1648926000139788 158
1627560285502 0.16474100391646906 159
1627560285620 0.16446251716108007 160
1627560285728 0.1642612540368523 161
1627560285824 0.16412289258255036 162
1627560285916 0.16397967119354148 163
1627560286002 0.16383321585143168 164
1627560286095 0.16367755524408198 165
1627560286210 0.1635287821574404 166
1627560286311 0.16338798906801116 167
1627560286431 0.16318941468919293 168
1627560286548 0.16302093045103916 169
1627560286619 0.16290206240583152 170
1627560286700 0.16275969972154256 171
1627560286799 0.16256899247122375 172
1627560286882 0.16243099089555324 173
1627560286968 0.16227781975847969 174
1627560287058 0.16212608746449791 175
1627560287147 0.16198632157395748 176
1627560287228 0.16184916231620577 177
1627560287312 0.1617066389885421 178
1627560287412 0.16151459696557832 179
1627560287520 0.16130730539467925 180
1627560287585 0.16119492705268487 181
1627560287664 0.1610681540641026 182
1627560287757 0.16092619212102308 183
1627560287838 0.16079231166700525 184
1627560287924 0.16066343261308486 185
1627560288038 0.16046619736001694 186
1627560288128 0.1603100329882535 187
1627560288215 0.16015886503582916 188
1627560288279 0.1600409934922613 189
1627560288341 0.15993767497463512 190
1627560288456 0.1597240575677469 191
1627560288540 0.15959062851278907 192
1627560288628 0.15945005684765767 193
1627560288711 0.1593218056363942 194
1627560288794 0.15919406460590413 195
1627560288881 0.1590601407642889 196
1627560288973 0.15891846215495276 197
1627560289057 0.15879122814777608 198
1627560289141 0.1586539166398949 199
1627560289215 0.1585429015722074 200
1627560289308 0.15837939307777965 201
1627560289384 0.15827131315642187 202
1627560289465 0.15815405506226138 203
1627560289550 0.15804443579724367 204
1627560289674 0.15790207816427668 205
1627560289785 0.15777698653579758 206
1627560289869 0.15766197755783817 207
1627560289953 0.15752381774596583 208
1627560290032 0.15741077471786968 209
1627560290102 0.1572891126512783 210
1627560290202 0.15710776268694562 211
1627560290279 0.1569822352406648 212
1627560290355 0.1568675904727708 213
1627560290445 0.15673823967163725 214
1627560290511 0.1566342964257712 215
1627560290576 0.1565141972838725 216
1627560290641 0.15641075889254383 217
1627560290723 0.1562873087675502 218
1627560290805 0.15616244058264142 219
1627560290889 0.1560494739127904 220
1627560290956 0.1559573675110666 221
1627560291028 0.1558544139827968 222
1627560291104 0.1557439313851408 223
1627560291191 0.15562625640402636 224
1627560291275 0.1555162635399171 225
1627560291356 0.15540159408503348 226
1627560291437 0.1552858064653196 227
1627560291526 0.1551860796530798 228
1627560291645 0.1550873456998805 229
1627560291750 0.15497754381156367 230
1627560291818 0.154866017509462 231
1627560291945 0.1547500242739379 232
1627560292072 0.15463894142596984 233
1627560292164 0.1545257473325121 234
1627560292253 0.15440423509160534 235
1627560292349 0.1542919327347361 236
1627560292422 0.15418209665540225 237
1627560292516 0.15407107644094598 238
1627560292601 0.15395559691047922 239
1627560292689 0.15384756837574068 240
1627560292768 0.15373151674173446 241
1627560292842 0.15362008032248087 242
1627560292909 0.15350064988960183 243
1627560292993 0.15338075015611521 244
1627560293080 0.15327031139390893 245
1627560293157 0.1531442934086741 246
1627560293242 0.15302358830912405 247
1627560293303 0.1529235652136581 248
1627560293375 0.15879122814777608 249
1627560297522 0.5080371287010755 0
1627560297694 0.46856317776518697 1
1627560297910 0.43368148825242164 2
1627560298084 0.4030538003912027 3
1627560298223 0.37615362515672424 4
1627560298374 0.3526981554767075 5
1627560298534 0.3324065529734777 6
1627560298682 0.31488377677351975 7
1627560298822 0.2997614813736232 8
1627560298958 0.28669708452583675 9
1627560299091 0.27539350532673507 10
1627560299241 0.2657731943858563 11
1627560299439 0.25751017208284477 12
1627560299583 0.25051679193133686 13
1627560299745 0.24442862881718405 14
1627560299884 0.2393632915151219 15
1627560300011 0.2350370560532821 16
1627560300166 0.23143250406888685 17
1627560300294 0.22829434846616428 18
1627560300420 0.2254150648423378 19
1627560300535 0.2230090299961884 20
1627560300652 0.22099796184356277 21
1627560300779 0.21929319475157535 22
1627560300893 0.21771634077009286 23
1627560301058 0.21611810131582893 24
1627560301174 0.21492864301566886 25
1627560301339 0.21368862285553078 26
1627560301519 0.21253533386962598 27
1627560301704 0.21138023883221574 28
1627560301815 0.21024710131719737 29
1627560301919 0.2092912996669326 30
1627560302032 0.208330123452481 31
1627560302149 0.20746103213445316 32
1627560302270 0.20652236964978352 33
1627560302374 0.20569408786198123 34
1627560302478 0.20494840529655675 35
1627560302589 0.2038777643669541 36
1627560302702 0.20317081912373897 37
1627560302817 0.2024694190680479 38
1627560302955 0.20178176318970165 39
1627560303057 0.20126178034356257 40
1627560303208 0.20053239959238858 41
1627560303331 0.19949891154938248 42
1627560303452 0.1990296943740689 43
1627560303569 0.19861274619321403 44
1627560303672 0.19825013582922676 45
1627560303790 0.19742850866791542 46
1627560303910 0.19637956845496232 47
1627560304013 0.195825718639261 48
1627560304132 0.1953704619843383 49
1627560304248 0.19456814059641026 50
1627560304381 0.19415796858889559 51
1627560304526 0.19381309838846683 52
1627560304700 0.19325526973470755 53
1627560304833 0.192805144309907 54
1627560304930 0.1922036692570055 55
1627560305046 0.19182397204099608 56
1627560305142 0.19150200296190165 57
1627560305264 0.19077824539477348 58
1627560305393 0.18989521726237477 59
1627560305489 0.18957469854615216 60
1627560305606 0.18890452900112295 61
1627560305712 0.18848113937476896 62
1627560305805 0.18819146774207007 63
1627560305910 0.18786485218639876 64
1627560306015 0.18745673127749138 65
1627560306161 0.1871630149566664 66
1627560306279 0.18689887809517547 67
1627560306400 0.1864122484492508 68
1627560306533 0.18606560827090438 69
1627560306677 0.18580341463593267 70
1627560306790 0.18550162778486665 71
1627560306904 0.18520258372735546 72
1627560307013 0.18491973947342558 73
1627560307108 0.18465859621348238 74
1627560307214 0.18438672357979222 75
1627560307328 0.18390349275824663 76
1627560307430 0.18366852776013828 77
1627560307521 0.18342406880252027 78
1627560307694 0.18269329144532429 79
1627560307812 0.1823466245313693 80
1627560308002 0.18185998642170953 81
1627560308113 0.18162280649408574 82
1627560308209 0.18137407306091677 83
1627560308310 0.1811305985365215 84
1627560308440 0.18057717965733586 85
1627560308536 0.18032197580539833 86
1627560308676 0.1800831749201268 87
1627560308807 0.17964602612343758 88
1627560308899 0.17939831738005957 89
1627560309007 0.17903066621389355 90
1627560309110 0.17881317953586875 91
1627560309227 0.17837087003855537 92
1627560309336 0.17802108664277508 93
1627560309442 0.17780402537289827 94
1627560309537 0.17758965231527904 95
1627560309654 0.17718452367153184 96
1627560309741 0.17698422873063382 97
1627560309894 0.1765579963281622 98
1627560309998 0.17634559155121568 99
1627560310119 0.17611391847066998 100
1627560310304 0.1756925310280152 101
1627560310399 0.17548940882041983 102
1627560310473 0.17528491857661155 103
1627560310566 0.17507676719884646 104
1627560310711 0.17484300655775203 105
1627560310837 0.17463636669242885 106
1627560310968 0.1742839670729955 107
1627560311085 0.17407917979818432 108
1627560311209 0.17387695302242862 109
1627560311316 0.17366962696243363 110
1627560311412 0.17346270304580796 111
1627560311515 0.17326735263322915 112
1627560311578 0.17308946454726087 113
1627560311670 0.1728949946184665 114
1627560311778 0.1726970904140723 115
1627560311928 0.17248832728374602 116
1627560312009 0.172311492222853 117
1627560312114 0.17208090973607812 118
1627560312215 0.17190737269649595 119
1627560312291 0.17174463766766332 120
1627560312391 0.17152638380004903 121
1627560312479 0.17134857069515375 122
1627560312586 0.171072585809713 123
1627560312725 0.1708953845609854 124
1627560312825 0.1706859775578838 125
1627560312909 0.17052435044651273 126
1627560313010 0.1702728443725834 127
1627560313094 0.1701270901221766 128
1627560313201 0.16995342200835745 129
1627560313342 0.1697715804421104 130
1627560313454 0.16954692826515375 131
1627560313539 0.1693880746451426 132
1627560313629 0.16920944935626578 133
1627560313727 0.1690279597413594 134
1627560313835 0.1687776987806029 135
1627560313921 0.1686156292451323 136
1627560314042 0.16845071953639534 137
1627560314132 0.16828981434610205 138
1627560314251 0.168108519874082 139
1627560314323 0.16794653477455615 140
1627560314491 0.1676434953931054 141
1627560314585 0.16748170910711074 142
1627560314660 0.16731760719335473 143
1627560314749 0.16714281584604393 144
1627560314838 0.16696546905745757 145
1627560314921 0.16682222250108086 146
1627560315018 0.16667562636855016 147
1627560315100 0.16652481605558306 148
1627560315184 0.16638457677391127 149
1627560315309 0.16621998606054492 150
1627560315430 0.16593880576305425 151
1627560315514 0.16578932439602037 152
1627560315640 0.16563750100723232 153
1627560315745 0.1654776071926107 154
1627560315855 0.16534976853177732 155
1627560315941 0.1652019175618919 156
1627560316026 0.1650426191597162 157
1627560316108 0.16490565012639685 158
1627560316184 0.16477558195240397 159
1627560316278 0.16459740518451987 160
1627560316361 0.1644567979596478 161
1627560316466 0.16426660091883397 162
1627560316550 0.16413126613068404 163
1627560316637 0.16399860625456048 164
1627560316734 0.16385740597195395 165
1627560316862 0.16370585284919467 166
1627560316976 0.16348620737577776 167
1627560317042 0.16336770578617055 168
1627560317118 0.16323682750842844 169
1627560317209 0.16308662962393963 170
1627560317299 0.16296357323074998 171
1627560317420 0.1628280038746859 172
1627560317492 0.16269656747026895 173
1627560317560 0.16256855559883773 174
1627560317643 0.16241483632982753 175
1627560317715 0.16228113892068638 176
1627560317794 0.1621353207214627 177
1627560317891 0.16197931531509063 178
1627560317971 0.16184745557339877 179
1627560318060 0.16169654806700187 180
1627560318168 0.16156134071304099 181
1627560318261 0.1614184017923013 182
1627560318335 0.16130780832771463 183
1627560318426 0.1611566924732409 184
1627560318536 0.16098445150465318 185
1627560318606 0.16086870649265445 186
1627560318683 0.16074974641553075 187
1627560318800 0.16060469327232535 188
1627560318892 0.1604777212481612 189
1627560318977 0.16034959591883796 190
1627560319078 0.1601369065678082 191
1627560319165 0.1600027107020684 192
1627560319248 0.15985714733326314 193
1627560319363 0.1596685159425637 194
1627560319434 0.15955748401522712 195
1627560319501 0.15945110834544537 196
1627560319577 0.15932284432197547 197
1627560319671 0.15916866175873973 198
1627560319761 0.1590449534900854 199
1627560319912 0.15886099254629032 200
1627560320019 0.15874947342260748 201
1627560320145 0.15856985344395408 202
1627560320218 0.15844215481411417 203
1627560320326 0.15830143212650333 204
1627560320401 0.1581668345434417 205
1627560320496 0.1580644820307594 206
1627560320578 0.15796383443836629 207
1627560320667 0.15783698320325198 208
1627560320754 0.1577043338901489 209
1627560320880 0.1575556236320447 210
1627560321010 0.15742426749522942 211
1627560321094 0.15729488642194592 212
1627560321174 0.15716103510911575 213
1627560321304 0.15705290009091769 214
1627560321401 0.156937765008806 215
1627560321515 0.15680892007432648 216
1627560321604 0.15667825669731744 217
1627560321680 0.15658215734675046 218
1627560321771 0.1564540835595429 219
1627560321861 0.1563158168838689 220
1627560321938 0.15619625540314525 221
1627560322014 0.1560765550397062 222
1627560322115 0.15597017956468934 223
1627560322226 0.15577183478975104 224
1627560322302 0.15565011222160746 225
1627560322394 0.155536496057131 226
1627560322503 0.15542706338212336 227
1627560322568 0.1553218899296451 228
1627560322637 0.1552187436358166 229
1627560322728 0.15509681168905814 230
1627560322821 0.1549848135525401 231
1627560322924 0.15490146914897981 232
1627560323005 0.15480572400441295 233
1627560323090 0.15469792412709785 234
1627560323208 0.15458333813816683 235
1627560323302 0.15445726694817272 236
1627560323388 0.15434435137669564 237
1627560323459 0.15424459655116787 238
1627560323535 0.1541251969994629 239
1627560323616 0.15401791501423 240
1627560323711 0.15390455502907693 241
1627560323817 0.15378506545997983 242
1627560323904 0.15367328184857662 243
1627560324039 0.15355694756734084 244
1627560324144 0.1534671679348105 245
1627560324247 0.1533473346833821 246
1627560324345 0.1532184513655022 247
1627560324447 0.1531333659068198 248
1627560324519 0.1530307917037157 249
1627560324588 0.15292539240315126 250
1627560324676 0.15283058327442103 251
1627560324774 0.15271739045308905 252
1627560324864 0.1525682282580647 253
1627560324930 0.152474372895736 254
1627560325059 0.15235919329003825 255
1627560325139 0.152254849028758 256
1627560325208 0.15216613057225709 257
1627560325277 0.15206469297469102 258
1627560325397 0.15188995550968892 259
1627560325477 0.15177466449401877 260
1627560325564 0.1516650640831552 261
1627560325648 0.15156173460178426 262
1627560325721 0.15145526794742928 263
1627560325790 0.15134735092872745 264
1627560325865 0.15124137897408102 265
1627560325961 0.15113634803196507 266
1627560326038 0.15101347062841353 267
1627560326105 0.15091057213565398 268
1627560326163 0.15082213886278328 269
1627560326242 0.15072157570992065 270
1627560326318 0.1506322434231613 271
1627560326387 0.15053706884461462 272
1627560326480 0.15042114063218792 273
1627560326603 0.1503130761661878 274
1627560326683 0.15023378231518092 275
1627560326790 0.15007226740965415 276
1627560326858 0.14999029438744402 277
1627560326945 0.14990463866025522 278
1627560327019 0.14981932400490727 279
1627560327104 0.1497169179262229 280
1627560327188 0.14961233610796948 281
1627560327257 0.1495123364307851 282
1627560327319 0.14943169910326998 283
1627560327378 0.14934658780323948 284
1627560327442 0.14924526635079682 285
1627560327546 0.14908803452203226 286
1627560327622 0.14899332690842107 287
1627560327704 0.14889000493891638 288
1627560327772 0.1487855824613953 289
1627560327845 0.14870424107397617 290
1627560327925 0.14861437875745895 291
1627560327994 0.1485261895754369 292
1627560328094 0.14843139754943802 293
1627560328193 0.14832525775128977 294
1627560328306 0.14822383927650543 295
1627560328401 0.14808949575167726 296
1627560328493 0.14798372907971347 297
1627560328565 0.14788524817752455 298
1627560328631 0.14778258241408126 299
1627560328710 0.14768385734600173 300
1627560328780 0.14758984565090835 301
1627560328847 0.14749370086570068 302
1627560328912 0.147394177681107 303
1627560328979 0.1473202985580811 304
1627560329060 0.14722986129362642 305
1627560329117 0.14714468955665228 306
1627560329187 0.14706056951660246 307
1627560329276 0.14696186019302454 308
1627560329352 0.1468756160432924 309
1627560329428 0.1467749833682981 310
1627560329503 0.14669779784416764 311
1627560329610 0.1465820323507824 312
1627560329706 0.15156173460178426 313
1627560333927 0.5088112192885318 0
1627560334072 0.4692102147866705 1
1627560334212 0.43422437909934225 2
1627560334355 0.4034893093631189 3
1627560334501 0.3765580292472776 4
1627560334648 0.3530527432270848 5
1627560334794 0.33264232626638146 6
1627560334938 0.315028319104106 7
1627560335076 0.2998483254972355 8
1627560335237 0.2866986976884165 9
1627560335460 0.275352840542623 10
1627560335673 0.26570443736914445 11
1627560335855 0.25735591603980107 12
1627560336056 0.25028529953151046 13
1627560336189 0.2442015753567333 14
1627560336321 0.2391095844039351 15
1627560336456 0.23475499412227735 16
1627560336601 0.23110519569856233 17
1627560336733 0.2279904992996644 18
1627560336858 0.22510042794502283 19
1627560336986 0.2226760906453243 20
1627560337113 0.22068235241022294 21
1627560337310 0.21895621285727476 22
1627560337496 0.21711485738755532 23
1627560337665 0.2157016088034844 24
1627560337841 0.21445416098835074 25
1627560337984 0.21321700729236204 26
1627560338115 0.212169287624678 27
1627560338246 0.2110915194905614 28
1627560338371 0.21001798413868458 29
1627560338489 0.20914222398858084 30
1627560338616 0.2081834989148973 31
1627560338789 0.20704187907334154 32
1627560338900 0.20602535526986498 33
1627560339034 0.20531360921587377 34
1627560339173 0.20458337991524359 35
1627560339288 0.20371118869364802 36
1627560339404 0.20274429665202603 37
1627560339519 0.20205082938779306 38
1627560339628 0.2012484375821474 39
1627560339756 0.20077384786432298 40
1627560339878 0.1998580566794471 41
1627560339991 0.19903502227370545 42
1627560340163 0.1984491723312246 43
1627560340289 0.19782198040935178 44
1627560340400 0.1973236449094249 45
1627560340526 0.19637472738194342 46
1627560340649 0.1955190657885765 47
1627560340750 0.19509640310234497 48
1627560340853 0.19469554463371103 49
1627560340962 0.19416045879795793 50
1627560341075 0.19354408838749665 51
1627560341176 0.19319550953217107 52
1627560341299 0.19267880674380625 53
1627560341425 0.1921440180515444 54
1627560341542 0.1917794585628477 55
1627560341714 0.19075364868830574 56
1627560341815 0.19043516015281067 57
1627560341933 0.18995334973698438 58
1627560342054 0.18935297894219555 59
1627560342160 0.1890191393225648 60
1627560342266 0.1887119305470523 61
1627560342385 0.18822060843162805 62
1627560342503 0.18769541223790637 63
1627560342608 0.18737792621256028 64
1627560342699 0.18702914567341555 65
1627560342810 0.1867351377754682 66
1627560342966 0.186308904647658 67
1627560343088 0.18577186644673335 68
1627560343211 0.18547032733963398 69
1627560343324 0.1851882863209182 70
1627560343422 0.1848842385816066 71
1627560343548 0.1843073752499573 72
1627560343654 0.18403448438925432 73
1627560343756 0.18377443363898702 74
1627560343863 0.1834619063322738 75
1627560343993 0.18285399375838018 76
1627560344096 0.18262010117394192 77
1627560344260 0.18220027670514202 78
1627560344406 0.18196698887274165 79
1627560344530 0.1815085650524608 80
1627560344675 0.18125960560033752 81
1627560344808 0.18101035304890675 82
1627560344922 0.1807423248349453 83
1627560345045 0.180500362414779 84
1627560345181 0.18025654793075516 85
1627560345272 0.1800089996530139 86
1627560345400 0.17962272936810744 87
1627560345498 0.1793829657959178 88
1627560345595 0.17914378529948385 89
1627560345678 0.17891992845069263 90
1627560345808 0.17841813636418108 91
1627560345941 0.17801008053504372 92
1627560346069 0.17778982769896703 93
1627560346159 0.17754868917353667 94
1627560346268 0.17733454106062047 95
1627560346387 0.1770510458276474 96
1627560346510 0.1768354071241782 97
1627560346604 0.17660731481547529 98
1627560346751 0.17637146556108074 99
1627560346926 0.1761356919504907 100
1627560347097 0.17590800686074953 101
1627560347219 0.17562316092374766 102
1627560347364 0.17540608312205963 103
1627560347562 0.17508038922790398 104
1627560347719 0.17487003933733147 105
1627560347834 0.17468143144917145 106
1627560347946 0.17434935463348114 107
1627560348037 0.17416532781317387 108
1627560348142 0.1739890565535447 109
1627560348274 0.1737595587982644 110
1627560348369 0.17357896401867987 111
1627560348478 0.1733900292665563 112
1627560348561 0.17320188686410065 113
1627560348654 0.1730193621404477 114
1627560348748 0.17285691554893676 115
1627560348855 0.17263382831484367 116
1627560348946 0.17244878144529754 117
1627560349080 0.17226362481265495 118
1627560349218 0.1719511411278215 119
1627560349335 0.1717782095852428 120
1627560349446 0.17154370778107664 121
1627560349540 0.17135228342213493 122
1627560349618 0.17117560865933432 123
1627560349699 0.1710101254211695 124
1627560349789 0.17083156166687805 125
1627560349868 0.17068165029658763 126
1627560349968 0.1705152129306752 127
1627560350074 0.17035206674836154 128
1627560350179 0.17017493575176257 129
1627560350312 0.16982569891701327 130
1627560350400 0.1696631270408417 131
1627560350504 0.16939058740521873 132
1627560350586 0.16922376546594903 133
1627560350691 0.16905215311678748 134
1627560350777 0.16888374161387787 135
1627560350882 0.1686764774101253 136
1627560350965 0.16850011460367448 137
1627560351074 0.16833349061381983 138
1627560351206 0.1680267245465462 139
1627560351284 0.16786648647964467 140
1627560351356 0.16773219783131418 141
1627560351435 0.1675870958112089 142
1627560351526 0.1674172998841794 143
1627560351643 0.16725256273542882 144
1627560351740 0.1670863627841557 145
1627560351820 0.16694710752435266 146
1627560351944 0.1666975675656876 147
1627560352034 0.16653900669337665 148
1627560352126 0.16639300999461978 149
1627560352213 0.16622155851348513 150
1627560352286 0.16608717681567914 151
1627560352368 0.16595224859927826 152
1627560352457 0.16578940754810878 153
1627560352545 0.1656291791228378 154
1627560352626 0.16547812994452687 155
1627560352706 0.16534328030977727 156
1627560352819 0.1650897419646073 157
1627560352911 0.1649521038022991 158
1627560352994 0.16479469691542728 159
1627560353074 0.16464968215286083 160
1627560353176 0.16450105207453494 161
1627560353243 0.16437145368393694 162
1627560353315 0.16423838726326376 163
1627560353412 0.16410940195441895 164
1627560353495 0.16395422963820694 165
1627560353567 0.1638132484107662 166
1627560353661 0.16363795928080635 167
1627560353729 0.1635236427031261 168
1627560353799 0.1633885150029045 169
1627560353906 0.163174874802835 170
1627560353975 0.16305201875011 171
1627560354089 0.16292234645624318 172
1627560354162 0.1627763338412543 173
1627560354241 0.1626470993233255 174
1627560354333 0.16254172312552567 175
1627560354424 0.16239854473523183 176
1627560354530 0.16218515561615093 177
1627560354602 0.162054936902821 178
1627560354683 0.16191596965002758 179
1627560354779 0.16176322623739012 180
1627560354871 0.16158275453633952 181
1627560354955 0.16146618509776883 182
1627560355052 0.16131706308266103 183
1627560355128 0.16119247732793507 184
1627560355201 0.1610734552221526 185
1627560355298 0.16095323082392704 186
1627560355376 0.16085423038871977 187
1627560355476 0.16067318589897467 188
1627560355547 0.16053968427626694 189
1627560355643 0.1603556807704078 190
1627560355725 0.16023247475821148 191
1627560355811 0.1601098122970428 192
1627560355911 0.15996839157871437 193
1627560355998 0.15980257607837303 194
1627560356099 0.15967766710651532 195
1627560356220 0.15940694829692875 196
1627560356313 0.1592842251745149 197
1627560356468 0.15908536442960228 198
1627560356548 0.15896888175402074 199
1627560356632 0.15884286877390466 200
1627560356748 0.15870704854743026 201
1627560356874 0.15854086737125456 202
1627560356955 0.15840184573778124 203
1627560357049 0.1582326872128782 204
1627560357119 0.15811101127175473 205
1627560357227 0.15791797157036108 206
1627560357306 0.1577934798358176 207
1627560357393 0.15767766830865662 208
1627560357493 0.15751292078146437 209
1627560357565 0.1574006109075968 210
1627560357644 0.15729227573923912 211
1627560357717 0.1571789135602445 212
1627560357793 0.15706989138990987 213
1627560357863 0.1569489339637679 214
1627560357939 0.15684595680173177 215
1627560358014 0.15673140806535898 216
1627560358082 0.1566078869028406 217
1627560358151 0.15648686423519398 218
1627560358246 0.15636478594336406 219
1627560358329 0.15625474964360686 220
1627560358405 0.15615099831555795 221
1627560358483 0.15602832915095438 222
1627560358561 0.15590384328297974 223
1627560358630 0.1557997122484165 224
1627560358713 0.1556918432623516 225
1627560358793 0.15557674310928443 226
1627560358862 0.1554536474761749 227
1627560358943 0.15533683674904786 228
1627560359040 0.15523076045275028 229
1627560359107 0.15512283779455804 230
1627560359178 0.1550225368042264 231
1627560359258 0.15490363922810538 232
1627560359351 0.15478884847346516 233
1627560359448 0.15466441100930875 234
1627560359527 0.1545628092010404 235
1627560359623 0.15447302046432546 236
1627560359699 0.15436573422989508 237
1627560359764 0.15426932335270785 238
1627560359833 0.15415514982811554 239
1627560359905 0.154049727233274 240
1627560359997 0.15391563345509351 241
1627560360082 0.15379706354723915 242
1627560360184 0.15367735026348187 243
1627560360264 0.15355159839347865 244
1627560360354 0.15344562121642538 245
1627560360419 0.15335542145799516 246
1627560360503 0.15325082295805 247
1627560360594 0.15312499545025668 248
1627560360668 0.1530276547126751 249
1627560360740 0.15291121128400242 250
1627560360808 0.15281222861915728 251
1627560360885 0.15270846901720211 252
1627560360967 0.15257130032639726 253
1627560361068 0.15241617121256745 254
1627560361136 0.15232749819401503 255
1627560361204 0.15222304936635833 256
1627560361282 0.15212946681916198 257
1627560361358 0.1520165590469354 258
1627560361444 0.151897540269108 259
1627560361520 0.15751292078146437 260
1627560365547 0.5068268271075445 0
1627560365727 0.46750526684246724 1
1627560365883 0.43273534607843156 2
1627560366043 0.4021829601260974 3
1627560366192 0.3752878025589163 4
1627560366346 0.35188866324907025 5
1627560366491 0.3316304830819122 6
1627560366634 0.31412191814276175 7
1627560366778 0.2990627766800304 8
1627560366916 0.2860817413136672 9
1627560367054 0.27483219220477606 10
1627560367189 0.26524814118582596 11
1627560367332 0.2570385493662151 12
1627560367468 0.25009531495375503 13
1627560367601 0.2441460737573296 14
1627560367730 0.23906892566202684 15
1627560367853 0.23471117556259774 16
1627560367980 0.2310326404033036 17
1627560368107 0.22790750731260118 18
1627560368230 0.2251068564968948 19
1627560368376 0.22272189297878064 20
1627560368534 0.22063765284237735 21
1627560368692 0.2188755339262237 22
1627560368818 0.21721655201242715 23
1627560368942 0.2157223684834545 24
1627560369063 0.21451005150668942 25
1627560369181 0.2133013319271641 26
1627560369297 0.2121226123945764 27
1627560369414 0.21104243178528617 28
1627560369521 0.21004016295665148 29
1627560369631 0.20914281016088287 30
1627560369748 0.2082536342719842 31
1627560369867 0.2073417502335614 32
1627560369977 0.2066266871517916 33
1627560370089 0.20583881814693492 34
1627560370207 0.2047396843813929 35
1627560370319 0.20396378772188656 36
1627560370429 0.20320236027969665 37
1627560370535 0.20261692516654853 38
1627560370646 0.20172953593086054 39
1627560370760 0.20125142104747906 40
1627560370872 0.20035722244461243 41
1627560370980 0.19949981322282057 42
1627560371089 0.19895835578397292 43
1627560371204 0.19842273622244985 44
1627560371305 0.1979885157094728 45
1627560371422 0.19728406702580678 46
1627560371530 0.19668027138046296 47
1627560371657 0.19564535090810575 48
1627560371782 0.19452008845282007 49
1627560371902 0.19415748279502182 50
1627560372005 0.1937743971555183 51
1627560372173 0.19283086283795564 52
1627560372317 0.19214652903643578 53
1627560372423 0.19178865243366783 54
1627560372526 0.19143522169593447 55
1627560372650 0.1905763037137464 56
1627560372747 0.1902710778069226 57
1627560372852 0.18996618178523447 58
1627560372959 0.18962250343880568 59
1627560373060 0.18931671106998108 60
1627560373183 0.1887028292538937 61
1627560373292 0.18831070041388687 62
1627560373425 0.1878182171562495 63
1627560373525 0.1875304323243702 64
1627560373655 0.18682405641493588 65
1627560373762 0.1865318781532796 66
1627560373858 0.18623618437797596 67
1627560373989 0.18551960028107495 68
1627560374101 0.18515580907430057 69
1627560374201 0.18489615127636963 70
1627560374331 0.18440458019275813 71
1627560374440 0.18394586002249072 72
1627560374549 0.1836759396447099 73
1627560374653 0.1833826318047932 74
1627560374758 0.18308000661922302 75
1627560374869 0.18260755447649207 76
1627560374974 0.1823473750648441 77
1627560375090 0.18190176537459202 78
1627560375216 0.1813952197610354 79
1627560375326 0.18114576521646356 80
1627560375437 0.18085065431026195 81
1627560375548 0.1805483819427438 82
1627560375642 0.18028419674769036 83
1627560375733 0.18005344581163843 84
1627560375845 0.17974412569702478 85
1627560375936 0.1794954544629343 86
1627560376040 0.17922285652892206 87
1627560376139 0.17900010122895582 88
1627560376241 0.17875150273640744 89
1627560376341 0.17853402164058896 90
1627560376472 0.17810004302588697 91
1627560376572 0.1778864625345186 92
1627560376663 0.17764407560838066 93
1627560376759 0.17742152976325862 94
1627560376861 0.1771943605525635 95
1627560376953 0.17697337524771672 96
1627560377055 0.17657109963092132 97
1627560377156 0.176337998092515 98
1627560377252 0.1760456592972925 99
1627560377351 0.1758185492813414 100
1627560377451 0.17559487271848298 101
1627560377554 0.1753074423043833 102
1627560377645 0.17510576163061026 103
1627560377739 0.17490957764853485 104
1627560377841 0.1746944236073005 105
1627560377969 0.17433305640783014 106
1627560378083 0.17414673749415432 107
1627560378192 0.17393270270960123 108
1627560378310 0.1736928808832795 109
1627560378402 0.17349321766639286 110
1627560378501 0.17330611052519637 111
1627560378583 0.1731321700279281 112
1627560378674 0.1729444119878417 113
1627560378767 0.17274684111670333 114
1627560378885 0.1724726874757105 115
1627560378979 0.17224538283744847 116
1627560379078 0.1719929494719669 117
1627560379181 0.17180010152591688 118
1627560379272 0.17162041357094301 119
1627560379374 0.17134121220464543 120
1627560379462 0.1711547058814369 121
1627560379577 0.17093263352542695 122
1627560379667 0.1707381579658383 123
1627560379771 0.1704649672067818 124
1627560379860 0.17029182398412437 125
1627560379949 0.17011340130515415 126
1627560380059 0.16982807450824333 127
1627560380158 0.16961919678623366 128
1627560380252 0.16944641362031088 129
1627560380365 0.169171857033358 130
1627560380453 0.16900945985266266 131
1627560380557 0.16883968670601357 132
1627560380665 0.16866084939595333 133
1627560380770 0.1684674002626484 134
1627560380877 0.1682900755317323 135
1627560380982 0.16812463894233054 136
1627560381081 0.16797171101514702 137
1627560381165 0.16779742486496874 138
1627560381251 0.16762145610394089 139
1627560381355 0.16739834951453356 140
1627560381466 0.16712885161257704 141
1627560381551 0.16695705836898075 142
1627560381651 0.16674946748111774 143
1627560381760 0.16652223522317625 144
1627560381843 0.16635780850692786 145
1627560381934 0.16620154380833066 146
1627560382032 0.16605273639297832 147
1627560382122 0.1659096078921671 148
1627560382220 0.16577047711654821 149
1627560382314 0.16560693716823943 150
1627560382411 0.165403245540972 151
1627560382507 0.16526233530440945 152
1627560382606 0.16508355487516632 153
1627560382695 0.16492930374971784 154
1627560382799 0.1647600007616868 155
1627560382888 0.1645993096194101 156
1627560382958 0.16447944599541142 157
1627560383059 0.1642602192535884 158
1627560383165 0.16410892533187244 159
1627560383265 0.16392240346839104 160
1627560383376 0.16371774039689604 161
1627560383455 0.163590825745211 162
1627560383547 0.16346009063441563 163
1627560383621 0.1633378833358077 164
1627560383700 0.1631924298344894 165
1627560383785 0.16304856860616748 166
1627560383867 0.16292611472968116 167
1627560383939 0.16280123199701227 168
1627560384024 0.16266306197755884 169
1627560384100 0.16252039771583474 170
1627560384184 0.16237363014090553 171
1627560384256 0.16225033261750924 172
1627560384341 0.1621011516051817 173
1627560384430 0.16195098097752617 174
1627560384510 0.16181494893704867 175
1627560384580 0.16168387368058748 176
1627560384658 0.16155038879777076 177
1627560384727 0.16143120664130697 178
1627560384813 0.16129672424253316 179
1627560384883 0.16118654643924651 180
1627560384956 0.16106103706159183 181
1627560385029 0.16095468419894943 182
1627560385114 0.1608226646522269 183
1627560385189 0.1606942832013868 184
1627560385256 0.1605576569624642 185
1627560385362 0.16037100764141318 186
1627560385447 0.1602356907727326 187
1627560385529 0.16011404568181653 188
1627560385619 0.1599540793189602 189
1627560385703 0.15982399883253678 190
1627560385804 0.159631798235633 191
1627560385876 0.15950484278174357 192
1627560385956 0.15937293296673832 193
1627560386017 0.15927798306716995 194
1627560386103 0.15915301784547142 195
1627560386181 0.15903253536882617 196
1627560386257 0.15891005883084178 197
1627560386355 0.15872794111419972 198
1627560386421 0.15862863034052438 199
1627560386499 0.15851977445572335 200
1627560386585 0.15839601314040702 201
1627560386673 0.15826320611162015 202
1627560386747 0.15815575522198658 203
1627560386841 0.15801958911655106 204
1627560386913 0.15789547765879627 205
1627560386992 0.1577729583875498 206
1627560387073 0.15765356765892244 207
1627560387164 0.15752005244176012 208
1627560387255 0.15740280013687385 209
1627560387346 0.1572628647060339 210
1627560387425 0.15715704112968903 211
1627560387509 0.15702956456487696 212
1627560387592 0.15690695592000017 213
1627560387691 0.15678657687128802 214
1627560387770 0.15666714461910305 215
1627560387838 0.15656418050776816 216
1627560387909 0.15644895236496031 217
1627560388009 0.1563193862487415 218
1627560388088 0.15618969157965268 219
1627560388165 0.15607616661747511 220
1627560388250 0.15595546201006924 221
1627560388325 0.1558481945077674 222
1627560388416 0.1557026257908276 223
1627560388504 0.15558340970122 224
1627560388571 0.15549497087954434 225
1627560388656 0.15537113534407368 226
1627560388724 0.1552602911622596 227
1627560388797 0.15515326961060477 228
1627560388871 0.15504778584492449 229
1627560388949 0.1549466878821764 230
1627560389019 0.15482977225232622 231
1627560389097 0.15469378670232808 232
1627560389180 0.15457726311602518 233
1627560389298 0.15440266787775797 234
1627560389388 0.15426566851045248 235
1627560389468 0.15417074856151947 236
1627560389558 0.15403179440529619 237
1627560389638 0.1539285795108983 238
1627560389730 0.15379643474080287 239
1627560389815 0.15369035407706005 240
1627560389880 0.15358120171594647 241
1627560389952 0.15346816697258664 242
1627560390034 0.1533695896124701 243
1627560390110 0.15326381509024742 244
1627560390206 0.15312241024191503 245
1627560390280 0.15301109580482933 246
1627560390360 0.152893981621023 247
1627560390437 0.15278192631349635 248
1627560390506 0.15267018208875413 249
1627560390578 0.15256943829937245 250
1627560390659 0.15245357554595207 251
1627560390725 0.15235243773299503 252
1627560390793 0.15226615890042475 253
1627560390903 0.1521018233958716 254
1627560391009 0.15197644172063549 255
1627560391112 0.15188981757452893 256
1627560391227 0.15179680698558226 257
1627560391304 0.15169539353139433 258
1627560391374 0.15160293165313224 259
1627560391442 0.1515020185330394 260
1627560391517 0.15139148817544473 261
1627560391594 0.15128842794647096 262
1627560391680 0.15118753831919238 263
1627560391762 0.15107129497499883 264
1627560391839 0.15098086818338635 265
1627560391930 0.15086326498405947 266
1627560392007 0.1507592761831412 267
1627560392086 0.1506554797453557 268
1627560392164 0.15053556636236015 269
1627560392241 0.15043829271019596 270
1627560392327 0.1503332813027996 271
1627560392413 0.15022804677964566 272
1627560392481 0.1501461171837039 273
1627560392586 0.15006273200450618 274
1627560392688 0.14998188686546837 275
1627560392762 0.14989508021316073 276
1627560392847 0.14980963004033962 277
1627560392919 0.1497269841770885 278
1627560392995 0.14963947033624353 279
1627560393064 0.14953399053726288 280
1627560393159 0.14945648643672438 281
1627560393270 0.14934958844203994 282
1627560393349 0.1492518004865449 283
1627560393414 0.1491500388240151 284
1627560393485 0.14905805795580745 285
1627560393566 0.1489642423905818 286
1627560393669 0.1488364739538941 287
1627560393735 0.1487449544367877 288
1627560393810 0.14865013057044582 289
1627560393901 0.14851835870286315 290
1627560394006 0.14843439377924655 291
1627560394134 0.14833546625178712 292
1627560394256 0.14824323125611683 293
1627560394364 0.14814913328407003 294
1627560394463 0.14804176370520947 295
1627560394555 0.14794438085562545 296
1627560394624 0.14786176998607448 297
1627560394692 0.14778807022353 298
1627560394803 0.14768672136955346 299
1627560394914 0.14754572054196352 300
1627560395042 0.14743159235513167 301
1627560395154 0.14733515175529346 302
1627560395267 0.14724547568761395 303
1627560395339 0.14714660848465777 304
1627560395422 0.14704811219589325 305
1627560395487 0.14695417044856451 306
1627560395556 0.14687598433910634 307
1627560395673 0.1467832634687873 308
1627560395786 0.1466829946054271 309
1627560395848 0.14658337066456642 310
1627560395931 0.1464821533047062 311
1627560395995 0.14639875848390263 312
1627560396065 0.14630508908609718 313
1627560396155 0.14619271812267137 314
1627560396219 0.14610946050216228 315
1627560396300 0.14600565571921564 316
1627560396373 0.1459066535624171 317
1627560396471 0.14574699048658 318
1627560396550 0.14565831014627545 319
1627560396625 0.14558175873263904 320
1627560396708 0.14548161143521024 321
1627560396798 0.14537647788319863 322
1627560396858 0.14529970971521414 323
1627560396951 0.14518993917328854 324
1627560397027 0.1450947321541333 325
1627560397112 0.14500935929702963 326
1627560397188 0.1449123137644052 327
1627560397274 0.14480327473121585 328
1627560397359 0.14470960010362158 329
1627560397437 0.14463528578144583 330
1627560397527 0.14452774157484904 331
1627560397595 0.14442471404257032 332
1627560397664 0.1443353809062726 333
1627560397740 0.1442409903308139 334
1627560397817 0.14415104764516412 335
1627560397878 0.14407856349394282 336
1627560397951 0.14398478325000594 337
1627560398025 0.14389772099381115 338
1627560398109 0.14379386939908478 339
1627560398179 0.14370380804208088 340
1627560398248 0.1436045420379493 341
1627560398326 0.14352635268314898 342
1627560398403 0.14344196807993856 343
1627560398489 0.1433463339501984 344
1627560398571 0.14325043102725885 345
1627560398670 0.14317682525547737 346
1627560398773 0.1430951115504501 347
1627560398841 0.14300702517074337 348
1627560398910 0.14292572653514524 349
1627560399009 0.14283696089635958 350
1627560399105 0.14754572054196352 351
1627560403439 0.5096229652598564 0
1627560403583 0.46998805016433776 1
1627560403737 0.4349910153088589 2
1627560403877 0.4042203155729482 3
1627560404029 0.37715279355696835 4
1627560404182 0.3535965872974946 5
1627560404328 0.3331519489760343 6
1627560404465 0.3154988248339097 7
1627560404636 0.30027547266194476 8
1627560404818 0.2871499061178103 9
1627560404984 0.27577938854796824 10
1627560405118 0.2661112573478541 11
1627560405248 0.2578633819809555 12
1627560405384 0.25081423009989895 13
1627560405515 0.24474600299714688 14
1627560405642 0.2396385524145188 15
1627560405770 0.23528748046065232 16
1627560405906 0.23167918197267925 17
1627560406044 0.22855892962778138 18
1627560406179 0.22568616566669963 19
1627560406321 0.22326798365346742 20
1627560406471 0.2212820996395974 21
1627560406603 0.21955830618833294 22
1627560406770 0.2177807666686644 23
1627560406901 0.2162264760220541 24
1627560407076 0.21496095305992255 25
1627560407219 0.21369389170194553 26
1627560407338 0.21264222322036785 27
1627560407497 0.21168781058764735 28
1627560407615 0.21045851765852666 29
1627560407761 0.20941924585376623 30
1627560407946 0.208677119235141 31
1627560408098 0.20781382654585373 32
1627560408264 0.2068874387331065 33
1627560408382 0.20615719378818992 34
1627560408553 0.20511515912367548 35
1627560408675 0.20418319027548285 36
1627560408793 0.20324954146357394 37
1627560408900 0.20265708565602228 38
1627560409019 0.20197823092942277 39
1627560409129 0.20153897236919158 40
1627560409285 0.20038676196360702 41
1627560409392 0.199602802459922 42
1627560409545 0.19875002218640342 43
1627560409655 0.19813685274694515 44
1627560409756 0.1976791373433168 45
1627560409873 0.19681176563527455 46
1627560409987 0.19595679396254775 47
1627560410106 0.1951756059766208 48
1627560410219 0.1945587191412803 49
1627560410358 0.19366312312364492 50
1627560410458 0.1932720229190364 51
1627560410564 0.192923696345341 52
1627560410703 0.19210732689280605 53
1627560410828 0.19165816795110302 54
1627560410946 0.19130992909290095 55
1627560411103 0.19057604564615832 56
1627560411193 0.19028704945903005 57
1627560411304 0.18998088021818907 58
1627560411456 0.18952603726589715 59
1627560411556 0.1891952611374575 60
1627560411688 0.18888902306928887 61
1627560411808 0.18845817442795076 62
1627560411931 0.18787031780882507 63
1627560412030 0.18757849445880997 64
1627560412139 0.18722596799814523 65
1627560412258 0.18693754625837167 66
1627560412378 0.18628674962423575 67
1627560412507 0.1856431186203666 68
1627560412616 0.1853254529299654 69
1627560412726 0.18503857190929254 70
1627560412826 0.18468310762981033 71
1627560412924 0.18437458526942582 72
1627560413019 0.18407421785154926 73
1627560413120 0.1838051287439798 74
1627560413221 0.18356143017499452 75
1627560413312 0.18331062929711953 76
1627560413403 0.18303297935217852 77
1627560413494 0.1827569794847525 78
1627560413595 0.1824466250870013 79
1627560413750 0.18205406384283676 80
1627560413877 0.1815846271537307 81
1627560413996 0.18130883057563574 82
1627560414093 0.1810759054540705 83
1627560414222 0.1808311682597905 84
1627560414358 0.18058638881435124 85
1627560414454 0.18029924314028806 86
1627560414582 0.1800602306493439 87
1627560414676 0.1798426136601311 88
1627560414769 0.17959922837415207 89
1627560414866 0.17938339295767544 90
1627560414969 0.17910979384521866 91
1627560415059 0.1789087958418944 92
1627560415160 0.1786921392274426 93
1627560415266 0.17846534551312423 94
1627560415388 0.17825120952190837 95
1627560415498 0.17786537837640307 96
1627560415597 0.17762431294379594 97
1627560415721 0.17720559281959208 98
1627560415820 0.17693117562483054 99
1627560415970 0.176721203483389 100
1627560416071 0.17644730096362624 101
1627560416214 0.17611331414966377 102
1627560416300 0.17591077236568584 103
1627560416435 0.17569686186221836 104
1627560416604 0.17540717602635217 105
1627560416754 0.1751966365003918 106
1627560416944 0.17478567990724675 107
1627560417039 0.1745708490584083 108
1627560417131 0.1743717496017063 109
1627560417228 0.17413666746597342 110
1627560417321 0.17393545275212627 111
1627560417413 0.1737341579524563 112
1627560417501 0.17353734343840158 113
1627560417596 0.173348469300565 114
1627560417693 0.17307644612292603 115
1627560417764 0.1728913048860521 116
1627560417861 0.17271399483945604 117
1627560417952 0.17253214988331533 118
1627560418055 0.17231123777971422 119
1627560418134 0.17213876001544492 120
1627560418218 0.17195369548455477 121
1627560418294 0.17178200594511198 122
1627560418408 0.1715779935156953 123
1627560418569 0.17128293292606997 124
1627560418724 0.17091704699686366 125
1627560418835 0.17074780433393458 126
1627560418925 0.17056183435452876 127
1627560419025 0.1703853269253326 128
1627560419112 0.17022896351845232 129
1627560419244 0.1699054025205128 130
1627560419337 0.16970609563315153 131
1627560419520 0.16940981753149434 132
1627560419605 0.1692429143310917 133
1627560419694 0.16908771319802923 134
1627560419821 0.16892227386811645 135
1627560419910 0.16875015700782756 136
1627560420004 0.16858811575986388 137
1627560420113 0.1684157462518595 138
1627560420226 0.16825361853926885 139
1627560420293 0.168114836146137 140
1627560420384 0.16795983404317863 141
1627560420472 0.16779942369811268 142
1627560420553 0.16763376846143307 143
1627560420643 0.16746916374357876 144
1627560420733 0.167307086317052 145
1627560420824 0.16715757651023655 146
1627560420918 0.16701116519217366 147
1627560421004 0.16684934873070695 148
1627560421116 0.1666970159436535 149
1627560421206 0.16653299530643434 150
1627560421297 0.16630794038841265 151
1627560421396 0.16612056983463602 152
1627560421495 0.1659923543560545 153
1627560421601 0.16578466927591604 154
1627560421696 0.1656456961737828 155
1627560421810 0.16549511082036647 156
1627560421901 0.1653306744982621 157
1627560421989 0.16518164227116164 158
1627560422122 0.1649570297210383 159
1627560422249 0.1648268317614152 160
1627560422344 0.16467701588190942 161
1627560422416 0.16454198427524444 162
1627560422527 0.16437911465938723 163
1627560422613 0.16423600138930955 164
1627560422698 0.16409161843245076 165
1627560422783 0.16395370787050045 166
1627560422860 0.1638206721486652 167
1627560422970 0.16360906644223408 168
1627560423055 0.16345989825196885 169
1627560423142 0.16331582537450337 170
1627560423229 0.16317006035430157 171
1627560423307 0.16303222952077864 172
1627560423383 0.16289801009554938 173
1627560423492 0.1626800068327636 174
1627560423588 0.16253356234641753 175
1627560423711 0.16238738585028237 176
1627560423817 0.1622350503390165 177
1627560423920 0.16208504914499097 178
1627560424034 0.16191960370329175 179
1627560424099 0.16177974145239568 180
1627560424162 0.1616606920212864 181
1627560424231 0.16155035796887135 182
1627560424307 0.1614174830067376 183
1627560424382 0.16128961480839343 184
1627560424472 0.16113066029578224 185
1627560424554 0.1609925290976545 186
1627560424650 0.16086414701927093 187
1627560424761 0.1607516817594903 188
1627560424912 0.1605435325670679 189
1627560424995 0.1604182922246556 190
1627560425075 0.16028506499576814 191
1627560425145 0.1601643329083454 192
1627560425234 0.16002005505514652 193
1627560425325 0.1598734508725607 194
1627560425404 0.15973314608438804 195
1627560425473 0.15960601830903234 196
1627560425536 0.1594943205601956 197
1627560425594 0.159374866213744 198
1627560425665 0.15924536331738157 199
1627560425763 0.1590696452716815 200
1627560425845 0.1589451951031661 201
1627560425927 0.15882378132460084 202
1627560426011 0.1586787692733613 203
1627560426086 0.15856475704489828 204
1627560426173 0.15843286025313394 205
1627560426252 0.15831779747313532 206
1627560426333 0.15817530529733145 207
1627560426414 0.15803442229163475 208
1627560426492 0.1579043708569037 209
1627560426564 0.15778205982629345 210
1627560426666 0.15763412551630626 211
1627560426745 0.1575198065532054 212
1627560426815 0.15739632741266807 213
1627560426916 0.15728093331966136 214
1627560427020 0.15713134104571697 215
1627560427105 0.1570183033189911 216
1627560427189 0.15689018954048642 217
1627560427259 0.1567891250953819 218
1627560427328 0.15667846273779765 219
1627560427393 0.1565796291742789 220
1627560427464 0.15647105592724506 221
1627560427555 0.15634535166172783 222
1627560427634 0.15623311140741836 223
1627560427729 0.156075640808987 224
1627560427803 0.15597908785049502 225
1627560427890 0.1558459182619489 226
1627560427964 0.15573222229174924 227
1627560428042 0.15560672985833798 228
1627560428121 0.1554926449642495 229
1627560428211 0.15536955154951074 230
1627560428295 0.15527485686103473 231
1627560428361 0.15516058553373033 232
1627560428442 0.1550592230876093 233
1627560428526 0.1549484833523664 234
1627560428612 0.15484202874394 235
1627560428736 0.1546718163848276 236
1627560428844 0.15456635729643334 237
1627560428928 0.15446023984539978 238
1627560429028 0.15434350317478343 239
1627560429150 0.15424195764628063 240
1627560429226 0.15412602839858214 241
1627560429296 0.1540188369527786 242
1627560429373 0.15391188250707818 243
1627560429447 0.15381131436491083 244
1627560429522 0.153715107678268 245
1627560429588 0.15361935577892055 246
1627560429655 0.15353034950701086 247
1627560429742 0.15342263583473495 248
1627560429808 0.1533220611773017 249
1627560429871 0.15323734686961835 250
1627560429941 0.1531286674142928 251
1627560430010 0.15301801952778543 252
1627560430083 0.15291257512123244 253
1627560430178 0.1528075856081886 254
1627560430268 0.1527034739601441 255
1627560430353 0.15259176091682203 256
1627560430431 0.15247490363782143 257
1627560430544 0.15236101856247106 258
1627560430639 0.15226693138270336 259
1627560430749 0.15215200513478513 260
1627560430827 0.15205877614012836 261
1627560430929 0.1518850650712863 262
1627560430996 0.15180134225111439 263
1627560431077 0.15169330393144287 264
1627560431147 0.15159180255223745 265
1627560431256 0.15148951686913237 266
1627560431357 0.1513376509042832 267
1627560431483 0.15121966987149804 268
1627560431569 0.15112686069693568 269
1627560431647 0.1510358493818257 270
1627560431712 0.15095542331285888 271
1627560431779 0.1508619360013247 272
1627560431852 0.15076460834504257 273
1627560431956 0.15062010232057987 274
1627560432034 0.15051941908775662 275
1627560432136 0.15041225946329564 276
1627560432228 0.15031136888305854 277
1627560432326 0.15020987982057163 278
1627560432463 0.15009285260775002 279
1627560432579 0.14999439535232634 280
1627560432669 0.1498953178450992 281
1627560432773 0.14972999086260275 282
1627560432841 0.14963599812960438 283
1627560432909 0.1495342636728548 284
1627560432985 0.1494265032897933 285
1627560433043 0.14932874407532165 286
1627560433111 0.14923524252555131 287
1627560433194 0.15456635729643334 288
