1627558288086 0.5091173839912241 0
1627558288184 0.46989773193043144 1
1627558288290 0.43524501298262935 2
1627558288395 0.40481301349989335 3
1627558288501 0.3780365909569155 4
1627558288599 0.3547705341548794 5
1627558288697 0.33458964765250376 6
1627558288795 0.3171948501953552 7
1627558288899 0.3022837194541296 8
1627558288990 0.28933281790549154 9
1627558289088 0.27813199676988914 10
1627558289191 0.2686283247868387 11
1627558289334 0.2604188674057999 12
1627558289436 0.25347233097866606 13
1627558289566 0.24749162932176139 14
1627558289686 0.24254836574474484 15
1627558289783 0.23819776282961713 16
1627558289893 0.23468633685492074 17
1627558289979 0.2316248268528734 18
1627558290075 0.22879335953429705 19
1627558290158 0.22644406869716793 20
1627558290240 0.22446467677314777 21
1627558290331 0.222669331747037 22
1627558290414 0.22098752740911756 23
1627558290499 0.21955034615991897 24
1627558290586 0.21842232903382625 25
1627558290676 0.21727156646639295 26
1627558290758 0.21627019283080817 27
1627558290845 0.21534163451922694 28
1627558290925 0.21449006493730086 29
1627558291002 0.2136683721581892 30
1627558291092 0.21295872259608492 31
1627558291170 0.21208083887028178 32
1627558291277 0.21130123662675146 33
1627558291373 0.21067479865998184 34
1627558291457 0.20982886739221132 35
1627558291561 0.2091203650072069 36
1627558291634 0.20838887471626 37
1627558291710 0.2078373436769391 38
1627558291788 0.2068837215777029 39
1627558291869 0.2064567797109493 40
1627558291952 0.2059220293863413 41
1627558292028 0.20514243360593892 42
1627558292123 0.20442746899844896 43
1627558292215 0.20405809498537444 44
1627558292290 0.2036469267550924 45
1627558292369 0.20326229822186712 46
1627558292442 0.20274643590679983 47
1627558292527 0.20198674515445483 48
1627558292611 0.201585604309862 49
1627558292713 0.20077426133254064 50
1627558292787 0.20049490415136856 51
1627558292865 0.2001202259010053 52
1627558292956 0.19942698802434156 53
1627558293071 0.19904606335167013 54
1627558293198 0.1986680094503203 55
1627558293279 0.1982002424800121 56
1627558293344 0.1979553361806255 57
1627558293421 0.19754771039643532 58
1627558293530 0.19725234857377527 59
1627558293617 0.1968680288486565 60
1627558293726 0.19622173804579557 61
1627558293803 0.19598363512604422 62
1627558293867 0.19577399761195866 63
1627558293946 0.19544310248066815 64
1627558294023 0.19518219173987045 65
1627558294096 0.19494284834571968 66
1627558294181 0.19466540812954633 67
1627558294263 0.1944187164631187 68
1627558294331 0.19402295919075643 69
1627558294412 0.19379539836317825 70
1627558294490 0.19353058896348485 71
1627558294574 0.1930462457956238 72
1627558294650 0.1927624754347598 73
1627558294724 0.1925305683827061 74
1627558294796 0.19234880149634 75
1627558294879 0.1917831004946721 76
1627558294953 0.19149400796677307 77
1627558295027 0.1912721756891307 78
1627558295101 0.1910740820459396 79
1627558295168 0.19081663882261093 80
1627558295245 0.1903044508949563 81
1627558295318 0.19008033767686117 82
1627558295394 0.18985309722465976 83
1627558295471 0.1894667297278692 84
1627558295554 0.18926432526483947 85
1627558295637 0.18907329256042238 86
1627558295718 0.18888583108357918 87
1627558295820 0.18871795839458827 88
1627558295907 0.188491844631723 89
1627558295992 0.18806690147476962 90
1627558296074 0.18769474145340787 91
1627558296149 0.18726873658760007 92
1627558296214 0.18708335560631972 93
1627558296283 0.1868989690742032 94
1627558296360 0.18667917406579104 95
1627558296428 0.18643673367955405 96
1627558296509 0.18609306880990725 97
1627558296570 0.1859381086187405 98
1627558296644 0.18574879592678867 99
1627558296739 0.18552732813997433 100
1627558296816 0.1853170561562375 101
1627558296879 0.18514769142748336 102
1627558296948 0.18496880731363716 103
1627558297006 0.18481455342535763 104
1627558297082 0.18464805495309256 105
1627558297147 0.18447718042275302 106
1627558297217 0.18417367944761076 107
1627558297298 0.1839682855698023 108
1627558297368 0.18370629985758144 109
1627558297466 0.1834897979820578 110
1627558297569 0.1833194219665036 111
1627558297674 0.18317341946728682 112
1627558297771 0.18303686711382336 113
1627558297895 0.18271929429984388 114
1627558298008 0.18256392944653144 115
1627558298111 0.1823904685462026 116
1627558298186 0.18226027099114173 117
1627558298263 0.1820732085666895 118
1627558298386 0.18181511061569416 119
1627558298476 0.1816816321464985 120
1627558298524 0.18153905443676172 121
1627558298593 0.18136162715447599 122
1627558298670 0.18118483755650983 123
1627558298743 0.1809245941721814 124
1627558298824 0.1807796317455642 125
1627558298879 0.18064020798719616 126
1627558298956 0.18038887651003888 127
1627558299011 0.18025842807597003 128
1627558299079 0.1801161734411991 129
1627558299146 0.1799922892584891 130
1627558299212 0.1798807233489106 131
1627558299307 0.17976330537110802 132
1627558299373 0.17962743647939902 133
1627558299470 0.1794931651799879 134
1627558299560 0.17936202116406239 135
1627558299662 0.17921747449355563 136
1627558299742 0.17906053297357186 137
1627558299798 0.1789219693346775 138
1627558299864 0.1787857282728288 139
1627558299941 0.1786477997654382 140
1627558300035 0.178394821979264 141
1627558300103 0.17825500903863764 142
1627558300171 0.1780485783189129 143
1627558300237 0.17791998188810476 144
1627558300311 0.17778874362754546 145
1627558300368 0.17763712918917363 146
1627558300431 0.17751505753858088 147
1627558300492 0.17738383904883004 148
1627558300564 0.17716282965654115 149
1627558300640 0.17703480127728388 150
1627558300687 0.17691818619172453 151
1627558300757 0.17676490297358408 152
1627558300816 0.17664575976115035 153
1627558300875 0.1765389339166979 154
1627558300936 0.17642660578861155 155
1627558301007 0.17630634392431122 156
1627558301123 0.17604273499866147 157
1627558301223 0.1758848684896609 158
1627558301293 0.17576000552879303 159
1627558301378 0.175497638999676 160
1627558301451 0.17538402839115413 161
1627558301533 0.17525077045522697 162
1627558301592 0.17516436562862073 163
1627558301675 0.17503738914194805 164
1627558301730 0.17491680474773047 165
1627558301790 0.17479574821855767 166
1627558301855 0.17468635641711758 167
1627558301935 0.17443822541851395 168
1627558301991 0.17434522111164852 169
1627558302061 0.17420607818279818 170
1627558302122 0.1740812132953165 171
1627558302207 0.17396909737515173 172
1627558302293 0.17385398424614842 173
1627558302376 0.17374152313035524 174
1627558302462 0.17363849267813058 175
1627558302515 0.17351804291914533 176
1627558302586 0.1734053623032268 177
1627558302658 0.17328101728709666 178
1627558302729 0.17310212015770887 179
1627558302813 0.172910289594061 180
1627558302882 0.1727631365915742 181
1627558302948 0.17253619951246751 182
1627558303016 0.17236621221479745 183
1627558303070 0.1722578451812498 184
1627558303143 0.17204053230424876 185
1627558303243 0.17191093603432664 186
1627558303333 0.17179704479146474 187
1627558303389 0.17169938564698847 188
1627558303453 0.17155979909726515 189
1627558303547 0.17144967488580584 190
1627558303641 0.17133915703029373 191
1627558303715 0.17125124091257823 192
1627558303820 0.1711103492649223 193
1627558303908 0.17100219029892183 194
1627558304002 0.1709026719912741 195
1627558304063 0.1708081079304493 196
1627558304123 0.1707176920158522 197
1627558304180 0.1706353634219813 198
1627558304248 0.17053830926275268 199
1627558304315 0.1704511236221194 200
1627558304401 0.17023311944966868 201
1627558304467 0.170111155846985 202
1627558304536 0.16997330445999892 203
1627558304589 0.16988825151236375 204
1627558304674 0.1697697258043786 205
1627558304732 0.16967266038022236 206
1627558304796 0.1695777010373152 207
1627558304855 0.16945529510737933 208
1627558304922 0.16935736570766804 209
1627558304984 0.16924296374477676 210
1627558305059 0.1690351796846217 211
1627558305113 0.16893323266820265 212
1627558305174 0.16883257920053696 213
1627558305229 0.1687417710270979 214
1627558305279 0.1686579488265777 215
1627558305333 0.16856564385165645 216
1627558305395 0.16843198333488008 217
1627558305455 0.1683283380296748 218
1627558305514 0.16822128295246236 219
1627558305570 0.1681337398562104 220
1627558305627 0.1680439011392609 221
1627558305690 0.16795146180184145 222
1627558305751 0.16785552614862742 223
1627558305809 0.16776276980687202 224
1627558305870 0.16766476208207712 225
1627558305947 0.16752634304943284 226
1627558306008 0.16742834660065106 227
1627558306069 0.16732666333615903 228
1627558306123 0.16724334639423333 229
1627558306187 0.16712745387859082 230
1627558306235 0.1670409136499811 231
1627558306298 0.166937655888646 232
1627558306354 0.1668554644722365 233
1627558306411 0.16676563144171996 234
1627558306463 0.1666769735696569 235
1627558306523 0.16659523486630173 236
1627558306593 0.16650066005390413 237
1627558306665 0.166412287159062 238
1627558306730 0.1662977912663592 239
1627558306785 0.16621074707696945 240
1627558306838 0.16612252045434073 241
1627558306901 0.16603159233912457 242
1627558306966 0.16592640313554555 243
1627558307016 0.16583128398492222 244
1627558307074 0.16574844690279164 245
1627558307129 0.1656552489341877 246
1627558307186 0.16556720129766941 247
1627558307235 0.16548722977130606 248
1627558307293 0.16540722418131812 249
1627558307377 0.16532825634514264 250
1627558307441 0.16524255099612975 251
1627558307486 0.16516919904100358 252
1627558307531 0.16507431762282268 253
1627558307600 0.16498715210805168 254
1627558307675 0.16491519645155567 255
1627558307731 0.1648154287071796 256
1627558307787 0.16473786415098915 257
1627558307839 0.16464315315820835 258
1627558307900 0.1645293272738064 259
1627558307959 0.16442991576917584 260
1627558308013 0.16434496037643265 261
1627558308063 0.1690351796846217 262
1627558312352 0.5084208846205608 0
1627558312472 0.4693221603765784 1
1627558312574 0.4347755049023266 2
1627558312678 0.40441835198115345 3
1627558312833 0.3777687295068882 4
1627558312948 0.35456335522541826 5
1627558313045 0.3344850332897098 6
1627558313168 0.3171703934476032 7
1627558313265 0.30230082521202156 8
1627558313361 0.28939983069371533 9
1627558313463 0.278257094324458 10
1627558313565 0.26877502092507527 11
1627558313662 0.2605483300923379 12
1627558313759 0.25364550045397954 13
1627558313850 0.2476624665060988 14
1627558313947 0.24269426647635223 15
1627558314044 0.2383643230373349 16
1627558314155 0.23484694715464655 17
1627558314243 0.23184521218604934 18
1627558314331 0.22905415937869048 19
1627558314420 0.22665538588952452 20
1627558314505 0.22471977758821748 21
1627558314595 0.22302834081172718 22
1627558314733 0.2215331859690286 23
1627558314816 0.2201056566760407 24
1627558314924 0.21888199310232553 25
1627558315018 0.21775896026557784 26
1627558315100 0.21671699838510297 27
1627558315185 0.21580979090361296 28
1627558315268 0.2149256223760469 29
1627558315346 0.21414696189600274 30
1627558315431 0.21340655643115647 31
1627558315512 0.2125088590884809 32
1627558315592 0.21171549811937024 33
1627558315668 0.2111803533080464 34
1627558315742 0.2103930415084738 35
1627558315826 0.2095553169666615 36
1627558315912 0.20885373294214107 37
1627558315986 0.20832073514879568 38
1627558316071 0.20779836319487077 39
1627558316151 0.20743891294258174 40
1627558316234 0.20661912145426747 41
1627558316313 0.20597752012350984 42
1627558316395 0.20546196075270728 43
1627558316493 0.20485963404543417 44
1627558316566 0.20456251694002334 45
1627558316649 0.20388174460070557 46
1627558316729 0.20317277225653124 47
1627558316809 0.20254714254114228 48
1627558316892 0.20194208996515692 49
1627558316982 0.20162811925527352 50
1627558317070 0.2013228740905656 51
1627558317145 0.20104840642516228 52
1627558317263 0.20024305615140842 53
1627558317337 0.1998549215228741 54
1627558317421 0.19945857046838272 55
1627558317505 0.1988860535034707 56
1627558317602 0.19862708674854482 57
1627558317707 0.19831401115643005 58
1627558317799 0.1977494978417199 59
1627558317918 0.1974278371832683 60
1627558317999 0.1969242348422736 61
1627558318080 0.19659373493766352 62
1627558318174 0.1963871281868687 63
1627558318299 0.19613223686102177 64
1627558318397 0.1955316499417518 65
1627558318481 0.19529209756414467 66
1627558318569 0.194708249822031 67
1627558318644 0.19435240199432832 68
1627558318716 0.1941030902744805 69
1627558318790 0.19385024505790863 70
1627558318854 0.1936265650450768 71
1627558318921 0.19340666424753516 72
1627558319005 0.19285455121716993 73
1627558319096 0.1924626851586061 74
1627558319180 0.1919229037478659 75
1627558319250 0.1917161296338714 76
1627558319324 0.1915138120838136 77
1627558319401 0.19128899984899378 78
1627558319473 0.191100796140994 79
1627558319551 0.19073982334436929 80
1627558319628 0.19040490526949505 81
1627558319751 0.1901760680349269 82
1627558319849 0.1899762906902865 83
1627558319954 0.18977272916850235 84
1627558320086 0.1893041662320709 85
1627558320164 0.18909599972538674 86
1627558320240 0.18889714052840134 87
1627558320324 0.18871649976208757 88
1627558320411 0.18836172723405806 89
1627558320489 0.18815034540552827 90
1627558320562 0.18798946280755066 91
1627558320640 0.18780305916230144 92
1627558320710 0.18755049197219364 93
1627558320784 0.18737750987970006 94
1627558320865 0.18702104416356857 95
1627558320941 0.18665900325569953 96
1627558321016 0.18647505347605595 97
1627558321104 0.18616337083475468 98
1627558321183 0.18596062457667834 99
1627558321280 0.1857915699326856 100
1627558321353 0.1855841062385145 101
1627558321425 0.18533967024342882 102
1627558321503 0.18502354561113463 103
1627558321607 0.18470871358517124 104
1627558321686 0.18446146270985567 105
1627558321757 0.1842429951417359 106
1627558321830 0.18391570891976577 107
1627558321903 0.18373607132854836 108
1627558321967 0.1835559957099464 109
1627558322036 0.18340620534215038 110
1627558322101 0.18323018272524358 111
1627558322163 0.1830935086781674 112
1627558322235 0.1828683232333355 113
1627558322316 0.18271653819327877 114
1627558322387 0.18256964650055368 115
1627558322443 0.18240905431369012 116
1627558322519 0.18212865064530936 117
1627558322589 0.18196860679858426 118
1627558322662 0.1818237447829232 119
1627558322738 0.18166987421772793 120
1627558322799 0.1815121003392865 121
1627558322868 0.18135842614667289 122
1627558322941 0.1812256921242737 123
1627558323004 0.18104702287495722 124
1627558323086 0.18083591329657256 125
1627558323141 0.18070262246211852 126
1627558323221 0.1805133802276395 127
1627558323300 0.18026127654871466 128
1627558323363 0.18010145716851297 129
1627558323421 0.17996516260024412 130
1627558323486 0.17983356267361186 131
1627558323572 0.17952508336581044 132
1627558323639 0.17936761882215552 133
1627558323725 0.17912645528254664 134
1627558323786 0.17898501449470025 135
1627558323859 0.17883529955280772 136
1627558323940 0.17851443081128332 137
1627558323997 0.1783925571203704 138
1627558324065 0.17822491279037755 139
1627558324132 0.17808762533444772 140
1627558324234 0.17784770011207343 141
1627558324303 0.17770326279169296 142
1627558324413 0.17754097944644615 143
1627558324505 0.1774016813061703 144
1627558324569 0.17724961924442628 145
1627558324685 0.1770832423436464 146
1627558324760 0.17695571286874862 147
1627558324826 0.17682069810962417 148
1627558324902 0.17669008149852272 149
1627558324979 0.17656080013660838 150
1627558325031 0.17644969667158217 151
1627558325101 0.1762878170678358 152
1627558325158 0.1761819296383042 153
1627558325241 0.1760002375929963 154
1627558325310 0.17583509585240686 155
1627558325371 0.17571625787193124 156
1627558325442 0.17556030989980945 157
1627558325515 0.1754365608586709 158
1627558325588 0.1753097874182087 159
1627558325652 0.17518548360271038 160
1627558325717 0.17502839945349483 161
1627558325795 0.17492209140700676 162
1627558325898 0.17471230256707576 163
1627558325964 0.17459431640328135 164
1627558326023 0.17447878703909753 165
1627558326081 0.1743676996282692 166
1627558326166 0.17425281487579114 167
1627558326212 0.17415636419096864 168
1627558326281 0.17395460795660006 169
1627558326328 0.17385795346858593 170
1627558326382 0.17373556741128854 171
1627558326448 0.1736300646691685 172
1627558326502 0.173504852603227 173
1627558326565 0.17338651691290463 174
1627558326636 0.17324308078498396 175
1627558326697 0.17313521433445242 176
1627558326780 0.17289138845917407 177
1627558326852 0.17276979133642922 178
1627558326912 0.172653632003208 179
1627558326968 0.17254047215670382 180
1627558327032 0.17241259849061083 181
1627558327101 0.17226554173651953 182
1627558327172 0.1721580193717334 183
1627558327246 0.17204518063114313 184
1627558327309 0.171936500834733 185
1627558327373 0.1718072320876085 186
1627558327437 0.1716876440136789 187
1627558327483 0.1716053449152367 188
1627558327538 0.17150358022180293 189
1627558327599 0.1713815462463622 190
1627558327656 0.17125028003036488 191
1627558327715 0.17114583980763806 192
1627558327790 0.1710309868223521 193
1627558327854 0.1709170677576859 194
1627558327911 0.17083789856102705 195
1627558327961 0.17075908802581521 196
1627558328012 0.17067061859389746 197
1627558328076 0.17054947089052902 198
1627558328121 0.17046812788067137 199
1627558328208 0.17030626901827328 200
1627558328263 0.1701965867368453 201
1627558328334 0.1700791996062043 202
1627558328404 0.1699236489018424 203
1627558328460 0.16983147890686282 204
1627558328512 0.1697296319228744 205
1627558328579 0.16962361440508225 206
1627558328624 0.1695214362386503 207
1627558328673 0.16942177573133807 208
1627558328729 0.16931729987914693 209
1627558328777 0.1692151271913523 210
1627558328843 0.1691240366375882 211
1627558328905 0.16902302359872418 212
1627558328986 0.16893674115872226 213
1627558329064 0.16883569293077505 214
1627558329127 0.168739787123072 215
1627558329216 0.1685818969309447 216
1627558329292 0.1684900861193529 217
1627558329342 0.16838910729637455 218
1627558329396 0.16829956833730483 219
1627558329460 0.16818524998330486 220
1627558329518 0.16807867162665185 221
1627558329578 0.16799475166757089 222
1627558329636 0.16790782834408652 223
1627558329688 0.1678246052569193 224
1627558329745 0.16773307180804434 225
1627558329808 0.16763778815588193 226
1627558329869 0.16753616330022864 227
1627558329916 0.1674562668210384 228
1627558329963 0.1673654909978991 229
1627558330060 0.1672432074720239 230
1627558330115 0.16715234495165388 231
1627558330189 0.167071273388662 232
1627558330261 0.1669819484361124 233
1627558330332 0.1668562541331879 234
1627558330388 0.16677286224603302 235
1627558330461 0.16668056527351982 236
1627558330520 0.16657949974538977 237
1627558330588 0.16646072310402119 238
1627558330650 0.16636083286978248 239
1627558330712 0.16627664642540446 240
1627558330763 0.16619394937512863 241
1627558330809 0.16610943447040422 242
1627558330865 0.16602883207310176 243
1627558330945 0.16592722055348186 244
1627558331016 0.1658646886818265 245
1627558331107 0.16572258849729835 246
1627558331171 0.16559640978016366 247
1627558331234 0.16550477416291723 248
1627558331325 0.1653914056752436 249
1627558331414 0.16525482591570137 250
1627558331478 0.16516317211297077 251
1627558331547 0.16508753742262516 252
1627558331635 0.16498605303646668 253
1627558331716 0.164898011609976 254
1627558331763 0.16483691605737208 255
1627558331822 0.1647393780155565 256
1627558331891 0.16460723230005092 257
1627558331967 0.16451800506593603 258
1627558332035 0.1644218899860461 259
1627558332093 0.16434167026092888 260
1627558332149 0.16426619998576947 261
1627558332235 0.1641877214351107 262
1627558332301 0.16409298483639562 263
1627558332356 0.1640069350458657 264
1627558332416 0.16389643223399486 265
1627558332462 0.16382217511413172 266
1627558332507 0.1637569689119481 267
1627558332574 0.16367154794061683 268
1627558332665 0.1635827966874218 269
1627558332724 0.1634976683117847 270
1627558332778 0.16341758237762644 271
1627558332863 0.16334750763993378 272
1627558332929 0.1632732110114227 273
1627558332978 0.16320057248064376 274
1627558333046 0.16310823951773804 275
1627558333139 0.16297916664682613 276
1627558333209 0.1628578772319055 277
1627558333285 0.16272738197024136 278
1627558333349 0.16266154719691162 279
1627558333406 0.16258455967383417 280
1627558333467 0.1625006892054706 281
1627558333519 0.16242127436455073 282
1627558333567 0.1623507872644174 283
1627558333623 0.1622655115970191 284
1627558333671 0.16218678061785893 285
1627558333730 0.1621232762161596 286
1627558333802 0.16203081604961084 287
1627558333868 0.16194228507817643 288
1627558333918 0.1618831678528273 289
1627558333987 0.16177838431890026 290
1627558334047 0.16169142835763703 291
1627558334116 0.16161247740435772 292
1627558334189 0.16154219040740045 293
1627558334241 0.16147102054810686 294
1627558334301 0.16138465150787695 295
1627558334375 0.1612915809568144 296
1627558334439 0.16120988506443032 297
1627558334499 0.16114008110623487 298
1627558334553 0.16105671980493377 299
1627558334643 0.16095482074291417 300
1627558334693 0.16089923189185135 301
1627558334753 0.16081498762277124 302
1627558334808 0.16074517635283697 303
1627558334871 0.1606607405736398 304
1627558334937 0.1605908875898799 305
1627558334987 0.1605217895430952 306
1627558335030 0.1604646014720446 307
1627558335096 0.16038645437167917 308
1627558335157 0.16030742913337326 309
1627558335222 0.16021780888242926 310
1627558335292 0.1601615261373853 311
1627558335347 0.16010094558099128 312
1627558335402 0.16002760883875722 313
1627558335463 0.15993016709535837 314
1627558335519 0.1598519887846432 315
1627558335571 0.15977189111833262 316
1627558335622 0.15969444926606277 317
1627558335671 0.15963424520243402 318
1627558335717 0.1595790688415069 319
1627558335768 0.1595101718062328 320
1627558335821 0.15943121189753517 321
1627558335876 0.15935918848211497 322
1627558335930 0.1592663228182293 323
1627558335984 0.15918310986037285 324
1627558336035 0.1591147156248267 325
1627558336080 0.1590568468966242 326
1627558336128 0.15898114795222218 327
1627558336189 0.1589154379865132 328
1627558336266 0.15883223108971598 329
1627558336354 0.15872007785486864 330
1627558336415 0.1586265802846379 331
1627558336472 0.1585515560556204 332
1627558336542 0.15846073021695706 333
1627558336598 0.15838090346216016 334
1627558336654 0.1583143694566359 335
1627558336700 0.15824243804684734 336
1627558336763 0.15814754074587173 337
1627558336806 0.15807775446867875 338
1627558336860 0.15800228051174003 339
1627558336908 0.1579368541718983 340
1627558336974 0.15783115738577166 341
1627558337057 0.15774564356072887 342
1627558337106 0.15767308363194427 343
1627558337171 0.15759479208576785 344
1627558337224 0.15751947791178578 345
1627558337282 0.1574473160959933 346
1627558337337 0.1573697268962015 347
1627558337408 0.157296040287149 348
1627558337458 0.15723569827043649 349
1627558337522 0.15716678747596888 350
1627558337594 0.1570796350446742 351
1627558337649 0.15701681552179586 352
1627558337699 0.15694321813135415 353
1627558337761 0.1568688397694414 354
1627558337808 0.1568072290447453 355
1627558337865 0.1567351918741294 356
1627558337932 0.15663119805419085 357
1627558337974 0.15656842725395845 358
1627558338025 0.15649439179117416 359
1627558338076 0.15644092556928746 360
1627558338135 0.15635864420295167 361
1627558338192 0.15629201002645798 362
1627558338236 0.15622950470135608 363
1627558338287 0.15615658565408133 364
1627558338327 0.15609731224064827 365
1627558338373 0.15602743028272797 366
1627558338428 0.1559540319969667 367
1627558338475 0.15588945511337177 368
1627558338528 0.15582447052088624 369
1627558338573 0.1557634366225562 370
1627558338614 0.15570614758745172 371
1627558338672 0.15564768553032704 372
1627558338715 0.15559089827061146 373
1627558338791 0.1554637291193681 374
1627558338845 0.15540692800619982 375
1627558338904 0.1553448381678492 376
1627558338952 0.1552843424078047 377
1627558338999 0.15521672713574047 378
1627558339066 0.15514316806286751 379
1627558339131 0.15507707662287487 380
1627558339184 0.15501639283355662 381
1627558339245 0.1549277668290887 382
1627558339318 0.15482880226860943 383
1627558339373 0.1547610560702891 384
1627558339421 0.154691528970955 385
1627558339466 0.1546413410285751 386
1627558339516 0.15457890243540318 387
1627558339566 0.15451006907300172 388
1627558339631 0.1544041807855758 389
1627558339676 0.15434010938950743 390
1627558339725 0.15428189859028832 391
1627558339769 0.1542159730913675 392
1627558339814 0.1541528466056336 393
1627558339863 0.15409783107403904 394
1627558339910 0.15403292982187475 395
1627558339964 0.15395847828803777 396
1627558340038 0.1538918861419757 397
1627558340092 0.15381952976371593 398
1627558340139 0.15377249548571556 399
1627558340231 0.15370691292676306 400
1627558340301 0.15363003836407138 401
1627558340369 0.1535632982047825 402
1627558340417 0.1534949679317953 403
1627558340490 0.15342355269923486 404
1627558340566 0.15335395382024447 405
1627558340642 0.15326511485595173 406
1627558340709 0.1531904005214827 407
1627558340751 0.15314174289712343 408
1627558340808 0.1530571682927739 409
1627558340855 0.15298967690643087 410
1627558340907 0.15291707808854574 411
1627558340965 0.15284860475509504 412
1627558341046 0.15629201002645798 413
1627558345166 0.5091495395154054 0
1627558345289 0.46991359874645466 1
1627558345391 0.435241599259048 2
1627558345491 0.4047899782341584 3
1627558345593 0.3781389245919661 4
1627558345699 0.3548688282858387 5
1627558345800 0.33472952400920014 6
1627558345908 0.3173876423107623 7
1627558346007 0.30242623725440576 8
1627558346109 0.2894926251903499 9
1627558346209 0.2782970795532866 10
1627558346303 0.2688023696199338 11
1627558346400 0.2605623012419062 12
1627558346500 0.2536856361263616 13
1627558346591 0.24775300487888094 14
1627558346680 0.242770924617064 15
1627558346770 0.23849048285510827 16
1627558346886 0.23493498790871245 17
1627558346994 0.23190627624140853 18
1627558347081 0.2291475474568709 19
1627558347166 0.22681985315320538 20
1627558347253 0.22476689623369342 21
1627558347350 0.22293978908591344 22
1627558347442 0.2212500259207888 23
1627558347532 0.21987009890512638 24
1627558347621 0.21867116331759254 25
1627558347712 0.21755454485128248 26
1627558347800 0.21656871366328984 27
1627558347914 0.21573949939635462 28
1627558347995 0.2147361604219165 29
1627558348073 0.21388470707207943 30
1627558348156 0.21328537486049337 31
1627558348237 0.21245603096096158 32
1627558348315 0.2116403334051262 33
1627558348388 0.21111190823495243 34
1627558348467 0.21022713875547208 35
1627558348562 0.20940134760205587 36
1627558348653 0.20863538675484697 37
1627558348733 0.20812935664675752 38
1627558348843 0.2071815279480885 39
1627558348926 0.2066122458952763 40
1627558349018 0.20601213836979032 41
1627558349114 0.20542181103489432 42
1627558349214 0.20490414459470319 43
1627558349294 0.20453158786608946 44
1627558349368 0.20425289130245985 45
1627558349467 0.20329954083740015 46
1627558349546 0.20249880943472187 47
1627558349622 0.20201459542771805 48
1627558349697 0.20168037145943893 49
1627558349775 0.20107918724840296 50
1627558349842 0.2006998543702476 51
1627558349914 0.20019727739016754 52
1627558349992 0.19985099717241456 53
1627558350084 0.1991644735543191 54
1627558350161 0.1987380658708609 55
1627558350243 0.19838189724080812 56
1627558350306 0.19812029706916656 57
1627558350378 0.19785561711654842 58
1627558350466 0.19714531137416189 59
1627558350543 0.19685256488738812 60
1627558350627 0.19650238999068784 61
1627558350704 0.19623909588027 62
1627558350772 0.19592251278159148 63
1627558350848 0.19563872589514283 64
1627558350927 0.19500864738580095 65
1627558351009 0.19471285379562214 66
1627558351089 0.19450457520035133 67
1627558351189 0.19412529949279825 68
1627558351286 0.19373844030763265 69
1627558351380 0.19350968473816701 70
1627558351456 0.19326422196082302 71
1627558351533 0.1929161849313578 72
1627558351604 0.19264927002563287 73
1627558351684 0.19214952689306058 74
1627558351767 0.19167313627856564 75
1627558351865 0.19118992298841017 76
1627558351942 0.19096708408882665 77
1627558352010 0.190703332747031 78
1627558352083 0.19044579154088184 79
1627558352163 0.1900550751828028 80
1627558352222 0.18985627671818966 81
1627558352297 0.18961547933462677 82
1627558352368 0.18940843256594436 83
1627558352455 0.18894178549700782 84
1627558352538 0.1887534762935348 85
1627558352616 0.18854603557445643 86
1627558352710 0.18835324064945316 87
1627558352785 0.188126982765332 88
1627558352865 0.18791785510666723 89
1627558352978 0.18754338762183595 90
1627558353041 0.187349896289414 91
1627558353109 0.18717695919788077 92
1627558353176 0.1869611512841163 93
1627558353249 0.1865618952967376 94
1627558353317 0.186231653470699 95
1627558353388 0.18593707457662864 96
1627558353453 0.1856641571943563 97
1627558353517 0.18545394663364267 98
1627558353588 0.18527284551062337 99
1627558353658 0.18510442568354665 100
1627558353725 0.18488115339440261 101
1627558353774 0.18469855427679313 102
1627558353837 0.18452329907869208 103
1627558353902 0.18435249383867477 104
1627558353974 0.18408700230153002 105
1627558354045 0.18392111978006442 106
1627558354119 0.18376290177701377 107
1627558354205 0.1835918656412788 108
1627558354275 0.1834319511837681 109
1627558354353 0.18328343505273773 110
1627558354422 0.1831117594798292 111
1627558354495 0.18297529742657362 112
1627558354576 0.18279059678169268 113
1627558354639 0.18257520837367305 114
1627558354711 0.18241951840957712 115
1627558354771 0.1822674729239417 116
1627558354849 0.1819863785110638 117
1627558354928 0.18172880694772892 118
1627558355003 0.18144709747215132 119
1627558355071 0.18126443622235436 120
1627558355139 0.18111240757328745 121
1627558355217 0.1809309060853459 122
1627558355291 0.1807825532572864 123
1627558355370 0.18059004609065865 124
1627558355443 0.18038228636397327 125
1627558355511 0.18025485688689266 126
1627558355591 0.1801186112985651 127
1627558355679 0.17997412465920481 128
1627558355750 0.17982072986865433 129
1627558355819 0.17968153709648949 130
1627558355875 0.17956745735481702 131
1627558355964 0.17943101672263917 132
1627558356051 0.1792920511054254 133
1627558356127 0.179071069727349 134
1627558356202 0.17884782603479984 135
1627558356266 0.17871011109891377 136
1627558356348 0.1784437529473783 137
1627558356417 0.17830431217774437 138
1627558356483 0.1781679529450994 139
1627558356561 0.17791306734326817 140
1627558356632 0.17777831222633117 141
1627558356708 0.17764528744778144 142
1627558356844 0.17739892577818908 143
1627558356926 0.17725813481075897 144
1627558357006 0.17711780738550453 145
1627558357090 0.17697883320040603 146
1627558357158 0.17685287918947573 147
1627558357245 0.17671084768594572 148
1627558357339 0.17657702900726258 149
1627558357433 0.1764593948976134 150
1627558357510 0.17634481384713518 151
1627558357628 0.17622588076457046 152
1627558357693 0.17611338567740215 153
1627558357770 0.17597985328682897 154
1627558357847 0.17586276636366072 155
1627558357898 0.17575072040425335 156
1627558357972 0.17556135595422545 157
1627558358039 0.1754368777084961 158
1627558358106 0.17527526963729687 159
1627558358175 0.17514896500688298 160
1627558358222 0.17505949111521335 161
1627558358269 0.17496929455582363 162
1627558358327 0.17482880474111867 163
1627558358386 0.1747093327130835 164
1627558358446 0.1745734078711297 165
1627558358498 0.17446527951216764 166
1627558358595 0.17435901067217277 167
1627558358661 0.17426237942543055 168
1627558358720 0.17414710008255901 169
1627558358775 0.17403118810033363 170
1627558358824 0.1739379653466726 171
1627558358882 0.17384048169143843 172
1627558358940 0.17374743466253645 173
1627558359010 0.17360313411005737 174
1627558359062 0.17347589779142106 175
1627558359113 0.17336358180414496 176
1627558359187 0.1731752073826234 177
1627558359239 0.1730713592227847 178
1627558359293 0.17296076044514652 179
1627558359347 0.17285164410939163 180
1627558359411 0.17273526331989963 181
1627558359485 0.17255284224100637 182
1627558359547 0.17243337379263504 183
1627558359599 0.1723229155634574 184
1627558359661 0.1722224423634702 185
1627558359728 0.17211146742739392 186
1627558359798 0.1719910906164552 187
1627558359866 0.17180801334210696 188
1627558359921 0.17170289932126723 189
1627558359968 0.17161360367702738 190
1627558360047 0.17143738849978848 191
1627558360112 0.17131189489977913 192
1627558360186 0.17120469597205312 193
1627558360263 0.17109224300566994 194
1627558360318 0.170988042613179 195
1627558360390 0.17090405969636546 196
1627558360447 0.17080365519244042 197
1627558360505 0.17065332326218602 198
1627558360570 0.17055290745656443 199
1627558360625 0.17045707455666084 200
1627558360736 0.1703621724557001 201
1627558360790 0.17027553162376796 202
1627558360860 0.17016357131686208 203
1627558360935 0.16996425266432016 204
1627558360993 0.16986968371010414 205
1627558361045 0.1697721319575251 206
1627558361093 0.16969268923828223 207
1627558361156 0.16956762833395203 208
1627558361211 0.16946706243186363 209
1627558361285 0.16927280337523645 210
1627558361334 0.1691784310120427 211
1627558361392 0.16907141683350263 212
1627558361456 0.168971795430316 213
1627558361510 0.1688698123746644 214
1627558361556 0.1687694006082066 215
1627558361599 0.1686789050932045 216
1627558361639 0.16860987551202034 217
1627558361699 0.16849649219580928 218
1627558361763 0.16840503944223603 219
1627558361814 0.16832714962654263 220
1627558361909 0.16821114886026753 221
1627558361971 0.16811636458659646 222
1627558362018 0.1680449012818088 223
1627558362068 0.16796054871999305 224
1627558362134 0.16786766970956657 225
1627558362187 0.16778319492640956 226
1627558362240 0.1676962271384748 227
1627558362291 0.16760409564061732 228
1627558362349 0.1674814541146093 229
1627558362406 0.16738819159808527 230
1627558362460 0.16728739709445178 231
1627558362524 0.1671692587805069 232
1627558362584 0.1670772706868095 233
1627558362642 0.16699947606760066 234
1627558362700 0.1669048407468643 235
1627558362752 0.16683372817813266 236
1627558362807 0.166750408432005 237
1627558362858 0.16667576737521658 238
1627558362906 0.16658274417929106 239
1627558362969 0.16645860103747448 240
1627558363020 0.16636076324708446 241
1627558363084 0.1662437474127462 242
1627558363148 0.16615399877608628 243
1627558363195 0.1660782629628315 244
1627558363246 0.16599571697894272 245
1627558363323 0.16589754303065063 246
1627558363399 0.16580197900847796 247
1627558363488 0.16570532204920216 248
1627558363550 0.16562149111914154 249
1627558363612 0.16550963148322928 250
1627558363656 0.16544028585135723 251
1627558363731 0.16528061793175558 252
1627558363786 0.16520432635773674 253
1627558363855 0.16510451578514093 254
1627558363904 0.16503515630043558 255
1627558363950 0.16495113455737528 256
1627558364003 0.16486414606411437 257
1627558364082 0.16473796399276597 258
1627558364162 0.16464890221111236 259
1627558364213 0.16455800413198043 260
1627558364258 0.16449164038005135 261
1627558364307 0.16442213187639648 262
1627558364366 0.1643458496003371 263
1627558364418 0.16426539454858943 264
1627558364470 0.1641712235617572 265
1627558364557 0.16405804075668828 266
1627558364619 0.16397553087425418 267
1627558364673 0.16388912910501088 268
1627558364742 0.16381806196841764 269
1627558364806 0.1637374110866602 270
1627558364862 0.16365861480862723 271
1627558364919 0.1635938556692787 272
1627558364987 0.16351570921133873 273
1627558365069 0.1634468888434655 274
1627558365147 0.16336690986182945 275
1627558365215 0.16328216926465028 276
1627558365266 0.16320549985896587 277
1627558365325 0.16311635517724457 278
1627558365417 0.16303336593156095 279
1627558365497 0.16293827915639936 280
1627558365569 0.16287259822370825 281
1627558365635 0.16279437546560818 282
1627558365702 0.16272229323429085 283
1627558365759 0.1626424915016836 284
1627558365829 0.16254896338097224 285
1627558365881 0.1624778380303845 286
1627558365944 0.16238400915426043 287
1627558365992 0.1623138719591259 288
1627558366049 0.16221791869100552 289
1627558366096 0.16215712737412138 290
1627558366160 0.16208021785371846 291
1627558366216 0.1619837682731757 292
1627558366278 0.16190075026157041 293
1627558366341 0.16181982995006566 294
1627558366413 0.16171520972615575 295
1627558366470 0.16163321510463086 296
1627558366523 0.16154976111836455 297
1627558366582 0.1614577231154559 298
1627558366628 0.16139734214471382 299
1627558366676 0.161324310441003 300
1627558366719 0.16125075120046542 301
1627558366761 0.16119296189193116 302
1627558366809 0.1611166029374047 303
1627558366866 0.16103592387154947 304
1627558366920 0.16095467948916073 305
1627558367001 0.16087649587716674 306
1627558367078 0.16080599032026374 307
1627558367189 0.1607233551208378 308
1627558367267 0.1606391996373482 309
1627558367323 0.16056205691753508 310
1627558367369 0.16048407196884484 311
1627558367425 0.16040718085554434 312
1627558367470 0.16033986720119522 313
1627558367521 0.16026440480261608 314
1627558367575 0.16020090950784815 315
1627558367644 0.16007526182015472 316
1627558367689 0.15999347962536625 317
1627558367745 0.15991290946130204 318
1627558367809 0.1598507041212159 319
1627558367887 0.15976066802610212 320
1627558367977 0.15968167305044736 321
1627558368061 0.1596126006328516 322
1627558368146 0.15953429100681185 323
1627558368220 0.1594590900459183 324
1627558368280 0.15938947064850217 325
1627558368331 0.15932096651274938 326
1627558368405 0.15925275931212218 327
1627558368460 0.15918899669326228 328
1627558368534 0.1591233322047869 329
1627558368586 0.1590507135926957 330
1627558368651 0.15896750204975701 331
1627558368709 0.1589028936684314 332
1627558368790 0.15881389112371075 333
1627558368860 0.15874255235692855 334
1627558368913 0.15867122299214356 335
1627558368965 0.15860327561399595 336
1627558369022 0.1585321117257549 337
1627558369079 0.15847541848617197 338
1627558369140 0.158397638093417 339
1627558369190 0.158343957841652 340
1627558369236 0.15828841929476012 341
1627558369310 0.15816262118789765 342
1627558369362 0.1580892412002141 343
1627558369420 0.15801835519618423 344
1627558369479 0.15792453059429928 345
1627558369532 0.1578531226003126 346
1627558369579 0.1577928944399404 347
1627558369628 0.157724761128736 348
1627558369685 0.1576528752596104 349
1627558369733 0.15758431811887527 350
1627558369785 0.1575240055830561 351
1627558369835 0.15745176022302348 352
1627558369886 0.15738257975890518 353
1627558369946 0.15731136054177797 354
1627558370021 0.15722439197789648 355
1627558370088 0.15715774920223943 356
1627558370142 0.15709380945687437 357
1627558370189 0.1570332444649064 358
1627558370246 0.1569638759510238 359
1627558370298 0.1568951488012131 360
1627558370369 0.15680963288814434 361
1627558370426 0.1567255633140121 362
1627558370476 0.15665346275199848 363
1627558370550 0.1565649956909053 364
1627558370614 0.15649991394434445 365
1627558370694 0.15642503612144312 366
1627558370741 0.15635016015854233 367
1627558370789 0.15629439134783107 368
1627558370846 0.1562262468724902 369
1627558370905 0.15614887157948984 370
1627558370976 0.1560493418994032 371
1627558371022 0.1559827223494065 372
1627558371110 0.1558975311121381 373
1627558371191 0.15582922082117448 374
1627558371244 0.15576475928187639 375
1627558371301 0.1556941202659086 376
1627558371353 0.15564016151157717 377
1627558371422 0.1555730788374564 378
1627558371479 0.1555048461851724 379
1627558371537 0.15543592448584057 380
1627558371583 0.1553806754695847 381
1627558371637 0.15531264639434209 382
1627558371692 0.15524468065506591 383
1627558371737 0.1551941728952901 384
1627558371778 0.15513368000717936 385
1627558371840 0.15503382945431965 386
1627558371886 0.15497275215645046 387
1627558371938 0.1549046596440968 388
1627558371984 0.1548528688841837 389
1627558372025 0.15480355514906918 390
1627558372072 0.1547464069550957 391
1627558372126 0.15467996936385725 392
1627558372195 0.1546179054503994 393
1627558372294 0.15450533794894894 394
1627558372342 0.15443774354524853 395
1627558372406 0.15434939394311634 396
1627558372459 0.15429478046034092 397
1627558372507 0.15422400995827867 398
1627558372554 0.15416731200174646 399
1627558372606 0.15409241308940694 400
1627558372662 0.1540360086434361 401
1627558372735 0.15392095471190959 402
1627558372811 0.1538556272246234 403
1627558372883 0.15379254597570177 404
1627558372963 0.15373357435966936 405
1627558373017 0.15367269724741475 406
1627558373080 0.15359416012393542 407
1627558373125 0.15354391834852116 408
1627558373182 0.15347709603969967 409
1627558373237 0.1534145960547222 410
1627558373294 0.1533427954983213 411
1627558373344 0.15327972947745072 412
1627558373406 0.153207063665541 413
1627558373459 0.1531562780119798 414
1627558373510 0.1530899914890168 415
1627558373561 0.15303556429213855 416
1627558373614 0.15298233648622506 417
1627558373666 0.15293506339254942 418
1627558373720 0.15286896383865314 419
1627558373765 0.152816815361803 420
1627558373808 0.1527678572140751 421
1627558373852 0.15271515371300817 422
1627558373908 0.1526541246053271 423
1627558373967 0.15259494520704545 424
1627558374033 0.15253169313599332 425
1627558374082 0.15246762370846761 426
1627558374167 0.1556941202659086 427
1627558378262 0.5071775248216528 0
1627558378363 0.46820697983354725 1
1627558378470 0.43376840325078897 2
1627558378575 0.4035609999318616 3
1627558378681 0.3769406934426002 4
1627558378778 0.3537774049293717 5
1627558378876 0.33374993733008723 6
1627558378970 0.31646584342401096 7
1627558379069 0.3015885994317036 8
1627558379168 0.2887667276174588 9
1627558379264 0.2776596603890005 10
1627558379364 0.26819028397290184 11
1627558379456 0.2600781966775582 12
1627558379551 0.25321265951290595 13
1627558379644 0.2472840373862049 14
1627558379741 0.2423310789614897 15
1627558379830 0.23808343181050626 16
1627558379926 0.2345551107111838 17
1627558380024 0.23155168316224695 18
1627558380121 0.2287571844700615 19
1627558380214 0.22644491211457643 20
1627558380302 0.22448152649411604 21
1627558380394 0.22279301334546145 22
1627558380490 0.22131059483045443 23
1627558380576 0.21994569396017297 24
1627558380657 0.21880308769009985 25
1627558380750 0.21756874315952462 26
1627558380832 0.21654249535530337 27
1627558380918 0.2155602032192779 28
1627558381004 0.21471498650224133 29
1627558381088 0.21391359818989883 30
1627558381179 0.21329853311874566 31
1627558381270 0.2124400006542632 32
1627558381373 0.21167291307445552 33
1627558381462 0.21110232319457947 34
1627558381548 0.2103132905518758 35
1627558381624 0.2094254049819327 36
1627558381700 0.2086512995125124 37
1627558381779 0.2081872054223558 38
1627558381857 0.2072850961096444 39
1627558381932 0.20689079800776772 40
1627558382008 0.20622305997839377 41
1627558382083 0.2057331376623438 42
1627558382167 0.20480261146739098 43
1627558382253 0.20427438359449915 44
1627558382322 0.2039894914553865 45
1627558382405 0.2032227315165809 46
1627558382480 0.2028650493686204 47
1627558382563 0.20219852113662634 48
1627558382646 0.20147704018440554 49
1627558382727 0.20101338009965503 50
1627558382807 0.20066845784304096 51
1627558382900 0.2003780951039369 52
1627558382991 0.19958570715421592 53
1627558383065 0.19927534157500343 54
1627558383176 0.1987146062576927 55
1627558383286 0.1983866305487798 56
1627558383351 0.19813928607905695 57
1627558383426 0.1978717355091058 58
1627558383516 0.19754195142839318 59
1627558383592 0.19723117078716818 60
1627558383672 0.19651757440974577 61
1627558383740 0.19626523913125138 62
1627558383813 0.19602216028356426 63
1627558383923 0.19574929382529163 64
1627558384036 0.19519147786064625 65
1627558384118 0.19495273299455082 66
1627558384208 0.19443572406037374 67
1627558384304 0.19412049174499316 68
1627558384378 0.19391976781402323 69
1627558384463 0.19336041097186132 70
1627558384568 0.19300183377623695 71
1627558384652 0.19256183148274228 72
1627558384723 0.192120593004331 73
1627558384817 0.19185304775501516 74
1627558384913 0.19165449385109368 75
1627558385012 0.1914471265839587 76
1627558385104 0.19124551379117974 77
1627558385182 0.19082613755549127 78
1627558385262 0.19060068048393825 79
1627558385355 0.1903456067494758 80
1627558385430 0.1901432550878156 81
1627558385517 0.18991274312430761 82
1627558385614 0.1895805843424177 83
1627558385699 0.18913921506794826 84
1627558385776 0.1887300868972351 85
1627558385857 0.1885368211362929 86
1627558385938 0.1882382472864559 87
1627558386037 0.18807651671103043 88
1627558386124 0.18784051058281348 89
1627558386200 0.18763619408235405 90
1627558386289 0.18745246012302602 91
1627558386361 0.18726101875375872 92
1627558386442 0.18694837457290803 93
1627558386518 0.18672602658789955 94
1627558386602 0.186300990606687 95
1627558386671 0.18607271385523153 96
1627558386746 0.1857762400630254 97
1627558386816 0.18550847760729758 98
1627558386892 0.1853301425599589 99
1627558386961 0.18515304694418297 100
1627558387030 0.18499708136462 101
1627558387094 0.18476954051100197 102
1627558387157 0.1845571642316452 103
1627558387214 0.18438826107697667 104
1627558387283 0.18408396095135104 105
1627558387358 0.18379859339105567 106
1627558387458 0.1836401469452507 107
1627558387569 0.18333640967598244 108
1627558387681 0.18317970193872612 109
1627558387778 0.18298008548822367 110
1627558387845 0.18281280445007467 111
1627558387932 0.18264888207722046 112
1627558388004 0.1825012530508013 113
1627558388087 0.18233489531715585 114
1627558388153 0.18219341192344193 115
1627558388228 0.18205269804705862 116
1627558388310 0.1817479483726221 117
1627558388378 0.18159942988615088 118
1627558388448 0.1814583678543005 119
1627558388538 0.18112465491788446 120
1627558388624 0.1809777324637102 121
1627558388696 0.18082057249573485 122
1627558388772 0.18054454514313945 123
1627558388846 0.18026498048678646 124
1627558388908 0.1801350396942702 125
1627558388970 0.17999756729473973 126
1627558389020 0.1798732425508567 127
1627558389087 0.1797267654501272 128
1627558389159 0.17957443277302063 129
1627558389234 0.17942641493494899 130
1627558389279 0.17931302200924668 131
1627558389336 0.17914992303373337 132
1627558389404 0.17900149243871405 133
1627558389469 0.1788676971339932 134
1627558389531 0.17873519830579698 135
1627558389599 0.1786009449775436 136
1627558389662 0.17843330013299988 137
1627558389726 0.17829429988227705 138
1627558389785 0.17817035914242302 139
1627558389835 0.1780564080493402 140
1627558389904 0.17787123576966396 141
1627558389992 0.1777357649606577 142
1627558390070 0.17762452197109593 143
1627558390183 0.17745743044258866 144
1627558390265 0.1772828596931 145
1627558390326 0.17715005385229649 146
1627558390393 0.17702837314930694 147
1627558390452 0.1769052338322018 148
1627558390548 0.17671562186731066 149
1627558390640 0.1765636368809335 150
1627558390725 0.17625842869003783 151
1627558390793 0.1761334371072795 152
1627558390886 0.17600354996569856 153
1627558390958 0.1758638891253538 154
1627558391039 0.17574971576754453 155
1627558391113 0.17564220616877643 156
1627558391195 0.1755173144935747 157
1627558391270 0.1754148052897731 158
1627558391368 0.17526752643453017 159
1627558391479 0.1750784889456684 160
1627558391568 0.17491095646050506 161
1627558391620 0.17480459785304292 162
1627558391719 0.1746890395284902 163
1627558391792 0.1745541845165938 164
1627558391869 0.17437150591753883 165
1627558391958 0.1742528919642952 166
1627558392026 0.17412680333818623 167
1627558392094 0.1740087809162289 168
1627558392165 0.17387609026243117 169
1627558392225 0.17376466844979416 170
1627558392285 0.17364229109816598 171
1627558392345 0.17353730598233738 172
1627558392397 0.17341386793305816 173
1627558392458 0.17330584170422392 174
1627558392538 0.17315957695907874 175
1627558392607 0.17302202757996032 176
1627558392689 0.17285291922342133 177
1627558392763 0.1727010425541564 178
1627558392829 0.17257787924593995 179
1627558392898 0.17245311756723244 180
1627558392946 0.17236085425598763 181
1627558393015 0.17219454062886022 182
1627558393067 0.1720827307536133 183
1627558393138 0.1719253256179874 184
1627558393204 0.17181390032308924 185
1627558393264 0.17171107319982928 186
1627558393317 0.17160283165396117 187
1627558393388 0.171460105156408 188
1627558393461 0.17136529357209254 189
1627558393528 0.17126392727133527 190
1627558393589 0.1711427230541713 191
1627558393641 0.17105440407518177 192
1627558393712 0.17090946226443346 193
1627558393785 0.17076488237937595 194
1627558393842 0.17066290250709573 195
1627558393919 0.17045091627744485 196
1627558393982 0.17035589379437874 197
1627558394032 0.17027163154250471 198
1627558394085 0.17017776934071258 199
1627558394146 0.1700899716836108 200
1627558394225 0.16998963701027964 201
1627558394306 0.1698580630282894 202
1627558394358 0.16976327835851282 203
1627558394409 0.16966843044101354 204
1627558394464 0.16955842722223344 205
1627558394516 0.16947041251131542 206
1627558394576 0.16935612792907562 207
1627558394630 0.16926204497680677 208
1627558394684 0.16916358981995233 209
1627558394754 0.16899690319450808 210
1627558394813 0.1689038743091822 211
1627558394874 0.168785912275342 212
1627558394933 0.1686913263136318 213
1627558394993 0.16857677199767748 214
1627558395051 0.1684859717238347 215
1627558395124 0.16832732234245884 216
1627558395168 0.16825374478232352 217
1627558395216 0.1681713807462761 218
1627558395276 0.16804052502747044 219
1627558395350 0.16788558409816023 220
1627558395405 0.16779294757554059 221
1627558395469 0.16766519729301232 222
1627558395525 0.16757459304157873 223
1627558395604 0.16747808983894405 224
1627558395675 0.1674020478229334 225
1627558395746 0.1672922962265571 226
1627558395802 0.16719886485393123 227
1627558395874 0.1671073347259612 228
1627558395930 0.16701199228153013 229
1627558395989 0.16691592467928992 230
1627558396040 0.16683549306883033 231
1627558396108 0.16675051853558132 232
1627558396181 0.1666083666018268 233
1627558396255 0.1665206214012009 234
1627558396319 0.16641253782813273 235
1627558396380 0.16632857128699655 236
1627558396429 0.16624101502529134 237
1627558396495 0.16614775131115803 238
1627558396563 0.16605324210257494 239
1627558396628 0.16598211650491104 240
1627558396686 0.1658898408344942 241
1627558396750 0.16578493400285518 242
1627558396796 0.16570037796804266 243
1627558396876 0.1655516102170875 244
1627558396943 0.16540148437902272 245
1627558397012 0.16530593199567103 246
1627558397063 0.16522801026037892 247
1627558397111 0.16514139897008703 248
1627558397165 0.16506460786117663 249
1627558397217 0.16498064593435074 250
1627558397274 0.16488842152173908 251
1627558397319 0.16481817507156826 252
1627558397379 0.16472836834937138 253
1627558397429 0.16465180841400448 254
1627558397471 0.16456935392925864 255
1627558397531 0.16447081429033447 256
1627558397624 0.16434029472131012 257
1627558397678 0.16425876153384047 258
1627558397750 0.16418003173417509 259
1627558397813 0.16408394962461292 260
1627558397879 0.1640021469325097 261
1627558397926 0.16393537052391344 262
1627558397981 0.16385320273945791 263
1627558398028 0.16377336582889848 264
1627558398079 0.16369970097010375 265
1627558398122 0.1636390869018332 266
1627558398173 0.16355714713677333 267
1627558398231 0.16347229491483242 268
1627558398295 0.16338140300699774 269
1627558398349 0.16330419507431876 270
1627558398408 0.16323095291937234 271
1627558398466 0.16315438022396672 272
1627558398508 0.1630916629223683 273
1627558398550 0.16303397056027652 274
1627558398593 0.16296615987111857 275
1627558398641 0.16290010030666602 276
1627558398707 0.1627799217797075 277
1627558398754 0.1627154913785038 278
1627558398807 0.16264528080629384 279
1627558398866 0.16255203993784248 280
1627558398932 0.1624313398864711 281
1627558398985 0.16234696377496227 282
1627558399043 0.16226460130438958 283
1627558399123 0.16209373277752673 284
1627558399175 0.1620242800841671 285
1627558399227 0.16196536962483804 286
1627558399273 0.1618834984914586 287
1627558399326 0.1618161980265969 288
1627558399406 0.1617111425212495 289
1627558399459 0.1616310780031436 290
1627558399521 0.16156379523873335 291
1627558399580 0.16148713549283675 292
1627558399650 0.1614116582136413 293
1627558399735 0.16132320741325706 294
1627558399786 0.16124885980114914 295
1627558399833 0.16118663412064468 296
1627558399878 0.16111889158286521 297
1627558399929 0.1610501423352037 298
1627558399978 0.16097165564473817 299
1627558400078 0.16085996223223525 300
1627558400150 0.16077846702366988 301
1627558400244 0.16069124687512543 302
1627558400325 0.16061273916240415 303
1627558400396 0.16053016365940967 304
1627558400460 0.16046420041220466 305
1627558400526 0.16036645551792628 306
1627558400574 0.16030467904895984 307
1627558400636 0.16023265324165736 308
1627558400702 0.16015266517639748 309
1627558400751 0.16007016657348155 310
1627558400803 0.1599900700119518 311
1627558400871 0.15985901821799914 312
1627558400941 0.1597418892667622 313
1627558400996 0.1596705913281214 314
1627558401052 0.15961126251620028 315
1627558401131 0.15950605677996146 316
1627558401192 0.15941245020369768 317
1627558401257 0.15933532939793332 318
1627558401310 0.15925918992338295 319
1627558401365 0.15918129281829682 320
1627558401421 0.15910716811983924 321
1627558401469 0.15902501924264603 322
1627558401513 0.15895554649637658 323
1627558401553 0.158890533591639 324
1627558401620 0.15878371691635323 325
1627558401664 0.1587083029124382 326
1627558401724 0.15863322190409618 327
1627558401780 0.1585630721641321 328
1627558401838 0.1584866529608107 329
1627558401898 0.15839021659764307 330
1627558401947 0.15831098091666634 331
1627558402001 0.15823321807833185 332
1627558402052 0.1581664851842177 333
1627558402115 0.15808919424566242 334
1627558402171 0.15802135116262206 335
1627558402227 0.15794874026233865 336
1627558402282 0.15787337293094938 337
1627558402331 0.15781409697218998 338
1627558402394 0.15772556527731918 339
1627558402448 0.15764900445427998 340
1627558402501 0.15756913175459772 341
1627558402557 0.15750641115871974 342
1627558402617 0.15742754570065565 343
1627558402661 0.15737439166045317 344
1627558402709 0.15730952388339944 345
1627558402758 0.1572560385961463 346
1627558402816 0.15718192282264468 347
1627558402874 0.15710377847766802 348
1627558402943 0.15701690161972473 349
1627558402987 0.15696872625995728 350
1627558403040 0.15689783925815287 351
1627558403135 0.1567855529031721 352
1627558403186 0.1567201048855887 353
1627558403250 0.1566440951160508 354
1627558403303 0.1565939473474369 355
1627558403349 0.15652367122784416 356
1627558403397 0.15645618897248378 357
1627558403460 0.15636077394671563 358
1627558403537 0.15628344198329103 359
1627558403583 0.156214525023298 360
1627558403636 0.15615690001526672 361
1627558403684 0.1560937226662133 362
1627558403749 0.1560137681590382 363
1627558403798 0.15594745406541383 364
1627558403848 0.15587941712093062 365
1627558403901 0.15580776042290792 366
1627558403954 0.15573890718110933 367
1627558404012 0.1556689594398751 368
1627558404056 0.1556188382790481 369
1627558404103 0.1555557513909752 370
1627558404148 0.15549322411126248 371
1627558404196 0.15542488427813078 372
1627558404251 0.15535882948303148 373
1627558404301 0.15529746215690196 374
1627558404348 0.15524104070765507 375
1627558404399 0.15518782545095142 376
1627558404448 0.155129136266743 377
1627558404501 0.15505576212895794 378
1627558404555 0.154984948912707 379
1627558404634 0.15488489238508413 380
1627558404678 0.15483747846058732 381
1627558404726 0.15476473490329512 382
1627558404787 0.1547127990350427 383
1627558404842 0.15464566350734824 384
1627558404901 0.154559786018481 385
1627558404954 0.15450087917750532 386
1627558405022 0.15443417820431815 387
1627558405098 0.15436402300175156 388
1627558405186 0.15429545469693784 389
1627558405242 0.15423996954434274 390
1627558405299 0.1541858285319342 391
1627558405345 0.15413618349961142 392
1627558405392 0.15407751078703638 393
1627558405443 0.15403070592210968 394
1627558405494 0.15396543143814495 395
1627558405547 0.15389335655838748 396
1627558405595 0.15383554431624916 397
1627558405649 0.15377099881050896 398
1627558405701 0.15370272901206428 399
1627558405755 0.15363396116987063 400
1627558405801 0.15358157962123964 401
1627558405855 0.15351305311843902 402
1627558405905 0.15343876237676043 403
1627558405984 0.1567201048855887 404
1627558410050 0.5099669579964766 0
1627558410161 0.47070377210002595 1
1627558410318 0.4360624586719851 2
1627558410469 0.4055911516226932 3
1627558410592 0.3787842177884589 4
1627558410710 0.3554842150872731 5
1627558410817 0.33528704190845504 6
1627558410932 0.31791129164614823 7
1627558411072 0.30289077386249386 8
1627558411180 0.28995708255900554 9
1627558411402 0.27878272165293744 10
1627558411565 0.26925106835357837 11
1627558411674 0.26103913818132163 12
1627558412225 0.25415368066060484 13
1627558412607 0.2482113616382822 14
1627558412849 0.24323196970072952 15
1627558412963 0.2389444911708472 16
1627558413090 0.2354097305773424 17
1627558413190 0.23229578201538048 18
1627558413288 0.22954056935116393 19
1627558413438 0.22719716982590596 20
1627558413604 0.22516677253319523 21
1627558413734 0.22339840057075602 22
1627558413842 0.22175711891531374 23
1627558413949 0.22029934316173794 24
1627558414059 0.21909025199447685 25
1627558414287 0.21795271856341683 26
1627558414413 0.2169643293727974 27
1627558414519 0.21600522083460078 28
1627558414615 0.2151181425631632 29
1627558414715 0.21428061223122022 30
1627558414813 0.21358382160567677 31
1627558414942 0.2128412604529391 32
1627558415110 0.21207231087903303 33
1627558415221 0.21140503618872697 34
1627558415318 0.21057667944708452 35
1627558415412 0.20966619770451134 36
1627558415499 0.20914540188106334 37
1627558415654 0.2087036492422216 38
1627558415770 0.2080695060273527 39
1627558415845 0.2077061799947928 40
1627558415937 0.20709330252342953 41
1627558416074 0.2061807141236243 42
1627558416203 0.20579664116756996 43
1627558416342 0.20524810477145328 44
1627558416418 0.2048736818064879 45
1627558416507 0.20451497862254864 46
1627558416618 0.20393469214469143 47
1627558416829 0.20304827206438464 48
1627558417029 0.20265263448797466 49
1627558417125 0.20204968308392598 50
1627558417213 0.20177973514899222 51
1627558417314 0.20100913727555406 52
1627558417421 0.20027796694264915 53
1627558417511 0.1997126243209155 54
1627558417622 0.19941325217448025 55
1627558417702 0.1986901936926914 56
1627558417796 0.19831294251452772 57
1627558417908 0.19764256462827348 58
1627558417987 0.19735977256401085 59
1627558418086 0.19705728458911442 60
1627558418173 0.19648000370846272 61
1627558418266 0.19626502761334944 62
1627558418348 0.19600965689427424 63
1627558418432 0.1954359256680295 64
1627558418519 0.19503778818798287 65
1627558418598 0.1947475853609705 66
1627558418687 0.19453156338579508 67
1627558418771 0.19416491050226442 68
1627558418864 0.19373113679173137 69
1627558418942 0.19348189826697879 70
1627558419039 0.19320028296283667 71
1627558419116 0.19297194722370253 72
1627558419220 0.1924812940122385 73
1627558419314 0.19222976854191406 74
1627558419415 0.1918547407009138 75
1627558419505 0.19163238852098188 76
1627558419576 0.1914099657804361 77
1627558419647 0.1912054588165173 78
1627558419739 0.1909985930998638 79
1627558419831 0.19073622331260093 80
1627558419904 0.1904196853044072 81
1627558420001 0.1901052280699695 82
1627558420091 0.18991936215885835 83
1627558420188 0.18973858229790638 84
1627558420280 0.1895354198196412 85
1627558420359 0.18936524927841283 86
1627558420457 0.1891504384523948 87
1627558420544 0.18882570749711966 88
1627558420636 0.18858143694351878 89
1627558420719 0.18815870412706912 90
1627558420790 0.18795263044220636 91
1627558420907 0.1876042928765892 92
1627558421162 0.18726000270197185 93
1627558421241 0.18708044802141008 94
1627558421325 0.18687680014355867 95
1627558421389 0.18670250565254687 96
1627558421462 0.18631141056560963 97
1627558421544 0.1859725149757862 98
1627558421618 0.18576367361977877 99
1627558421739 0.1855840299551931 100
1627558421821 0.1852846668082226 101
1627558421890 0.18511491012982295 102
1627558421966 0.18483531276605517 103
1627558422035 0.18467922115547206 104
1627558422109 0.1845165959144659 105
1627558422236 0.18424599391521126 106
1627558422355 0.1839542585919179 107
1627558422463 0.18378370986365725 108
1627558422546 0.1836302876974453 109
1627558422607 0.18345108341994554 110
1627558422671 0.18328981344671433 111
1627558422739 0.18313778177114032 112
1627558422815 0.18297162394881342 113
1627558422891 0.1826965886560562 114
1627558422962 0.18255579736271332 115
1627558423028 0.18240066681448897 116
1627558423133 0.18215540540444583 117
1627558423215 0.18199779274666472 118
1627558423305 0.18184981303721426 119
1627558423374 0.18169014021888544 120
1627558423426 0.18154578868591728 121
1627558423479 0.18141347714013373 122
1627558423555 0.18126294705885843 123
1627558423634 0.18097336226439675 124
1627558423695 0.18083812978637817 125
1627558423765 0.1806935057288809 126
1627558423845 0.18048615585806838 127
1627558423956 0.18025921874787085 128
1627558424041 0.18012203483047592 129
1627558424147 0.17993482246759793 130
1627558424208 0.17976761477393546 131
1627558424293 0.17951347586505936 132
1627558424381 0.17935669783577654 133
1627558424448 0.17923111348388346 134
1627558424533 0.17909501660928473 135
1627558424620 0.17895238870081542 136
1627558424711 0.17883180176295915 137
1627558424791 0.1786980481855767 138
1627558424864 0.178551431528385 139
1627558424938 0.17840287372434413 140
1627558425009 0.17827420620875944 141
1627558425082 0.1781279422355831 142
1627558425131 0.17801815728153725 143
1627558425183 0.17789559643783567 144
1627558425252 0.17775508384577599 145
1627558425328 0.17758343410423408 146
1627558425400 0.17745277485415784 147
1627558425466 0.17731350346772734 148
1627558425532 0.17718044837350108 149
1627558425579 0.17706203337651102 150
1627558425651 0.17682930871196073 151
1627558425720 0.17671446670078378 152
1627558425784 0.17658820860480642 153
1627558425865 0.17636294895826124 154
1627558425932 0.17624981094726225 155
1627558426011 0.17613073997117126 156
1627558426072 0.17600734238596918 157
1627558426147 0.17581767433196838 158
1627558426211 0.175662772374276 159
1627558426258 0.17554935742495195 160
1627558426313 0.17545410795088173 161
1627558426375 0.17534569707160427 162
1627558426439 0.1752415411892522 163
1627558426519 0.17507016220123958 164
1627558426575 0.17494560226886663 165
1627558426662 0.17483330392892477 166
1627558426737 0.17460622267922257 167
1627558426788 0.17451059309387626 168
1627558426867 0.1743631694923495 169
1627558426944 0.17421815046452577 170
1627558426992 0.17411441357037466 171
1627558427074 0.17399236118734912 172
1627558427146 0.17382437542673454 173
1627558427203 0.1737125460030237 174
1627558427267 0.17358825760121577 175
1627558427322 0.17347265714510915 176
1627558427395 0.1733499016482435 177
1627558427461 0.1732336478666912 178
1627558427531 0.17310962698961635 179
1627558427594 0.17299102845563152 180
1627558427648 0.1728870434324937 181
1627558427722 0.17271023944834976 182
1627558427789 0.1725817092135456 183
1627558427851 0.1724925212972672 184
1627558427913 0.17236314734391464 185
1627558427959 0.17227675941638432 186
1627558428078 0.1721826578320224 187
1627558428230 0.17207902242903778 188
1627558428300 0.17189832805636165 189
1627558428344 0.17181343255444154 190
1627558428430 0.171710922567215 191
1627558428489 0.17160420428027026 192
1627558428601 0.17149275325684055 193
1627558428700 0.17137103864737196 194
1627558428759 0.17127441174885902 195
1627558428817 0.17114749923393477 196
1627558428878 0.17105306172831855 197
1627558428938 0.17094501628399866 198
1627558428986 0.17085852995357764 199
1627558429054 0.17076366854448083 200
1627558429109 0.17065165194129472 201
1627558429165 0.1705654699498888 202
1627558429219 0.1704717316387658 203
1627558429347 0.17029919411155614 204
1627558429417 0.17016218291290555 205
1627558429495 0.17006300060050816 206
1627558429581 0.1699757071051967 207
1627558429627 0.16987439921105477 208
1627558429764 0.16977330957340542 209
1627558429906 0.16962854515973047 210
1627558429997 0.1695349620003464 211
1627558430097 0.16943969694997196 212
1627558430228 0.16934632450287826 213
1627558430336 0.1692498705066434 214
1627558430424 0.16912922304888892 215
1627558430501 0.1690384808840421 216
1627558430584 0.1689472389578768 217
1627558430739 0.16886772452754772 218
1627558430804 0.16876737697207728 219
1627558430868 0.16861236406362656 220
1627558430935 0.16850778039285735 221
1627558431015 0.1684116537818759 222
1627558431124 0.16832587757372788 223
1627558431360 0.1682420833809882 224
1627558431475 0.1681397388499377 225
1627558431544 0.1680418215582841 226
1627558431618 0.16790764451107734 227
1627558431710 0.1678077453104453 228
1627558431870 0.16772408904217315 229
1627558432048 0.1676499795587491 230
1627558432211 0.1675627826293123 231
1627558432412 0.16740042617596293 232
1627558432473 0.16730905603840082 233
1627558432648 0.16722763698882437 234
1627558432751 0.1671402063622458 235
1627558432823 0.16706409369539837 236
1627558432925 0.16699101739998 237
1627558432979 0.16690998338382965 238
1627558433095 0.1668130790605612 239
1627558433170 0.16672294100180152 240
1627558433304 0.1666343776721117 241
1627558433401 0.16652873564498086 242
1627558433461 0.1664234459615148 243
1627558433533 0.1663242111249848 244
1627558433600 0.16622961224119318 245
1627558433673 0.1661378848471432 246
1627558433758 0.1660428092019121 247
1627558433862 0.16595650330294787 248
1627558433938 0.1658657898972745 249
1627558434027 0.1657835075461653 250
1627558434103 0.16569468686796565 251
1627558434151 0.16562682760015995 252
1627558434207 0.16554504387581714 253
1627558434269 0.16546037588700274 254
1627558434314 0.16540115861184215 255
1627558434385 0.1653159315332569 256
1627558434476 0.16521691635093833 257
1627558434560 0.16512654493987572 258
1627558434634 0.16502116571240003 259
1627558434732 0.16492711183175146 260
1627558435028 0.16478263290692988 261
1627558435138 0.164709713584655 262
1627558435229 0.1646296482247998 263
1627558435297 0.16454583843158477 264
1627558435369 0.16445659946659 265
1627558435458 0.16438783152199055 266
1627558435612 0.1642972190295731 267
1627558435688 0.16420645286898153 268
1627558435752 0.16410823302856425 269
1627558435938 0.16399639006615066 270
1627558436038 0.16391758261025138 271
1627558436102 0.16384934871438522 272
1627558436165 0.16376665313413236 273
1627558436256 0.16366628171775455 274
1627558436350 0.16357532367536642 275
1627558436465 0.16350452054398504 276
1627558436537 0.16343567508890688 277
1627558436604 0.16335905478477947 278
1627558436672 0.16328331490425563 279
1627558436744 0.16321370770555133 280
1627558436828 0.16304407072661542 281
1627558436955 0.16294558216436741 282
1627558437009 0.16287729911163962 283
1627558437076 0.162795771568833 284
1627558437198 0.16271479453212326 285
1627558437322 0.16263576529063092 286
1627558437458 0.16254204411244766 287
1627558437558 0.16243620684149082 288
1627558437692 0.1623720664860139 289
1627558437777 0.16223726752243772 290
1627558437831 0.16215254156852132 291
1627558437942 0.1620724852151632 292
1627558438011 0.1619948691298985 293
1627558438111 0.16191725773645244 294
1627558438294 0.16179218571834492 295
1627558438447 0.16166271708311894 296
1627558438579 0.1615795882083371 297
1627558438639 0.16151361645980392 298
1627558438750 0.16143993940302065 299
1627558438997 0.16137836100802952 300
1627558439067 0.16131186475939324 301
1627558439124 0.16123023920758417 302
1627558439213 0.16115804144560358 303
1627558439398 0.16107235679032744 304
1627558439615 0.16099132001250627 305
1627558439798 0.160904747988126 306
1627558439901 0.16081943189550849 307
1627558439973 0.16069643573767506 308
1627558440037 0.16062648076148378 309
1627558440133 0.16053298448031428 310
1627558440185 0.1604779670672723 311
1627558440243 0.16040814970660994 312
1627558440318 0.16030445556104156 313
1627558440418 0.16021638549946499 314
1627558440472 0.16015083828556476 315
1627558440531 0.16006916990479728 316
1627558440593 0.15998637033246857 317
1627558440648 0.15992097146328202 318
1627558440705 0.15984321667620138 319
1627558440776 0.15976097018440683 320
1627558440869 0.15963591059956161 321
1627558440928 0.1595704110942013 322
1627558441006 0.15949305516679724 323
1627558441103 0.159421546909823 324
1627558441224 0.15931589383530692 325
1627558441283 0.15923597113697655 326
1627558441332 0.15917141951384528 327
1627558441382 0.1591106441392142 328
1627558441439 0.15903294773729013 329
1627558441493 0.15895860356604924 330
1627558441566 0.15886279284088428 331
1627558441631 0.1587927316147235 332
1627558441701 0.1587191366770628 333
1627558441773 0.15864686130582087 334
1627558441865 0.15859575497193693 335
1627558441955 0.15853554375625295 336
1627558442032 0.1584836197643255 337
1627558442114 0.15842053766057695 338
1627558442178 0.15836098462049708 339
1627558442233 0.15828626743489105 340
1627558442281 0.15821631726580707 341
1627558442352 0.15815491997254266 342
1627558442437 0.15807748684422485 343
1627558442501 0.15801079007063318 344
1627558442585 0.15794050467084705 345
1627558442640 0.1578695253723627 346
1627558442685 0.1578077452289491 347
1627558442734 0.1577272418299508 348
1627558442781 0.1576543570069932 349
1627558442832 0.15759640716661066 350
1627558442877 0.15754141365412894 351
1627558442928 0.15748462222387666 352
1627558442970 0.15741201626656579 353
1627558443026 0.1573638434875201 354
1627558443081 0.1572934415952264 355
1627558443131 0.1572236618311744 356
1627558443186 0.15714797364828362 357
1627558443229 0.15708832335920372 358
1627558443291 0.15701940680405188 359
1627558443356 0.1569519769558839 360
1627558443437 0.15686735956301567 361
1627558443616 0.15679985194660032 362
1627558443677 0.15672632123575478 363
1627558443827 0.15664544058694993 364
1627558443910 0.15657123428157751 365
1627558444134 0.1564774009744253 366
1627558444208 0.15642135947590177 367
1627558444301 0.15633233461051826 368
1627558444406 0.15622276636568577 369
1627558444456 0.15614990627070743 370
1627558444501 0.15609147453279448 371
1627558444569 0.15601935363462138 372
1627558444615 0.15596698181871657 373
1627558444671 0.15590022984222762 374
1627558444726 0.15583029056479275 375
1627558444802 0.15576432915115448 376
1627558444865 0.15569170437352342 377
1627558444928 0.15561346617546634 378
1627558444990 0.1555445545643847 379
1627558445051 0.15547377466655257 380
1627558445112 0.1554056339013103 381
1627558445172 0.15531761339893813 382
1627558445232 0.15524716672598124 383
1627558445285 0.1551719430222971 384
1627558445359 0.15864686130582087 385
