1627558288086 0.0010992337756881784 0
1627558288184 0.0010145547457152005 1
1627558288290 0.0009397361669584401 2
1627558288395 0.0008740305306034996 3
1627558288501 0.0008162176391593458 4
1627558288599 0.0007659839675742477 5
1627558288697 0.0007224114776793382 6
1627558288795 0.000684854424063562 7
1627558288899 0.0006526598476057865 8
1627558288990 0.0006246975959614594 9
1627558289088 0.0006005139375456227 10
1627558289191 0.0005799945886376804 11
1627558289334 0.0005622695744876797 12
1627558289436 0.0005472713290788775 13
1627558289566 0.0005343584145531422 14
1627558289686 0.0005236854293860308 15
1627558289783 0.0005142920560310951 16
1627558289893 0.000506710547021879 17
1627558289979 0.0005001004502035525 18
1627558290075 0.0004939870378354288 19
1627558290158 0.0004889146912224452 20
1627558290240 0.00048464099221571405 21
1627558290331 0.00048076466829952337 22
1627558290414 0.0004771334897328098 23
1627558290499 0.0004740304761230929 24
1627558290586 0.00047159497781985936 25
1627558290676 0.0004691103699030748 26
1627558290758 0.0004669483071701469 27
1627558290845 0.0004649434597803969 28
1627558290925 0.00046310483851889645 29
1627558291002 0.0004613307241706198 30
1627558291092 0.0004597985219868173 31
1627558291170 0.00045790308593787743 32
1627558291277 0.0004562198491356415 33
1627558291373 0.0004548673088510729 34
1627558291457 0.00045304086125524034 35
1627558291561 0.00045151113593804785 36
1627558291634 0.00044993177750389805 37
1627558291710 0.0004487409685357594 38
1627558291788 0.00044668200599710776 39
1627558291869 0.0004457601971272038 40
1627558291952 0.0004446056193505895 41
1627558292028 0.00044292239650226125 42
1627558292123 0.0004413787186183735 43
1627558292215 0.0004405812043257103 44
1627558292290 0.00043969345226721983 45
1627558292369 0.00043886300198681707 46
1627558292442 0.0004377492052527467 47
1627558292527 0.0004361089592889441 48
1627558292611 0.00043524285732800434 49
1627558292713 0.00043349108920554734 50
1627558292787 0.0004328879299762819 51
1627558292865 0.00043207896332078075 52
1627558292956 0.00043058219555417246 53
1627558293071 0.0004297597422679422 54
1627558293198 0.00042894348725532836 55
1627558293279 0.00042793353303119814 56
1627558293344 0.00042740475659428466 57
1627558293421 0.0004265246530212377 58
1627558293530 0.00042588693822106914 59
1627558293617 0.00042505715468603786 60
1627558293726 0.00042366175020475713 61
1627558293803 0.0004231476629247371 62
1627558293867 0.0004226950352134231 63
1627558293946 0.000421980600554715 64
1627558294023 0.00042141726897875604 65
1627558294096 0.00042090050339562427 66
1627558294181 0.0004203014830800977 67
1627558294263 0.0004197688518624077 68
1627558294331 0.00041891437355425626 69
1627558294412 0.00041842304767148944 70
1627558294490 0.0004178512985126735 71
1627558294574 0.00041680555467046626 72
1627558294650 0.00041619286695809485 73
1627558294724 0.0004156921571569077 74
1627558294796 0.0004152997048325266 75
1627558294879 0.00041407830154252735 76
1627558294953 0.0004134541227565013 77
1627558295027 0.0004129751653693247 78
1627558295101 0.00041254746199630333 79
1627558295168 0.00041199161712633344 80
1627558295245 0.0004108857537500443 81
1627558295318 0.0004104018715912072 82
1627558295394 0.0004099112374309938 83
1627558295471 0.0004090770325589145 84
1627558295554 0.00040864002170585303 85
1627558295637 0.0004082275635823904 86
1627558295718 0.0004078228160860099 87
1627558295820 0.00040746036268063585 88
1627558295907 0.00040697216115238193 89
1627558295992 0.0004060546676905799 90
1627558296074 0.0004052511381340188 91
1627558296149 0.0004043313523409625 92
1627558296214 0.00040393109683539556 93
1627558296283 0.0004035329884419394 94
1627558296360 0.00040305842971679744 95
1627558296428 0.0004025349774255596 96
1627558296509 0.0004017929716640588 97
1627558296570 0.0004014583975928036 98
1627558296644 0.0004010496531427559 99
1627558296739 0.00040057148272656565 100
1627558296816 0.00040011748513407323 101
1627558296879 0.0003997518102707677 102
1627558296948 0.0003993655821310922 103
1627558297006 0.0003990325330356746 104
1627558297082 0.00039867304669740446 105
1627558297147 0.0003983041120261298 106
1627558297217 0.0003976488240063502 107
1627558297298 0.00039720535871737246 108
1627558297368 0.00039663970617337 109
1627558297466 0.0003961722576409294 110
1627558297569 0.0003958043993108709 111
1627558297674 0.0003954891657643991 112
1627558297771 0.00039519433599889713 113
1627558297895 0.0003945086655159118 114
1627558298008 0.0003941732177402492 115
1627558298111 0.0003937986988451699 116
1627558298186 0.00039351758970517875 117
1627558298263 0.00039311370380082155 118
1627558298386 0.0003925564453101789 119
1627558298476 0.000392268252358675 120
1627558298524 0.00039196041326528767 121
1627558298593 0.0003915773305659423 122
1627558298670 0.0003911956246894258 123
1627558298743 0.0003906337340000563 124
1627558298824 0.000390320746071915 125
1627558298879 0.00039001971666530514 126
1627558298956 0.0003894770676479723 127
1627558299011 0.0003891954168354935 128
1627558299079 0.00038888827529267765 129
1627558299146 0.0003886207973352233 130
1627558299212 0.00038837991572403 131
1627558299307 0.00038812639893009624 132
1627558299373 0.00038783304482467264 133
1627558299470 0.0003875431400751661 134
1627558299560 0.0003872599874348286 135
1627558299662 0.00038694789716381303 136
1627558299742 0.00038660904521091547 137
1627558299798 0.0003863098728845941 138
1627558299864 0.00038601571522699213 139
1627558299941 0.000385717914211383 140
1627558300035 0.0003851717106530014 141
1627558300103 0.00038486984096463786 142
1627558300171 0.0003844241370331327 143
1627558300237 0.0003841464848756785 144
1627558300311 0.0003838631287519292 145
1627558300368 0.0003835357784861176 146
1627558300431 0.0003832722139615227 147
1627558300492 0.0003829889005247334 148
1627558300564 0.00038251171982643656 149
1627558300640 0.0003822352941473923 150
1627558300687 0.00038198351087509756 151
1627558300757 0.00038165255755134056 152
1627558300816 0.00038139531580909017 153
1627558300875 0.0003811646684577261 154
1627558300936 0.00038092214114333217 155
1627558301007 0.0003806624841227012 156
1627558301123 0.0003800933269036228 157
1627558301223 0.00037975247781078927 158
1627558301293 0.0003794828865773269 159
1627558301378 0.00037891641181286975 160
1627558301451 0.0003786711154980533 161
1627558301533 0.0003783833986994085 162
1627558301592 0.0003781968423045177 163
1627558301675 0.0003779226877633409 164
1627558301730 0.00037766233436940577 165
1627558301790 0.0003774009615894647 166
1627558301855 0.0003771647740876654 167
1627558301935 0.0003766290352127729 168
1627558301991 0.0003764282299003071 169
1627558302061 0.0003761278068309893 170
1627558302122 0.000375858211437049 171
1627558302207 0.00037561614229915185 172
1627558302293 0.0003753676018976414 173
1627558302376 0.0003751247874489584 174
1627558302462 0.0003749023347167903 175
1627558302515 0.0003746422720137307 176
1627558302586 0.0003743989836435994 177
1627558302658 0.0003741305107018635 178
1627558302729 0.00037374425446087264 179
1627558302813 0.00037333007368205867 180
1627558302882 0.0003730123560872901 181
1627558302948 0.0003725223769390008 182
1627558303016 0.00037215535788813497 183
1627558303070 0.00037192138296042796 184
1627558303143 0.00037145218339703723 185
1627558303243 0.0003711723724894476 186
1627558303333 0.0003709264702582308 187
1627558303389 0.0003707156147001017 188
1627558303453 0.00037041423381107565 189
1627558303547 0.0003701764649655326 190
1627558303641 0.0003699378462041712 191
1627558303715 0.0003697480267849064 192
1627558303820 0.0003694438280631451 193
1627558303908 0.00036921030237273104 194
1627558304002 0.00036899543270106503 195
1627558304063 0.0003687912597290932 196
1627558304123 0.0003685960430066121 197
1627558304180 0.00036841828759287277 198
1627558304248 0.00036820873825686663 199
1627558304315 0.0003680204960089303 200
1627558304401 0.00036754980387148544 201
1627558304467 0.00036728647263204833 202
1627558304536 0.00036698883812696296 203
1627558304589 0.0003668052005690552 204
1627558304674 0.0003665492920778833 205
1627558304732 0.0003663397184197044 206
1627558304796 0.00036613469199500383 207
1627558304855 0.0003658704057290399 208
1627558304922 0.00036565896666350097 209
1627558304984 0.0003654119617379155 210
1627558305059 0.00036496333581326906 211
1627558305113 0.0003647432223241334 212
1627558305174 0.0003645259017317847 213
1627558305229 0.0003643298380843802 214
1627558305279 0.0003641488578297262 215
1627558305333 0.0003639495624433361 216
1627558305395 0.000363660976432914 217
1627558305455 0.00036343719617311105 218
1627558305514 0.000363206053885849 219
1627558305570 0.0003630170398569771 220
1627558305627 0.00036282306935966804 221
1627558305690 0.0003626234838712376 222
1627558305751 0.00036241634949796763 223
1627558305809 0.00036221607956638284 224
1627558305870 0.00036200447138946915 225
1627558305947 0.0003617056112825403 226
1627558306008 0.0003614940274519107 227
1627558306069 0.0003612744834283861 228
1627558306123 0.000361094594076371 229
1627558306187 0.0003608443709036336 230
1627558306235 0.00036065752216211895 231
1627558306298 0.0003604345786479422 232
1627558306354 0.0003602571194139672 233
1627558306411 0.0003600631611942832 234
1627558306463 0.0003598717402556449 235
1627558306523 0.00035969525847323917 236
1627558306593 0.0003594910622875505 237
1627558306665 0.0003593002566420126 238
1627558306730 0.0003590530489122822 239
1627558306785 0.00035886511207101603 240
1627558306838 0.0003586746222420027 241
1627558306901 0.0003584782996289901 242
1627558306966 0.0003582511859439902 243
1627558307016 0.00035804581447903427 244
1627558307074 0.0003578669611907435 245
1627558307129 0.00035766573774366034 246
1627558307186 0.0003574756343625423 247
1627558307235 0.000357302968086758 248
1627558307293 0.00035713022826437777 249
1627558307377 0.00035695972905284225 250
1627558307441 0.0003567746828979897 251
1627558307486 0.00035661630891773734 252
1627558307531 0.0003564114507394534 253
1627558307600 0.00035622325194489276 254
1627558307675 0.00035606789270823254 255
1627558307731 0.0003558524844788829 256
1627558307787 0.0003556850150843971 257
1627558307839 0.000355480524871764 258
1627558307900 0.0003552347637555679 259
1627558307959 0.00035502012468187745 260
1627558308013 0.0003548366977552252 261
1627558308063 0.00036496333581326906 262
1627558312352 0.0010991284116526258 0
1627558312472 0.0010146029328950644 1
1627558312574 0.0009399183325629606 2
1627558312678 0.0008742907978068034 3
1627558312833 0.0008166783784248825 4
1627558312948 0.0007665118983424682 5
1627558313045 0.000723105628512847 6
1627558313168 0.0006856740178737674 7
1627558313265 0.0006535282791427815 8
1627558313361 0.0006256382965527119 9
1627558313463 0.0006015493999265342 10
1627558313565 0.0005810506033664373 11
1627558313662 0.0005632657524530302 12
1627558313759 0.0005483428875376185 13
1627558313850 0.0005354084806284007 14
1627558313947 0.0005246679898753647 15
1627558314044 0.000515307312527229 16
1627558314155 0.000507703282310735 17
1627558314243 0.0005012139891080698 18
1627558314331 0.0004951801586078751 19
1627558314420 0.0004899943761656297 20
1627558314505 0.0004858098862214843 21
1627558314595 0.0004821532578761454 22
1627558314733 0.0004789209611334785 23
1627558314816 0.0004758348605185731 24
1627558314924 0.0004731894864983248 25
1627558315018 0.00047076166078066845 26
1627558315100 0.00046850909810759956 27
1627558315185 0.00046654785389425065 28
1627558315268 0.0004646364163839338 29
1627558315346 0.00046295307118272367 30
1627558315431 0.00046135242748974385 31
1627558315512 0.000459411742746537 32
1627558315592 0.000457696617330262 33
1627558315668 0.00045653971586664965 34
1627558315742 0.00045483766783099166 35
1627558315826 0.0004530266351361428 36
1627558315912 0.000451509917476598 37
1627558315986 0.00045035765753686965 38
1627558316071 0.00044922836904234115 39
1627558316151 0.00044845129241796717 40
1627558316234 0.0004466790282498712 41
1627558316313 0.00044529198402584676 42
1627558316395 0.0004441774232958612 43
1627558316493 0.0004428752848156429 44
1627558316566 0.0004422329629497834 45
1627558316649 0.0004407612369795671 46
1627558316729 0.0004392285469003927 47
1627558316809 0.000437876030872251 48
1627558316892 0.0004365679994820911 49
1627558316982 0.0004358892426935966 50
1627558317070 0.0004352293492021007 51
1627558317145 0.00043463599196938673 52
1627558317263 0.00043289494750429065 53
1627558317337 0.0004320558596342866 54
1627558317421 0.00043119900910255514 55
1627558317505 0.00042996131474196553 56
1627558317602 0.0004294014681134995 57
1627558317707 0.00042872464643077757 58
1627558317799 0.00042750425473965184 59
1627558317918 0.0004268088734540245 60
1627558317999 0.0004257201619988742 61
1627558318080 0.00042500567160936204 62
1627558318174 0.00042455901932545115 63
1627558318299 0.00042400798315479315 64
1627558318397 0.0004227096058346277 65
1627558318481 0.0004221917301312026 66
1627558318569 0.0004209295403587259 67
1627558318644 0.00042016025162644965 68
1627558318716 0.00041962127771247315 69
1627558318790 0.00041907466491661425 70
1627558318854 0.0004185911028446972 71
1627558318921 0.0004181157108590402 72
1627558319005 0.0004169221266923965 73
1627558319096 0.000416074972039246 74
1627558319180 0.00041490804695514997 75
1627558319250 0.0004144610328558453 76
1627558319324 0.0004140236531689542 77
1627558319401 0.0004135376434051311 78
1627558319473 0.0004131307756936311 79
1627558319551 0.000412350407559864 80
1627558319628 0.0004116263657618054 81
1627558319751 0.00041113165456143307 82
1627558319849 0.00041069976641173675 83
1627558319954 0.00041025969744780394 84
1627558320086 0.00040924673584229263 85
1627558320164 0.000408796711602908 86
1627558320240 0.0004083668083482718 87
1627558320324 0.0004079762905616116 88
1627558320411 0.0004072093264634134 89
1627558320489 0.0004067523511885602 90
1627558320562 0.00040640454754850845 91
1627558320640 0.00040600157129696115 92
1627558320710 0.00040545555955167863 93
1627558320784 0.0004050815986499109 94
1627558320865 0.00040431097413732935 95
1627558320941 0.0004035282969107184 96
1627558321016 0.00040313062554237536 97
1627558321104 0.0004024568152079908 98
1627558321183 0.00040201850872026353 99
1627558321280 0.0004016530383630502 100
1627558321353 0.00040120453349736754 101
1627558321425 0.0004006761001555877 102
1627558321503 0.0003999926869137879 103
1627558321607 0.0003993120680906111 104
1627558321686 0.00039877754940709963 105
1627558321757 0.0003983052558441776 106
1627558321830 0.0003975977129483332 107
1627558321903 0.000397209363873258 108
1627558321967 0.00039682006784941726 109
1627558322036 0.0003964962439189696 110
1627558322101 0.000396115709867341 111
1627558322163 0.00039582024142202426 112
1627558322235 0.00039533342483405074 113
1627558322316 0.0003950052887269098 114
1627558322387 0.0003946877312903217 115
1627558322443 0.000394340555474827 116
1627558322519 0.0003937343655100514 117
1627558322589 0.00039338837512239945 118
1627558322662 0.0003930752055375523 119
1627558322738 0.0003927425608419358 120
1627558322799 0.000392401477780193 121
1627558322868 0.00039206925761412463 122
1627558322941 0.0003917823069015023 123
1627558323004 0.0003913960512335707 124
1627558323086 0.00039093966452181527 125
1627558323141 0.0003906515100667562 126
1627558323221 0.00039024239721790837 127
1627558323300 0.00038969738751386057 128
1627558323363 0.00038935188238788885 129
1627558323421 0.0003890572343191682 130
1627558323486 0.00038877273534918574 131
1627558323572 0.0003881058501331798 132
1627558323639 0.0003877654358058999 133
1627558323725 0.000387244077014779 134
1627558323786 0.00038693830360345995 135
1627558323859 0.0003866146427339452 136
1627558323940 0.00038592097345112135 137
1627558323997 0.0003856575011189728 138
1627558324065 0.0003852950796453268 139
1627558324132 0.00038499828510479286 140
1627558324234 0.0003844796033658862 141
1627558324303 0.00038416735190737003 142
1627558324413 0.00038381652006593377 143
1627558324505 0.0003835153787321102 144
1627558324569 0.00038318664374630587 145
1627558324685 0.0003828269622617655 146
1627558324760 0.0003825512629868286 147
1627558324826 0.00038225938166878677 148
1627558324902 0.00038197700847777396 149
1627558324979 0.0003816975218903459 150
1627558325031 0.0003814573331437125 151
1627558325101 0.0003811073741297881 152
1627558325158 0.00038087846165653697 153
1627558325241 0.0003804856711661778 154
1627558325310 0.00038012865990975377 155
1627558325371 0.00037987175032038747 156
1627558325442 0.0003795346145889889 157
1627558325515 0.00037926708803604696 158
1627558325588 0.0003789930231920861 159
1627558325652 0.0003787242973011463 160
1627558325717 0.000378384705328741 161
1627558325795 0.0003781548835455618 162
1627558325898 0.00037770135206964387 163
1627558325964 0.0003774462839777201 164
1627558326023 0.0003771965271127147 165
1627558326081 0.0003769563730723716 166
1627558326166 0.00037670800975862534 167
1627558326212 0.0003764994980886557 168
1627558326281 0.00037606333188044874 169
1627558326328 0.00037585437961863726 170
1627558326382 0.00037558979962827534 171
1627558326448 0.0003753617187904326 172
1627558326502 0.0003750910294006362 173
1627558326565 0.00037483520568635435 174
1627558326636 0.0003745251186540891 175
1627558326697 0.00037429192783966373 176
1627558326780 0.00037376481348477234 177
1627558326852 0.00037350193905137733 178
1627558326912 0.00037325082028849294 179
1627558326968 0.00037300618595828615 180
1627558327032 0.00037272974259463035 181
1627558327101 0.00037241182832066006 182
1627558327172 0.000372179381366372 183
1627558327246 0.00037193544121892673 184
1627558327309 0.00037170049207428777 185
1627558327373 0.00037142103275815267 186
1627558327437 0.00037116250158211717 187
1627558327483 0.0003709845834828847 188
1627558327538 0.0003707645837359826 189
1627558327599 0.000370500764894207 190
1627558327656 0.00037021698735465364 191
1627558327715 0.00036999120352187423 192
1627558327790 0.0003697429088849881 193
1627558327854 0.00036949663324179735 194
1627558327911 0.0003693254815127674 195
1627558327961 0.0003691551051552562 196
1627558328012 0.0003689638477362173 197
1627558328076 0.00036870194487827066 198
1627558328121 0.00036852609369695806 199
1627558328208 0.00036817617952233185 200
1627558328263 0.00036793906315824465 201
1627558328334 0.00036768529008504206 202
1627558328404 0.0003673490131857726 203
1627558328460 0.0003671497557137942 204
1627558328512 0.00036692957806776894 205
1627558328579 0.0003667003843635609 206
1627558328624 0.0003664794907515983 207
1627558328673 0.00036626403993430184 208
1627558328729 0.00036603817907635526 209
1627558328777 0.00036581729730825717 210
1627558328843 0.00036562037342414625 211
1627558328905 0.00036540199863978204 212
1627558328986 0.0003652154691634406 213
1627558329064 0.0003649970183055305 214
1627558329127 0.0003647896845765003 215
1627558329216 0.0003644483500616983 216
1627558329292 0.0003642498690901493 217
1627558329342 0.0003640315682757119 218
1627558329396 0.00036383799870225554 219
1627558329460 0.00036359085985562416 220
1627558329518 0.00036336045370316533 221
1627558329578 0.0003631790315504456 222
1627558329636 0.0003629911165825214 223
1627558329688 0.00036281120096121674 224
1627558329745 0.0003626133196050603 225
1627558329808 0.00036240733088147855 226
1627558329869 0.00036218763344295334 227
1627558329916 0.000362014909440538 228
1627558329963 0.00036181866595487493 229
1627558330060 0.0003615543076212856 230
1627558330115 0.0003613578767104586 231
1627558330189 0.0003611826123557852 232
1627558330261 0.00036098950543226563 233
1627558330332 0.000360717773519939 234
1627558330388 0.0003605374929785049 235
1627558330461 0.0003603379610003434 236
1627558330520 0.0003601194727430638 237
1627558330588 0.00035986269575968746 238
1627558330650 0.00035964674830798576 239
1627558330712 0.0003594647500549595 240
1627558330763 0.0003592859716443125 241
1627558330809 0.00035910326330971604 242
1627558330865 0.0003589290132196445 243
1627558330945 0.00035870934461095064 244
1627558331016 0.00035857416024145087 245
1627558331107 0.0003582669613150392 246
1627558331171 0.00035799418217271543 247
1627558331234 0.0003577960799443982 248
1627558331325 0.0003575509945642717 249
1627558331414 0.0003572557299544694 250
1627558331478 0.0003570575884121517 251
1627558331547 0.0003568940777469228 252
1627558331635 0.0003566746839817454 253
1627558331716 0.00035648435184504616 254
1627558331763 0.0003563522725783638 255
1627558331822 0.0003561414102078235 256
1627558331891 0.0003558557313252493 257
1627558331967 0.00035566283565323397 258
1627558332035 0.0003554550495093419 259
1627558332093 0.0003552816266990193 260
1627558332149 0.0003551184714740317 261
1627558332235 0.00035494881281682763 262
1627558332301 0.0003547440067392409 263
1627558332356 0.00035455798021606953 264
1627558332416 0.0003543190899900309 265
1627558332462 0.00035415855742192956 266
1627558332507 0.0003540175915574616 267
1627558332574 0.000353832924445401 268
1627558332665 0.00035364105777184294 269
1627558332724 0.0003534570232070704 270
1627558332778 0.00035328388963169483 271
1627558332863 0.00035313239873569364 272
1627558332929 0.00035297178075592675 273
1627558332978 0.0003528147473308482 274
1627558333046 0.00035261513754711484 275
1627558333139 0.0003523361016857576 276
1627558333209 0.000352073892469472 277
1627558333285 0.00035179178161653615 278
1627558333349 0.000351649456877484 279
1627558333406 0.00035148302159458613 280
1627558333467 0.0003513017064336872 281
1627558333519 0.0003511300236590811 282
1627558333567 0.00035097764129897246 283
1627558333623 0.00035079328831165993 284
1627558333671 0.000350623083942179 285
1627558333730 0.000350485797111355 286
1627558333802 0.0003502859123327016 287
1627558333868 0.0003500945218744483 288
1627558333918 0.0003499667194495741 289
1627558333987 0.0003497401934303625 290
1627558334047 0.0003495522079045735 291
1627558334116 0.00034938152798520277 292
1627558334189 0.00034922957821800847 293
1627558334241 0.000349075719836751 294
1627558334301 0.0003488890031444413 295
1627558334375 0.00034868779880738176 296
1627558334439 0.0003485111847480548 297
1627558334499 0.00034836027923666225 298
1627558334553 0.00034818006481709393 299
1627558334643 0.00034795977458651267 300
1627558334693 0.0003478395999682642 301
1627558334753 0.0003476574767067374 302
1627558334808 0.00034750655538835816 303
1627558334871 0.00034732401811093244 304
1627558334937 0.00034717300661378807 305
1627558334987 0.00034702362717545145 306
1627558335030 0.0003468999952878038 307
1627558335096 0.0003467310531752696 308
1627558335157 0.0003465602126625826 309
1627558335222 0.0003463664673488744 310
1627558335292 0.00034624479263806304 311
1627558335347 0.00034611382671496076 312
1627558335402 0.0003459552838630786 313
1627558335463 0.0003457446296745098 314
1627558335519 0.00034557562009012214 315
1627558335571 0.0003454024611517766 316
1627558335622 0.00034523504367816346 317
1627558335671 0.00034510489167469377 318
1627558335717 0.00034498560879727677 319
1627558335768 0.00034483666391481305 320
1627558335821 0.0003446659646346631 321
1627558335876 0.0003445102609950325 322
1627558335930 0.00034430949959272895 323
1627558335984 0.0003441296058687894 324
1627558336035 0.0003439817479622976 325
1627558336080 0.00034385664459779167 326
1627558336128 0.00034369299502520843 327
1627558336189 0.00034355094010093333 328
1627558336266 0.000343371059480091 329
1627558336354 0.0003431286012911959 330
1627558336415 0.00034292647380388834 331
1627558336472 0.00034276428286283625 332
1627558336542 0.00034256793125210635 333
1627558336598 0.0003423953579828494 334
1627558336654 0.0003422515216102497 335
1627558336700 0.00034209601687313815 336
1627558336763 0.00034189086338132923 337
1627558336806 0.00034173999609317987 338
1627558336860 0.00034157683290904063 339
1627558336908 0.00034143539114086976 340
1627558336974 0.0003412068908089255 341
1627558337057 0.0003410220229614019 342
1627558337106 0.0003408651594618393 343
1627558337171 0.0003406959050794572 344
1627558337224 0.0003405330873219501 345
1627558337282 0.0003403770844820116 346
1627558337337 0.0003402093484652664 347
1627558337408 0.0003400500492551946 348
1627558337458 0.0003399195990182441 349
1627558337522 0.0003397706243903869 350
1627558337594 0.00033958221412584537 351
1627558337649 0.000339446407898326 352
1627558337699 0.00033928730156473295 353
1627558337761 0.00033912650688950035 354
1627558337808 0.0003389933138989224 355
1627558337865 0.0003388375805227379 356
1627558337932 0.0003386127617445792 357
1627558337974 0.00033847706084811854 358
1627558338025 0.00033831700746875324 359
1627558338076 0.0003382014216514357 360
1627558338135 0.00033802354188659637 361
1627558338192 0.00033787948895987587 362
1627558338236 0.0003377443619798881 363
1627558338287 0.0003375867221205622 364
1627558338327 0.0003374585820411245 365
1627558338373 0.0003373075079060281 366
1627558338428 0.00033714883200659275 367
1627558338475 0.00033700922663293755 368
1627558338528 0.0003368687398551654 369
1627558338573 0.000336736793875528 370
1627558338614 0.00033661294371863765 371
1627558338672 0.0003364865576672161 372
1627558338715 0.00033636379227245755 373
1627558338791 0.0003360888719621512 374
1627558338845 0.0003359660766187439 375
1627558338904 0.0003358318478575556 376
1627558338952 0.0003357010652506498 377
1627558338999 0.0003355548913447021 378
1627558339066 0.000335395867848305 379
1627558339131 0.0003352529882347048 380
1627558339184 0.00033512179913781107 381
1627558339245 0.0003349302032332728 382
1627558339318 0.00033471625694710046 383
1627558339373 0.00033456979999860745 384
1627558339421 0.000334419493013756 385
1627558339466 0.0003343109943367407 386
1627558339516 0.00033417601162104266 387
1627558339566 0.0003340272043902235 388
1627558339631 0.0003337982900622145 389
1627558339676 0.0003336597774756941 390
1627558339725 0.00033353393460598923 391
1627558339769 0.000333391413731836 392
1627558339814 0.0003332549438968984 393
1627558339863 0.0003331360087084685 394
1627558339910 0.0003329957020995963 395
1627558339964 0.0003328347492383369 396
1627558340038 0.00033269078717487765 397
1627558340092 0.0003325343637201356 398
1627558340139 0.0003324326827842989 399
1627558340231 0.0003322909032941831 400
1627558340301 0.00033212471221433584 401
1627558340369 0.0003319804301684263 402
1627558340417 0.0003318327105394769 403
1627558340490 0.0003316783216985932 404
1627558340566 0.00033152785953712884 405
1627558340642 0.00033133580324576557 406
1627558340709 0.0003311742822492547 407
1627558340751 0.0003310690918860644 408
1627558340808 0.0003308862544906359 409
1627558340855 0.0003307403484068649 410
1627558340907 0.00033058340083495926 411
1627558340965 0.00033043537193107396 412
1627558341046 0.00033787948895987587 413
1627558345166 0.001100031628082686 0
1627558345289 0.0010152612954829703 1
1627558345391 0.0009403514839490517 2
1627558345491 0.000874559916526436 3
1627558345593 0.000816979579794688 4
1627558345699 0.0007667038946810913 5
1627558345800 0.0007231923721223057 6
1627558345908 0.0006857247582261737 7
1627558346007 0.0006534002297975954 8
1627558346109 0.0006254568040798609 9
1627558346209 0.0006012685188358223 10
1627558346303 0.0005807549360563902 11
1627558346400 0.0005629520409712735 12
1627558346500 0.0005480948162544824 13
1627558346591 0.000535277202754378 14
1627558346680 0.000524513280885101 15
1627558346770 0.0005152652683555245 16
1627558346886 0.0005075835234204462 17
1627558346994 0.0005010399082977222 18
1627558347081 0.0004950795986423585 19
1627558347166 0.0004900505508743368 20
1627558347253 0.0004856150808062207 21
1627558347350 0.0004816675654000602 22
1627558347442 0.00047801678545820694 23
1627558347532 0.00047503541506623475 24
1627558347621 0.0004724450816490276 25
1627558347712 0.0004700325966430993 26
1627558347800 0.0004679026811619982 27
1627558347914 0.0004661111408591004 28
1627558347995 0.00046394339932123057 29
1627558348073 0.00046210381086591765 30
1627558348156 0.0004608089370860759 31
1627558348237 0.00045901711670887427 32
1627558348315 0.0004572547796346666 33
1627558348388 0.00045611310247502485 34
1627558348467 0.000454201533601876 35
1627558348562 0.0004524173890297596 36
1627558348653 0.0004507625094860079 37
1627558348733 0.00044966921747419613 38
1627558348843 0.0004476214074178411 39
1627558348926 0.00044639145783459047 40
1627558349018 0.0004450949089675126 41
1627558349114 0.00044381949047118393 42
1627558349214 0.00044270105784438644 43
1627558349294 0.00044189613875227665 44
1627558349368 0.00044129400713927957 45
1627558349467 0.000439234267154224 46
1627558349546 0.0004375042648645581 47
1627558349622 0.00043645810714196406 48
1627558349697 0.00043573600703846025 49
1627558349775 0.00043443713196300034 50
1627558349842 0.00043361757281316877 51
1627558349914 0.0004325317413808516 52
1627558349992 0.0004317835934166875 53
1627558350084 0.00043030034019786716 54
1627558350161 0.0004293790746323889 55
1627558350243 0.00042860956247980724 56
1627558350306 0.0004280443680912377 57
1627558350378 0.0004274725197516955 58
1627558350466 0.0004259378845972405 59
1627558350543 0.0004253053977360065 60
1627558350627 0.00042454883521117796 61
1627558350704 0.0004239799810221335 62
1627558350772 0.0004232959945035827 63
1627558350848 0.00042268286510566626 64
1627558350927 0.0004213215631016149 65
1627558351009 0.0004206824928895967 66
1627558351089 0.00042023250123868986 67
1627558351189 0.00041941306560989777 68
1627558351286 0.00041857724566595763 69
1627558351380 0.00041808301294557254 70
1627558351456 0.00041755268384133736 71
1627558351533 0.0004168007402360978 72
1627558351604 0.00041622406321702247 73
1627558351684 0.0004151443543908165 74
1627558351767 0.00041411509932391194 75
1627558351865 0.0004130711036779539 76
1627558351942 0.00041258965408758785 77
1627558352010 0.00041201981203675296 78
1627558352083 0.00041146338715481373 79
1627558352163 0.0004106192336825938 80
1627558352222 0.00041018972411448743 81
1627558352297 0.00040966947472380967 82
1627558352368 0.0004092221444673929 83
1627558352455 0.00040821394059953504 84
1627558352538 0.00040780709337013204 85
1627558352616 0.00040735891197314557 86
1627558352710 0.0004069423732180363 87
1627558352785 0.0004064535368166945 88
1627558352865 0.0004060017107395859 89
1627558352978 0.00040519266340675967 90
1627558353041 0.00040477462004383935 91
1627558353109 0.0004044009846853624 92
1627558353176 0.00040393472573423546 93
1627558353249 0.0004030721221575443 94
1627558353317 0.0004023586255811758 95
1627558353388 0.00040172217975305736 96
1627558353453 0.0004011325342185472 97
1627558353517 0.000400678368501801 98
1627558353588 0.00040028709452906463 99
1627558353658 0.0003999232188455827 100
1627558353725 0.0003994408329044204 101
1627558353774 0.0003990463224731105 102
1627558353837 0.0003986676787812481 103
1627558353902 0.0003982986493470547 104
1627558353974 0.0003977250475562301 105
1627558354045 0.0003973666537921381 106
1627558354119 0.0003970248194317875 107
1627558354205 0.000396655291141796 108
1627558354275 0.00039630979154400343 109
1627558354353 0.0003959889183455931 110
1627558354422 0.00039561800853383453 111
1627558354495 0.00039532317850319475 112
1627558354576 0.0003949241276636646 113
1627558354639 0.0003944587750654338 114
1627558354711 0.00039412240260225227 115
1627558354771 0.00039379390413617844 116
1627558354849 0.0003931865919010958 117
1627558354928 0.00039263010143216853 118
1627558355003 0.0003920214603381005 119
1627558355071 0.0003916268156683184 120
1627558355139 0.0003912983535772245 121
1627558355217 0.0003909062146050415 122
1627558355291 0.00039058569422656614 123
1627558355370 0.0003901697771806587 124
1627558355443 0.0003897209065587555 125
1627558355511 0.00038944559165678453 126
1627558355591 0.0003891512293044064 127
1627558355679 0.00038883906193405883 128
1627558355750 0.00038850764825667925 129
1627558355819 0.0003882069184325908 130
1627558355875 0.00038796044600406893 131
1627558355964 0.00038766566225432216 132
1627558356051 0.0003873654232042248 133
1627558356127 0.0003868879868404078 134
1627558356202 0.0003864056626824743 135
1627558356266 0.00038610812576404997 136
1627558356348 0.00038553265162845644 137
1627558356417 0.00038523138599935725 138
1627558356483 0.0003849367781146367 139
1627558356561 0.0003843860907391168 140
1627558356632 0.0003840949485913492 141
1627558356708 0.00038380754488642814 142
1627558356844 0.00038327527370204376 143
1627558356926 0.0003829710909316576 144
1627558357006 0.00038266790965798707 145
1627558357090 0.0003823676520972476 146
1627558357158 0.0003820955249818394 147
1627558357245 0.0003817886619997553 148
1627558357339 0.00038149954305237134 149
1627558357433 0.00038124539131315305 150
1627558357510 0.00038099783579259594 151
1627558357628 0.00038074087758604096 152
1627558357693 0.00038049782884652 153
1627558357770 0.0003802093284324472 154
1627558357847 0.0003799563589044202 155
1627558357898 0.00037971428051817495 156
1627558357972 0.0003793051533995498 157
1627558358039 0.0003790362147153698 158
1627558358106 0.0003786870560185689 159
1627558358175 0.0003784141713795988 160
1627558358222 0.0003782208605681953 161
1627558358269 0.000378025988412721 162
1627558358327 0.00037772245629146483 163
1627558358386 0.00037746433367831246 164
1627558358446 0.0003771706643065996 165
1627558358498 0.00037693705000434565 166
1627558358595 0.0003767074532435061 167
1627558358661 0.0003764986787689774 168
1627558358720 0.0003762496145680134 169
1627558358775 0.00037599918353255863 170
1627558358824 0.00037579777320111656 171
1627558358882 0.00037558715707361484 172
1627558358940 0.00037538612640032756 173
1627558359010 0.0003750743610748997 174
1627558359062 0.0003747994634982202 175
1627558359113 0.0003745568017086259 176
1627558359187 0.0003741498135739766 177
1627558359239 0.0003739254467593028 178
1627558359293 0.000373686495048294 179
1627558359347 0.0003734507461941332 180
1627558359411 0.00037319930228767173 181
1627558359485 0.0003728051765137244 182
1627558359547 0.00037254706163524577 183
1627558359599 0.00037230841358431763 184
1627558359661 0.00037209133846427246 185
1627558359728 0.00037185157405300926 186
1627558359798 0.00037159149663214703 187
1627558359866 0.0003711959531303006 188
1627558359921 0.0003709688513880202 189
1627558359968 0.0003707759256852215 190
1627558360047 0.000370395207933263 191
1627558360112 0.00037012407554794805 192
1627558360186 0.00036989246930696593 193
1627558360263 0.00036964951157112937 194
1627558360318 0.00036942438374799565 195
1627558360390 0.00036924293633951616 196
1627558360447 0.00036902600963839837 197
1627558360505 0.0003687012133554973 198
1627558360570 0.00036848426223644337 199
1627558360625 0.00036827721261186846 200
1627558360736 0.00036807217400458184 201
1627558360790 0.00036788498409689644 202
1627558360860 0.0003676430907652183 203
1627558360935 0.0003672124573172242 204
1627558360993 0.0003670081384820085 205
1627558361045 0.0003667973752291571 206
1627558361093 0.00036662573704269254 207
1627558361156 0.00036635553950816943 208
1627558361211 0.00036613826410202504 209
1627558361285 0.0003657185620504172 210
1627558361334 0.00036551466795643907 211
1627558361392 0.0003652834608713031 212
1627558361456 0.0003650682260807005 213
1627558361510 0.0003648478888749602 214
1627558361556 0.00036463094648301323 215
1627558361599 0.0003644354284261636 216
1627558361639 0.00036428628811156023 217
1627558361699 0.0003640413203288702 218
1627558361763 0.0003638437341321953 219
1627558361814 0.00036367545103722476 220
1627558361909 0.00036342482818039714 221
1627558361971 0.00036322004414249926 222
1627558362018 0.0003630656457019385 223
1627558362068 0.00036288339966451333 224
1627558362134 0.0003626827319992842 225
1627558362187 0.000362500221899084 226
1627558362240 0.0003623123255934356 227
1627558362291 0.00036211327294997995 228
1627558362349 0.00036184830254904046 229
1627558362406 0.0003616468063090828 230
1627558362460 0.0003614290370024503 231
1627558362524 0.0003611737959152366 232
1627558362584 0.0003609750531011929 233
1627558362642 0.00036080697568064774 234
1627558362700 0.00036060251345866357 235
1627558362752 0.000360448872792235 236
1627558362807 0.0003602688581816017 237
1627558362858 0.0003601075941194184 238
1627558362906 0.0003599066149380147 239
1627558362969 0.0003596384002553751 240
1627558363020 0.00035942701900956297 241
1627558363084 0.0003591742030705778 242
1627558363148 0.00035898029866479077 243
1627558363195 0.0003588166693504781 244
1627558363246 0.000358638326474904 245
1627558363323 0.00035842621895003184 246
1627558363399 0.00035821975024285217 247
1627558363488 0.0003580109202155141 248
1627558363550 0.00035782980117858007 249
1627558363612 0.0003575881253484696 250
1627558363656 0.0003574383021974911 251
1627558363731 0.0003570933352522518 252
1627558363786 0.0003569285052013767 253
1627558363855 0.0003567128617055768 254
1627558363904 0.0003565630086252447 255
1627558363950 0.00035638147733084744 256
1627558364003 0.00035619353629139756 257
1627558364082 0.0003559209164452461 258
1627558364162 0.0003557284960092499 259
1627558364213 0.00035553210820132007 260
1627558364258 0.0003553887274841859 261
1627558364307 0.00035523855244439336 262
1627558364366 0.0003550737424823033 263
1627558364418 0.0003548999171232189 264
1627558364470 0.0003546964581083284 265
1627558364557 0.0003544519235347387 266
1627558364619 0.00035427365865772125 267
1627558364673 0.00035408698525165607 268
1627558364742 0.000353933442742891 269
1627558364806 0.0003537591942874235 270
1627558364862 0.00035358895275442814 271
1627558364919 0.0003534490388471531 272
1627558364987 0.000353280201268118 273
1627558365069 0.0003531315129647188 274
1627558365147 0.00035295871616805265 275
1627558365215 0.00035277563177018196 276
1627558365266 0.00035260998540383463 277
1627558365325 0.00035241738585877174 278
1627558365417 0.000352238085303473 279
1627558365497 0.0003520326477023614 280
1627558365569 0.0003518907422352369 281
1627558365635 0.0003517217398081271 282
1627558365702 0.00035156600415857045 283
1627558365759 0.00035139359031338544 284
1627558365829 0.00035119152022768037 285
1627558365881 0.0003510378519452477 286
1627558365944 0.00035083513207018684 287
1627558365992 0.000350683598725112 288
1627558366049 0.000350476289042191 289
1627558366096 0.0003503449477250934 290
1627558366160 0.0003501787825845557 291
1627558366216 0.0003499704006051738 292
1627558366278 0.0003497910379006096 293
1627558366341 0.0003496162073349472 294
1627558366413 0.0003493901724543928 295
1627558366470 0.0003492130208120882 296
1627558366523 0.0003490327161725611 297
1627558366582 0.0003488338655279743 298
1627558366628 0.000348703410774863 299
1627558366676 0.00034854562376376565 300
1627558366719 0.0003483866969949373 301
1627558366761 0.00034826184159946876 302
1627558366809 0.00034809686597119405 303
1627558366866 0.00034792255662344067 304
1627558366920 0.0003477470258936851 305
1627558367001 0.00034757810804260603 306
1627558367078 0.0003474257788414373 307
1627558367189 0.0003472472432131899 308
1627558367267 0.0003470654229692773 309
1627558367323 0.00034689875399486215 310
1627558367369 0.00034673026536172013 311
1627558367425 0.0003465641399895843 312
1627558367470 0.0003464187069823194 313
1627558367521 0.0003462556683878683 314
1627558367575 0.00034611848505204223 315
1627558367644 0.00034584701975571777 316
1627558367689 0.0003456703270680019 317
1627558367745 0.00034549625300591715 318
1627558367809 0.0003453618566528355 319
1627558367887 0.0003451673311853246 320
1627558367977 0.0003449966603612711 321
1627558368061 0.0003448474274974032 322
1627558368146 0.0003446782373901199 323
1627558368220 0.00034451576363979516 324
1627558368280 0.0003443653490107571 325
1627558368331 0.00034421734393541966 326
1627558368405 0.000344069980395985 327
1627558368460 0.000343932219498811 328
1627558368534 0.0003437903495591876 329
1627558368586 0.0003436334550439574 330
1627558368651 0.00034345367420953924 331
1627558368709 0.00034331408601926235 332
1627558368790 0.0003431217935660052 333
1627558368860 0.0003429676641916444 334
1627558368913 0.00034281355513088904 335
1627558368965 0.0003426667529462033 336
1627558369022 0.00034251300140237536 337
1627558369079 0.0003423905140941515 338
1627558369140 0.00034222246740942474 339
1627558369190 0.0003421064897443107 340
1627558369236 0.0003419864971813865 341
1627558369310 0.0003417147069007129 342
1627558369362 0.00034155616741277605 343
1627558369420 0.00034140301624577317 344
1627558369479 0.0003412003056049101 345
1627558369532 0.00034104602666412735 346
1627558369579 0.00034091590206218245 347
1627558369628 0.000340768698163563 348
1627558369685 0.00034061338675967385 349
1627558369733 0.0003404652671656056 350
1627558369785 0.0003403349602679611 351
1627558369835 0.0003401788721748104 352
1627558369886 0.00034002940587317556 353
1627558369946 0.0003398755347898262 354
1627558370021 0.00033968763680855974 355
1627558370088 0.0003395436532532959 356
1627558370142 0.00033940550966937905 357
1627558370189 0.00033927465733350347 358
1627558370246 0.00033912478474604923 359
1627558370298 0.0003389762978428827 360
1627558370369 0.00033879153835286713 361
1627558370426 0.0003386099037183978 362
1627558370476 0.0003384541284649369 363
1627558370550 0.0003382629929387022 364
1627558370614 0.00033812238202944703 365
1627558370694 0.00033796060642691834 366
1627558370741 0.00033779883484345803 367
1627558370789 0.00033767834478960556 368
1627558370846 0.0003375311167699466 369
1627558370905 0.00033736394531471076 370
1627558370976 0.0003371489086947912 371
1627558371022 0.0003370049753191244 372
1627558371110 0.0003368209173007443 373
1627558371191 0.00033667333103224356 374
1627558371244 0.00033653406009758136 375
1627558371301 0.00033638144255478537 376
1627558371353 0.00033626486317698016 377
1627558371422 0.00033611992920862965 378
1627558371479 0.0003359725106807493 379
1627558371537 0.0003358236034478415 380
1627558371583 0.000335704236423664 381
1627558371637 0.00033555725772918494 382
1627558371692 0.00033541041587429015 383
1627558371737 0.00033530129246595215 384
1627558371778 0.0003351705959122362 385
1627558371840 0.0003349548660380599 386
1627558371886 0.00033482290685105034 387
1627558371938 0.00033467579109959793 388
1627558371984 0.00033456389573383375 389
1627558372025 0.00033445735204853667 390
1627558372072 0.0003343338817990117 391
1627558372126 0.00033419034155032117 392
1627558372195 0.0003340562507526991 393
1627558372294 0.0003338130455601715 394
1627558372342 0.0003336670059857655 395
1627558372406 0.00033347612423328417 396
1627558372459 0.00033335813029716717 397
1627558372507 0.0003332052286750825 398
1627558372554 0.00033308273117599107 399
1627558372606 0.0003329209100094967 400
1627558372662 0.00033279904664747863 401
1627558372735 0.00033255046945392396 402
1627558372811 0.0003324093276151877 403
1627558372883 0.00033227303883630625 404
1627558372963 0.0003321456290334696 405
1627558373017 0.0003320141023532048 406
1627558373080 0.00033184442073115963 407
1627558373125 0.00033173587198898134 408
1627558373182 0.00033159150054693675 409
1627558373237 0.0003314564676043545 410
1627558373294 0.0003313013405207571 411
1627558373344 0.00033116508464239977 412
1627558373406 0.00033100808815093435 413
1627558373459 0.00033089836434506577 414
1627558373510 0.00033075515048329234 415
1627558373561 0.000330637559022619 416
1627558373614 0.0003305225588792454 417
1627558373666 0.00033042042405602553 418
1627558373720 0.00033027761414607825 419
1627558373765 0.0003301649459228887 420
1627558373808 0.00033005917049358047 421
1627558373852 0.00032994530312555477 422
1627558373908 0.0003298134480542449 423
1627558373967 0.00032968558933160167 424
1627558374033 0.000329548931486505 425
1627558374082 0.0003294105077205281 426
1627558374167 0.00033638144255478537 427
1627558378262 0.0010975245182788624 0
1627558378363 0.001013192846372007 1
1627558378470 0.0009386682857790343 2
1627558378575 0.000873299920350301 3
1627558378681 0.0008156939783919471 4
1627558378778 0.0007655689712193006 5
1627558378876 0.000722229833234342 6
1627558378970 0.0006848273145683769 7
1627558379069 0.0006526331828331176 8
1627558379168 0.0006248868455095204 9
1627558379264 0.0006008513194599678 10
1627558379364 0.0005803597316402892 11
1627558379456 0.0005628052970167358 12
1627558379551 0.0005479483780860726 13
1627558379644 0.0005351189291749256 14
1627558379741 0.0005244008018050086 15
1627558379830 0.0005152089574025278 16
1627558379926 0.0005075737237305346 17
1627558380024 0.000501074351790012 18
1627558380121 0.0004950270987453666 19
1627558380214 0.0004900233762247799 20
1627558380302 0.00048577463933941096 21
1627558380394 0.00048212072233669117 22
1627558380490 0.0004789127910148124 23
1627558380576 0.00047595916610787347 24
1627558380657 0.0004734865833650343 25
1627558380750 0.00047081548040800507 26
1627558380832 0.0004685946956309667 27
1627558380918 0.00046646903025759684 28
1627558381004 0.00046463999402402334 29
1627558381088 0.0004629058017963914 30
1627558381179 0.0004615748102552082 31
1627558381270 0.0004597169589466022 32
1627558381373 0.00045805699298797904 33
1627558381462 0.0004568222450895415 34
1627558381548 0.0004551147903443017 35
1627558381624 0.00045319341935467773 36
1627558381700 0.00045151826678969335 37
1627558381779 0.0004505139741761502 38
1627558381857 0.00044856182322208386 39
1627558381932 0.0004477085680747878 40
1627558382008 0.0004462635930440536 41
1627558382083 0.0004452034085388012 42
1627558382167 0.0004431897638791532 43
1627558382253 0.0004420466867229915 44
1627558382322 0.0004414301844291364 45
1627558382405 0.0004397709274784764 46
1627558382480 0.00043899690870240687 47
1627558382563 0.0004375545516547204 48
1627558382646 0.0004359932777493507 49
1627558382727 0.00043498992431473764 50
1627558382807 0.000434243517751843 51
1627558382900 0.0004336151771602633 52
1627558382991 0.000431900461582183 53
1627558383065 0.0004312288351473389 54
1627558383176 0.00043001541237485194 55
1627558383286 0.00042930567788499146 56
1627558383351 0.0004287704281802185 57
1627558383426 0.0004281914527801936 58
1627558383516 0.0004274778050003639 59
1627558383592 0.00042680528037843406 60
1627558383672 0.00042526106857508134 61
1627558383740 0.0004247150188361154 62
1627558383813 0.00042418899987594727 63
1627558383923 0.0004235985209743791 64
1627558384036 0.0004223914156363211 65
1627558384118 0.00042187477534418917 66
1627558384208 0.0004207559758033023 67
1627558384304 0.00042007381782566974 68
1627558384378 0.00041963945426482224 69
1627558384463 0.00041842901449068545 70
1627558384568 0.00041765305884528437 71
1627558384652 0.0004167009005149549 72
1627558384723 0.0004157460671001704 73
1627558384817 0.0004151671032135769 74
1627558384913 0.0004147374355575385 75
1627558385012 0.00041428869591748473 76
1627558385104 0.00041385240887284013 77
1627558385182 0.0004129448850210665 78
1627558385262 0.0004124569993175152 79
1627558385355 0.000411905023601977 80
1627558385430 0.00041146713765636547 81
1627558385517 0.00041096831324162903 82
1627558385614 0.00041024952664544726 83
1627558385699 0.00040929441018815974 84
1627558385776 0.00040840906299441804 85
1627558385857 0.000407990838801986 86
1627558385938 0.00040734472949270373 87
1627558386037 0.00040699474696598607 88
1627558386124 0.0004064840332620501 89
1627558386200 0.0004060418954340592 90
1627558386289 0.0004056442979166618 91
1627558386361 0.0004052300216783375 92
1627558386442 0.0004045534643839149 93
1627558386518 0.00040407230669671507 94
1627558386602 0.00040315253524094726 95
1627558386671 0.0004026585477913283 96
1627558386746 0.00040201698297444446 97
1627558386816 0.00040143754905612173 98
1627558386892 0.00040105163470258555 99
1627558386961 0.0004006684024602287 100
1627558387030 0.00040033089529844737 101
1627558387094 0.00039983850032111057 102
1627558387157 0.0003993789212545112 103
1627558387214 0.0003990134173743224 104
1627558387283 0.0003983549164897034 105
1627558387358 0.00039773738539194677 106
1627558387458 0.0003973945096725893 107
1627558387569 0.00039673722680104494 108
1627558387681 0.00039639811362017957 109
1627558387778 0.00039596614663010024 110
1627558387845 0.00039560415298461166 111
1627558387932 0.0003952494274404743 112
1627558388004 0.0003949299604520147 113
1627558388087 0.0003945699648244616 114
1627558388153 0.00039426379689440713 115
1627558388228 0.0003939592941866388 116
1627558388310 0.00039329982048430534 117
1627558388378 0.00039297842871760194 118
1627558388448 0.00039267317260739416 119
1627558388538 0.0003919510228431985 120
1627558388624 0.0003916330848680182 121
1627558388696 0.00039129299306581996 122
1627558388772 0.0003906956740364411 123
1627558388846 0.0003900907003344746 124
1627558388908 0.00038980951041739424 125
1627558388970 0.0003895120222179795 126
1627558389020 0.0003892429853466874 127
1627558389087 0.0003889260111095569 128
1627558389159 0.00038859636549281863 129
1627558389234 0.0003882760571230738 130
1627558389279 0.00038803067654133406 131
1627558389336 0.0003876777328165083 132
1627558389404 0.00038735653124620913 133
1627558389469 0.0003870670002241376 134
1627558389531 0.00038678027475688514 135
1627558389599 0.00038648975257881785 136
1627558389662 0.0003861269716623033 137
1627558389726 0.0003858261772144226 138
1627558389785 0.0003855579713226183 139
1627558389835 0.0003853113828743642 140
1627558389904 0.00038491067285252654 141
1627558389992 0.0003846175160642509 142
1627558390070 0.0003843767879115093 143
1627558390183 0.0003840152043622807 144
1627558390265 0.00038363743589198357 145
1627558390326 0.00038335004605443036 146
1627558390393 0.00038308673084863886 147
1627558390452 0.00038282025922321497 148
1627558390548 0.00038240994178914516 149
1627558390640 0.00038208104856977 150
1627558390725 0.0003814205826460405 151
1627558390793 0.00038115010274500035 152
1627558390886 0.00038086902892823734 153
1627558390958 0.0003805668049749778 154
1627558391039 0.0003803197355493408 155
1627558391113 0.00038008708639826466 156
1627558391195 0.0003798168226953568 157
1627558391270 0.00037959499432384236 158
1627558391368 0.00037927628510129463 159
1627558391479 0.00037886721082487233 160
1627558391568 0.0003785046730524388 161
1627558391620 0.00037827451462871736 162
1627558391719 0.00037802444815644915 163
1627558391792 0.0003777326239434826 164
1627558391869 0.00037733731020917177 165
1627558391958 0.00037708063140223775 166
1627558392026 0.00037680777751580624 167
1627558392094 0.0003765523787740512 168
1627558392165 0.0003762652381993729 169
1627558392225 0.0003760241230765537 170
1627558392285 0.0003757593003315096 171
1627558392345 0.00037553211412356843 172
1627558392397 0.0003752649960450804 173
1627558392458 0.00037503122891396787 174
1627558392538 0.00037471471420945466 175
1627558392607 0.00037441705942687286 176
1627558392689 0.0003740511114924939 177
1627558392763 0.000373722452669657 178
1627558392829 0.0003734559291277254 179
1627558392898 0.0003731859467361329 180
1627558392946 0.0003729862903217694 181
1627558393015 0.00037262639013959194 182
1627558393067 0.0003723844352550145 183
1627558393138 0.0003720438129139864 184
1627558393204 0.0003718026902552444 185
1627558393264 0.00037158017391082106 186
1627558393317 0.00037134594083717236 187
1627558393388 0.0003710370828477694 188
1627558393461 0.0003708319120081891 189
1627558393528 0.0003706125568614791 190
1627558393589 0.0003703502727623047 191
1627558393641 0.0003701591518229147 192
1627558393712 0.00036984549992881346 193
1627558393785 0.0003695326312374863 194
1627558393842 0.0003693119483311708 195
1627558393919 0.0003688532133249027 196
1627558393982 0.00036864758610355403 197
1627558394032 0.00036846524386112856 198
1627558394085 0.0003682621274711016 199
1627558394146 0.0003680721346644632 200
1627558394225 0.0003678550119440314 201
1627558394306 0.00036757028783040226 202
1627558394358 0.0003673651752338374 203
1627558394409 0.0003671599257692692 204
1627558394464 0.00036692188046178294 205
1627558394516 0.00036673141795392936 206
1627558394576 0.0003664841078414256 207
1627558394630 0.00036628051375074537 208
1627558394684 0.00036606745827514453 209
1627558394754 0.0003657067509308393 210
1627558394813 0.0003655054378258829 211
1627558394874 0.0003652501697626508 212
1627558394933 0.00036504548716704025 213
1627558394993 0.0003647975933545051 214
1627558395051 0.0003646011029307213 215
1627558395124 0.0003642577880611883 216
1627558395168 0.00036409856733019295 217
1627558395216 0.0003639203327980785 218
1627558395276 0.0003636371629955913 219
1627558395350 0.0003633018731605627 220
1627558395405 0.0003631014091222517 221
1627558395469 0.0003628249594364209 222
1627558395525 0.0003626288932020196 223
1627558395604 0.0003624200617259877 224
1627558395675 0.0003622555079497574 225
1627558395746 0.0003620180071501932 226
1627558395802 0.00036181582306777423 227
1627558395874 0.00036161775325140765 228
1627558395930 0.000361411433638765 229
1627558395989 0.0003612035447965674 230
1627558396040 0.0003610294920037932 231
1627558396108 0.0003608456083951373 232
1627558396181 0.00036053799375343904 233
1627558396255 0.0003603481144623883 234
1627558396319 0.00036011422323846447 235
1627558396380 0.00035993252090884073 236
1627558396429 0.0003597430504787043 237
1627558396495 0.0003595412292068394 238
1627558396563 0.0003593367127041568 239
1627558396628 0.00035918279798353693 240
1627558396686 0.0003589831148233927 241
1627558396750 0.00035875609802129156 242
1627558396796 0.00035857312003680796 243
1627558396876 0.0003582511888662093 244
1627558396943 0.0003579263188162297 245
1627558397012 0.00035771954489852316 246
1627558397063 0.00035755092343841936 247
1627558397111 0.00035736349791226315 248
1627558397165 0.0003571973231105256 249
1627558397217 0.0003570156307673575 250
1627558397274 0.0003568160585285116 251
1627558397319 0.0003566640462693443 252
1627558397379 0.0003564697058758894 253
1627558397429 0.0003563040313298185 254
1627558397471 0.0003561256010681745 255
1627558397531 0.0003559123627748879 256
1627558397624 0.00035562992039473573 257
1627558397678 0.00035545348380636534 258
1627558397750 0.0003552831137066919 259
1627558397813 0.000355075193469722 260
1627558397879 0.00035489817367694997 261
1627558397926 0.0003547536705355727 262
1627558397981 0.0003545758606889016 263
1627558398028 0.00035440309481790254 264
1627558398079 0.0003542436851741257 265
1627558398122 0.00035411251724410927 266
1627558398173 0.0003539352008280641 267
1627558398231 0.00035375158189831867 268
1627558398295 0.0003535548931797166 269
1627558398349 0.0003533878163772749 270
1627558398408 0.0003532293214582026 271
1627558398466 0.0003530636192995513 272
1627558398508 0.0003529279000045886 273
1627558398550 0.0003528030546030776 274
1627558398593 0.00035265631329384 275
1627558398641 0.0003525133613918088 276
1627558398707 0.0003522532968713211 277
1627558398754 0.00035211387045457645 278
1627558398807 0.000351961935835244 279
1627558398866 0.000351760164001302 280
1627558398932 0.0003514989709096183 281
1627558398985 0.00035131638227582916 282
1627558399043 0.00035113815113117986 283
1627558399123 0.00035076839421545965 284
1627558399175 0.00035061809963390586 285
1627558399227 0.00035049061828838985 286
1627558399273 0.0003503134503898618 287
1627558399326 0.0003501678131980699 288
1627558399406 0.0003499404746682622 289
1627558399459 0.0003497672162584364 290
1627558399521 0.00034962161737056135 291
1627558399580 0.00034945572683592416 292
1627558399650 0.00034929239514158 293
1627558399735 0.00034910098894282333 294
1627558399786 0.0003489401018312678 295
1627558399833 0.000348805446396354 296
1627558399878 0.0003486588525658325 297
1627558399929 0.0003485100802301497 298
1627558399978 0.0003483402362152302 299
1627558400078 0.0003480985333544648 300
1627558400150 0.00034792217895195294 301
1627558400244 0.00034773343586549753 302
1627558400325 0.0003475635463589162 303
1627558400396 0.00034738485421532175 304
1627558400460 0.000347242110742711 305
1627558400526 0.00034703059226462245 306
1627558400574 0.00034689690891714155 307
1627558400636 0.00034674104615556143 308
1627558400702 0.0003465679531879363 309
1627558400751 0.00034638942745547407 310
1627558400803 0.00034621609970437913 311
1627558400871 0.00034593250559821685 312
1627558400941 0.00034567904031325246 313
1627558400996 0.0003455247526489896 314
1627558401052 0.00034539636599428326 315
1627558401131 0.0003451687023662442 316
1627558401192 0.0003449661391467963 317
1627558401257 0.00034479925088555833 318
1627558401310 0.00034463448621068924 319
1627558401365 0.0003444659180498216 320
1627558401421 0.00034430551331956865 321
1627558401469 0.00034412774438810525 322
1627558401513 0.00034397740641194384 323
1627558401553 0.0003438367194663666 324
1627558401620 0.00034360556979130103 325
1627558401664 0.00034344237502372584 326
1627558401724 0.00034327990085321515 327
1627558401780 0.00034312809787316416 328
1627558401838 0.00034296272786959916 329
1627558401898 0.0003427540410332882 330
1627558401947 0.00034258257621399966 331
1627558402001 0.00034241429860430966 332
1627558402052 0.00034226988962738025 333
1627558402115 0.0003421026332015051 334
1627558402171 0.000341955821792319 335
1627558402227 0.00034179869289914755 336
1627558402282 0.000341635599129987 337
1627558402331 0.0003415073268487273 338
1627558402394 0.0003413157455959737 339
1627558402448 0.0003411500691293098 340
1627558402501 0.0003409772258114366 341
1627558402557 0.00034084149938736673 342
1627558402617 0.0003406708357249254 343
1627558402661 0.0003405558111832852 344
1627558402709 0.0003404154382914629 345
1627558402758 0.00034029969693645805 346
1627558402816 0.0003401393115195911 347
1627558402874 0.0003399702083348663 348
1627558402943 0.00033978220812444157 349
1627558402987 0.00033967795737220184 350
1627558403040 0.00033952455896900293 351
1627558403135 0.0003392815729892114 352
1627558403186 0.00033913994446565967 353
1627558403250 0.0003389754604699316 354
1627558403303 0.00033886694145456964 355
1627558403349 0.0003387148649917233 356
1627558403397 0.00033856883440898947 357
1627558403460 0.00033836235773217427 358
1627558403537 0.0003381950125290839 359
1627558403583 0.0003380458772667477 360
1627558403636 0.00033792117761758533 361
1627558403684 0.0003377844627867633 362
1627558403749 0.00033761144243871466 363
1627558403798 0.0003374679397395473 364
1627558403848 0.0003373207088176751 365
1627558403901 0.00033716564480332207 366
1627558403954 0.0003370166474258228 367
1627558404012 0.00033686528156814786 368
1627558404056 0.00033675682013205874 369
1627558404103 0.00033662030105724054 370
1627558404148 0.0003364849929663297 371
1627558404196 0.0003363371065978593 372
1627558404251 0.0003361941650166329 373
1627558404301 0.00033606136704798523 374
1627558404348 0.00033593927188210905 375
1627558404399 0.00033582411486864116 376
1627558404448 0.00033569711235872034 377
1627558404501 0.00033553833183054104 378
1627558404555 0.0003353850930979167 379
1627558404634 0.00033516857228067044 380
1627558404678 0.000335065969262569 381
1627558404726 0.00033490855330091125 382
1627558404787 0.00033479616486491756 383
1627558404842 0.00033465088459516673 384
1627558404901 0.00033446504700363286 385
1627558404954 0.00033433757348740837 386
1627558405022 0.0003341932335868879 387
1627558405098 0.000334041418786213 388
1627558405186 0.0003338930380084555 389
1627558405242 0.0003337729689747735 390
1627558405299 0.0003336558086399684 391
1627558405345 0.0003335483775389097 392
1627558405392 0.00033342141067362844 393
1627558405443 0.00033332012565150023 394
1627558405494 0.0003331788726524439 395
1627558405547 0.0003330229036991513 396
1627558405595 0.0003328977988785175 397
1627558405649 0.00033275812337696587 398
1627558405701 0.0003326103885625256 399
1627558405755 0.0003324615759887287 400
1627558405801 0.000332348223107045 401
1627558405855 0.00033219993278794127 402
1627558405905 0.00033203916874289066 403
1627558405984 0.00033913994446565967 404
1627558410050 0.0011005416479353796 0
1627558410161 0.0010158091556889577 1
1627558410318 0.0009410509628770012 2
1627558410469 0.0008752919132816293 3
1627558410592 0.0008174408178732933 4
1627558410710 0.00076715790645655 5
1627558410817 0.0007235711016449227 6
1627558410932 0.000686073109802865 7
1627558411072 0.0006536578618358483 8
1627558411180 0.0006257461202591617 9
1627558411402 0.0006016311273605492 10
1627558411565 0.0005810612036260555 11
1627558411674 0.0005633393276761831 12
1627558412225 0.0005484800654201689 13
1627558412607 0.0005356561569871934 14
1627558412849 0.0005249103074282155 15
1627558412963 0.0005156576517102976 16
1627558413090 0.0005080294099428655 17
1627558413190 0.0005013093077269458 18
1627558413288 0.0004953633807617515 19
1627558413438 0.00049030617316314 20
1627558413604 0.00048592444460505605 21
1627558413734 0.00048210818364172723 22
1627558413842 0.0004785661917757208 23
1627558413949 0.0004754202175026189 24
1627558414059 0.000472810920635629 25
1627558414287 0.0004703560499863549 26
1627558414413 0.0004682230422505863 27
1627558414519 0.00046615322405061955 28
1627558414615 0.00046423885182202243 29
1627558414715 0.0004624314072480737 30
1627558414813 0.00046092768805319973 31
1627558414942 0.0004593251931035081 32
1627558415110 0.0004576657502358841 33
1627558415221 0.0004562257283366008 34
1627558415318 0.0004544380809620237 35
1627558415412 0.00045247320252879793 36
1627558415499 0.0004513492914894423 37
1627558415654 0.0004503959607527802 38
1627558415770 0.00044902743871958465 39
1627558415845 0.00044824335766419093 40
1627558415937 0.0004469207284787011 41
1627558416074 0.0004449513037430574 42
1627558416203 0.0004441224494865771 43
1627558416342 0.00044293867249945703 44
1627558416418 0.00044213064354773853 45
1627558416507 0.00044135653889998736 46
1627558416618 0.0004401042431845292 47
1627558416829 0.0004381912913745508 48
1627558417029 0.0004373374799200059 49
1627558417125 0.0004360362718281665 50
1627558417213 0.00043545370674239457 51
1627558417314 0.00043379070673758575 52
1627558417421 0.00043221279391253935 53
1627558417511 0.0004309927480029846 54
1627558417622 0.0004303466835673532 55
1627558417702 0.00042878627664138765 56
1627558417796 0.0004279721442230777 57
1627558417908 0.0004265254254265304 58
1627558417987 0.0004259151418808235 59
1627558418086 0.0004252623532858425 60
1627558418173 0.00042401654384333564 61
1627558418266 0.000423552611541114 62
1627558418348 0.0004230015050278217 63
1627558418432 0.0004217633559683788 64
1627558418519 0.0004209041495601141 65
1627558418598 0.00042027787310777525 66
1627558418687 0.00041981168372681683 67
1627558418771 0.00041902042311252964 68
1627558418864 0.0004180843114160887 69
1627558418942 0.0004175464385749215 70
1627558419039 0.00041693869455190313 71
1627558419116 0.000416445931273377 72
1627558419220 0.0004153870699390707 73
1627558419314 0.0004148442617229999 74
1627558419415 0.00041403492740920426 75
1627558419505 0.00041355507703854863 76
1627558419576 0.00041307507439357165 77
1627558419647 0.0004126337351514811 78
1627558419739 0.0004121873055690352 79
1627558419831 0.00041162109461435485 80
1627558419904 0.00041093798513863923 81
1627558420001 0.0004102593661083802 82
1627558420091 0.0004098582554633306 83
1627558420188 0.00040946812084325 84
1627558420280 0.000409029683088825 85
1627558420359 0.000408662444064109 86
1627558420457 0.00040819886842135243 87
1627558420544 0.0004074980780361364 88
1627558420636 0.00040697092639658834 89
1627558420719 0.00040605864166299595 90
1627558420790 0.0004056139213356726 91
1627558420907 0.00040486218636093637 92
1627558421162 0.0004041191859176636 93
1627558421241 0.00040373169531593347 94
1627558421325 0.0004032922100355064 95
1627558421389 0.00040291607126236994 96
1627558421462 0.0004020720627933671 97
1627558421544 0.00040134070421148825 98
1627558421618 0.00040089001107137693 99
1627558421739 0.0004005023284359799 100
1627558421821 0.0003998562834220195 101
1627558421890 0.00039948993754166013 102
1627558421966 0.00039888654836406384 103
1627558422035 0.000398549692582631 104
1627558422109 0.0003981987368050206 105
1627558422236 0.0003976147602049544 106
1627558422355 0.0003969851765267726 107
1627558422463 0.0003966171213516248 108
1627558422546 0.0003962860264034916 109
1627558422607 0.00039589929199297663 110
1627558422671 0.00039555126096957327 111
1627558422739 0.00039522316679052355 112
1627558422815 0.0003948645874739318 113
1627558422891 0.00039427104353991215 114
1627558422962 0.00039396720683161456 115
1627558423028 0.0003936324250852813 116
1627558423133 0.0003931031351147617 117
1627558423215 0.0003927629968143493 118
1627558423305 0.00039244364703984496 119
1627558423374 0.0003920990627799097 120
1627558423426 0.00039178754284398775 121
1627558423479 0.0003915020059795343 122
1627558423555 0.0003911771523382132 123
1627558423634 0.0003905522096396041 124
1627558423695 0.00039026036921352056 125
1627558423765 0.0003899482611520047 126
1627558423845 0.00038950078673206473 127
1627558423956 0.00038901104178430885 128
1627558424041 0.00038871499002668197 129
1627558424147 0.0003883109736505269 130
1627558424208 0.0003879501286436977 131
1627558424293 0.00038740168045637 132
1627558424381 0.00038706334333791874 133
1627558424448 0.00038679232419198446 134
1627558424533 0.0003864986183421736 135
1627558424620 0.0003861908180995713 136
1627558424711 0.00038593058369629365 137
1627558424791 0.0003856419348347026 138
1627558424864 0.00038532552661437965 139
1627558424938 0.00038500492927438193 140
1627558425009 0.0003847272564621154 141
1627558425082 0.00038441160935812904 142
1627558425131 0.00038417468633310866 143
1627558425183 0.0003839101921128895 144
1627558425252 0.0003836069568601479 145
1627558425328 0.0003832365256264331 146
1627558425400 0.00038295455452126497 147
1627558425466 0.00038265399786993224 148
1627558425532 0.000382366856379111 149
1627558425579 0.0003821113091636112 150
1627558425651 0.0003816090742990363 151
1627558425720 0.0003813612378186607 152
1627558425784 0.00038108876468942134 153
1627558425865 0.00038060263981661886 154
1627558425932 0.0003803584806779214 155
1627558426011 0.00038010151781795137 156
1627558426072 0.000379835217856067 157
1627558426147 0.00037942590193997385 158
1627558426211 0.00037909161350679996 159
1627558426258 0.000378846856718115 160
1627558426313 0.00037864130219907407 161
1627558426375 0.00037840734451652516 162
1627558426439 0.0003781825693923784 163
1627558426519 0.00037781272246253125 164
1627558426575 0.00037754391408027836 165
1627558426662 0.0003773015670064436 166
1627558426737 0.0003768115109960936 167
1627558426788 0.00037660513617228614 168
1627558426867 0.0003762869865138305 169
1627558426944 0.0003759740260804501 170
1627558426992 0.0003757501551598207 171
1627558427074 0.00037548675823023995 172
1627558427146 0.00037512423410371857 173
1627558427203 0.0003748828989814395 174
1627558427267 0.0003746146765783589 175
1627558427322 0.00037436520332487325 176
1627558427395 0.00037410028903089415 177
1627558427461 0.00037384940585879795 178
1627558427531 0.0003735817607925309 179
1627558427594 0.0003733258174925717 180
1627558427648 0.0003731014110936681 181
1627558427722 0.0003727198566715583 182
1627558427789 0.00037244248011960164 183
1627558427851 0.00037225000683347933 184
1627558427913 0.00037197080948301984 185
1627558427959 0.00037178437875396445 186
1627558428078 0.00037158130145457794 187
1627558428230 0.0003713576495589288 188
1627558428300 0.00037096769942759314 189
1627558428344 0.00037078448944872263 190
1627558428430 0.0003705632662723368 191
1627558428489 0.0003703329613136725 192
1627558428601 0.0003700924428036098 193
1627558428700 0.0003698297748109169 194
1627558428759 0.00036962124772051255 195
1627558428817 0.00036934736231291 196
1627558428878 0.0003691435600739813 197
1627558428938 0.0003689103910241405 198
1627558428986 0.0003687237479347449 199
1627558429054 0.0003685190308837222 200
1627558429109 0.0003682772918157173 201
1627558429165 0.0003680913055095822 202
1627558429219 0.0003678890121775447 203
1627558429347 0.0003675166650456104 204
1627558429417 0.00036722098602624267 205
1627558429495 0.00036700694418718445 206
1627558429581 0.0003668185591840799 207
1627558429627 0.0003665999302022012 208
1627558429764 0.0003663817722320625 209
1627558429906 0.00036606936127293166 210
1627558429997 0.00036586740276791437 211
1627558430097 0.0003656618146335142 212
1627558430228 0.00036546031085957236 213
1627558430336 0.0003652521569036214 214
1627558430424 0.0003649917918940601 215
1627558430501 0.0003647959644391907 216
1627558430584 0.00036459905846710893 217
1627558430739 0.0003644274611889852 218
1627558430804 0.0003642109046795153 219
1627558430868 0.0003638763768064965 220
1627558430935 0.00036365067848772204 221
1627558431015 0.0003634432310496879 222
1627558431124 0.00036325812045044095 223
1627558431360 0.00036307728716844664 224
1627558431475 0.0003628564210574129 225
1627558431544 0.00036264510921528903 226
1627558431618 0.00036235554647761915 227
1627558431710 0.00036213995754737693 228
1627558431870 0.00036195942191483566 229
1627558432048 0.000361799488861418 230
1627558432211 0.00036161131225328255 231
1627558432412 0.0003612609365360663 232
1627558432473 0.00036106375387547394 233
1627558432648 0.0003608880463054189 234
1627558432751 0.0003606993653639045 235
1627558432823 0.0003605351093106788 236
1627558432925 0.0003603774059431985 237
1627558432979 0.00036020252929964454 238
1627558433095 0.00035999340350827526 239
1627558433170 0.0003597988797535892 240
1627558433304 0.00035960775436554937 241
1627558433401 0.00035937977204541187 242
1627558433461 0.0003591525501059033 243
1627558433533 0.0003589383949169498 244
1627558433600 0.0003587342444137934 245
1627558433673 0.0003585362907704825 246
1627558433758 0.00035833111138477465 247
1627558433862 0.00035814485767797337 248
1627558433938 0.0003579490922870794 249
1627558434027 0.0003577715216571627 250
1627558434103 0.000357579840894598 251
1627558434151 0.0003574333962098481 252
1627558434207 0.0003572569016482094 253
1627558434269 0.0003570741826577461 254
1627558434314 0.00035694638795167775 255
1627558434385 0.00035676246240893276 256
1627558434476 0.0003565487812469166 257
1627558434560 0.000356353753902664 258
1627558434634 0.0003561263387209061 259
1627558434732 0.0003559233643690994 260
1627558435028 0.0003556115695133984 261
1627558435138 0.0003554542049037632 262
1627558435229 0.0003552814186833694 263
1627558435297 0.00035510055173449084 264
1627558435369 0.0003549079682818616 265
1627558435458 0.0003547595626136674 266
1627558435612 0.00035456401499975017 267
1627558435688 0.00035436813576027925 268
1627558435752 0.00035415617099760936 269
1627558435938 0.00035391480665750526 270
1627558436038 0.00035374473507538535 271
1627558436102 0.00035359748191911094 272
1627558436165 0.0003534190195131356 273
1627558436256 0.0003532024115114433 274
1627558436350 0.0003530061181789263 275
1627558436465 0.00035285332044636864 276
1627558436537 0.00035270474750590176 277
1627558436604 0.0003525393959387482 278
1627558436672 0.00035237594438207855 279
1627558436744 0.0003522257275497123 280
1627558436828 0.000351859639988167 281
1627558436955 0.0003516470953071091 282
1627558437009 0.0003514997360674773 283
1627558437076 0.00035132379436265406 284
1627558437198 0.00035114904068506977 285
1627558437322 0.00035097849047568025 286
1627558437458 0.0003507762341174181 287
1627558437558 0.00035054783044792965 288
1627558437692 0.0003504094114165241 289
1627558437777 0.00035011850654334753 290
1627558437831 0.00034993566246023516 291
1627558437942 0.00034976289567624643 292
1627558438011 0.00034959539514893903 293
1627558438111 0.0003494279047467766 294
1627558438294 0.000349157991249529 295
1627558438447 0.00034887858956924976 296
1627558438579 0.0003486991920862527 297
1627558438639 0.00034855682078979694 298
1627558438750 0.0003483978209409594 299
1627558438997 0.0003482649307852626 300
1627558439067 0.00034812142758400136 301
1627558439124 0.0003479452743679349 302
1627558439213 0.0003477894669322934 303
1627558439398 0.0003476045539097652 304
1627558439615 0.00034742967130683717 305
1627558439798 0.0003472428432838939 306
1627558439901 0.0003470587256431641 307
1627558439973 0.00034679329198739815 308
1627558440037 0.00034664232462880575 309
1627558440133 0.00034644055361225337 310
1627558440185 0.0003463218224798098 311
1627558440243 0.00034617115210442036 312
1627558440318 0.00034594737343802756 313
1627558440418 0.00034575731255456126 314
1627558440472 0.00034561585743212456 315
1627558440531 0.00034543961178920936 316
1627558440593 0.0003452609249610841 317
1627558440648 0.0003451197899757003 318
1627558440705 0.0003449519901214269 319
1627558440776 0.00034477449687758894 320
1627558440869 0.00034450461021294846 321
1627558440928 0.000344363258047896 322
1627558441006 0.00034419631895799 323
1627558441103 0.0003440419995191127 324
1627558441224 0.00034381399335698494 325
1627558441283 0.0003436415150096566 326
1627558441332 0.0003435022084355365 327
1627558441382 0.0003433710512499939 328
1627558441439 0.0003432033773944615 329
1627558441493 0.0003430429378689293 330
1627558441566 0.0003428361721333071 331
1627558441631 0.00034268497548039806 332
1627558441701 0.0003425261528496017 333
1627558441773 0.0003423701779284072 334
1627558441865 0.00034225988715755367 335
1627558441955 0.0003421299474639299 336
1627558442032 0.00034201789213426985 337
1627558442114 0.00034188175687804986 338
1627558442178 0.0003417532375688762 339
1627558442233 0.0003415919930544384 340
1627558442281 0.00034144103606971357 341
1627558442352 0.0003413085367430177 342
1627558442437 0.0003411414310483678 343
1627558442501 0.0003409974951015913 344
1627558442585 0.0003408458146674893 345
1627558442640 0.00034069263675474027 346
1627558442685 0.00034055931121318016 347
1627558442734 0.00034038557967631125 348
1627558442781 0.00034022828951855934 349
1627558442832 0.00034010323001859577 350
1627558442877 0.0003399845504654161 351
1627558442928 0.0003398619908888985 352
1627558442970 0.00033970530254125034 353
1627558443026 0.00033960134257125243 354
1627558443081 0.0003394494107389038 355
1627558443131 0.00033929882149957423 356
1627558443186 0.00033913548151018 357
1627558443229 0.0003390067523323419 358
1627558443291 0.00033885802595358025 359
1627558443356 0.00033871250798461874 360
1627558443437 0.0003385298981835227 361
1627558443616 0.0003383842123855767 362
1627558443677 0.00033822552836028656 363
1627558443827 0.0003380509826938239 364
1627558443910 0.0003378908406922397 365
1627558444134 0.0003376883423521723 366
1627558444208 0.00033756740117726154 367
1627558444301 0.0003373752797649807 368
1627558444406 0.0003371388244121093 369
1627558444456 0.0003369815876187066 370
1627558444501 0.0003368554881526447 371
1627558444569 0.0003366998465944786 372
1627558444615 0.0003365868248318428 373
1627558444671 0.0003364427697530751 374
1627558444726 0.00033629183627335645 375
1627558444802 0.00033614948728016386 376
1627558444865 0.00033599275831743935 377
1627558444928 0.0003358239152306124 378
1627558444990 0.00033567519952111443 379
1627558445051 0.00033552245192814924 380
1627558445112 0.0003353753997535873 381
1627558445172 0.00033518544582167444 382
1627558445232 0.00033503341734934263 383
1627558445285 0.0003348710797363188 384
1627558445359 0.0003423701779284072 385
