1627565787588 0.5095778958049614 0
1627565787699 0.4708271980553297 1
1627565787784 0.43659851027794677 2
1627565787875 0.4065331234761034 3
1627565787969 0.38009339183842494 4
1627565788050 0.3571402814995521 5
1627565788163 0.3372647600418569 6
1627565788249 0.32017897078664403 7
1627565788334 0.3054608982471484 8
1627565788415 0.29276470755041056 9
1627565788493 0.28172484777157475 10
1627565788573 0.27230733294142634 11
1627565788653 0.2642208203093741 12
1627565788735 0.25738424468283766 13
1627565788810 0.25147980182874535 14
1627565788890 0.24652793895182795 15
1627565788971 0.24229520036713348 16
1627565789081 0.23881409827813727 17
1627565789182 0.23578349706597876 18
1627565789255 0.2330625636638295 19
1627565789327 0.23072836768250732 20
1627565789398 0.22879075310157546 21
1627565789474 0.22710442464546798 22
1627565789546 0.22561074317662946 23
1627565789622 0.22435176816198638 24
1627565789693 0.2231809696189769 25
1627565789763 0.22214790387418665 26
1627565789829 0.22119404603332157 27
1627565789898 0.22041491559760318 28
1627565789985 0.2196341183707285 29
1627565790061 0.218964928858343 30
1627565790154 0.2183210326089889 31
1627565790219 0.2176546328062585 32
1627565790279 0.21690642789698916 33
1627565790345 0.21639575621552584 34
1627565790405 0.21578531380756083 35
1627565790470 0.21516028847625804 36
1627565790533 0.21476717586679311 37
1627565790595 0.21437293729475054 38
1627565790658 0.21381216468638684 39
1627565790716 0.21337248430228534 40
1627565790777 0.21278043303946043 41
1627565790841 0.21230186893555067 42
1627565790904 0.21164027801652047 43
1627565790965 0.21114133092524845 44
1627565791026 0.21074906096645635 45
1627565791093 0.21027612637045834 46
1627565791157 0.20961531708117992 47
1627565791217 0.20932097187317983 48
1627565791284 0.20901050406704177 49
1627565791361 0.20844236831416796 50
1627565791422 0.20817978980264165 51
1627565791503 0.20790213067266117 52
1627565791595 0.20735484403965476 53
1627565791687 0.20696368912901586 54
1627565791783 0.20660655236525372 55
1627565791845 0.206361545066217 56
1627565791900 0.20614024159509478 57
1627565791962 0.2059334211817156 58
1627565792026 0.20558729607559553 59
1627565792086 0.2053755343880113 60
1627565792150 0.20486245335924064 61
1627565792218 0.20461261420726756 62
1627565792277 0.20435824505562183 63
1627565792341 0.2041584635952054 64
1627565792433 0.20361615207055964 65
1627565792504 0.2033421285077172 66
1627565792571 0.20288595679208102 67
1627565792626 0.20248839499279883 68
1627565792710 0.20213713050197707 69
1627565792782 0.20193983804303728 70
1627565792860 0.20173780532052496 71
1627565792951 0.20149400866034325 72
1627565793014 0.2012991991350081 73
1627565793073 0.20102820632841906 74
1627565793140 0.2006080120829671 75
1627565793199 0.20024168987549504 76
1627565793262 0.20005648424975664 77
1627565793321 0.19985870475178863 78
1627565793379 0.1994692908219206 79
1627565793438 0.1992924117867287 80
1627565793502 0.19908492389176768 81
1627565793570 0.19889724520020588 82
1627565793629 0.19857953859940067 83
1627565793686 0.19820102049905305 84
1627565793751 0.19804143322268492 85
1627565793807 0.19785860654997164 86
1627565793868 0.19772033604783779 87
1627565793924 0.19757336081684293 88
1627565793979 0.1974175016487525 89
1627565794037 0.19713939224510027 90
1627565794089 0.19700586673912832 91
1627565794146 0.19685696953947968 92
1627565794198 0.19670880878313085 93
1627565794259 0.19629203346937868 94
1627565794319 0.19609698492140323 95
1627565794372 0.19591824391666413 96
1627565794427 0.19562361144831977 97
1627565794487 0.1953221881105531 98
1627565794560 0.1951657416110506 99
1627565794640 0.1949826623167155 100
1627565794695 0.1947874297027402 101
1627565794757 0.19450196425935395 102
1627565794821 0.1941867064054629 103
1627565794877 0.19405133150423057 104
1627565794936 0.19391294947200546 105
1627565794997 0.19375387078901754 106
1627565795095 0.1935671194741074 107
1627565795193 0.193401184349597 108
1627565795263 0.1932760043848649 109
1627565795325 0.19303404402519628 110
1627565795390 0.19289801903470427 111
1627565795472 0.19277014423287808 112
1627565795534 0.19264426544694585 113
1627565795587 0.19253703927327495 114
1627565795652 0.19222973493303439 115
1627565795705 0.19196033746139746 116
1627565795763 0.19182943155211152 117
1627565795818 0.1917027666865577 118
1627565795882 0.1914919599119827 119
1627565795946 0.1913614550503095 120
1627565796018 0.19125599011579464 121
1627565796097 0.19102682933748882 122
1627565796163 0.190744122016789 123
1627565796216 0.19063980399945474 124
1627565796291 0.19052346821176647 125
1627565796376 0.19024246072972792 126
1627565796430 0.19005214608016166 127
1627565796493 0.1899566072643281 128
1627565796568 0.18983069738178954 129
1627565796622 0.189670993249735 130
1627565796704 0.18948513099443542 131
1627565796785 0.18925792614320333 132
1627565796839 0.1891322797104496 133
1627565796891 0.1890251050556188 134
1627565796949 0.18891457562112754 135
1627565797004 0.1887719052824231 136
1627565797055 0.18866649396584007 137
1627565797115 0.18844712816320958 138
1627565797180 0.1883354226215088 139
1627565797235 0.1882139371697661 140
1627565797296 0.1879290024055207 141
1627565797340 0.1878250032701394 142
1627565797394 0.18765486586111388 143
1627565797442 0.1875440371570673 144
1627565797496 0.18742829546703524 145
1627565797541 0.18731454134312892 146
1627565797597 0.1872084964256755 147
1627565797683 0.1869007914938314 148
1627565797736 0.1868053197024546 149
1627565797790 0.186713808984374 150
1627565797846 0.18662234762706154 151
1627565797899 0.18652530651162838 152
1627565797948 0.18643807957842462 153
1627565798006 0.18626357414985903 154
1627565798064 0.18615502083405072 155
1627565798123 0.18595685593490138 156
1627565798179 0.18585353128910018 157
1627565798236 0.18568069909556006 158
1627565798295 0.1855435903920926 159
1627565798345 0.18543992873205778 160
1627565798392 0.18535565028575948 161
1627565798474 0.18518699007761608 162
1627565798558 0.1851109650772457 163
1627565798608 0.18502256903780626 164
1627565798659 0.18492758657057995 165
1627565798711 0.1848264749831913 166
1627565798751 0.18473950126608568 167
1627565798777 0.18466035297939945 168
1627565798811 0.1845330803210988 169
1627565798848 0.18436897353075077 170
1627565798874 0.18427744295523707 171
1627565798906 0.18419186037983876 172
1627565798934 0.18408655102210214 173
1627565798959 0.18400459109615605 174
1627565798988 0.18391539131152845 175
1627565799018 0.18381425122785464 176
1627565799039 0.1837314098315925 177
1627565799067 0.18364984394477135 178
1627565799106 0.18350698989691341 179
1627565799144 0.18334660739849834 180
1627565799179 0.18321991959345835 181
1627565799212 0.18308097985519117 182
1627565799243 0.18296100833072382 183
1627565799274 0.1828663289917872 184
1627565799309 0.18276924712457301 185
1627565799339 0.18268043336172274 186
1627565799372 0.18258810630782682 187
1627565799410 0.18244327316243217 188
1627565799438 0.18236707800060317 189
1627565799466 0.18229214403132807 190
1627565799502 0.18216139072652046 191
1627565799524 0.18209842887528593 192
1627565799556 0.1819979079981543 193
1627565799588 0.18189707782601247 194
1627565799621 0.18181563126622496 195
1627565799651 0.18174585642579774 196
1627565799682 0.18166892297726697 197
1627565799717 0.18148184847614893 198
1627565799758 0.18129152644371974 199
1627565799796 0.1812093639801316 200
1627565799825 0.18113570702836213 201
1627565799860 0.18099732029520238 202
1627565799890 0.18090642558149997 203
1627565799924 0.18082341909444463 204
1627565799962 0.1806569343273071 205
1627565799998 0.18057761616583554 206
1627565800028 0.18050084185603002 207
1627565800062 0.1803595066412441 208
1627565800101 0.18028038849721012 209
1627565800133 0.1801874316577266 210
1627565800172 0.18002322700237788 211
1627565800200 0.17993087181570774 212
1627565800237 0.17984751294868445 213
1627565800269 0.17973439275267697 214
1627565800304 0.17964118626147074 215
1627565800346 0.179459954972282 216
1627565800375 0.17938210448181907 217
1627565800402 0.17931678338733015 218
1627565800425 0.17923885535529316 219
1627565800452 0.17915825154581264 220
1627565800484 0.1790692031434449 221
1627565800514 0.17900746906923196 222
1627565800538 0.17894612821057357 223
1627565800558 0.17888658718087794 224
1627565800591 0.17877300175290872 225
1627565800629 0.17859957288767406 226
1627565800660 0.17851822279447732 227
1627565800688 0.1784382760010542 228
1627565800716 0.17837021990533033 229
1627565800741 0.17829033360970764 230
1627565800765 0.1782290052108106 231
1627565800790 0.1781490378627063 232
1627565800820 0.17806291592131707 233
1627565800851 0.1779659092255499 234
1627565800878 0.17789367176669413 235
1627565800910 0.17780713201800505 236
1627565800948 0.17773883401904336 237
1627565800977 0.17766426764659604 238
1627565800999 0.17760144488364032 239
1627565801036 0.17753817947932887 240
1627565801066 0.17746571051482427 241
1627565801098 0.17737728789711332 242
1627565801127 0.17731125804616857 243
1627565801153 0.1772404101371511 244
1627565801188 0.1771237931631478 245
1627565801210 0.17706127577274194 246
1627565801235 0.176999173204633 247
1627565801265 0.1769128194477364 248
1627565801302 0.17684471448615385 249
1627565801353 0.17675690035896272 250
1627565801374 0.17668768474573535 251
1627565801398 0.17662180880848927 252
1627565801437 0.17648829609283537 253
1627565801471 0.17638693301953723 254
1627565801501 0.17631615765530262 255
1627565801525 0.17625957631481945 256
1627565801551 0.17620399843610104 257
1627565801575 0.1761494469017435 258
1627565801603 0.17607169274782192 259
1627565801636 0.17595197619122718 260
1627565801668 0.17589052475645595 261
1627565801706 0.17575315215104145 262
1627565801736 0.1756961450717771 263
1627565801766 0.17562809304562563 264
1627565801796 0.1755507043703087 265
1627565801828 0.17546484995981276 266
1627565801861 0.17540066571083784 267
1627565801886 0.17532744242411452 268
1627565801910 0.17526120460281827 269
1627565801940 0.17519736448544326 270
1627565801970 0.1751178517765744 271
1627565801994 0.17505571730865413 272
1627565802016 0.17499820535358154 273
1627565802053 0.1748814976286488 274
1627565802083 0.17481309573342993 275
1627565802123 0.17474172793291645 276
1627565802155 0.1746424783990661 277
1627565802186 0.17455830044353385 278
1627565802214 0.17448434460731474 279
1627565802243 0.17441544262961794 280
1627565802278 0.174310358528597 281
1627565802310 0.17424644441832077 282
1627565802341 0.1741912937265979 283
1627565802371 0.1741177897033729 284
1627565802394 0.1740700943099828 285
1627565802426 0.17394472264070518 286
1627565802453 0.1738860576558199 287
1627565802475 0.17383277234517275 288
1627565802502 0.17375708445502022 289
1627565802525 0.1736945997526038 290
1627565802548 0.17364288563481275 291
1627565802578 0.1735757237706469 292
1627565802605 0.17349917233782816 293
1627565802633 0.17342803271823196 294
1627565802664 0.17335361329048857 295
1627565802689 0.1732774088005024 296
1627565802718 0.17321579553195787 297
1627565802748 0.17315168061903122 298
1627565802769 0.17310466184771545 299
1627565802816 0.1730078617694504 300
1627565802841 0.1729464900639537 301
1627565802869 0.1728781864506774 302
1627565802905 0.17278237886607006 303
1627565802930 0.17271731420530062 304
1627565802958 0.17265106286028603 305
1627565802985 0.17258387895189495 306
1627565803014 0.17250220809152889 307
1627565803041 0.17244697228732167 308
1627565803072 0.17238721108587515 309
1627565803099 0.17232116347522045 310
1627565803122 0.17226847756370986 311
1627565803161 0.17216282128250973 312
1627565803188 0.17210378018510403 313
1627565803218 0.17203253759364742 314
1627565803250 0.1719757984120489 315
1627565803272 0.1719204791717726 316
1627565803295 0.1718578534997524 317
1627565803319 0.1717970807425015 318
1627565803348 0.17174776263381858 319
1627565803375 0.1716866056051219 320
1627565803406 0.17162637000962616 321
1627565803434 0.17156404842312084 322
1627565803461 0.17150273868952048 323
1627565803486 0.17144013959465615 324
1627565803507 0.1713917589556853 325
1627565803546 0.17127684135411655 326
1627565803574 0.17121682681796563 327
1627565803602 0.17116317821779095 328
1627565803628 0.17111230596855032 329
1627565803654 0.17105651585242282 330
1627565803675 0.1710085361829259 331
1627565803704 0.17093892868573787 332
1627565803727 0.17088619080557926 333
1627565803757 0.17080920433505756 334
1627565803795 0.17073648967422714 335
1627565803823 0.17065598111832256 336
1627565803856 0.17059915117130986 337
1627565803885 0.17053197711333523 338
1627565803912 0.1704799360415776 339
1627565803936 0.17041668088266548 340
1627565803971 0.1703078738913226 341
1627565803994 0.17025901820128522 342
1627565804018 0.17020961581108424 343
1627565804045 0.17015713660985723 344
1627565804069 0.17010087803496832 345
1627565804092 0.170055892195669 346
1627565804115 0.1699967972655314 347
1627565804147 0.16993123859312387 348
1627565804170 0.1698834718226226 349
1627565804217 0.16980930440419328 350
1627565804248 0.16975288690803925 351
1627565804271 0.1696975993190231 352
1627565804295 0.1696537891216446 353
1627565804326 0.16960040438642487 354
1627565804359 0.1695484538350615 355
1627565804380 0.16950804132356204 356
1627565804411 0.1694478108500378 357
1627565804445 0.16934024952004484 358
1627565804466 0.16928904319568988 359
1627565804491 0.16923840476865445 360
1627565804525 0.16915726164763745 361
1627565804548 0.16910787138961145 362
1627565804569 0.16905352711269422 363
1627565804593 0.16901038208618968 364
1627565804632 0.17203253759364742 365
1627565808700 0.508885225205463 0
1627565808806 0.4702285059251068 1
1627565808884 0.4361621066196316 2
1627565808962 0.40622902522370763 3
1627565809049 0.3798901231666985 4
1627565809132 0.3569677904610481 5
1627565809221 0.33714796690265014 6
1627565809303 0.32006815012028705 7
1627565809384 0.30542415472300233 8
1627565809463 0.29279440214189056 9
1627565809545 0.2817688064156196 10
1627565809619 0.27240142831043834 11
1627565809689 0.2643249626855466 12
1627565809770 0.25749043422665974 13
1627565809843 0.25156082538363006 14
1627565809918 0.24665844899501485 15
1627565809992 0.24242262078694388 16
1627565810069 0.238905288543128 17
1627565810145 0.2358960569100163 18
1627565810220 0.23320585951616105 19
1627565810297 0.2308819761098438 20
1627565810371 0.22895303373471762 21
1627565810442 0.22726428692585768 22
1627565810513 0.22568944032285732 23
1627565810586 0.22431786185636973 24
1627565810654 0.22319236758939467 25
1627565810726 0.2221653048570872 26
1627565810793 0.22112557179862338 27
1627565810864 0.2203394513440466 28
1627565810928 0.21951790695063317 29
1627565810995 0.21867496801994293 30
1627565811059 0.2181023945324762 31
1627565811118 0.21736145565182052 32
1627565811180 0.21670829787242196 33
1627565811242 0.21622544830017534 34
1627565811303 0.215458426333014 35
1627565811364 0.21479960703066128 36
1627565811431 0.21403761497885848 37
1627565811505 0.21366074970448226 38
1627565811564 0.21317492407497368 39
1627565811632 0.21273130715287666 40
1627565811697 0.21235219933373128 41
1627565811782 0.2117166499634744 42
1627565811847 0.21134818045281942 43
1627565811912 0.21105398804631761 44
1627565811991 0.21079022304644346 45
1627565812092 0.21006460487541376 46
1627565812183 0.20978330059369713 47
1627565812281 0.20924182831364066 48
1627565812378 0.20868049799503557 49
1627565812460 0.20804025698737505 50
1627565812513 0.20781016066365762 51
1627565812571 0.207445347240917 52
1627565812632 0.20697336362040575 53
1627565812690 0.20663505256973605 54
1627565812748 0.20616934032715528 55
1627565812805 0.2058115163913567 56
1627565812857 0.2055899921417106 57
1627565812921 0.20532589624040448 58
1627565812984 0.20485731661963583 59
1627565813044 0.20460214610796518 60
1627565813105 0.20436045893192556 61
1627565813167 0.204156524250574 62
1627565813225 0.2037745080850001 63
1627565813291 0.2035230279066171 64
1627565813350 0.2031159629806115 65
1627565813410 0.20289028098536768 66
1627565813465 0.20271927025320974 67
1627565813529 0.2021962809851885 68
1627565813621 0.2019729875066824 69
1627565813720 0.20153985929262583 70
1627565813783 0.20132596477082446 71
1627565813837 0.20110558629803743 72
1627565813916 0.20080654969942274 73
1627565813993 0.200591646524084 74
1627565814082 0.20039691512052696 75
1627565814165 0.2001905475173978 76
1627565814220 0.20000841834439098 77
1627565814281 0.19985269496854827 78
1627565814365 0.19945350847996665 79
1627565814433 0.19925610331970126 80
1627565814485 0.1989571694126632 81
1627565814550 0.19878355524424213 82
1627565814628 0.19847575874699416 83
1627565814695 0.19829855856747136 84
1627565814753 0.19810411423920865 85
1627565814808 0.1979484970105249 86
1627565814882 0.19767770530379805 87
1627565814938 0.1975313253921057 88
1627565815007 0.19737255095843356 89
1627565815060 0.19722146909351299 90
1627565815115 0.19702992380453616 91
1627565815171 0.19680613593083943 92
1627565815226 0.19653542547593508 93
1627565815286 0.1963897993605725 94
1627565815338 0.19612334394065348 95
1627565815394 0.1957730548328896 96
1627565815450 0.19565223363692308 97
1627565815499 0.19541225858357927 98
1627565815555 0.19526465253273806 99
1627565815625 0.195130592343717 100
1627565815706 0.19492044852199852 101
1627565815778 0.19476401895917886 102
1627565815831 0.19454778251634514 103
1627565815881 0.19442761677688977 104
1627565815939 0.19429311421041745 105
1627565816000 0.1940433691624702 106
1627565816056 0.19383836542220298 107
1627565816109 0.19367098024906163 108
1627565816165 0.1935462022817916 109
1627565816220 0.19322869719786062 110
1627565816278 0.19308145864927295 111
1627565816334 0.1927629376990346 112
1627565816387 0.192549167498819 113
1627565816442 0.19234435605888867 114
1627565816498 0.19211843870076098 115
1627565816552 0.1919810422173992 116
1627565816611 0.19176005197408716 117
1627565816670 0.1915988327985353 118
1627565816723 0.19149166573672774 119
1627565816779 0.19136102986385606 120
1627565816817 0.19124787588196662 121
1627565816863 0.19113333061710208 122
1627565816919 0.19100520168191612 123
1627565816973 0.19071538249218323 124
1627565817023 0.19059236758056933 125
1627565817065 0.19048574728691972 126
1627565817118 0.19024152575123804 127
1627565817163 0.19012133272852083 128
1627565817217 0.18999511308186803 129
1627565817270 0.18984580397011136 130
1627565817335 0.18973349567614203 131
1627565817390 0.18959259845294765 132
1627565817438 0.18947153072531656 133
1627565817477 0.18937770435493048 134
1627565817521 0.18926780988570543 135
1627565817587 0.1890422713256733 136
1627565817657 0.18891036652116877 137
1627565817726 0.18880235334631332 138
1627565817783 0.1886245075536618 139
1627565817848 0.18840225069203434 140
1627565817912 0.18830191634231108 141
1627565817971 0.18819240939183837 142
1627565818019 0.1881012774852298 143
1627565818071 0.18791186271696636 144
1627565818125 0.18781558766557102 145
1627565818193 0.1877096675713883 146
1627565818269 0.187498937454488 147
1627565818319 0.18738945350193892 148
1627565818375 0.187194646921839 149
1627565818437 0.18709221999494968 150
1627565818486 0.1869609553849153 151
1627565818536 0.1867765164022488 152
1627565818576 0.1866683414235769 153
1627565818624 0.18652163540872946 154
1627565818677 0.1864172240587723 155
1627565818722 0.18631711748500376 156
1627565818777 0.18614744888184173 157
1627565818834 0.18604599263813718 158
1627565818885 0.18594302169092336 159
1627565818938 0.1858463129286436 160
1627565818991 0.18574486581184702 161
1627565819028 0.18567199650510413 162
1627565819070 0.18559407500925504 163
1627565819121 0.18548927936079793 164
1627565819174 0.18538742618541612 165
1627565819231 0.18522116337382624 166
1627565819278 0.18512818323382105 167
1627565819318 0.18504284923057773 168
1627565819365 0.1849391513878374 169
1627565819413 0.18484542449681235 170
1627565819472 0.18474858888442944 171
1627565819525 0.1845793363777697 172
1627565819582 0.18440045015707557 173
1627565819635 0.1843091340020525 174
1627565819686 0.18423481923732082 175
1627565819771 0.1840268035175985 176
1627565819855 0.18393478419925322 177
1627565819905 0.1838134235833014 178
1627565819961 0.18367554229499056 179
1627565820008 0.183582143208808 180
1627565820062 0.18347988168339122 181
1627565820144 0.18338183821049847 182
1627565820206 0.18330202802557957 183
1627565820270 0.18314757672511878 184
1627565820334 0.18301608294181423 185
1627565820418 0.18288559482737884 186
1627565820498 0.18278162378691878 187
1627565820576 0.1826906978061965 188
1627565820661 0.18251296074405618 189
1627565820735 0.18243590286692554 190
1627565820817 0.18231465990018036 191
1627565820878 0.18222559478706107 192
1627565820931 0.18215861282452697 193
1627565820995 0.18207267349132 194
1627565821057 0.18197960337353777 195
1627565821111 0.18179765532202355 196
1627565821157 0.18170466369462193 197
1627565821208 0.1815658162674821 198
1627565821255 0.18147568908298012 199
1627565821313 0.18140264974936204 200
1627565821361 0.18133697825685413 201
1627565821416 0.181230445284443 202
1627565821470 0.18114611410638068 203
1627565821515 0.18104331478042213 204
1627565821566 0.1809570166510193 205
1627565821627 0.18086096993488504 206
1627565821679 0.18078237326889146 207
1627565821731 0.1806981387326978 208
1627565821782 0.18060831241699457 209
1627565821850 0.18044100113341335 210
1627565821912 0.18037756039979919 211
1627565821965 0.18029300003816814 212
1627565822018 0.18022138349887862 213
1627565822072 0.18010535503855246 214
1627565822140 0.18001889523812703 215
1627565822191 0.17989949814654643 216
1627565822240 0.17981426001293535 217
1627565822289 0.17973842521449387 218
1627565822322 0.17967009458968403 219
1627565822370 0.17954160674973116 220
1627565822406 0.17948320423852127 221
1627565822460 0.179407137831631 222
1627565822503 0.1793243399074002 223
1627565822540 0.17925171897941056 224
1627565822589 0.17917861034730873 225
1627565822636 0.17910110654153488 226
1627565822692 0.17900493283102026 227
1627565822743 0.17892305155044816 228
1627565822788 0.17884179313570253 229
1627565822836 0.17875769988744647 230
1627565822875 0.17870153908092204 231
1627565822922 0.1786371102174399 232
1627565822974 0.17850878422309507 233
1627565823026 0.17836608132548665 234
1627565823079 0.17827379220813688 235
1627565823119 0.1782170513083975 236
1627565823172 0.1781459581556872 237
1627565823248 0.1780715090467296 238
1627565823301 0.17799679860552006 239
1627565823377 0.17781522463919008 240
1627565823457 0.17764508721181987 241
1627565823504 0.17757188161567283 242
1627565823567 0.17750383414843135 243
1627565823618 0.17742508794996575 244
1627565823655 0.17737063653125212 245
1627565823692 0.17731192661775785 246
1627565823738 0.17725380394794663 247
1627565823808 0.17715512959275992 248
1627565823852 0.17710201332582187 249
1627565823937 0.17703174946400013 250
1627565824000 0.17695805352842753 251
1627565824076 0.17687335863147888 252
1627565824135 0.1767971621962808 253
1627565824198 0.17672747829796231 254
1627565824251 0.17665272569768528 255
1627565824319 0.1765741811645535 256
1627565824389 0.1765059119767991 257
1627565824451 0.17643978311778566 258
1627565824529 0.1763186200602463 259
1627565824604 0.17617205681311182 260
1627565824662 0.17600703332865264 261
1627565824729 0.1759382358736982 262
1627565824799 0.17587764801744277 263
1627565824885 0.17575558843540529 264
1627565824946 0.1756805068912855 265
1627565824995 0.1756027063203848 266
1627565825064 0.1755134268022619 267
1627565825129 0.17543827346595997 268
1627565825208 0.17535835713552836 269
1627565825249 0.1752978065460369 270
1627565825297 0.17522651852847745 271
1627565825346 0.17516100290545225 272
1627565825385 0.17510287515061831 273
1627565825432 0.17502561652880855 274
1627565825476 0.1749618477013681 275
1627565825522 0.17489810663673422 276
1627565825576 0.17479326095336026 277
1627565825629 0.17468218428824647 278
1627565825672 0.17462060672501786 279
1627565825717 0.17454909698936322 280
1627565825779 0.17448362860123212 281
1627565825837 0.174425821760724 282
1627565825895 0.17436942226804078 283
1627565825960 0.17430531709936767 284
1627565826021 0.17424848255394176 285
1627565826072 0.1741917343956049 286
1627565826139 0.17411387192387515 287
1627565826186 0.17404782617200326 288
1627565826253 0.17396782884755788 289
1627565826292 0.17391475065413575 290
1627565826342 0.17379926742983481 291
1627565826384 0.17375262893965807 292
1627565826456 0.1736029241582958 293
1627565826533 0.17348627083702148 294
1627565826582 0.17341113413972692 295
1627565826637 0.17330452538126234 296
1627565826684 0.17324400478180343 297
1627565826728 0.17318758696727415 298
1627565826764 0.17314004440423147 299
1627565826822 0.17308196282517416 300
1627565826860 0.17302568998530896 301
1627565826904 0.1729604043851002 302
1627565826953 0.17288988841701153 303
1627565826993 0.17283657607202854 304
1627565827027 0.1727828007192196 305
1627565827072 0.17272221946559657 306
1627565827111 0.17266485886208835 307
1627565827148 0.17260487257589355 308
1627565827193 0.17253373205071473 309
1627565827235 0.17246167701781012 310
1627565827278 0.17239410132412042 311
1627565827317 0.17233258919732886 312
1627565827369 0.17228441237838776 313
1627565827425 0.17223176246014613 314
1627565827473 0.1721390226271912 315
1627565827520 0.17207270138487285 316
1627565827596 0.17197227527372677 317
1627565827661 0.171897792049534 318
1627565827715 0.17180062179085923 319
1627565827765 0.17173982105211977 320
1627565827835 0.17167680434118257 321
1627565827884 0.17160880345351848 322
1627565827933 0.1715533486901218 323
1627565827979 0.17149716945511367 324
1627565828048 0.17142429838380283 325
1627565828109 0.17136867720313795 326
1627565828149 0.1713190721356361 327
1627565828196 0.17125924540429718 328
1627565828260 0.17119524781049586 329
1627565828323 0.17113271685280732 330
1627565828362 0.17107723433252234 331
1627565828415 0.17099479449408644 332
1627565828469 0.17090492331534923 333
1627565828513 0.17084276676000473 334
1627565828566 0.1707846702468631 335
1627565828621 0.17073301748313569 336
1627565828669 0.1706923242916592 337
1627565828710 0.17064212407678175 338
1627565828746 0.17060063914412063 339
1627565828783 0.17055555295141936 340
1627565828835 0.1704937658352809 341
1627565828889 0.170388141861598 342
1627565828935 0.17033123231097935 343
1627565828986 0.17027990219006636 344
1627565829043 0.17017351690730753 345
1627565829101 0.17004886407295106 346
1627565829146 0.16998221173658568 347
1627565829192 0.1699215347486711 348
1627565829235 0.16986055413079584 349
1627565829286 0.16981334604089518 350
1627565829324 0.1697674453847128 351
1627565829385 0.16971662666945989 352
1627565829434 0.16967351281204007 353
1627565829507 0.1695687591762539 354
1627565829571 0.16951630878036472 355
1627565829622 0.1694677538980566 356
1627565829676 0.16941224497129637 357
1627565829706 0.16935644578884088 358
1627565829746 0.16930138744254022 359
1627565829791 0.1692503233778954 360
1627565829831 0.16919328559912467 361
1627565829891 0.1691340065091394 362
1627565829929 0.16908663031422375 363
1627565829976 0.1690293545265197 364
1627565830034 0.16897606625246944 365
1627565830099 0.16892165522789496 366
1627565830169 0.16886547821953335 367
1627565830224 0.1688195871890853 368
1627565830288 0.16875901115162759 369
1627565830350 0.1686928421099345 370
1627565830407 0.16859077613432913 371
1627565830468 0.16849356924033462 372
1627565830523 0.168440994225902 373
1627565830563 0.16838931127812415 374
1627565830619 0.1683389492175067 375
1627565830670 0.1682897682635209 376
1627565830716 0.16824248417336773 377
1627565830756 0.16818984660536343 378
1627565830801 0.16814137696885129 379
1627565830851 0.1680884591402565 380
1627565830888 0.16804876220939957 381
1627565830932 0.16800038066768946 382
1627565830986 0.16796269249624834 383
1627565831054 0.16789878365204763 384
1627565831118 0.16784111274722463 385
1627565831175 0.16778433312871688 386
1627565831227 0.1677398472159831 387
1627565831290 0.1676834688562513 388
1627565831358 0.16763289501524556 389
1627565831421 0.1675802293511296 390
1627565831491 0.16752628217856314 391
1627565831545 0.16747741737086833 392
1627565831605 0.16742364215907649 393
1627565831658 0.1673840430648019 394
1627565831736 0.16731220452963344 395
1627565831821 0.16722153238042986 396
1627565831874 0.16717919034175457 397
1627565831923 0.16712938864639168 398
1627565831962 0.16708076196663277 399
1627565832018 0.16703363169497082 400
1627565832066 0.1669795092033086 401
1627565832109 0.16693081401446427 402
1627565832171 0.16687052857594173 403
1627565832230 0.16681463682745754 404
1627565832295 0.16676575569362898 405
1627565832336 0.16671643391778201 406
1627565832371 0.1666751944465942 407
1627565832412 0.16663260319967152 408
1627565832445 0.16659197704413892 409
1627565832491 0.16654707149208675 410
1627565832525 0.16650035889879036 411
1627565832564 0.166449171136414 412
1627565832604 0.16640058810181627 413
1627565832637 0.166354559675719 414
1627565832683 0.1662992488351593 415
1627565832723 0.1662569707386142 416
1627565832766 0.16621239818984 417
1627565832814 0.16615936832343164 418
1627565832866 0.1660860945810714 419
1627565832900 0.16603821051081163 420
1627565832961 0.16599051598850947 421
1627565833022 0.16594421194754946 422
1627565833088 0.16849356924033462 423
1627565837072 0.5095896614935002 0
1627565837197 0.4708346605170919 1
1627565837313 0.4366179665877712 2
1627565837393 0.40655761850082006 3
1627565837477 0.3801168928551395 4
1627565837562 0.35720215013426126 5
1627565837648 0.337363746915987 6
1627565837727 0.32026544808687596 7
1627565837810 0.3055984882402974 8
1627565837889 0.29291060253171103 9
1627565837970 0.2818545372808851 10
1627565838049 0.27246928320091124 11
1627565838125 0.26435779602291803 12
1627565838226 0.25750967968816124 13
1627565838301 0.2516345931118703 14
1627565838379 0.24664923979602354 15
1627565838456 0.24243398678287031 16
1627565838531 0.23891191532687134 17
1627565838606 0.23587864926050367 18
1627565838697 0.2332131610618599 19
1627565838795 0.2308254428786532 20
1627565838896 0.22883445104865435 21
1627565838982 0.2271749939651203 22
1627565839056 0.22571002206488572 23
1627565839125 0.22428777751620366 24
1627565839198 0.2231889313005127 25
1627565839272 0.22207690265770133 26
1627565839340 0.221186801042469 27
1627565839425 0.22033267317187807 28
1627565839517 0.21946186179558744 29
1627565839611 0.21877660743218078 30
1627565839672 0.21810751690402144 31
1627565839736 0.21739594266488485 32
1627565839798 0.21676174644197252 33
1627565839874 0.21618246717569478 34
1627565839960 0.21556598237423533 35
1627565840050 0.21489750102217742 36
1627565840123 0.21411966890104847 37
1627565840193 0.21368888819359208 38
1627565840255 0.21307352322096856 39
1627565840319 0.21265827351952588 40
1627565840380 0.212172330205224 41
1627565840443 0.21165451610712557 42
1627565840505 0.21101757939318055 43
1627565840569 0.2104848630340092 44
1627565840639 0.21019022814234392 45
1627565840715 0.20970893982018735 46
1627565840774 0.2090470253220477 47
1627565840835 0.20878395618150708 48
1627565840907 0.20846540247710288 49
1627565840983 0.20818297661072854 50
1627565841039 0.2079432719266463 51
1627565841095 0.20766220406920186 52
1627565841181 0.2070864006248879 53
1627565841253 0.20669401695985615 54
1627565841317 0.20637584870014372 55
1627565841398 0.20577140564824542 56
1627565841454 0.20548033726093648 57
1627565841512 0.20526867543093566 58
1627565841596 0.2050088291642691 59
1627565841678 0.20479644167818248 60
1627565841753 0.20429315577701673 61
1627565841825 0.20404308612615654 62
1627565841893 0.20386586775488305 63
1627565841960 0.2034912200866845 64
1627565842011 0.20314848706443014 65
1627565842069 0.20294438794296585 66
1627565842145 0.20253278242609868 67
1627565842226 0.20202825415272238 68
1627565842286 0.2018448660988707 69
1627565842366 0.2015965002292376 70
1627565842437 0.2013903103713116 71
1627565842495 0.20105129543845826 72
1627565842549 0.20083158477999363 73
1627565842603 0.2005915829951102 74
1627565842664 0.20015731044361362 75
1627565842714 0.19995986585254422 76
1627565842770 0.19962090607721986 77
1627565842819 0.19944874091250678 78
1627565842874 0.1992453841983133 79
1627565842930 0.19902372902036858 80
1627565842985 0.19866917328069342 81
1627565843046 0.198490739229704 82
1627565843128 0.1982434733246695 83
1627565843208 0.19803286936522152 84
1627565843302 0.19784920229040465 85
1627565843387 0.19767818712550064 86
1627565843479 0.19746282215093056 87
1627565843558 0.1973134185526367 88
1627565843620 0.1971426239622117 89
1627565843690 0.1968708867857528 90
1627565843766 0.19661346463246748 91
1627565843834 0.19632619613578237 92
1627565843897 0.1959095829166586 93
1627565843967 0.1957122516357093 94
1627565844029 0.19558600972476028 95
1627565844079 0.1953952122403375 96
1627565844134 0.1951373532678767 97
1627565844189 0.19499120054744812 98
1627565844248 0.19483519253307469 99
1627565844326 0.19456063776791074 100
1627565844385 0.19440382487386942 101
1627565844440 0.19413226945868442 102
1627565844495 0.19397975924558825 103
1627565844545 0.19385708101379642 104
1627565844600 0.1937209645557873 105
1627565844655 0.19358210424496164 106
1627565844716 0.19325169103548034 107
1627565844776 0.19303023414368525 108
1627565844839 0.1928481231358887 109
1627565844892 0.19262171194966113 110
1627565844951 0.1924500328663903 111
1627565845012 0.1921557595259038 112
1627565845068 0.19203683975133243 113
1627565845157 0.19181634705536119 114
1627565845236 0.1916216804329712 115
1627565845298 0.19149236879987544 116
1627565845374 0.19134652001339258 117
1627565845440 0.19120009764995133 118
1627565845495 0.1910927177788408 119
1627565845543 0.19097555813781322 120
1627565845600 0.19075896631276001 121
1627565845660 0.190615562147721 122
1627565845709 0.1904974510451822 123
1627565845772 0.19019870891740243 124
1627565845828 0.19004205239122834 125
1627565845884 0.18992679024536088 126
1627565845942 0.18982158162401427 127
1627565845995 0.1896890770220844 128
1627565846060 0.18953655221889107 129
1627565846117 0.18938246945002649 130
1627565846170 0.18926440663232186 131
1627565846221 0.18917109073121274 132
1627565846267 0.1890571518022204 133
1627565846324 0.18889830439467958 134
1627565846385 0.18876967286064184 135
1627565846443 0.18865244511978954 136
1627565846489 0.18852432038733227 137
1627565846538 0.18841674108666948 138
1627565846612 0.18829295547245656 139
1627565846682 0.18814939725303345 140
1627565846756 0.1879456499473096 141
1627565846809 0.18784672707066072 142
1627565846875 0.18759458356477735 143
1627565846950 0.18741387780004493 144
1627565847011 0.1873093017924561 145
1627565847069 0.1871946553967631 146
1627565847128 0.1869439964006435 147
1627565847177 0.18684388661373108 148
1627565847227 0.18675911113151827 149
1627565847294 0.18663534178361355 150
1627565847351 0.1865335221836191 151
1627565847407 0.18643383555724086 152
1627565847456 0.18633997559410115 153
1627565847506 0.18624433120132325 154
1627565847574 0.18596719531606182 155
1627565847633 0.18586791450793 156
1627565847681 0.1857714850362799 157
1627565847725 0.18567298033300536 158
1627565847774 0.18558506225111904 159
1627565847831 0.18549439875373583 160
1627565847879 0.18537427832299838 161
1627565847929 0.1852602001818972 162
1627565847975 0.1851130429722271 163
1627565848034 0.18492208513014494 164
1627565848076 0.18481999272646324 165
1627565848127 0.18471333081959138 166
1627565848171 0.18462577611357062 167
1627565848215 0.1845353973374156 168
1627565848259 0.18443763909025773 169
1627565848330 0.1843340336397189 170
1627565848417 0.184155525241004 171
1627565848484 0.18402884994244484 172
1627565848558 0.1838469717790828 173
1627565848610 0.18369909175775015 174
1627565848659 0.1836075425699604 175
1627565848717 0.18351401191952146 176
1627565848765 0.1834269335483195 177
1627565848824 0.18322190221838072 178
1627565848869 0.18313510083136214 179
1627565848924 0.1830474276266391 180
1627565848988 0.18295894974055169 181
1627565849039 0.18286368624335889 182
1627565849084 0.18278612000628294 183
1627565849129 0.18270671795051513 184
1627565849181 0.18260853577633185 185
1627565849232 0.18249190978606777 186
1627565849290 0.1822952311208379 187
1627565849323 0.18222290455732923 188
1627565849374 0.1820910059871733 189
1627565849430 0.18200915203701706 190
1627565849489 0.1818421140903637 191
1627565849541 0.18176061406698796 192
1627565849606 0.18165195223827502 193
1627565849652 0.18156405677695256 194
1627565849702 0.18147485665907195 195
1627565849767 0.1812974424489658 196
1627565849818 0.1811693405719643 197
1627565849864 0.18103144272709892 198
1627565849913 0.18094597620300606 199
1627565849987 0.18087125544229568 200
1627565850052 0.18075607591878165 201
1627565850112 0.18055865344408506 202
1627565850160 0.18047368032400019 203
1627565850199 0.18039599849895419 204
1627565850241 0.18031573068018714 205
1627565850283 0.180231105110365 206
1627565850332 0.18015339735121358 207
1627565850378 0.18003824451208073 208
1627565850433 0.17995042145456353 209
1627565850493 0.17985774935296486 210
1627565850533 0.17977830844967793 211
1627565850581 0.17969242705967733 212
1627565850618 0.17963306203506454 213
1627565850675 0.17954622274492132 214
1627565850727 0.17947632560238388 215
1627565850769 0.17941420000625047 216
1627565850814 0.1793368135084214 217
1627565850886 0.17923356477092536 218
1627565850943 0.17916557655620843 219
1627565851014 0.1790925903029871 220
1627565851081 0.17902000673661803 221
1627565851140 0.17895804300509435 222
1627565851210 0.17888914095100064 223
1627565851283 0.17881598094536583 224
1627565851342 0.1787388980937137 225
1627565851394 0.17856462540304002 226
1627565851449 0.1784491172719202 227
1627565851503 0.17836129930968966 228
1627565851570 0.17828343643958486 229
1627565851611 0.17821694611840366 230
1627565851664 0.17814405657189591 231
1627565851706 0.1780737205868365 232
1627565851757 0.17797863957257046 233
1627565851803 0.17791102701796052 234
1627565851844 0.17783006791017966 235
1627565851897 0.1777416007211978 236
1627565851947 0.17766585179784086 237
1627565852002 0.17757663956129055 238
1627565852055 0.17750175618430347 239
1627565852094 0.17744065379292562 240
1627565852144 0.17736990193475427 241
1627565852183 0.177282594385793 242
1627565852231 0.1772034835451897 243
1627565852268 0.17714916223175736 244
1627565852323 0.17702777811326903 245
1627565852370 0.1769487500042852 246
1627565852413 0.1768695395047728 247
1627565852463 0.17675620028668734 248
1627565852512 0.17665324471091556 249
1627565852571 0.17655184208631136 250
1627565852614 0.17647673949252585 251
1627565852656 0.1764069363478095 252
1627565852705 0.1763341303534944 253
1627565852747 0.17627882121369776 254
1627565852802 0.176194702380536 255
1627565852842 0.17612477374408772 256
1627565852896 0.17605965901001588 257
1627565852957 0.17589429346433716 258
1627565852998 0.17582762079501893 259
1627565853041 0.17575986780221536 260
1627565853089 0.17570672356802022 261
1627565853142 0.17565230912355756 262
1627565853192 0.17558865256969858 263
1627565853264 0.1755056918789974 264
1627565853330 0.17543867266608412 265
1627565853396 0.1753137227837749 266
1627565853448 0.17524831744156102 267
1627565853502 0.17516462101921856 268
1627565853542 0.17510161749546094 269
1627565853590 0.17503819791207417 270
1627565853640 0.17496424316277295 271
1627565853687 0.17489078023332424 272
1627565853738 0.17483253389847203 273
1627565853825 0.17467871319785747 274
1627565853889 0.17462223652453068 275
1627565853952 0.1745677063491225 276
1627565854020 0.17449751065820665 277
1627565854095 0.17442242864649612 278
1627565854162 0.17435060398234567 279
1627565854229 0.17424472612797828 280
1627565854286 0.17411864395179275 281
1627565854336 0.17405304641397012 282
1627565854378 0.17399247197469503 283
1627565854434 0.17388392850724985 284
1627565854478 0.1738247556986525 285
1627565854526 0.1737265422162983 286
1627565854565 0.1736688137926609 287
1627565854616 0.17359273657825935 288
1627565854663 0.17353245367166134 289
1627565854710 0.17348080356314655 290
1627565854750 0.17342115892672932 291
1627565854791 0.17335962887913733 292
1627565854832 0.17329752226319928 293
1627565854882 0.17323196808475153 294
1627565854919 0.17318005513275447 295
1627565854970 0.173113344195869 296
1627565855017 0.17304911575826973 297
1627565855082 0.17298258112090792 298
1627565855137 0.1729367714651914 299
1627565855199 0.17288144076505435 300
1627565855237 0.17281438874037006 301
1627565855289 0.17269033779369694 302
1627565855344 0.17256029193517428 303
1627565855382 0.1725033118894633 304
1627565855428 0.17243786832693886 305
1627565855470 0.17237376856282516 306
1627565855524 0.17230701125845338 307
1627565855580 0.17225745613101157 308
1627565855629 0.17220117388219658 309
1627565855669 0.17214587410025267 310
1627565855733 0.172090816512955 311
1627565855772 0.1720444207569595 312
1627565855808 0.17198303082753996 313
1627565855849 0.1719292786600754 314
1627565855897 0.1718434355964688 315
1627565855946 0.17175441022383936 316
1627565856000 0.17167066930824862 317
1627565856038 0.17162291238198482 318
1627565856110 0.17151747797416098 319
1627565856175 0.17146152029002162 320
1627565856242 0.17139381887041724 321
1627565856302 0.17129582566084112 322
1627565856359 0.1711802230279889 323
1627565856405 0.17112126286064844 324
1627565856449 0.17106149009454732 325
1627565856499 0.17099373082905547 326
1627565856544 0.17093599265854392 327
1627565856582 0.17088083605494295 328
1627565856634 0.170779211048246 329
1627565856685 0.17067400809055058 330
1627565856717 0.17061368148110806 331
1627565856761 0.1705474887276944 332
1627565856809 0.170485393308868 333
1627565856846 0.17044080112405519 334
1627565856892 0.17038814108204667 335
1627565856941 0.17032695119788893 336
1627565856979 0.17026998479092478 337
1627565857030 0.17021584033608575 338
1627565857067 0.17016704806390004 339
1627565857104 0.17011827527485485 340
1627565857143 0.17005833510302645 341
1627565857187 0.16998935824472708 342
1627565857236 0.1699250334034818 343
1627565857278 0.16987011292395404 344
1627565857319 0.16981652839775077 345
1627565857367 0.16976250189526093 346
1627565857409 0.16970484985069373 347
1627565857447 0.16965111702261645 348
1627565857505 0.16956879983020118 349
1627565857562 0.16951358050705267 350
1627565857606 0.16945221863785495 351
1627565857659 0.16939877401715783 352
1627565857697 0.16935135572339644 353
1627565857750 0.1692968693234224 354
1627565857786 0.16925647545515612 355
1627565857828 0.16919072920013042 356
1627565857865 0.16914444514377805 357
1627565857902 0.16910064964383956 358
1627565857949 0.1690348395261429 359
1627565857995 0.1689804046989941 360
1627565858036 0.16892768675039851 361
1627565858074 0.16888295562479688 362
1627565858117 0.168819867621422 363
1627565858155 0.16877555609160047 364
1627565858208 0.16870759813050948 365
1627565858247 0.16865287101103665 366
1627565858285 0.1686060582390704 367
1627565858331 0.16855087383230768 368
1627565858366 0.16850651107507827 369
1627565858414 0.16844846891457002 370
1627565858450 0.16840177340116527 371
1627565858486 0.16835293872513987 372
1627565858530 0.1682961671254892 373
1627565858591 0.1681945952350522 374
1627565858658 0.16808449975659234 375
1627565858712 0.16802926905666554 376
1627565858751 0.16797844389991662 377
1627565858792 0.16792611949705577 378
1627565858828 0.16787227699548263 379
1627565858861 0.16783662226558643 380
1627565858900 0.16778906633030607 381
1627565858945 0.1677337987226393 382
1627565858998 0.16766580752952745 383
1627565859054 0.1676069527446726 384
1627565859117 0.16756187698778519 385
1627565859183 0.16750568704346755 386
1627565859262 0.16745815199588118 387
1627565859315 0.16741464325316738 388
1627565859351 0.16737321552337112 389
1627565859399 0.1673218813982005 390
1627565859434 0.16728083503825697 391
1627565859474 0.1672216886309049 392
1627565859515 0.16716780247356086 393
1627565859563 0.16711864448392436 394
1627565859604 0.16706572080938473 395
1627565859641 0.16701966185974407 396
1627565859684 0.16696830153618883 397
1627565859737 0.1668970995605446 398
1627565859790 0.16681547824601453 399
1627565859841 0.16676725097158254 400
1627565859878 0.1667154859601605 401
1627565859918 0.1666667336919778 402
1627565859954 0.1666127612966416 403
1627565859992 0.16656630224201022 404
1627565860033 0.16651256552346583 405
1627565860087 0.16642461112728016 406
1627565860124 0.16637691013005954 407
1627565860164 0.16632201532552682 408
1627565860202 0.16627944203783177 409
1627565860246 0.1662332846906875 410
1627565860288 0.16618180384425874 411
1627565860336 0.16612341213490842 412
1627565860382 0.16607318007702654 413
1627565860426 0.16602496784093404 414
1627565860470 0.16597657794979576 415
1627565860516 0.1659276287180275 416
1627565860568 0.16588325902532747 417
1627565860638 0.16582913688631395 418
1627565860683 0.16577477063744497 419
1627565860746 0.16572043207180245 420
1627565860811 0.16560922998987399 421
1627565860855 0.16556443332324297 422
1627565860902 0.16551214554367777 423
1627565860933 0.16547602822730195 424
1627565860976 0.16542577220892163 425
1627565861010 0.16538927616237903 426
1627565861060 0.16534302880447996 427
1627565861117 0.16524925923388845 428
1627565861158 0.16520186857170893 429
1627565861200 0.16516094450002022 430
1627565861254 0.16508139741857067 431
1627565861303 0.16503350851895687 432
1627565861348 0.16499092435391602 433
1627565861395 0.16493971073610697 434
1627565861440 0.1648970541128439 435
1627565861483 0.1648521368051621 436
1627565861528 0.1648088388876076 437
1627565861582 0.16475918685508634 438
1627565861618 0.16471524771268753 439
1627565861662 0.16466751435162788 440
1627565861711 0.16462193557900168 441
1627565861755 0.16457641300709458 442
1627565861798 0.16452834361296337 443
1627565861833 0.1644897480999722 444
1627565861878 0.16443753797802352 445
1627565861918 0.16439000213070706 446
1627565861956 0.16433714901358823 447
1627565861992 0.16429382566232964 448
1627565862046 0.16421077474560802 449
1627565862104 0.16417101142864507 450
1627565862148 0.16413172104017298 451
1627565862193 0.16408485984222565 452
1627565862234 0.16403558226079723 453
1627565862288 0.1639753443626502 454
1627565862325 0.16393698379127264 455
1627565862358 0.16390241508244013 456
1627565862406 0.16382740977061075 457
1627565862443 0.16378877246102144 458
1627565862481 0.16375285563111328 459
1627565862525 0.16370254290407119 460
1627565862564 0.1636605523559622 461
1627565862604 0.16361349046095078 462
1627565862653 0.16356653836838175 463
1627565862696 0.16352973112537347 464
1627565862743 0.16349012615376565 465
1627565862807 0.16343498541216064 466
1627565862841 0.16339795659576942 467
1627565862878 0.16334757083133744 468
1627565862921 0.1632994420346482 469
1627565862965 0.1632438225392953 470
1627565863006 0.16320331495975154 471
1627565863049 0.1631598415563566 472
1627565863090 0.16311390549369972 473
1627565863129 0.16306628749586785 474
1627565863168 0.16302815587394856 475
1627565863208 0.16299016341364858 476
1627565863245 0.16294965273475828 477
1627565863291 0.16290764023050136 478
1627565863345 0.16283619622811987 479
1627565863392 0.16279407880503183 480
1627565863434 0.1627539647183938 481
1627565863472 0.16271067700414166 482
1627565863518 0.16265789524586807 483
1627565863553 0.16262342301992036 484
1627565863588 0.16257480880717143 485
1627565863624 0.1625339120847925 486
1627565863673 0.16246848977600942 487
1627565863713 0.16242770784968022 488
1627565863756 0.1623822677280226 489
1627565863804 0.1623357476573381 490
1627565863847 0.16228395851815253 491
1627565863884 0.16224479100921602 492
1627565863922 0.16220638447896124 493
1627565863968 0.16216048837246114 494
1627565864017 0.16209001500357445 495
1627565864056 0.1620462286720267 496
1627565864096 0.16199721071176704 497
1627565864131 0.16195392191008737 498
1627565864172 0.16191225372778395 499
1627565864234 0.16185778767975767 500
1627565864277 0.16181150895378021 501
1627565864322 0.161758454853029 502
1627565864356 0.1617217819329563 503
1627565864410 0.1616388823569109 504
1627565864455 0.1615928073620251 505
1627565864497 0.1615456200078154 506
1627565864534 0.1615029828577628 507
1627565864567 0.1614623595176641 508
1627565864609 0.16141067987165142 509
1627565864671 0.16375285563111328 510
1627565868665 0.5076202366223027 0
1627565868756 0.4691028132084538 1
1627565868836 0.43507936901996197 2
1627565868913 0.40525952132393867 3
1627565868990 0.3790124607866162 4
1627565869069 0.35616355932003335 5
1627565869147 0.3364117498145488 6
1627565869223 0.31942377821573703 7
1627565869298 0.3048144172756813 8
1627565869367 0.2921562556748357 9
1627565869443 0.2811956215203823 10
1627565869521 0.27180985972528887 11
1627565869599 0.2637401571746479 12
1627565869674 0.25700850854820206 13
1627565869750 0.25121891313466965 14
1627565869829 0.24629666229178437 15
1627565869901 0.24208303384497448 16
1627565869975 0.23861209563920593 17
1627565870047 0.23566663088108158 18
1627565870113 0.23293918939145383 19
1627565870182 0.23060225910683535 20
1627565870248 0.22865611162368787 21
1627565870322 0.22702251410732457 22
1627565870393 0.22548030880198605 23
1627565870455 0.22410467535991488 24
1627565870515 0.22300051739923732 25
1627565870576 0.22197031468803294 26
1627565870639 0.2210046790299978 27
1627565870712 0.22018309512314083 28
1627565870781 0.21939140117636483 29
1627565870840 0.2186014870816231 30
1627565870901 0.21796102958799726 31
1627565870958 0.21719950934006269 32
1627565871019 0.21650856391673218 33
1627565871077 0.2159681582905915 34
1627565871132 0.21533021862740445 35
1627565871190 0.21471351569528802 36
1627565871251 0.2140056274662104 37
1627565871309 0.21349606636389018 38
1627565871368 0.2128350587462635 39
1627565871427 0.21245144753343234 40
1627565871485 0.2119843473146209 41
1627565871542 0.21157263159225426 42
1627565871608 0.21120786084615034 43
1627565871676 0.21069124616720425 44
1627565871735 0.21037765705217118 45
1627565871793 0.20994071997451821 46
1627565871852 0.2093967388483263 47
1627565871913 0.2088243913339065 48
1627565871978 0.20853834198657176 49
1627565872058 0.20788333060630987 50
1627565872119 0.20749043230146968 51
1627565872182 0.20725459480803626 52
1627565872252 0.2067631703935294 53
1627565872310 0.2063728150722787 54
1627565872378 0.20602052735223705 55
1627565872448 0.20554157351793928 56
1627565872503 0.20535071506250083 57
1627565872562 0.20512184198530053 58
1627565872625 0.20487590044758663 59
1627565872687 0.20466273661823256 60
1627565872745 0.20407180135038208 61
1627565872801 0.20367248648520456 62
1627565872862 0.20332304861432393 63
1627565872913 0.20296095476327555 64
1627565872972 0.20248255801290166 65
1627565873039 0.20225339929462907 66
1627565873103 0.2019868080875249 67
1627565873167 0.20155115372485163 68
1627565873230 0.20136742507715463 69
1627565873294 0.2011584413115488 70
1627565873355 0.20077344243813414 71
1627565873415 0.20041142333175768 72
1627565873470 0.20007544108821693 73
1627565873529 0.1998503727634848 74
1627565873596 0.19938303839167004 75
1627565873658 0.19919183640525398 76
1627565873716 0.19900816859886178 77
1627565873776 0.19882586904140948 78
1627565873832 0.19866248563334854 79
1627565873891 0.19849563792104874 80
1627565873951 0.19817268339676955 81
1627565874011 0.1979870987019873 82
1627565874072 0.1978486891426068 83
1627565874159 0.19761143575853135 84
1627565874231 0.19739029354006382 85
1627565874299 0.19715610332271707 86
1627565874375 0.19685914118160236 87
1627565874435 0.19669334247983553 88
1627565874494 0.19653728820700497 89
1627565874552 0.19636289150677214 90
1627565874598 0.1961186284301316 91
1627565874657 0.19597554924685945 92
1627565874728 0.19581980936067778 93
1627565874796 0.1956735734561245 94
1627565874865 0.19554064181825187 95
1627565874920 0.19538472396335613 96
1627565874970 0.1951562440918207 97
1627565875033 0.19491220674358084 98
1627565875089 0.1947298774006772 99
1627565875163 0.19443912061946236 100
1627565875226 0.19419540149465558 101
1627565875286 0.19398276295719524 102
1627565875338 0.1937142610928931 103
1627565875395 0.1935644595285453 104
1627565875460 0.19325611471137927 105
1627565875523 0.1930428670254333 106
1627565875578 0.19285223222387748 107
1627565875641 0.19269600245477528 108
1627565875702 0.19257813695862697 109
1627565875761 0.1923363286244806 110
1627565875817 0.1922064835003325 111
1627565875876 0.19194881829065708 112
1627565875930 0.19181695150906874 113
1627565875985 0.19168670649000666 114
1627565876044 0.19157254291621195 115
1627565876101 0.19141945519450346 116
1627565876166 0.1911337567794676 117
1627565876217 0.19101025678434616 118
1627565876269 0.1907957365957148 119
1627565876319 0.190684131853366 120
1627565876376 0.19055854214361181 121
1627565876424 0.19043365141994517 122
1627565876480 0.19031354012252444 123
1627565876533 0.19013323942960655 124
1627565876591 0.19001058264914839 125
1627565876649 0.18988961183197564 126
1627565876696 0.18978856459395257 127
1627565876771 0.18960278120961357 128
1627565876845 0.18938249647717909 129
1627565876903 0.18923908943737128 130
1627565876968 0.18902892156954373 131
1627565877031 0.18892847347129801 132
1627565877087 0.1888055644289668 133
1627565877132 0.1886101312169273 134
1627565877186 0.18847981924551635 135
1627565877224 0.18837987409056814 136
1627565877274 0.1882114198197291 137
1627565877331 0.1880838636732095 138
1627565877381 0.18793193220884044 139
1627565877435 0.18777552497192837 140
1627565877489 0.18767259037232417 141
1627565877543 0.18754575842716387 142
1627565877594 0.18744488462822032 143
1627565877648 0.18729954407938157 144
1627565877701 0.1871986664456598 145
1627565877749 0.18710157466702063 146
1627565877809 0.18686063001755684 147
1627565877867 0.1867402960112973 148
1627565877918 0.18657600042842418 149
1627565877987 0.1864361372335841 150
1627565878044 0.1862456600192534 151
1627565878097 0.18615187533077054 152
1627565878144 0.18603894462832787 153
1627565878196 0.1859359495660798 154
1627565878255 0.18577396563120183 155
1627565878311 0.18562677313197615 156
1627565878363 0.1855245626465278 157
1627565878418 0.18541976647943947 158
1627565878461 0.18532355042892915 159
1627565878516 0.18518634537338508 160
1627565878568 0.1850379964734781 161
1627565878613 0.18495666436782235 162
1627565878667 0.18487646381270323 163
1627565878723 0.18472816577362547 164
1627565878769 0.1846320112578738 165
1627565878817 0.18454114594740575 166
1627565878858 0.184458576829039 167
1627565878911 0.1842971193347086 168
1627565878956 0.18419040270850187 169
1627565879012 0.1840906606304448 170
1627565879063 0.1839705944908077 171
1627565879113 0.18386376648539302 172
1627565879165 0.1837535527841627 173
1627565879229 0.18363043261535714 174
1627565879292 0.18352256185867363 175
1627565879349 0.18343136074423264 176
1627565879408 0.1833280096198904 177
1627565879458 0.18323447284147307 178
1627565879511 0.18313643038554073 179
1627565879565 0.18303388900374903 180
1627565879610 0.1829490566267086 181
1627565879662 0.18286791501975402 182
1627565879712 0.18277993332882175 183
1627565879746 0.18269968010086193 184
1627565879801 0.18261315212441828 185
1627565879851 0.18253346819784053 186
1627565879893 0.18244889930826988 187
1627565879942 0.18232620597066948 188
1627565879990 0.18221250676148829 189
1627565880038 0.1821377580824993 190
1627565880075 0.18206511230158096 191
1627565880123 0.1819812995434746 192
1627565880179 0.18190080136281364 193
1627565880232 0.18180874477497674 194
1627565880278 0.18172441414454207 195
1627565880324 0.18164948138908887 196
1627565880367 0.18156389483640087 197
1627565880416 0.18144439028648718 198
1627565880450 0.1813805743581603 199
1627565880510 0.18130478795730354 200
1627565880556 0.1811986290684249 201
1627565880600 0.18111483645723256 202
1627565880649 0.18102873487803903 203
1627565880705 0.18082835808416822 204
1627565880752 0.18075307133839566 205
1627565880805 0.1806730222709592 206
1627565880856 0.18054914120400356 207
1627565880905 0.1804647816396177 208
1627565880958 0.18039381862665987 209
1627565880998 0.1803120329849189 210
1627565881043 0.18023381847351633 211
1627565881089 0.18016170408805907 212
1627565881143 0.18008107027764114 213
1627565881193 0.1798839812106062 214
1627565881234 0.17980374402631571 215
1627565881273 0.1797407440284174 216
1627565881316 0.17966690143571196 217
1627565881358 0.17959170262035756 218
1627565881397 0.1795163959400463 219
1627565881442 0.1794327636191659 220
1627565881491 0.17928846017307484 221
1627565881550 0.17920470251161774 222
1627565881587 0.17914191003811863 223
1627565881650 0.1790794093543929 224
1627565881693 0.17901123307313296 225
1627565881737 0.17892939655547346 226
1627565881787 0.1788275961194917 227
1627565881830 0.17875186524312303 228
1627565881882 0.17862511613797102 229
1627565881937 0.17849043587330812 230
1627565881995 0.17838074103732068 231
1627565882056 0.17821125325709294 232
1627565882106 0.17813656681549697 233
1627565882144 0.17807458418997607 234
1627565882196 0.17799817100611046 235
1627565882243 0.17793070865041444 236
1627565882293 0.1778358503933072 237
1627565882340 0.1777509917726306 238
1627565882374 0.1776846869116608 239
1627565882430 0.17755051788645385 240
1627565882492 0.17738994874271088 241
1627565882544 0.17730507211290794 242
1627565882588 0.17724142332192117 243
1627565882632 0.1771743707871421 244
1627565882669 0.17710942146471864 245
1627565882713 0.17703848066051484 246
1627565882752 0.17697389137269878 247
1627565882793 0.17691443373399662 248
1627565882831 0.1768545538550626 249
1627565882886 0.1767680074997033 250
1627565882927 0.17670258053595664 251
1627565882976 0.1766291099030644 252
1627565883017 0.17656403511238283 253
1627565883063 0.17649633355977057 254
1627565883116 0.1764280818734303 255
1627565883167 0.17634927072366938 256
1627565883214 0.17628988953089045 257
1627565883255 0.17622470770415694 258
1627565883297 0.17615894714405567 259
1627565883349 0.17607464917233367 260
1627565883395 0.1760116380139288 261
1627565883436 0.17594706668022067 262
1627565883480 0.17587519176658287 263
1627565883528 0.17580422133960127 264
1627565883574 0.17571710626059775 265
1627565883609 0.1756440285057517 266
1627565883659 0.17557722922799843 267
1627565883706 0.17551024831747192 268
1627565883742 0.17545769505806189 269
1627565883781 0.1754082581908435 270
1627565883831 0.17534310216782611 271
1627565883877 0.175275948933491 272
1627565883919 0.17520754880569103 273
1627565883976 0.17506541562983635 274
1627565884026 0.17500018803082218 275
1627565884087 0.17483811149367193 276
1627565884137 0.17477634576874448 277
1627565884191 0.17468087079904795 278
1627565884231 0.17462397261373536 279
1627565884272 0.1745605831608505 280
1627565884317 0.17450616515416945 281
1627565884368 0.1744488400084653 282
1627565884428 0.17429215228695358 283
1627565884477 0.1742191764826122 284
1627565884524 0.17415416850729834 285
1627565884585 0.1740903421053707 286
1627565884655 0.17399904139302996 287
1627565884718 0.1739018802134081 288
1627565884772 0.17379458731660324 289
1627565884823 0.17372123540630524 290
1627565884864 0.1736655236235376 291
1627565884906 0.17360161182222203 292
1627565884951 0.17353570477847674 293
1627565884995 0.17346535967230894 294
1627565885053 0.17332997173283163 295
1627565885099 0.17325646900947345 296
1627565885136 0.17320242199636562 297
1627565885178 0.17314596626651696 298
1627565885227 0.17308903851937674 299
1627565885293 0.17297867699714306 300
1627565885341 0.17291472811332675 301
1627565885381 0.17285932394782427 302
1627565885419 0.1728011143806365 303
1627565885468 0.172722529679957 304
1627565885520 0.17266545595299906 305
1627565885564 0.1726019421430261 306
1627565885607 0.17254695995628733 307
1627565885657 0.17247349208475604 308
1627565885705 0.1724198129086813 309
1627565885747 0.17235411114484436 310
1627565885795 0.17227981191450933 311
1627565885836 0.17222370450267946 312
1627565885884 0.1721697546468905 313
1627565885940 0.17210555743853717 314
1627565885998 0.1719919743371871 315
1627565886039 0.17192826686394808 316
1627565886088 0.1718555922255342 317
1627565886133 0.17177167488055525 318
1627565886182 0.17170317289582138 319
1627565886243 0.17156716301813343 320
1627565886309 0.17146624484995607 321
1627565886353 0.17140945708272984 322
1627565886398 0.17135405132389678 323
1627565886435 0.17129578934755832 324
1627565886476 0.17124364706515216 325
1627565886512 0.17119994783103148 326
1627565886565 0.17112958501898087 327
1627565886609 0.1710671740842158 328
1627565886659 0.1710108114312023 329
1627565886696 0.17096317260277288 330
1627565886735 0.1709115666667965 331
1627565886775 0.17086129993670532 332
1627565886817 0.1708162486754741 333
1627565886860 0.17076291894279733 334
1627565886896 0.1707172349959443 335
1627565886942 0.1706559393944342 336
1627565886983 0.17059420432723607 337
1627565887032 0.17052429880397985 338
1627565887079 0.17045327546754596 339
1627565887114 0.17041061730366563 340
1627565887160 0.17034144777338464 341
1627565887210 0.17025362869252691 342
1627565887248 0.17020267433105687 343
1627565887287 0.17015674775335446 344
1627565887330 0.1701026572675858 345
1627565887366 0.1700487624814408 346
1627565887403 0.16999502502491784 347
1627565887451 0.16991320582475608 348
1627565887486 0.1698531674487729 349
1627565887544 0.1697927426978482 350
1627565887590 0.16973786790343348 351
1627565887622 0.16969242033858287 352
1627565887657 0.16964803666243883 353
1627565887700 0.1695810414232474 354
1627565887757 0.16952274611508622 355
1627565887799 0.16946520198136641 356
1627565887855 0.16934372230474998 357
1627565887891 0.1692953243946028 358
1627565887927 0.16924361072569685 359
1627565887980 0.16918392477973096 360
1627565888023 0.1691326468458355 361
1627565888063 0.16907907129235492 362
1627565888103 0.16902843683179647 363
1627565888151 0.16896253841309952 364
1627565888198 0.16891048645475937 365
1627565888245 0.16884084417214415 366
1627565888290 0.16879348119271434 367
1627565888330 0.16874411071979953 368
1627565888382 0.16868983693534906 369
1627565888421 0.16863887215803133 370
1627565888465 0.168592579682797 371
1627565888503 0.16854346798761147 372
1627565888562 0.16842129764320599 373
1627565888599 0.16837176026145706 374
1627565888650 0.16832051052505848 375
1627565888695 0.16827153829371796 376
1627565888733 0.16822676156771346 377
1627565888770 0.16817176335342632 378
1627565888808 0.16812613433569198 379
1627565888847 0.16807906540019968 380
1627565888893 0.1679954908488208 381
1627565888931 0.16794194618171146 382
1627565888982 0.1678889979723834 383
1627565889019 0.16784634169618248 384
1627565889053 0.16779539786695247 385
1627565889093 0.16774464843968614 386
1627565889134 0.16769665019867186 387
1627565889182 0.16763682877367125 388
1627565889224 0.1675856999069231 389
1627565889270 0.16753800502259972 390
1627565889318 0.16749271497700208 391
1627565889357 0.1674405678826097 392
1627565889394 0.1673964359106307 393
1627565889442 0.16733960370011758 394
1627565889482 0.16728550204945514 395
1627565889524 0.16723659925395062 396
1627565889575 0.16712250253445543 397
1627565889616 0.16707975637410125 398
1627565889654 0.1670370221110003 399
1627565889707 0.16699470316323878 400
1627565889755 0.16691872679295722 401
1627565889798 0.16686285464595668 402
1627565889836 0.1668214426038403 403
1627565889877 0.16677462966006731 404
1627565889929 0.1667211955221528 405
1627565889987 0.16662068135018793 406
1627565890032 0.16656588283039866 407
1627565890082 0.16651790382523565 408
1627565890124 0.16647612224845693 409
1627565890175 0.16643158312631895 410
1627565890215 0.16638162274311574 411
1627565890266 0.16631637328978463 412
1627565890310 0.16626617678437153 413
1627565890369 0.16615021432114704 414
1627565890408 0.16610073377568102 415
1627565890457 0.166046959650505 416
1627565890498 0.16599819532645152 417
1627565890544 0.16594549915376292 418
1627565890587 0.16589656732576105 419
1627565890629 0.16583650331911085 420
1627565890669 0.165796324715859 421
1627565890708 0.16574709407413435 422
1627565890761 0.16565187647583066 423
1627565890794 0.16560984098411977 424
1627565890841 0.16555810151428113 425
1627565890893 0.16548628918535835 426
1627565890935 0.16543135553636065 427
1627565890987 0.16539016057848693 428
1627565891033 0.16533043811471118 429
1627565891082 0.16528619659778504 430
1627565891126 0.16523995378614817 431
1627565891167 0.16518737354674057 432
1627565891209 0.16514702338826284 433
1627565891244 0.16510055895336162 434
1627565891296 0.16505484297001063 435
1627565891340 0.16500725045130168 436
1627565891389 0.16495413892456973 437
1627565891442 0.16486308192555493 438
1627565891489 0.16479907051914222 439
1627565891527 0.16475435000323385 440
1627565891590 0.16471063830001265 441
1627565891652 0.16463305360572705 442
1627565891710 0.16456409450967469 443
1627565891753 0.16451149380389532 444
1627565891799 0.1644621463654133 445
1627565891853 0.16440673520099175 446
1627565891914 0.16434718545164023 447
1627565891967 0.16426345237483617 448
1627565892012 0.16420850363880157 449
1627565892067 0.16417126952591868 450
1627565892116 0.16411520645466607 451
1627565892158 0.16407599797417038 452
1627565892199 0.164037256750088 453
1627565892256 0.16397663342478858 454
1627565892304 0.16392613781478518 455
1627565892357 0.1638986766171657 456
1627565892402 0.16385919559707088 457
1627565892437 0.16382097319101546 458
1627565892475 0.1637775952117248 459
1627565892527 0.1636951763132095 460
1627565892564 0.1636550460823835 461
1627565892611 0.16359204502193403 462
1627565892653 0.16354098957929106 463
1627565892692 0.16350811784962044 464
1627565892734 0.1634629862906065 465
1627565892774 0.16341312867210286 466
1627565892814 0.16336136565337842 467
1627565892846 0.16331768489311077 468
1627565892893 0.16325001216049403 469
1627565892930 0.1632116965238091 470
1627565892971 0.16316528775587041 471
1627565893012 0.16312528059367273 472
1627565893056 0.16308088331681 473
1627565893095 0.1630256720929544 474
1627565893137 0.16297846704485422 475
1627565893185 0.16292408789690255 476
1627565893238 0.16284585199960463 477
1627565893276 0.16280284621059973 478
1627565893318 0.1627517703061275 479
1627565893360 0.1627076770945624 480
1627565893392 0.1626721650908229 481
1627565893435 0.16262589864874302 482
1627565893478 0.16257602906064306 483
1627565893513 0.1625381302008071 484
1627565893551 0.16249603179714098 485
1627565893599 0.16243930886109212 486
1627565893646 0.162394189377726 487
1627565893688 0.16234644041896168 488
1627565893730 0.16230056295455064 489
1627565893775 0.1622612730960783 490
1627565893828 0.16220814861679095 491
1627565893864 0.1621644103788719 492
1627565893910 0.16210159470240385 493
1627565893952 0.16204529420628733 494
1627565894002 0.16200654974826942 495
1627565894033 0.1619747460189752 496
1627565894078 0.16192435794376497 497
1627565894116 0.16188225624280397 498
1627565894157 0.16184447344750147 499
1627565894214 0.16179522485213668 500
1627565894255 0.1617459008036994 501
1627565894298 0.16170230371416247 502
1627565894340 0.1616479410517231 503
1627565894387 0.16159348372012264 504
1627565894429 0.16154698180120944 505
1627565894468 0.16149677646034147 506
1627565894503 0.16146287105696183 507
1627565894548 0.16139616532934017 508
1627565894582 0.16135381494693918 509
1627565894623 0.16131023471256675 510
1627565894669 0.1612611185134217 511
1627565894709 0.16122125888887598 512
1627565894753 0.16117080595030092 513
1627565894790 0.16112759510902586 514
1627565894825 0.161086372208723 515
1627565894860 0.16104595518375117 516
1627565894898 0.16100835852847384 517
1627565894938 0.16096823796062137 518
1627565894975 0.1609264422242162 519
1627565895011 0.16089306927289793 520
1627565895047 0.1608514548847157 521
1627565895091 0.16081349755439678 522
1627565895130 0.1607761550014297 523
1627565895180 0.16071199775140138 524
1627565895219 0.1606759053779392 525
1627565895260 0.16063106687513612 526
1627565895298 0.1605929170006313 527
1627565895337 0.1605446984978415 528
1627565895379 0.1604992191548744 529
1627565895425 0.16045244983919157 530
1627565895491 0.1627076770945624 531
1627565899610 0.5104357667923584 0
1627565899707 0.4716019274447388 1
1627565899795 0.4373625099080456 2
1627565899873 0.40736391420406903 3
1627565899990 0.3809162588052395 4
1627565900098 0.35789032788758995 5
1627565900197 0.3379527231062463 6
1627565900277 0.3208382315255733 7
1627565900353 0.3060773566243051 8
1627565900430 0.29326656145560254 9
1627565900508 0.2821971373459949 10
1627565900588 0.27275792648471 11
1627565900662 0.26465196659224643 12
1627565900739 0.25785240365375217 13
1627565900809 0.25195573709230407 14
1627565900919 0.24699184688088016 15
1627565901023 0.24273366799242993 16
1627565901126 0.23925380621709075 17
1627565901197 0.23623901098788347 18
1627565901270 0.23357424909292743 19
1627565901353 0.23125910620063111 20
1627565901444 0.2293234794740978 21
1627565901553 0.22761834380659177 22
1627565901642 0.22600092405977898 23
1627565901722 0.22476611546567143 24
1627565901790 0.22369198253850064 25
1627565901864 0.22258459793812033 26
1627565901931 0.2217152148980768 27
1627565902005 0.22086185897934288 28
1627565902074 0.22004122846106405 29
1627565902140 0.21927293811365733 30
1627565902206 0.2186294881629787 31
1627565902282 0.21777967296626058 32
1627565902344 0.21704155651408982 33
1627565902403 0.21639863971350415 34
1627565902464 0.21568127501250092 35
1627565902556 0.2151132355868575 36
1627565902648 0.2145065216080728 37
1627565902742 0.21388142895460216 38
1627565902830 0.21340011670510411 39
1627565902922 0.21299250002476156 40
1627565903008 0.21250173614437037 41
1627565903075 0.21181246857326388 42
1627565903135 0.21141332251573486 43
1627565903218 0.2109778738942926 44
1627565903279 0.21069090245364136 45
1627565903337 0.21012850932998572 46
1627565903397 0.209786173094464 47
1627565903457 0.20936719933662018 48
1627565903522 0.20908700260294044 49
1627565903597 0.20839407493219272 50
1627565903658 0.20813855421258 51
1627565903716 0.20779278910514928 52
1627565903777 0.20730436991853862 53
1627565903836 0.2069023586963203 54
1627565903897 0.20665241124284084 55
1627565903965 0.2060830624431774 56
1627565904020 0.20580041949024147 57
1627565904079 0.20558501801030132 58
1627565904143 0.20529339089361462 59
1627565904207 0.2050395704672728 60
1627565904267 0.20480271982956696 61
1627565904328 0.20439028267954923 62
1627565904391 0.20398946737092477 63
1627565904454 0.20356086570566465 64
1627565904512 0.20312561723194875 65
1627565904588 0.20291415876415606 66
1627565904647 0.2024750498122635 67
1627565904705 0.20223421507080663 68
1627565904797 0.20177728284644014 69
1627565904900 0.20152966941207803 70
1627565904961 0.20131776777100505 71
1627565905024 0.20105158871978485 72
1627565905087 0.200862388571271 73
1627565905142 0.20042090267424656 74
1627565905204 0.2002602810763616 75
1627565905255 0.2000756511680917 76
1627565905315 0.19988249811577893 77
1627565905372 0.19961424137845182 78
1627565905431 0.1994498378466709 79
1627565905490 0.19908175904477213 80
1627565905548 0.19891338169684677 81
1627565905610 0.19874190940146239 82
1627565905663 0.1985855876638202 83
1627565905725 0.19830488358962514 84
1627565905784 0.19804256175482363 85
1627565905838 0.19786495248027486 86
1627565905904 0.1975156866919395 87
1627565905971 0.19735886924979765 88
1627565906027 0.19710204726541794 89
1627565906082 0.1969309626980194 90
1627565906130 0.19677005236249545 91
1627565906203 0.1964220569060049 92
1627565906265 0.19624941113916117 93
1627565906319 0.19607391958213183 94
1627565906377 0.19581506659145828 95
1627565906430 0.19548224887603452 96
1627565906487 0.19534380215164873 97
1627565906545 0.1950550296144168 98
1627565906607 0.19488661868487947 99
1627565906683 0.19475370039026516 100
1627565906741 0.19459680449487812 101
1627565906793 0.19447092680420097 102
1627565906852 0.194200579836195 103
1627565906913 0.19407663510098883 104
1627565906975 0.19397465795336322 105
1627565907030 0.1938342185999356 106
1627565907085 0.1936073797299342 107
1627565907136 0.19340159397529408 108
1627565907202 0.1930313482296529 109
1627565907263 0.1927029348020228 110
1627565907318 0.19255831381274816 111
1627565907376 0.19243499595866798 112
1627565907435 0.1922028546188286 113
1627565907498 0.19206710224135007 114
1627565907563 0.19176154349245572 115
1627565907616 0.19163536324477484 116
1627565907666 0.19151351659080146 117
1627565907725 0.1913820820092584 118
1627565907780 0.19126455597611355 119
1627565907829 0.19115156950565204 120
1627565907888 0.19093592419336683 121
1627565907942 0.190823305976662 122
1627565907998 0.19069673755560446 123
1627565908055 0.19045260487150992 124
1627565908112 0.19021666927557754 125
1627565908164 0.19002119440703008 126
1627565908228 0.1897869041793428 127
1627565908289 0.189548874379056 128
1627565908346 0.18942274681308643 129
1627565908405 0.18918638202998025 130
1627565908471 0.1890768304106747 131
1627565908546 0.18897335509360855 132
1627565908596 0.18885595456707874 133
1627565908666 0.18874240678923812 134
1627565908711 0.18863237610009712 135
1627565908750 0.1885384699326188 136
1627565908793 0.18842772027954094 137
1627565908847 0.18832613520496289 138
1627565908905 0.18821653887537387 139
1627565908962 0.18802093529960243 140
1627565909010 0.18785901692409446 141
1627565909062 0.18771885655101384 142
1627565909117 0.18749201367714657 143
1627565909158 0.18740143854078778 144
1627565909201 0.18728977180530512 145
1627565909252 0.1871443060022886 146
1627565909305 0.18704039697306196 147
1627565909357 0.18693658258090057 148
1627565909413 0.18684271870566857 149
1627565909479 0.18672682587582404 150
1627565909535 0.186618175613322 151
1627565909591 0.18650957053002695 152
1627565909643 0.18641943143347128 153
1627565909704 0.18625046000504303 154
1627565909753 0.1861228158631828 155
1627565909821 0.1860144905178762 156
1627565909882 0.18590368084435552 157
1627565909936 0.1857945750559891 158
1627565909987 0.18563797035888788 159
1627565910056 0.18548315955289088 160
1627565910133 0.18536544263654847 161
1627565910196 0.18528880923889243 162
1627565910267 0.18515677098589584 163
1627565910335 0.18505898432471113 164
1627565910414 0.1849582328277443 165
1627565910482 0.18485973032492312 166
1627565910538 0.18477310716703302 167
1627565910577 0.18468933829225523 168
1627565910623 0.184592957776391 169
1627565910679 0.18448288556795955 170
1627565910726 0.18439209326762843 171
1627565910771 0.18431833787962768 172
1627565910826 0.1842321564526705 173
1627565910870 0.1841520181043308 174
1627565910937 0.1839723921273541 175
1627565910987 0.18384569393691438 176
1627565911039 0.18376606522174269 177
1627565911097 0.18356515953578453 178
1627565911144 0.18342801249446786 179
1627565911203 0.18333056043639367 180
1627565911261 0.18323819021683768 181
1627565911328 0.18307680476653376 182
1627565911389 0.1829913836803713 183
1627565911439 0.18291756647793414 184
1627565911508 0.18281008720979633 185
1627565911584 0.18271564297925033 186
1627565911649 0.18263112037856621 187
1627565911720 0.18255586125577744 188
1627565911771 0.18246469076692942 189
1627565911821 0.1823923881366913 190
1627565911903 0.18223741837839455 191
1627565911995 0.18209666764164953 192
1627565912066 0.18201814970654573 193
1627565912122 0.18185925129657968 194
1627565912172 0.18178310613594498 195
1627565912226 0.18169913783622338 196
1627565912266 0.18163235648556814 197
1627565912317 0.1815467527579897 198
1627565912363 0.18147452842351625 199
1627565912420 0.18139012930481813 200
1627565912471 0.1813178520506787 201
1627565912520 0.18124025158257676 202
1627565912573 0.1811723432629882 203
1627565912624 0.18105031573650474 204
1627565912677 0.18094564938270682 205
1627565912734 0.18074259988131156 206
1627565912782 0.180658760979488 207
1627565912834 0.18057284783903718 208
1627565912892 0.1804939824997182 209
1627565912949 0.18037535978097138 210
1627565913007 0.18022291538528612 211
1627565913065 0.1801258762582754 212
1627565913115 0.18005659920511619 213
1627565913170 0.1799836048665969 214
1627565913242 0.17991401461690004 215
1627565913305 0.1798054795062256 216
1627565913363 0.17970395110187637 217
1627565913427 0.17954559719667088 218
1627565913488 0.17946472510773914 219
1627565913561 0.1793603482840476 220
1627565913632 0.17926803593296778 221
1627565913693 0.17920914473908275 222
1627565913753 0.17915030203974683 223
1627565913836 0.17902211374684626 224
1627565913915 0.17894786770438184 225
1627565913962 0.17884247827925884 226
1627565914011 0.17875959875201541 227
1627565914065 0.17866064678731577 228
1627565914112 0.17858996015392384 229
1627565914157 0.17851553982490634 230
1627565914196 0.17845613792159645 231
1627565914254 0.17827815245538592 232
1627565914333 0.17816964004952676 233
1627565914412 0.1780714839611541 234
1627565914467 0.17800155100114043 235
1627565914512 0.1779384587365717 236
1627565914574 0.17784225675108128 237
1627565914622 0.17777149868526418 238
1627565914664 0.1776938920712177 239
1627565914712 0.1776146659074024 240
1627565914766 0.17752519692518873 241
1627565914806 0.17745666700128604 242
1627565914855 0.177404472755407 243
1627565914925 0.1773242997462116 244
1627565914985 0.1772548638592436 245
1627565915054 0.17717827343119907 246
1627565915099 0.1771057779314387 247
1627565915144 0.17703941968639328 248
1627565915213 0.17698085229136104 249
1627565915297 0.17690293945935004 250
1627565915352 0.1768311843326028 251
1627565915412 0.17666832810606095 252
1627565915453 0.17660156222870893 253
1627565915498 0.17653787729297069 254
1627565915555 0.17646355938128805 255
1627565915605 0.17639622774656746 256
1627565915656 0.1763031624410611 257
1627565915732 0.1761969323889256 258
1627565915800 0.17612645032298802 259
1627565915846 0.17604198840747423 260
1627565915891 0.17596835477044104 261
1627565915958 0.17588025945670874 262
1627565916024 0.17582015072604718 263
1627565916088 0.1757533067403187 264
1627565916161 0.1756731588081778 265
1627565916224 0.17561148369538124 266
1627565916295 0.17553713768083976 267
1627565916339 0.17547192729591898 268
1627565916381 0.17539935369340828 269
1627565916428 0.17533986848634636 270
1627565916481 0.17527745908137585 271
1627565916556 0.17515189215823632 272
1627565916614 0.1751039028447769 273
1627565916650 0.17504581615221904 274
1627565916695 0.17497791469939064 275
1627565916747 0.1749165457504363 276
1627565916790 0.17484720435517065 277
1627565916849 0.1747314217420369 278
1627565916897 0.17461441176899828 279
1627565916932 0.17455273284428638 280
1627565916971 0.17449427460571573 281
1627565917010 0.17443810785362523 282
1627565917049 0.17438876648773133 283
1627565917092 0.1743231565127277 284
1627565917136 0.1742606816933245 285
1627565917193 0.17419316515120298 286
1627565917232 0.1741311006181259 287
1627565917279 0.17404694445536173 288
1627565917317 0.17398799148809727 289
1627565917375 0.17393593303053662 290
1627565917467 0.17380517199195855 291
1627565917521 0.17374953994249104 292
1627565917559 0.17369782917255072 293
1627565917611 0.17359768898227923 294
1627565917655 0.17352937399913482 295
1627565917702 0.17345808366427856 296
1627565917756 0.1733457057765475 297
1627565917807 0.17326294857993962 298
1627565917855 0.17319870124123504 299
1627565917931 0.1731366389702673 300
1627565917983 0.17308520029604993 301
1627565918038 0.1730112768528144 302
1627565918080 0.1729541038188759 303
1627565918126 0.17288559441446646 304
1627565918173 0.1728292240276673 305
1627565918219 0.17276865062553934 306
1627565918269 0.1727053588954268 307
1627565918323 0.1726467025274802 308
1627565918366 0.17259682138029595 309
1627565918405 0.17254614179912212 310
1627565918451 0.17249447678039873 311
1627565918505 0.17238832338878374 312
1627565918554 0.17230502338339268 313
1627565918592 0.17225198982850676 314
1627565918639 0.17218303422118958 315
1627565918680 0.1721246676735708 316
1627565918716 0.17206421514910916 317
1627565918785 0.1720076248253515 318
1627565918865 0.1719419752641822 319
1627565918930 0.17187707597782687 320
1627565918972 0.17181713378416535 321
1627565919032 0.17174640024026222 322
1627565919091 0.17169619045120105 323
1627565919149 0.17163155142437406 324
1627565919207 0.1715096127127138 325
1627565919247 0.171454773421138 326
1627565919283 0.1714066200145918 327
1627565919329 0.17131017770632725 328
1627565919374 0.1712339953379511 329
1627565919423 0.17117218469391807 330
1627565919470 0.17110722260208683 331
1627565919506 0.17105154447258009 332
1627565919553 0.17099206962653588 333
1627565919595 0.17093788290967415 334
1627565919645 0.17080921053216622 335
1627565919691 0.17074134054545817 336
1627565919734 0.17068205780229553 337
1627565919791 0.17062781802358323 338
1627565919845 0.170582055472438 339
1627565919915 0.1705020912407979 340
1627565919960 0.17045429321792108 341
1627565919991 0.1704109196517532 342
1627565920042 0.170316375310617 343
1627565920092 0.17026318306116395 344
1627565920155 0.17016403067666505 345
1627565920225 0.17009437835105312 346
1627565920260 0.1700399147915502 347
1627565920310 0.16998576832541568 348
1627565920367 0.16993037559914773 349
1627565920446 0.16989006285207098 350
1627565920482 0.16984789532985467 351
1627565920525 0.16979465260135485 352
1627565920560 0.16975448282828068 353
1627565920602 0.1696977242337292 354
1627565920657 0.16965581200471672 355
1627565920720 0.16960509646800023 356
1627565920770 0.16954695151016164 357
1627565920822 0.16950803018098187 358
1627565920863 0.16945456399084954 359
1627565920920 0.16936623767182013 360
1627565920960 0.16932421385024612 361
1627565920999 0.16928076753949364 362
1627565921059 0.16922607564000205 363
1627565921104 0.16917814254749644 364
1627565921153 0.16912921878102857 365
1627565921191 0.169071806380061 366
1627565921248 0.1690246576413722 367
1627565921301 0.16897493393812255 368
1627565921337 0.1689283643860053 369
1627565921384 0.16885307841822894 370
1627565921431 0.16879291448717393 371
1627565921481 0.16874020505086074 372
1627565921519 0.16870240639712442 373
1627565921551 0.16864894620151835 374
1627565921583 0.1685972654502521 375
1627565921620 0.16855474425104766 376
1627565921670 0.16849841880511943 377
1627565921714 0.16844195444501475 378
1627565921746 0.1683929758686966 379
1627565921793 0.1682796629766873 380
1627565921841 0.16820044051634958 381
1627565921879 0.16814952781261908 382
1627565921921 0.16810015619591673 383
1627565921970 0.16804134954661676 384
1627565922024 0.16798242283139694 385
1627565922075 0.16792818543966453 386
1627565922119 0.16788323905379288 387
1627565922170 0.16781698680232807 388
1627565922216 0.16775153553387673 389
1627565922266 0.16769813808979997 390
1627565922310 0.16765456826893185 391
1627565922359 0.16760378594405262 392
1627565922393 0.16755970548138482 393
1627565922440 0.1675066342829231 394
1627565922482 0.16745474648786504 395
1627565922516 0.16739845042242957 396
1627565922570 0.1673412977614161 397
1627565922628 0.16728640308576886 398
1627565922679 0.16718863498250608 399
1627565922728 0.1671495365710875 400
1627565922766 0.16710914055340453 401
1627565922816 0.1670398364202379 402
1627565922861 0.16698754795512952 403
1627565922904 0.16693513299394724 404
1627565922945 0.16689282021135693 405
1627565922992 0.16680214055965523 406
1627565923043 0.16673626365494393 407
1627565923087 0.16667769670238158 408
1627565923137 0.16656690380630645 409
1627565923179 0.16651968918067295 410
1627565923218 0.16647180873714001 411
1627565923273 0.1664211363358158 412
1627565923324 0.16637591224538195 413
1627565923378 0.1663238407874244 414
1627565923412 0.16628085336061743 415
1627565923451 0.16624247280244908 416
1627565923501 0.16616876367996777 417
1627565923570 0.1661195879427651 418
1627565923623 0.16605572239846042 419
1627565923678 0.16600100712502774 420
1627565923734 0.16591911326727488 421
1627565923787 0.16586337209956237 422
1627565923858 0.16580378116458996 423
1627565923919 0.16573925162019484 424
1627565923958 0.16569117996039495 425
1627565923999 0.16564155108895232 426
1627565924059 0.16559319189247604 427
1627565924117 0.1655511320102957 428
1627565924174 0.1654998377774254 429
1627565924218 0.16544842688120742 430
1627565924267 0.16540016767890148 431
1627565924305 0.16534637433350483 432
1627565924352 0.16529219639066597 433
1627565924388 0.16524450109562133 434
1627565924426 0.1652064464700398 435
1627565924472 0.1651558654177579 436
1627565924511 0.16510306586224896 437
1627565924551 0.16505353782256155 438
1627565924589 0.16500619104369404 439
1627565924627 0.1649693451910409 440
1627565924664 0.1649274079563216 441
1627565924710 0.1648439762005216 442
1627565924748 0.16479854830825005 443
1627565924797 0.1647387513726598 444
1627565924837 0.16470292043314572 445
1627565924877 0.16466585540330878 446
1627565924930 0.1645793101282387 447
1627565924975 0.1645349576712785 448
1627565925021 0.16447783679040387 449
1627565925068 0.16443644321651038 450
1627565925103 0.16439471909581793 451
1627565925139 0.1643608471915092 452
1627565925177 0.16432512542600744 453
1627565925221 0.1642770774820967 454
1627565925255 0.16424142022577543 455
1627565925286 0.16419781376391704 456
1627565925335 0.16414757250746792 457
1627565925370 0.16410873378841617 458
1627565925416 0.1640740521636148 459
1627565925471 0.16398732197685584 460
1627565925514 0.16393196229399823 461
1627565925556 0.16388520056699954 462
1627565925616 0.1638258512315157 463
1627565925665 0.16378247391450712 464
1627565925706 0.16373356719434723 465
1627565925753 0.16369292108465883 466
1627565925789 0.1636446370907089 467
1627565925831 0.16360233947095715 468
1627565925882 0.16355127493858798 469
1627565925918 0.16349709198199103 470
1627565925958 0.16344790953996974 471
1627565925999 0.16340923627320478 472
1627565926036 0.16337792364338968 473
1627565926085 0.16332677276589108 474
1627565926136 0.163273251923659 475
1627565926174 0.1632313002716481 476
1627565926213 0.16319314965950402 477
1627565926251 0.16314768289141104 478
1627565926298 0.1630965735537073 479
1627565926341 0.1630515222144617 480
1627565926380 0.16301042962914036 481
1627565926421 0.16295559094672113 482
1627565926467 0.16289081872965372 483
1627565926507 0.16285661207835156 484
1627565926558 0.1628187836341464 485
1627565926598 0.16277756452705078 486
1627565926668 0.1627227282743028 487
1627565926736 0.16267462619880896 488
1627565926781 0.16262756649788448 489
1627565926824 0.16257802251455075 490
1627565926875 0.16251067477699568 491
1627565926925 0.16244463486710825 492
1627565926976 0.16237348118719228 493
1627565927013 0.16233241983562494 494
1627565927058 0.1622652764980259 495
1627565927099 0.16221771544877203 496
1627565927155 0.16213796077740136 497
1627565927194 0.16208654499026098 498
1627565927233 0.16205050345883687 499
1627565927288 0.16199482933166348 500
1627565927339 0.1619402498367911 501
1627565927379 0.16189987092498365 502
1627565927429 0.1618592331040949 503
1627565927471 0.1618038222999669 504
1627565927511 0.16175225348082312 505
1627565927551 0.16170328850436835 506
1627565927593 0.16165891580012348 507
1627565927644 0.16159070024655572 508
1627565927690 0.1615458359297539 509
1627565927725 0.1615112498015122 510
1627565927773 0.1614584996642173 511
1627565927824 0.1613802927267718 512
1627565927863 0.16133730266798413 513
1627565927901 0.16130206940059735 514
1627565927942 0.16126525495470603 515
1627565927983 0.16121751086631433 516
1627565928028 0.16117024797857918 517
1627565928072 0.16111873692923195 518
1627565928111 0.1610733201511039 519
1627565928149 0.1610264685087998 520
1627565928181 0.16099095795845644 521
1627565928217 0.16095367923993412 522
1627565928263 0.1609103708634578 523
1627565928312 0.16086639883370044 524
1627565928355 0.1608253909685126 525
1627565928393 0.16077953526033067 526
1627565928437 0.16073442517402364 527
1627565928491 0.16069343023186158 528
1627565928547 0.16065357808778313 529
1627565928593 0.1606135040233548 530
1627565928639 0.1605708936417593 531
1627565928681 0.16053388451273895 532
1627565928716 0.16049905027420072 533
1627565928748 0.16046775845562408 534
1627565928822 0.16038305424207486 535
1627565928879 0.16033845536430752 536
1627565928943 0.16029211625279463 537
1627565928978 0.1602568197355488 538
1627565929026 0.1602130035901719 539
1627565929074 0.16017201785690147 540
1627565929130 0.1601147722011195 541
1627565929174 0.16007975318776496 542
1627565929216 0.1600327035499997 543
1627565929256 0.15999100260135904 544
1627565929298 0.15995049386143353 545
1627565929349 0.1599052109326432 546
1627565929391 0.1598576439956026 547
1627565929421 0.15982166438814255 548
1627565929471 0.15975977580825843 549
1627565929550 0.15970996394587045 550
1627565929603 0.1596729676219008 551
1627565929660 0.15963611668399186 552
1627565929706 0.15958732443837842 553
1627565929748 0.15954665430384646 554
1627565929787 0.1595067531156649 555
1627565929831 0.1594675155607215 556
1627565929904 0.15939777968049848 557
1627565929959 0.15936812321767316 558
1627565929992 0.1593305939907044 559
1627565930029 0.15928578872978033 560
1627565930072 0.15923772756360866 561
1627565930114 0.1591974520755434 562
1627565930151 0.15916148290433738 563
1627565930196 0.15911567495984735 564
1627565930254 0.15907707273007407 565
1627565930321 0.15902126020114993 566
1627565930364 0.15896872855626712 567
1627565930413 0.15893230060145316 568
1627565930470 0.1588890921843367 569
1627565930534 0.15883145690787 570
1627565930570 0.15878996528823033 571
1627565930610 0.15875013885741987 572
1627565930657 0.1587108545299096 573
1627565930696 0.15867598284422832 574
1627565930733 0.1586495152021592 575
1627565930781 0.15861038691843682 576
1627565930825 0.1585725155415938 577
1627565930865 0.15853130394793027 578
1627565930909 0.15848588157487695 579
1627565930977 0.15840745778868331 580
1627565931016 0.15837433460202066 581
1627565931059 0.1583391154199384 582
1627565931106 0.15829214101898728 583
1627565931145 0.15824534190791714 584
1627565931194 0.15821449974197158 585
1627565931256 0.15817200989128938 586
1627565931310 0.1581343055201802 587
1627565931380 0.15809051908506985 588
1627565931440 0.15804966672477583 589
1627565931502 0.15800248836737046 590
1627565931550 0.15795985532893786 591
1627565931589 0.1579247821811727 592
1627565931628 0.1578825895579399 593
1627565931675 0.15783886931990068 594
1627565931712 0.15780151711861667 595
1627565931755 0.1577639225792134 596
1627565931793 0.157733127628388 597
1627565931830 0.1577000811338971 598
1627565931879 0.15765650746562695 599
1627565931935 0.15761740129235285 600
1627565931972 0.15757750977366783 601
1627565932012 0.15753825047728232 602
1627565932046 0.15750862890802447 603
1627565932086 0.15746656291250924 604
1627565932130 0.1574262916038293 605
1627565932167 0.15739439199881666 606
1627565932202 0.15735712829774462 607
1627565932241 0.15730971058698714 608
1627565932276 0.15727429409940513 609
1627565932326 0.15720236790148934 610
1627565932369 0.15716395997584773 611
1627565932405 0.1571254296065852 612
1627565932438 0.15709585025568504 613
1627565932472 0.15706829828020114 614
1627565932507 0.15704010774806754 615
1627565932541 0.1570037657217491 616
1627565932579 0.1569593612203556 617
1627565932620 0.1569251769323222 618
1627565932661 0.15688548163315286 619
1627565932701 0.15684159151130436 620
1627565932733 0.15680792510037425 621
1627565932779 0.1567623166363121 622
1627565932815 0.15672687120119078 623
1627565932852 0.15669738662595303 624
1627565932885 0.1566663555171031 625
1627565932917 0.15663821339525044 626
1627565932947 0.15660753033390473 627
1627565932980 0.15657953802606359 628
1627565933015 0.15654637358007142 629
1627565933071 0.15650523224546165 630
1627565933111 0.1564599099957856 631
1627565933147 0.1564279929777914 632
1627565933181 0.15639411214838778 633
1627565933218 0.15636331545856016 634
1627565933254 0.1563259671767483 635
1627565933285 0.15629244806308581 636
1627565933327 0.1562413530055177 637
1627565933360 0.15621008265606523 638
1627565933402 0.1561669872897848 639
1627565933442 0.15613292638517204 640
1627565933508 0.1560795811086527 641
1627565933574 0.15601862479745301 642
1627565933619 0.15596615338104486 643
1627565933674 0.15589270184410384 644
1627565933708 0.15585598449881302 645
1627565933745 0.15582469281552713 646
1627565933790 0.1557822360388358 647
1627565933835 0.1557306038411018 648
1627565933870 0.1556962985320864 649
1627565933931 0.1556584462212394 650
1627565933968 0.1556243810558028 651
1627565934015 0.15558156367293577 652
1627565934051 0.155545712830932 653
1627565934088 0.15551097959642385 654
1627565934128 0.15547306421262533 655
1627565934161 0.15543603288445548 656
1627565934199 0.15540689499020519 657
1627565934229 0.1553756705778061 658
1627565934265 0.15534731744899957 659
1627565934311 0.15529448643119312 660
1627565934356 0.15524671794890835 661
1627565934401 0.15519596580224343 662
1627565934442 0.1551568486236943 663
1627565934483 0.15511187490622957 664
1627565934522 0.15507083791005485 665
1627565934562 0.1550325389667159 666
1627565934603 0.15498853177342586 667
1627565934637 0.15495838565360104 668
1627565934676 0.1549301924300919 669
1627565934720 0.15489131456796512 670
1627565934761 0.15485375799438467 671
1627565934796 0.15482299393482088 672
1627565934837 0.1547802575262967 673
1627565934874 0.15474756667535214 674
1627565934921 0.15470832039246896 675
1627565934970 0.15465771307149107 676
1627565935015 0.15461713655999115 677
1627565935057 0.15457593740938855 678
1627565935090 0.15454454956515995 679
1627565935147 0.154509829165047 680
1627565935200 0.1544792058750347 681
1627565935254 0.1544436418907181 682
1627565935315 0.15440356626366752 683
1627565935371 0.15436794615254676 684
1627565935423 0.15432810645684972 685
1627565935464 0.15428488469426124 686
1627565935506 0.15423906001763182 687
1627565935553 0.15419464563972185 688
1627565935629 0.15414197529678725 689
1627565935681 0.15408138774264948 690
1627565935728 0.154037597460514 691
1627565935779 0.15399764940567448 692
1627565935834 0.15395835746305858 693
1627565935882 0.15392526924218036 694
1627565935928 0.15388500984801887 695
1627565935965 0.15385174371303126 696
1627565936001 0.15381059822890325 697
1627565936043 0.1537721496147182 698
1627565936093 0.15373423633442246 699
1627565936156 0.153706507744878 700
1627565936193 0.15367470742642952 701
1627565936230 0.15364096172751546 702
1627565936263 0.15361257454950297 703
1627565936310 0.15355628998014959 704
1627565936347 0.15352614038950538 705
1627565936382 0.15349648093649537 706
1627565936421 0.15346690946038744 707
1627565936465 0.1534280778305439 708
1627565936503 0.15340017113846435 709
1627565936549 0.1533448480758531 710
1627565936582 0.15331904451205486 711
1627565936630 0.15326180270342446 712
1627565936682 0.1532040916251063 713
1627565936728 0.15315964382790734 714
1627565936766 0.15312590986117686 715
1627565936811 0.15307675862643438 716
1627565936849 0.1530437113587402 717
1627565936884 0.15301291483265203 718
1627565936923 0.1529827017619151 719
1627565936958 0.15295039886257372 720
1627565936994 0.15291611004806693 721
1627565937036 0.15288148314655697 722
1627565937081 0.1528383066684557 723
1627565937113 0.15281025014820226 724
1627565937162 0.1527685736938911 725
1627565937201 0.15274136321826184 726
1627565937244 0.1527104230990165 727
1627565937280 0.15267572201150978 728
1627565937314 0.1526469488120387 729
1627565937353 0.15262339856550344 730
1627565937389 0.1525981886351599 731
1627565937423 0.15257472316948878 732
1627565937469 0.15254444255397367 733
1627565937533 0.15250529832225931 734
1627565937603 0.15246753762657916 735
1627565937656 0.1524272199512235 736
1627565937690 0.15238816170798392 737
1627565937733 0.15235194415732045 738
1627565937768 0.15231583337545274 739
1627565937817 0.15226562663779666 740
1627565937857 0.15222711008693698 741
1627565937898 0.15219012293842726 742
1627565937937 0.15215005487620695 743
1627565937972 0.1521176495632171 744
1627565938015 0.15208365093532547 745
1627565938056 0.15203971761307258 746
1627565938094 0.15200203646816968 747
1627565938131 0.15196414732145483 748
1627565938162 0.15194235772023967 749
1627565938216 0.15190363985692829 750
1627565938253 0.15186921179720908 751
1627565938287 0.15184756890395454 752
1627565938329 0.15181146418452457 753
1627565938369 0.15177271245144977 754
1627565938410 0.15173036059468756 755
1627565938448 0.1516940328218757 756
1627565938497 0.15163930156391783 757
1627565938541 0.15160225642204908 758
1627565938585 0.15156139945915426 759
1627565938639 0.1515241912347748 760
1627565938684 0.1514846522943609 761
1627565938734 0.1514378662794659 762
1627565938772 0.15140830631963173 763
1627565938809 0.15137280559518917 764
1627565938860 0.15130882605389612 765
1627565938897 0.15127386539667811 766
1627565938950 0.1512099503816913 767
1627565938982 0.15118740892715474 768
1627565939019 0.15115213007665396 769
1627565939116 0.1529827017619151 770
