1627552392552 0.5090864458784705 0
1627552392775 0.4697716134302358 1
1627552392942 0.4351137141725125 2
1627552393081 0.4043055211069444 3
1627552393230 0.37724770825363396 4
1627552393364 0.35362909808093657 5
1627552393494 0.3333046215909768 6
1627552393627 0.31574049844151936 7
1627552393764 0.30058277257165666 8
1627552393905 0.2873711188349767 9
1627552394047 0.27589174818148404 10
1627552394174 0.26617498179675286 11
1627552394296 0.25808269053269833 12
1627552394489 0.2510941470932921 13
1627552394626 0.2451130524608054 14
1627552394765 0.23989769651321705 15
1627552394884 0.23550998918611843 16
1627552395003 0.23185709462922371 17
1627552395123 0.22868966043363892 18
1627552395243 0.22583577969840518 19
1627552395352 0.22351083704700467 20
1627552395491 0.22131869465545695 21
1627552395615 0.21943632248920994 22
1627552395752 0.21775145572918014 23
1627552395871 0.21626603775948444 24
1627552395987 0.215135816605257 25
1627552396096 0.2138360768433484 26
1627552396207 0.2127071573502505 27
1627552396329 0.21163325201924826 28
1627552396483 0.2105980798654788 29
1627552396592 0.20956656847290223 30
1627552396701 0.20851052255716776 31
1627552396802 0.20785664505858395 32
1627552396932 0.20725881716207764 33
1627552397044 0.20650251800385966 34
1627552397142 0.20538501669192666 35
1627552397264 0.20418913411034406 36
1627552397375 0.20333238788190797 37
1627552397522 0.20265012721670525 38
1627552397631 0.20205057585688763 39
1627552397780 0.20170176868805048 40
1627552397936 0.2008714762041889 41
1627552398030 0.2002829502765226 42
1627552398184 0.1991708857941688 43
1627552398298 0.198189139185981 44
1627552398384 0.19780767482589565 45
1627552398495 0.19675067934849982 46
1627552398597 0.19596862942258741 47
1627552398699 0.19561659094501538 48
1627552398799 0.19526407092062759 49
1627552398923 0.19489895933015608 50
1627552399015 0.19457442646194925 51
1627552399143 0.19368259663921672 52
1627552399263 0.1930555821282705 53
1627552399397 0.19264525540229344 54
1627552399494 0.1923367589881986 55
1627552399654 0.19153118227154423 56
1627552399750 0.1912384951039774 57
1627552399875 0.19096914494230297 58
1627552400008 0.19066136375615345 59
1627552400098 0.19038994225567768 60
1627552400205 0.18966252141812798 61
1627552400308 0.1891388340861392 62
1627552400391 0.18882346040857836 63
1627552400486 0.1885044368441935 64
1627552400583 0.18818831446443854 65
1627552400674 0.18788933419828469 66
1627552400776 0.1875645204513769 67
1627552400908 0.18729798180022084 68
1627552401052 0.18683447242345325 69
1627552401143 0.1865975755556181 70
1627552401258 0.18622095300244432 71
1627552401334 0.18598248022302744 72
1627552401430 0.18536274726978896 73
1627552401541 0.18507321077713523 74
1627552401657 0.18456042386318525 75
1627552401780 0.1842539842642677 76
1627552401866 0.18402564745388814 77
1627552401950 0.18376345924801943 78
1627552402063 0.18309173902795634 79
1627552402151 0.18288099305575017 80
1627552402294 0.18226563718899322 81
1627552402415 0.18196571511592646 82
1627552402491 0.18175469284876 83
1627552402585 0.1815222415925259 84
1627552402681 0.18122148619397305 85
1627552402761 0.18101296814584267 86
1627552402841 0.18079890948918104 87
1627552402929 0.18055108989274488 88
1627552403050 0.18034926255621936 89
1627552403135 0.18015513577117728 90
1627552403290 0.17968667453593334 91
1627552403405 0.1793222590968762 92
1627552403498 0.1791295358114241 93
1627552403581 0.1789179984086307 94
1627552403682 0.17843938519022334 95
1627552403785 0.17823234310572922 96
1627552403883 0.17800786623836334 97
1627552403956 0.1778213897498429 98
1627552404059 0.17760525954466344 99
1627552404215 0.17736634713713847 100
1627552404316 0.1770198159845439 101
1627552404480 0.1765816607413991 102
1627552404566 0.17639367533028566 103
1627552404645 0.17621734424659014 104
1627552404722 0.17604628961788088 105
1627552404788 0.17587621983290572 106
1627552404908 0.17567222209701552 107
1627552404984 0.17548268467709258 108
1627552405071 0.17528353856976933 109
1627552405188 0.17498576892074602 110
1627552405269 0.17481001402453664 111
1627552405379 0.17456200148763285 112
1627552405459 0.17439996070993935 113
1627552405537 0.17421227223406652 114
1627552405629 0.17401733097017444 115
1627552405707 0.17386072270166164 116
1627552405787 0.17368466300866234 117
1627552405879 0.1735176791723718 118
1627552405978 0.1733245809935167 119
1627552406069 0.17309378375324302 120
1627552406144 0.1729270513993242 121
1627552406213 0.17276555629984727 122
1627552406338 0.17230962502201533 123
1627552406462 0.17186379613144503 124
1627552406570 0.17155603039160236 125
1627552406708 0.17138323317341675 126
1627552406834 0.1712357974635642 127
1627552406948 0.17103605774453173 128
1627552407024 0.17086723258048034 129
1627552407131 0.17069502614319612 130
1627552407255 0.17054502034725466 131
1627552407366 0.17027868664701953 132
1627552407446 0.17012237433687538 133
1627552407535 0.1699625378839984 134
1627552407620 0.16980090936558986 135
1627552407722 0.1696260189402555 136
1627552407805 0.1694597958671956 137
1627552407887 0.16930083148568584 138
1627552407969 0.16916002782481468 139
1627552408044 0.16901460329960385 140
1627552408116 0.16887014597706965 141
1627552408193 0.16873091312427985 142
1627552408271 0.16859152855563075 143
1627552408344 0.16844834270506123 144
1627552408422 0.16829842058546396 145
1627552408500 0.16810625998363085 146
1627552408588 0.16791389579175492 147
1627552408659 0.16776287138496848 148
1627552408750 0.16759917320335047 149
1627552408845 0.16746090403933078 150
1627552408943 0.16722100448979244 151
1627552409025 0.16706046357853765 152
1627552409109 0.16690263822021642 153
1627552409178 0.166769726472841 154
1627552409254 0.1666212108737561 155
1627552409359 0.16644023626126345 156
1627552409427 0.16628612902757395 157
1627552409541 0.16604934330750962 158
1627552409622 0.165910226494218 159
1627552409746 0.16563325039829538 160
1627552409837 0.16547766999203753 161
1627552409921 0.16534483388462687 162
1627552410036 0.16508956305044645 163
1627552410132 0.16494258184805016 164
1627552410212 0.1648081956416482 165
1627552410289 0.16466793756273002 166
1627552410417 0.16451510639634642 167
1627552410481 0.16438431487493738 168
1627552410597 0.16423862965440114 169
1627552410689 0.1641016046055853 170
1627552410768 0.1639642127333704 171
1627552410852 0.16382479425207 172
1627552410918 0.16369508975344355 173
1627552411000 0.16355552976043508 174
1627552411090 0.16340489471314484 175
1627552411153 0.16327769015905824 176
1627552411252 0.16308551524366818 177
1627552411334 0.16295710320397577 178
1627552411414 0.16281825117627835 179
1627552411518 0.16269369035334902 180
1627552411583 0.1625792504336408 181
1627552411686 0.16228572509682715 182
1627552411776 0.16214163247718447 183
1627552411861 0.16201430263875777 184
1627552411970 0.16174977600394663 185
1627552412047 0.1616219210179762 186
1627552412124 0.16149698250032635 187
1627552412197 0.16137637556145035 188
1627552412266 0.161250066772311 189
1627552412393 0.16107771867385567 190
1627552412507 0.16093866543227778 191
1627552412592 0.1608218259815671 192
1627552412659 0.1607039598172126 193
1627552412733 0.16058092177538177 194
1627552412824 0.16043524063582973 195
1627552412900 0.1603063456429335 196
1627552412978 0.1601796463083054 197
1627552413088 0.16005995311043492 198
1627552413195 0.15993936382747428 199
1627552413308 0.159820969483167 200
1627552413459 0.15953745399806196 201
1627552413544 0.1594272884679135 202
1627552413647 0.15930702588861084 203
1627552413747 0.15916623036626162 204
1627552413818 0.15905002090481446 205
1627552413894 0.15893705720290494 206
1627552413982 0.15881242310395025 207
1627552414059 0.15869803087342654 208
1627552414141 0.15857228674766288 209
1627552414221 0.15843938167294816 210
1627552414298 0.15831952798754112 211
1627552414375 0.15818945001681387 212
1627552414479 0.15797144438182897 213
1627552414553 0.15785014519411922 214
1627552414625 0.1577353022574855 215
1627552414800 0.15747200892302643 216
1627552414871 0.1573647230066043 217
1627552414946 0.15724804565276948 218
1627552415054 0.15712826946730102 219
1627552415159 0.15697601290205776 220
1627552415283 0.15685343364463933 221
1627552415383 0.15673719484455936 222
1627552415476 0.15661064095136568 223
1627552415543 0.15650142464694194 224
1627552415641 0.15631135859728523 225
1627552415754 0.15615337246431374 226
1627552415832 0.15603308787672415 227
1627552415904 0.15591568994502303 228
1627552415981 0.1557968305124331 229
1627552416054 0.15568056891020596 230
1627552416128 0.1555746648760339 231
1627552416218 0.15544519462219586 232
1627552416311 0.15530742474685236 233
1627552416397 0.15518837680539468 234
1627552416468 0.15507514908761003 235
1627552416540 0.15497306438460265 236
1627552416607 0.1548669150545574 237
1627552416678 0.15476268605423768 238
1627552416749 0.1546507874806401 239
1627552416824 0.154544459952146 240
1627552416892 0.15443816888288156 241
1627552416975 0.15432692584414423 242
1627552417050 0.15421308886734347 243
1627552417123 0.1541036009504427 244
1627552417216 0.15398583543550826 245
1627552417298 0.1538788543214627 246
1627552417397 0.15376252121138131 247
1627552417467 0.15365000161830064 248
1627552417555 0.15353919966934806 249
1627552417641 0.1534281775617803 250
1627552417720 0.1533154695392782 251
1627552417793 0.15319737036060863 252
1627552417880 0.15308507131778126 253
1627552417965 0.1529675430313547 254
1627552418038 0.15286200219407775 255
1627552418106 0.15276335368985863 256
1627552418191 0.15265260885275642 257
1627552418259 0.15254748813424704 258
1627552418346 0.1524376219176896 259
1627552418419 0.1523249320550093 260
1627552418497 0.15222224723601435 261
1627552418577 0.15211767879294205 262
1627552418655 0.1520191348590768 263
1627552418733 0.15191226232109883 264
1627552418815 0.1518042355971481 265
1627552418888 0.15170591343836434 266
1627552418952 0.15159888606529887 267
1627552419029 0.1514946625002104 268
1627552419108 0.15138937567480235 269
1627552419212 0.15121927508233698 270
1627552419324 0.1511099821938555 271
1627552419400 0.15100282670192194 272
1627552419490 0.15089956006546326 273
1627552419579 0.1507889409031052 274
1627552419693 0.150659071086552 275
1627552419759 0.15056509988790118 276
1627552419855 0.15615337246431374 277
1627552424035 0.5082132657228725 0
1627552424218 0.4689619510138477 1
1627552424392 0.43423094101580184 2
1627552424537 0.403710597628897 3
1627552424723 0.3767970170597714 4
1627552424873 0.35317712214840297 5
1627552425034 0.332860315274583 6
1627552425199 0.31550592406112604 7
1627552425332 0.30037881942284445 8
1627552425486 0.28729137967262003 9
1627552425667 0.2760022648246538 10
1627552425796 0.2664078837411709 11
1627552425939 0.25820162565737304 12
1627552426062 0.25115141783922657 13
1627552426192 0.2451995578155451 14
1627552426329 0.23993916713902982 15
1627552426516 0.23555442903147908 16
1627552426705 0.23191440194707105 17
1627552426823 0.22871555722822248 18
1627552426988 0.22593202467412224 19
1627552427105 0.22363151927492472 20
1627552427234 0.22152222980851646 21
1627552427349 0.2196576209213896 22
1627552427455 0.21788404944921033 23
1627552427567 0.2164157751263787 24
1627552427676 0.21518933509139948 25
1627552427788 0.21406286122931428 26
1627552427895 0.21294998724172973 27
1627552428012 0.21196373477459307 28
1627552428127 0.21084422669635802 29
1627552428236 0.20960554439497467 30
1627552428353 0.20870466469110158 31
1627552428505 0.20790746011587524 32
1627552428683 0.20661571355077732 33
1627552428779 0.205959912485409 34
1627552428878 0.20502187660322777 35
1627552428986 0.20401074648665607 36
1627552429101 0.2033099130694017 37
1627552429210 0.2022894257357488 38
1627552429320 0.20147683271657005 39
1627552429413 0.20103881328207593 40
1627552429525 0.20002769802781178 41
1627552429628 0.19962934362406812 42
1627552429761 0.19870210028404217 43
1627552429942 0.1980546309729837 44
1627552430070 0.19770252216873133 45
1627552430181 0.1971190328496886 46
1627552430326 0.19673003117577587 47
1627552430432 0.19604130897777985 48
1627552430558 0.1951282483093499 49
1627552430727 0.19444418744700362 50
1627552430855 0.19414746328102375 51
1627552430963 0.1934866145532537 52
1627552431146 0.19262134933870056 53
1627552431271 0.1923530810939634 54
1627552431400 0.1920514243843553 55
1627552431526 0.19107590495786073 56
1627552431645 0.19078144080971027 57
1627552431746 0.19049977661168024 58
1627552431865 0.18962920938957842 59
1627552431949 0.18933881105560169 60
1627552432050 0.1890138475469862 61
1627552432151 0.18872972842320104 62
1627552432243 0.18830907482983641 63
1627552432340 0.18803081201805766 64
1627552432441 0.1877433242699887 65
1627552432528 0.18748393665655536 66
1627552432607 0.1872477254114148 67
1627552432731 0.18637860100605666 68
1627552432852 0.1856777132497293 69
1627552432952 0.1853771995529196 70
1627552433032 0.18513632489506435 71
1627552433112 0.18487846529812219 72
1627552433214 0.18447376821632086 73
1627552433299 0.1842341855064816 74
1627552433398 0.18397079657108142 75
1627552433509 0.18359047983468793 76
1627552433590 0.18336216102981934 77
1627552433676 0.18312961963310628 78
1627552433795 0.18250265977204053 79
1627552433882 0.18224534244099977 80
1627552433987 0.18178903269366067 81
1627552434095 0.18155941005229967 82
1627552434175 0.18133585035099833 83
1627552434261 0.1811242137991094 84
1627552434406 0.18068362914378086 85
1627552434503 0.18047496873181504 86
1627552434591 0.18025239567529228 87
1627552434707 0.18004832662844414 88
1627552434826 0.1798519560252617 89
1627552434907 0.17962793085489523 90
1627552435021 0.17909357055956904 91
1627552435111 0.17885002206842252 92
1627552435198 0.1786314404174376 93
1627552435285 0.1784437568279559 94
1627552435398 0.17795468887409216 95
1627552435502 0.17775664778480232 96
1627552435646 0.1775566946014213 97
1627552435732 0.17735371842588774 98
1627552435874 0.1770494819460056 99
1627552436030 0.17672786103587854 100
1627552436158 0.17624870454096953 101
1627552436335 0.1758742920223732 102
1627552436399 0.1756950978732384 103
1627552436481 0.1755116428608318 104
1627552436563 0.17533409342909562 105
1627552436632 0.17515534361049495 106
1627552436710 0.17496560913798853 107
1627552436790 0.17478993325044712 108
1627552436881 0.17457582244957728 109
1627552436999 0.17415001373217676 110
1627552437090 0.17397247329839674 111
1627552437176 0.17378137866599128 112
1627552437256 0.17359606338722222 113
1627552437344 0.17340697410501513 114
1627552437440 0.17316948082608602 115
1627552437517 0.172993799509319 116
1627552437612 0.1728107206181606 117
1627552437699 0.17262716523917276 118
1627552437798 0.17234218440084945 119
1627552437896 0.17211392449260565 120
1627552437978 0.17193710353208666 121
1627552438049 0.17177710086304676 122
1627552438133 0.1716020009037553 123
1627552438226 0.17142715486095886 124
1627552438314 0.17119561686709417 125
1627552438403 0.17099793239881586 126
1627552438480 0.17079820879920612 127
1627552438572 0.17056995767444558 128
1627552438652 0.17040492064982618 129
1627552438744 0.17019860910808718 130
1627552438828 0.16999947233255677 131
1627552438915 0.16985493634566903 132
1627552438987 0.16968811467111583 133
1627552439084 0.16952722338463158 134
1627552439172 0.16933416541280724 135
1627552439243 0.1691757572101698 136
1627552439316 0.1690231284254181 137
1627552439392 0.16885953361589293 138
1627552439504 0.1687067345240854 139
1627552439627 0.16854758303215747 140
1627552439758 0.1682805840939005 141
1627552439872 0.1681337448828208 142
1627552439960 0.16798034562704509 143
1627552440037 0.1678227228917646 144
1627552440122 0.16767288864025412 145
1627552440218 0.16750466530876137 146
1627552440315 0.16730760023820726 147
1627552440397 0.16715470744947505 148
1627552440524 0.16694187677704186 149
1627552440647 0.1667918651175619 150
1627552440797 0.16657010880742082 151
1627552440930 0.16631259620412323 152
1627552441030 0.16615846048001226 153
1627552441099 0.1660183009107743 154
1627552441187 0.16586436797144272 155
1627552441314 0.16568799919523586 156
1627552441386 0.16555142257035743 157
1627552441501 0.1653900040385695 158
1627552441584 0.16524501120913707 159
1627552441705 0.16500223286388646 160
1627552441790 0.16486462558987305 161
1627552441866 0.1647240511968887 162
1627552441970 0.16448885133141994 163
1627552442083 0.16435296027739918 164
1627552442158 0.1642204931476559 165
1627552442262 0.16408477727792717 166
1627552442378 0.1639348508583753 167
1627552442435 0.16380745083325693 168
1627552442525 0.16367917240618057 169
1627552442602 0.16354010000702354 170
1627552442673 0.16341572517860528 171
1627552442773 0.16315817978937508 172
1627552442846 0.16302304054966762 173
1627552442924 0.16288631145439145 174
1627552442997 0.1627607586572855 175
1627552443079 0.16263682780689456 176
1627552443158 0.1625001869596524 177
1627552443239 0.1623613795689319 178
1627552443314 0.16223231381993172 179
1627552443390 0.1621058598736849 180
1627552443463 0.16197686029277258 181
1627552443524 0.16999947233255677 182
1627552447759 0.5088950454744113 0
1627552447918 0.4694515401044756 1
1627552448061 0.4347045208129066 2
1627552448211 0.40395855185902524 3
1627552448391 0.3771231311271039 4
1627552448534 0.3536670073852034 5
1627552448676 0.33314452087538815 6
1627552448816 0.3155282138763257 7
1627552448957 0.3002604183478778 8
1627552449095 0.28715653890751874 9
1627552449247 0.2757952246608655 10
1627552449378 0.2662462756399175 11
1627552449505 0.2579891810973901 12
1627552449632 0.25102659071468514 13
1627552449757 0.24506738522854044 14
1627552449963 0.23988167267089164 15
1627552450084 0.23544801187916145 16
1627552450232 0.23171631305944812 17
1627552450362 0.22850942265905105 18
1627552450480 0.2256975068269422 19
1627552450600 0.22328950027526925 20
1627552450711 0.22101050267915742 21
1627552450834 0.2191553859805087 22
1627552450950 0.2175408555055274 23
1627552451063 0.21594854088412907 24
1627552451172 0.2145441518451251 25
1627552451289 0.21338114390291626 26
1627552451395 0.21220008604613477 27
1627552451513 0.21118269607868514 28
1627552451621 0.21019276672620552 29
1627552451772 0.20936004949556214 30
1627552451898 0.20848887716392353 31
1627552452002 0.20778689516738413 32
1627552452114 0.20675739612721128 33
1627552452238 0.20599661117693205 34
1627552452370 0.2053158429509045 35
1627552452507 0.20416654519203054 36
1627552452613 0.20307146283548766 37
1627552452721 0.20214457106891948 38
1627552452831 0.20163256082348716 39
1627552452921 0.20122983661655153 40
1627552453027 0.20044660682157772 41
1627552453133 0.1996355174814968 42
1627552453252 0.1984394023250611 43
1627552453357 0.1980137222554729 44
1627552453446 0.19763238457655022 45
1627552453567 0.196280978719389 46
1627552453655 0.1959407777038216 47
1627552453754 0.1954144395727014 48
1627552453877 0.19504398875887682 49
1627552454015 0.19438443066388988 50
1627552454113 0.19387369553838849 51
1627552454232 0.19304595521915824 52
1627552454358 0.19256203843634567 53
1627552454440 0.19227522926832802 54
1627552454564 0.19198174689342695 55
1627552454674 0.19157786956346085 56
1627552454750 0.1913256943236479 57
1627552454836 0.19105811129225672 58
1627552454950 0.19044690063065003 59
1627552455029 0.19015815380469095 60
1627552455135 0.18982848818564022 61
1627552455227 0.18954451868954159 62
1627552455309 0.1892967506021295 63
1627552455406 0.18900914114512668 64
1627552455524 0.1881810001817759 65
1627552455604 0.18793019842117045 66
1627552455703 0.18761969180786253 67
1627552455825 0.18670543611931087 68
1627552455921 0.1864457960169167 69
1627552456029 0.18589289842203968 70
1627552456113 0.1856600002544224 71
1627552456206 0.18537372543243444 72
1627552456338 0.18458391089964418 73
1627552456451 0.18394496000125826 74
1627552456551 0.18364995049781202 75
1627552456729 0.1830219256607269 76
1627552456826 0.1827845339014979 77
1627552456920 0.1825237187030516 78
1627552457042 0.18223550547737594 79
1627552457219 0.18170816701359607 80
1627552457316 0.18141190539866386 81
1627552457469 0.18116478432183974 82
1627552457557 0.1809506373447633 83
1627552457645 0.18072962669056888 84
1627552457755 0.18016939129360576 85
1627552457829 0.17996878333653563 86
1627552457913 0.17975907753212617 87
1627552457999 0.17955029205417064 88
1627552458108 0.17935449039142645 89
1627552458190 0.1791593373357363 90
1627552458294 0.17895505069201734 91
1627552458399 0.17855216472752378 92
1627552458475 0.17835558786474584 93
1627552458551 0.17814894854266028 94
1627552458654 0.17785947824144382 95
1627552458743 0.1776572118960858 96
1627552458834 0.177456980108296 97
1627552458915 0.1772582748133344 98
1627552459009 0.1770441084624186 99
1627552459131 0.17669908245186033 100
1627552459251 0.176280888616971 101
1627552459361 0.17602126229038026 102
1627552459445 0.1758371129613708 103
1627552459560 0.1756461843298904 104
1627552459655 0.17545745302398563 105
1627552459729 0.1752978470020867 106
1627552459804 0.17511818987685832 107
1627552459892 0.17492935367385173 108
1627552459982 0.1747462158955092 109
1627552460096 0.1742936149633471 110
1627552460180 0.1741239776858651 111
1627552460262 0.1739429856908015 112
1627552460343 0.17377763376811545 113
1627552460422 0.17360937606881394 114
1627552460518 0.17334721129944547 115
1627552460586 0.1731863096969584 116
1627552460679 0.172989540157695 117
1627552460767 0.17281056844857642 118
1627552460848 0.17265523595900928 119
1627552460953 0.17238876521408825 120
1627552461025 0.17223443985414555 121
1627552461106 0.172058249392198 122
1627552461197 0.17182697983219045 123
1627552461280 0.17164213697192096 124
1627552461393 0.17124389055329695 125
1627552461474 0.1710736656726172 126
1627552461549 0.17092048410917632 127
1627552461645 0.17067247600649801 128
1627552461742 0.17050847261253732 129
1627552461896 0.1703026182120551 130
1627552461979 0.17014240783017712 131
1627552462084 0.16995685857415183 132
1627552462153 0.16981821143643247 133
1627552462233 0.1696699654227201 134
1627552462322 0.1695150609585715 135
1627552462402 0.16937037091980378 136
1627552462487 0.16920058452126788 137
1627552462570 0.16902660020397758 138
1627552462647 0.16886341710236105 139
1627552462751 0.16868673231858822 140
1627552462887 0.16842235004760647 141
1627552462999 0.16827170097924998 142
1627552463081 0.1681323012603494 143
1627552463158 0.16798221689156104 144
1627552463231 0.16783405749726935 145
1627552463315 0.1676763586025592 146
1627552463416 0.16750493202424357 147
1627552463495 0.1673556015353315 148
1627552463568 0.16721498125827206 149
1627552463673 0.16706536101798233 150
1627552463767 0.1669032287890401 151
1627552463863 0.1666432720376405 152
1627552463955 0.16646307761294538 153
1627552464019 0.1663269389253412 154
1627552464108 0.16618310212942083 155
1627552464200 0.16603717284129937 156
1627552464274 0.16589223792200633 157
1627552464369 0.16572679444953195 158
1627552464450 0.16559034010996615 159
1627552464539 0.1654041894125593 160
1627552464632 0.16515410167842207 161
1627552464707 0.16502102241917005 162
1627552464786 0.16488226282010138 163
1627552464872 0.16474071975194923 164
1627552464952 0.16459882915570823 165
1627552465021 0.16447297228831145 166
1627552465141 0.16415709048119614 167
1627552465223 0.16401989940342945 168
1627552465310 0.16388394945810036 169
1627552465386 0.1637497171586535 170
1627552465457 0.16362154028847614 171
1627552465533 0.1634897857630861 172
1627552465605 0.16334962338379796 173
1627552465678 0.16322051610868057 174
1627552465743 0.16309885907854976 175
1627552465833 0.16294821765071935 176
1627552465920 0.1628057638586203 177
1627552466048 0.16267013258526222 178
1627552466170 0.16253701718309008 179
1627552466293 0.162405522054955 180
1627552466391 0.1622755870393672 181
1627552466493 0.1621257579914867 182
1627552466627 0.16190369725328466 183
1627552466704 0.1617789358573086 184
1627552466802 0.1616352822540242 185
1627552466918 0.16151204450742518 186
1627552466993 0.1613935427653693 187
1627552467097 0.1612092714695942 188
1627552467209 0.16107099535869784 189
1627552467307 0.16085812132111463 190
1627552467363 0.1607452915445798 191
1627552467442 0.16061811641775506 192
1627552467515 0.16049561522337444 193
1627552467595 0.1603742387233895 194
1627552467702 0.16024059734292095 195
1627552467826 0.16007044209692317 196
1627552467934 0.1599395913708528 197
1627552468064 0.1596469943775036 198
1627552468141 0.15953128161001834 199
1627552468257 0.1594123485580057 200
1627552468348 0.1592597414300638 201
1627552468420 0.15913567323607544 202
1627552468498 0.1590148639710812 203
1627552468617 0.1588224493572395 204
1627552468683 0.15870213471923653 205
1627552468779 0.1585775513946423 206
1627552468877 0.15845756712259632 207
1627552468944 0.15833564409048545 208
1627552469016 0.15821566175484159 209
1627552469104 0.15809542095026294 210
1627552469180 0.15795856393159097 211
1627552469278 0.15784244337260056 212
1627552469370 0.1577133472264499 213
1627552469466 0.1575849285855001 214
1627552469616 0.15740265200323797 215
1627552469709 0.15724743458055587 216
1627552469810 0.15712892977484377 217
1627552469899 0.157011861900207 218
1627552469978 0.15689108067963514 219
1627552470075 0.1567508808071694 220
1627552470171 0.15656051062552015 221
1627552470237 0.15644593194503376 222
1627552470304 0.15634433320707614 223
1627552470376 0.15623329929224938 224
1627552470461 0.15605566947522445 225
1627552470543 0.15594072895935612 226
1627552470620 0.1558347233396164 227
1627552470707 0.15571538203615007 228
1627552470802 0.15554928368081958 229
1627552470878 0.155431163693348 230
1627552470951 0.15531326034585857 231
1627552471026 0.15520594268426283 232
1627552471139 0.15500566265129023 233
1627552471268 0.15489296555365428 234
1627552471381 0.15477920617919197 235
1627552471468 0.15466231835199096 236
1627552471559 0.1545407758982062 237
1627552471627 0.15442528690325866 238
1627552471694 0.1543219370692618 239
1627552471774 0.1542151287288267 240
1627552471847 0.1541109152233874 241
1627552471931 0.15399705579116768 242
1627552472021 0.15388732506472882 243
1627552472095 0.15377712543132252 244
1627552472162 0.15367678789231265 245
1627552472242 0.15356274680362905 246
1627552472322 0.15344869069681746 247
1627552472384 0.15333371901521262 248
1627552472459 0.15322870466996358 249
1627552472571 0.1531179513409193 250
1627552472690 0.15300841151175673 251
1627552472805 0.152896633585662 252
1627552472917 0.15279041043936292 253
1627552473037 0.15268239009566542 254
1627552473154 0.1525728454872249 255
1627552473229 0.15247822167249198 256
1627552473341 0.15231521000258447 257
1627552473456 0.15220480012703494 258
1627552473523 0.15210364667714477 259
1627552473589 0.1520045281059625 260
1627552473662 0.15190773392905493 261
1627552473748 0.151797040394613 262
1627552473825 0.15170110590580477 263
1627552473889 0.15159730609621594 264
1627552473959 0.15149988341429918 265
1627552474038 0.15140156514265152 266
1627552474114 0.15129124499030866 267
1627552474187 0.15119513387005773 268
1627552474264 0.1510964775764055 269
1627552474337 0.15099432624464443 270
1627552474407 0.15089626843684553 271
1627552474468 0.15080523332248655 272
1627552474541 0.15069879849376597 273
1627552474623 0.15057795486383016 274
1627552474714 0.1504354379231964 275
1627552474813 0.15030450002000886 276
1627552474900 0.15019651157294645 277
1627552474976 0.15009789020513292 278
1627552475056 0.1499716518056006 279
1627552475125 0.1498726002728485 280
1627552475208 0.14975872676018467 281
1627552475321 0.14964432013266113 282
1627552475406 0.1495368242858002 283
1627552475491 0.14942473801002049 284
1627552475568 0.14932115474574992 285
1627552475647 0.14922272118729027 286
1627552475753 0.14912728663545635 287
1627552475887 0.1490056749195488 288
1627552476001 0.1489013597112748 289
1627552476100 0.14878758355351718 290
1627552476181 0.1486937117119844 291
1627552476298 0.1541109152233874 292
1627552480603 0.5070595956038034 0
1627552480781 0.46792438001237435 1
1627552480922 0.43340964493302575 2
1627552481052 0.40297040516968596 3
1627552481201 0.37612564929515385 4
1627552481387 0.35268720411494686 5
1627552481583 0.3322047515294377 6
1627552481760 0.314605464992134 7
1627552481904 0.2993089761097952 8
1627552482069 0.2863467963163322 9
1627552482196 0.2751717905697375 10
1627552482380 0.2656679799369287 11
1627552482500 0.25742151499552657 12
1627552482644 0.2505361286776966 13
1627552482764 0.24441288619848706 14
1627552482888 0.23920900010757207 15
1627552483017 0.23484177338404225 16
1627552483144 0.23121596186221852 17
1627552483297 0.2279580809132782 18
1627552483417 0.22514250519100915 19
1627552483537 0.22286854793554647 20
1627552483651 0.220861676171119 21
1627552483796 0.21901580605148213 22
1627552483915 0.21749655331076412 23
1627552484063 0.21588994938334238 24
1627552484178 0.2146421310434173 25
1627552484288 0.21358622183303588 26
1627552484393 0.21246204368401883 27
1627552484526 0.21115904397733862 28
1627552484636 0.2101687341815156 29
1627552484758 0.20932081413865447 30
1627552484887 0.20830932801721974 31
1627552484985 0.20751644665838573 32
1627552485110 0.2063478653751738 33
1627552485207 0.2053811225443436 34
1627552485303 0.20449771966638747 35
1627552485409 0.20367705169631645 36
1627552485517 0.2029132823190568 37
1627552485620 0.20204542651892315 38
1627552485733 0.20119589353779452 39
1627552485826 0.20079994358655195 40
1627552485930 0.19989501990608113 41
1627552486035 0.19924213547901162 42
1627552486150 0.19822894567034666 43
1627552486279 0.19738825551691486 44
1627552486374 0.19700591167245868 45
1627552486493 0.1960634339537942 46
1627552486602 0.19564294159110476 47
1627552486700 0.1952985780204322 48
1627552486825 0.19442892622372512 49
1627552486967 0.1935805380648569 50
1627552487064 0.1932440899323629 51
1627552487167 0.19285242603537606 52
1627552487276 0.19234131769794785 53
1627552487364 0.19204514036882145 54
1627552487453 0.19176004181804768 55
1627552487580 0.19124712219710066 56
1627552487670 0.19094537544221946 57
1627552487756 0.19067685359774933 58
1627552487878 0.19004808692704986 59
1627552487984 0.18966584727239943 60
1627552488096 0.18931888012105502 61
1627552488214 0.18885829174103244 62
1627552488295 0.18859878297937108 63
1627552488386 0.18835088318413526 64
1627552488498 0.1876321862384535 65
1627552488588 0.1873339309773445 66
1627552488679 0.1870154924661607 67
1627552488802 0.18626381151283816 68
1627552488939 0.18599565650687572 69
1627552489053 0.18572236125436797 70
1627552489148 0.18539687471444752 71
1627552489232 0.18515688626220886 72
1627552489372 0.18448374259908884 73
1627552489488 0.18395541900229104 74
1627552489592 0.18362681915572993 75
1627552489693 0.1833682848048254 76
1627552489774 0.18314723026334814 77
1627552489875 0.1829218065982349 78
1627552490002 0.18261041047557688 79
1627552490104 0.18238331438051836 80
1627552490235 0.18200661514614883 81
1627552490357 0.1814140565427486 82
1627552490441 0.1812107995810727 83
1627552490598 0.18094728942531 84
1627552490694 0.18071445032976857 85
1627552490820 0.1805127689921024 86
1627552490908 0.18029009880891436 87
1627552490989 0.18009421670172032 88
1627552491111 0.17989542858789193 89
1627552491244 0.17967973029111012 90
1627552491417 0.17914445718959554 91
1627552491554 0.17860344738407113 92
1627552491681 0.17838812244429444 93
1627552491779 0.17818570669965036 94
1627552491896 0.1777189084809299 95
1627552491992 0.17741022057843728 96
1627552492074 0.1772201455581165 97
1627552492157 0.17704602716999865 98
1627552492244 0.17681676851294037 99
1627552492379 0.17660083530303702 100
1627552492519 0.17640388260284878 101
1627552492623 0.1761174056225345 102
1627552492733 0.17594320709686154 103
1627552492815 0.17576970455176902 104
1627552492914 0.17555201556617922 105
1627552492990 0.17537613358098858 106
1627552493085 0.17516811893600878 107
1627552493169 0.1749770801351619 108
1627552493283 0.17463129588454054 109
1627552493371 0.17441498259486515 110
1627552493462 0.1742355243930312 111
1627552493550 0.17404333332200733 112
1627552493638 0.173869932269568 113
1627552493718 0.17369361586227175 114
1627552493806 0.17351403480021677 115
1627552493889 0.1733544573018493 116
1627552493966 0.1731826492452833 117
1627552494052 0.17299880878459867 118
1627552494144 0.17280581002101794 119
1627552494245 0.1726173913902167 120
1627552494324 0.1724548398139202 121
1627552494413 0.17228501792011536 122
1627552494559 0.17211065104754306 123
1627552494714 0.17194615308510214 124
1627552494860 0.17175440569491446 125
1627552494964 0.17159179228686444 126
1627552495078 0.17124019398770352 127
1627552495169 0.17107661245409236 128
1627552495258 0.17091939448087515 129
1627552495416 0.17049740120527285 130
1627552495498 0.17033623659066222 131
1627552495586 0.17015046505140455 132
1627552495663 0.16998953070752876 133
1627552495740 0.1698364972315486 134
1627552495815 0.16969701881930757 135
1627552495895 0.16955079061544936 136
1627552495972 0.16940006287748416 137
1627552496095 0.1692414140420968 138
1627552496185 0.16908812661710695 139
1627552496267 0.16894531133405824 140
1627552496418 0.16873347366815178 141
1627552496534 0.16859546611585643 142
1627552496647 0.16845297486764765 143
1627552496736 0.16829078844461406 144
1627552496858 0.16814135646433245 145
1627552496999 0.1679885762517136 146
1627552497116 0.16769913984604967 147
1627552497191 0.16755058049737784 148
1627552497303 0.16736389920246716 149
1627552497405 0.16722456260503576 150
1627552497496 0.1670654530668162 151
1627552497588 0.16691840529107596 152
1627552497693 0.16668044950016583 153
1627552497776 0.1665176142370414 154
1627552497886 0.16620068053862452 155
1627552497974 0.16604626922901283 156
1627552498055 0.16589083370070357 157
1627552498169 0.1655479226055112 158
1627552498258 0.16540417144202305 159
1627552498328 0.16526811902121685 160
1627552498420 0.16502426140922824 161
1627552498491 0.1648853037416015 162
1627552498606 0.16473443594815945 163
1627552498725 0.16445944833203732 164
1627552498846 0.16432529381786873 165
1627552498972 0.16419051437861876 166
1627552499083 0.1640142047066031 167
1627552499161 0.16388623494023308 168
1627552499237 0.1637558313971288 169
1627552499318 0.1636276604396244 170
1627552499385 0.16349266030593942 171
1627552499501 0.16321532534818253 172
1627552499592 0.1630840010955222 173
1627552499658 0.16295610994900595 174
1627552499724 0.1628369498500718 175
1627552499793 0.16271477853171804 176
1627552499877 0.16257580360624355 177
1627552499960 0.16243389880169126 178
1627552500047 0.1622942077555122 179
1627552500120 0.16216253356188723 180
1627552500188 0.16204265662183726 181
1627552500290 0.16188885693601537 182
1627552500370 0.16175886155835506 183
1627552500454 0.1616166553451384 184
1627552500571 0.16142420093815696 185
1627552500688 0.16127967426147358 186
1627552500820 0.16114534490020627 187
1627552500919 0.1609312421777265 188
1627552501027 0.16079453387678658 189
1627552501127 0.16059098988956294 190
1627552501210 0.16045864149641026 191
1627552501310 0.16033153566823954 192
1627552501379 0.16021908020250689 193
1627552501452 0.16010410878560383 194
1627552501617 0.159882690130578 195
1627552501740 0.1597413618234074 196
1627552501867 0.1596050192623081 197
1627552501986 0.15948174396817574 198
1627552502096 0.1593420281555715 199
1627552502202 0.15922117725620386 200
1627552502317 0.15909107745491177 201
1627552502398 0.15896634521215064 202
1627552502474 0.1588442272459379 203
1627552502570 0.15871290583074743 204
1627552502647 0.15859727432496387 205
1627552502726 0.15848081017007787 206
1627552502835 0.15835361674557674 207
1627552502904 0.15823586593439629 208
1627552502968 0.15812628375188464 209
1627552503047 0.1580072598681756 210
1627552503131 0.15788341491925834 211
1627552503236 0.15776461198616393 212
1627552503398 0.15758823857706059 213
1627552503527 0.1574800662258096 214
1627552503653 0.15737706015557915 215
1627552503814 0.1571814538697652 216
1627552503933 0.15706736532681126 217
1627552504047 0.156941383295239 218
1627552504131 0.15682588475890102 219
1627552504227 0.15667848438673537 220
1627552504314 0.15655860590702594 221
1627552504387 0.1564406654296532 222
1627552504498 0.1561840692480471 223
1627552504571 0.15607040794779023 224
1627552504657 0.1559489272992549 225
1627552504732 0.15583508857071568 226
1627552504816 0.1557044068627603 227
1627552504899 0.1555927846856393 228
1627552504997 0.15542120770590973 229
1627552505075 0.1553044716753377 230
1627552505152 0.15518991747795 231
1627552505222 0.1550798396161297 232
1627552505290 0.15497795257474756 233
1627552505403 0.1548687067517596 234
1627552505509 0.15475218749127223 235
1627552505638 0.1546357905522634 236
1627552505726 0.15451693727658486 237
1627552505850 0.15440130786302483 238
1627552505966 0.15429482675405293 239
1627552506093 0.1541871365502996 240
1627552506187 0.15407219392446628 241
1627552506248 0.15396666672989598 242
1627552506329 0.153856110014912 243
1627552506397 0.15374300855973913 244
1627552506465 0.15363463432945612 245
1627552506537 0.15352503275485674 246
1627552506608 0.15343024566300154 247
1627552506699 0.15330316215387907 248
1627552506774 0.15320502303368436 249
1627552506867 0.15309180797623434 250
1627552506948 0.1529910146679799 251
1627552507028 0.15286900434656192 252
1627552507104 0.15896634521215064 253
1627552511171 0.5095955827363978 0
1627552511327 0.47005948161199435 1
1627552511476 0.4351248190258368 2
1627552511615 0.404314131772534 3
1627552511780 0.37729791929790857 4
1627552511918 0.353643425009963 5
1627552512068 0.333194445231158 6
1627552512199 0.31561915747049873 7
1627552512353 0.3004258478336663 8
1627552512485 0.28735302182506384 9
1627552512612 0.27599995523155674 10
1627552512742 0.2663901122354259 11
1627552512868 0.2581019187101838 12
1627552512993 0.2511492822637408 13
1627552513116 0.24517985665429665 14
1627552513246 0.23997456826836575 15
1627552513378 0.23553291841568966 16
1627552513506 0.2318939352435912 17
1627552513630 0.22854177244357649 18
1627552513751 0.22569993380941206 19
1627552513905 0.2233526575620711 20
1627552514015 0.22123633727023115 21
1627552514140 0.21929660962147543 22
1627552514244 0.217694090905423 23
1627552514372 0.21620189112397326 24
1627552514519 0.21480186185293065 25
1627552514669 0.2136555231239104 26
1627552514786 0.21247003002009635 27
1627552514928 0.21129573282608008 28
1627552515107 0.21019547627184165 29
1627552515220 0.20932408788786747 30
1627552515364 0.20845690550715495 31
1627552515466 0.207696823160755 32
1627552515580 0.20694631209315154 33
1627552515688 0.20601705803156048 34
1627552515792 0.2054698149449636 35
1627552515899 0.2048953310939195 36
1627552516038 0.2040807894842962 37
1627552516196 0.20284086610349242 38
1627552516377 0.20186579161597704 39
1627552516479 0.20142114599073357 40
1627552516577 0.20057261371419516 41
1627552516674 0.19984062552467252 42
1627552516799 0.19845124827024518 43
1627552516928 0.19735649482782974 44
1627552517022 0.1969608198021989 45
1627552517119 0.19658196406067852 46
1627552517207 0.19619202778361966 47
1627552517295 0.19586558696153714 48
1627552517410 0.19519318504357522 49
1627552517548 0.19409553031109805 50
1627552517643 0.19374553957973076 51
1627552517752 0.1934187346016015 52
1627552517918 0.1923768133214693 53
1627552518039 0.1920056933643288 54
1627552518134 0.19163172360299546 55
1627552518296 0.19073487962664126 56
1627552518378 0.19045616390339912 57
1627552518461 0.1901811582453686 58
1627552518559 0.18985154456908723 59
1627552518647 0.18957171523710023 60
1627552518757 0.18928418439982606 61
1627552518864 0.1888600440669141 62
1627552518951 0.18857948108633413 63
1627552519075 0.18833287410490496 64
1627552519209 0.18755444523579493 65
1627552519336 0.1872877242563921 66
1627552519423 0.1870370470734819 67
1627552519529 0.18659714789241177 68
1627552519642 0.18582655170290116 69
1627552519752 0.1855677018902771 70
1627552519827 0.18534272392379814 71
1627552519911 0.18511131342002898 72
1627552520006 0.18484516921501898 73
1627552520150 0.18460835839833376 74
1627552520279 0.18414042200306083 75
1627552520387 0.18382908574779624 76
1627552520504 0.18360274265177098 77
1627552520647 0.18336643511210116 78
1627552520746 0.18307109574589334 79
1627552520842 0.18274606369508337 80
1627552521003 0.1823580459519919 81
1627552521133 0.18173926268064486 82
1627552521222 0.18152167533918973 83
1627552521335 0.18099604526495205 84
1627552521448 0.18074644626582642 85
1627552521540 0.18053400788540208 86
1627552521621 0.180315865477478 87
1627552521706 0.180103357921029 88
1627552521791 0.17989727516212498 89
1627552521875 0.17967750589340065 90
1627552521958 0.1794620076499161 91
1627552522060 0.1790608474110427 92
1627552522143 0.17886368391882854 93
1627552522231 0.17868268802571055 94
1627552522352 0.17833758506035136 95
1627552522465 0.17787399470967505 96
1627552522567 0.17768198624585776 97
1627552522643 0.1775157382807705 98
1627552522744 0.1772726314302701 99
1627552522852 0.17702131907575558 100
1627552522940 0.1768343680264278 101
1627552523075 0.17633101273753024 102
1627552523152 0.17614429886867194 103
1627552523235 0.1759558467843076 104
1627552523335 0.17576269756815122 105
1627552523454 0.17557142827745814 106
1627552523533 0.17537057839515421 107
1627552523622 0.1751614843627461 108
1627552523722 0.17492593477100668 109
1627552523810 0.1747463016683573 110
1627552523889 0.1745584931319513 111
1627552523980 0.17435356116881484 112
1627552524068 0.17416886693898825 113
1627552524139 0.173989160367652 114
1627552524234 0.17372305135306554 115
1627552524316 0.17355698940040865 116
1627552524402 0.17337205428741548 117
1627552524469 0.17320479089932736 118
1627552524561 0.17298670826938695 119
1627552524660 0.17280729778435194 120
1627552524749 0.17263219830110457 121
1627552524862 0.17246647829847975 122
1627552524981 0.17205717625283062 123
1627552525093 0.17184526625884666 124
1627552525193 0.1715854766571462 125
1627552525285 0.17141762571330774 126
1627552525386 0.1710674853751411 127
1627552525473 0.17086081482591123 128
1627552525550 0.1707031575120345 129
1627552525647 0.17046657413548577 130
1627552525734 0.1702882260023041 131
1627552525819 0.17011820006844747 132
1627552525901 0.1699692369461778 133
1627552525990 0.16978827254602374 134
1627552526060 0.169641066397591 135
1627552526149 0.16949250991830336 136
1627552526229 0.16934152939946576 137
1627552526311 0.16918899049169658 138
1627552526380 0.1690466154301499 139
1627552526455 0.16890208903922305 140
1627552526565 0.16860511736236636 141
1627552526650 0.16845717813316946 142
1627552526715 0.16831265196926312 143
1627552526780 0.16817131230153434 144
1627552526851 0.1680226169394411 145
1627552526928 0.1678788541049914 146
1627552527024 0.1677075222394635 147
1627552527104 0.16754478954978783 148
1627552527200 0.16737717411246375 149
1627552527284 0.16722762286807066 150
1627552527373 0.16706243372679133 151
1627552527464 0.16691298414045666 152
1627552527551 0.16677358042721394 153
1627552527626 0.16663051086267638 154
1627552527729 0.16648378624202217 155
1627552527840 0.16619385397597772 156
1627552527913 0.16605104583649777 157
1627552528010 0.1658987481981482 158
1627552528090 0.16575353997183526 159
1627552528177 0.16561145021924234 160
1627552528258 0.16547051052367875 161
1627552528334 0.16533412997062516 162
1627552528420 0.16510451130521434 163
1627552528506 0.16495554345985894 164
1627552528579 0.16481319564306826 165
1627552528646 0.16467593901299704 166
1627552528747 0.16442023625295163 167
1627552528829 0.1642832350044471 168
1627552528906 0.1641480459427811 169
1627552528986 0.16401981088642706 170
1627552529069 0.1638862579234906 171
1627552529174 0.16360737370796685 172
1627552529288 0.16346553366003913 173
1627552529367 0.16333507533095035 174
1627552529482 0.1632070926516402 175
1627552529559 0.16307697522931022 176
1627552529657 0.16292260527335736 177
1627552529743 0.16278408143546463 178
1627552529825 0.16264889866078555 179
1627552529896 0.16252056974173473 180
1627552529978 0.16237817604959331 181
1627552530087 0.16213261460808603 182
1627552530172 0.1619931527472631 183
1627552530246 0.16186208820856035 184
1627552530348 0.16164302433030514 185
1627552530419 0.16150969549416694 186
1627552530495 0.161384596106696 187
1627552530573 0.16123575097735307 188
1627552530641 0.16111000643446793 189
1627552530738 0.1609496883913915 190
1627552530873 0.16069881550459209 191
1627552530945 0.1605842912531658 192
1627552531030 0.16045476297016706 193
1627552531118 0.16032459847994668 194
1627552531195 0.16020617016063682 195
1627552531316 0.1599960267713291 196
1627552531454 0.15985856452020292 197
1627552531601 0.15972783357376535 198
1627552531723 0.15959324466425567 199
1627552531844 0.15945513955949658 200
1627552531964 0.15932113013441385 201
1627552532045 0.15919187038615093 202
1627552532126 0.15906547353150693 203
1627552532204 0.1589329989094467 204
1627552532280 0.1588132602808159 205
1627552532354 0.15870289772341706 206
1627552532425 0.15859166542969624 207
1627552532500 0.1584753610790729 208
1627552532567 0.15835622334782926 209
1627552532645 0.15824016404926164 210
1627552532735 0.15807186753944188 211
1627552532817 0.1579498731730539 212
1627552532919 0.15773005035592463 213
1627552532998 0.15758601795501978 214
1627552533098 0.15745220050524408 215
1627552533182 0.1572950049992289 216
1627552533253 0.1571771467191743 217
1627552533327 0.15706361975225244 218
1627552533405 0.1569359438255642 219
1627552533489 0.15681407556105806 220
1627552533572 0.15669584170567616 221
1627552533649 0.15658788719165415 222
1627552533730 0.15646612754048334 223
1627552533807 0.156339213950901 224
1627552533900 0.15623052340450808 225
1627552534001 0.15607210766050267 226
1627552534084 0.1559627397232631 227
1627552534169 0.15585038857842842 228
1627552534254 0.1557389709450092 229
1627552534331 0.15563037049620174 230
1627552534407 0.15552177252179925 231
1627552534491 0.15540582888086021 232
1627552534566 0.15529606962635487 233
1627552534649 0.15517761097980717 234
1627552534729 0.15506424294942234 235
1627552534858 0.1549407816046873 236
1627552535000 0.15482079103400212 237
1627552535096 0.15470216745385332 238
1627552535183 0.15459407811865006 239
1627552535309 0.15448705340792185 240
1627552535381 0.1543699596240875 241
1627552535471 0.1542650773146382 242
1627552535576 0.15415751069535738 243
1627552535653 0.1540486364728559 244
1627552535752 0.15392979278576419 245
1627552535827 0.15382396116018981 246
1627552535896 0.15371031458744983 247
1627552535987 0.15359579515204064 248
1627552536075 0.15349042400734528 249
1627552536165 0.15337288037711666 250
1627552536231 0.15326981709914428 251
1627552536307 0.1531596196490548 252
1627552536388 0.15304623683849644 253
1627552536486 0.15288485985074007 254
1627552536565 0.15278065060677334 255
1627552536671 0.1526778720595027 256
1627552536735 0.1525807908672364 257
1627552536809 0.1524803151011773 258
1627552536905 0.15237022112450715 259
1627552536970 0.15226146094372486 260
1627552537038 0.15215652297263932 261
1627552537138 0.15197796588392162 262
1627552537214 0.15187786215901034 263
1627552537293 0.15177577100028503 264
1627552537369 0.15167209104899382 265
1627552537459 0.15153991962552124 266
1627552537533 0.15142652901418316 267
1627552537611 0.15131801689656685 268
1627552537686 0.15120491726889013 269
1627552537772 0.15109722511517207 270
1627552537866 0.15099171920789647 271
1627552537955 0.15087431629152862 272
1627552538023 0.15077126194711366 273
1627552538100 0.15067798467004787 274
1627552538164 0.1505918416508581 275
1627552538263 0.1504511561315604 276
1627552538337 0.15034393688684589 277
1627552538417 0.15024123792358798 278
1627552538500 0.15012663241891896 279
1627552538597 0.150026842808266 280
1627552538709 0.1499317976690162 281
1627552538841 0.14981086442707056 282
1627552538903 0.14971679934000673 283
1627552538973 0.14961673983243085 284
1627552539036 0.14951750030783537 285
1627552539105 0.14943439750091206 286
1627552539174 0.14932944894797548 287
1627552539250 0.1492305758715521 288
1627552539319 0.14912865204569598 289
1627552539391 0.1490293959081401 290
1627552539456 0.1489333345573219 291
1627552539531 0.14883085481224942 292
1627552539625 0.14869260473657447 293
1627552539698 0.14859815414337404 294
1627552539771 0.1484987488167064 295
1627552539862 0.15392979278576419 296
