1627555305555 0.5088724645314356 0
1627555305698 0.4694736230436315 1
1627555305814 0.434588148380906 2
1627555305929 0.4039215400787066 3
1627555306043 0.37696913010939 4
1627555306158 0.35352828658135177 5
1627555306279 0.33320953859592445 6
1627555306395 0.31571962567269574 7
1627555306514 0.30064976215680195 8
1627555306622 0.28756745151535507 9
1627555306734 0.2762902183924044 10
1627555306846 0.2666467546084962 11
1627555306953 0.25835754957461216 12
1627555307087 0.25134158248244237 13
1627555307203 0.24526746300038949 14
1627555307307 0.24024817808659069 15
1627555307430 0.2359633794265681 16
1627555307543 0.23241468870258844 17
1627555307648 0.22931662909288317 18
1627555307752 0.22646711230909716 19
1627555307850 0.2240974956965001 20
1627555307950 0.22210482521018537 21
1627555308055 0.2202979001983708 22
1627555308155 0.2185065606185269 23
1627555308252 0.21695027649632567 24
1627555308346 0.2156929401642305 25
1627555308442 0.21454027315839463 26
1627555308533 0.21345899079853126 27
1627555308626 0.21242498183234618 28
1627555308724 0.21156192464268195 29
1627555308810 0.2106600701894667 30
1627555308902 0.20975732841646863 31
1627555308998 0.20887574191655978 32
1627555309095 0.20804005732560163 33
1627555309194 0.20749322636194545 34
1627555309302 0.206533056803956 35
1627555309396 0.20579540045046538 36
1627555309486 0.2049648754276932 37
1627555309576 0.20450520092372787 38
1627555309670 0.20352934738978656 39
1627555309752 0.20298491147675848 40
1627555309839 0.20232302827279977 41
1627555309932 0.20162018554334243 42
1627555310032 0.2006356111104439 43
1627555310124 0.1999398978898398 44
1627555310208 0.19961548253440203 45
1627555310300 0.1991011509371739 46
1627555310398 0.19825505167394447 47
1627555310490 0.19791179708148204 48
1627555310582 0.19750689969397725 49
1627555310694 0.19682455792173092 50
1627555310780 0.19650169929804476 51
1627555310865 0.19619457435502044 52
1627555310965 0.19520858110752293 53
1627555311081 0.1947326204900856 54
1627555311204 0.19422670066790204 55
1627555311308 0.19337604908170658 56
1627555311391 0.19303640045883189 57
1627555311478 0.1927001446817094 58
1627555311572 0.1923423842638848 59
1627555311659 0.19204712868667173 60
1627555311754 0.19171514598079248 61
1627555311858 0.19110319489174687 62
1627555311940 0.19085084301999858 63
1627555312048 0.19017407260290098 64
1627555312149 0.18951051498865276 65
1627555312255 0.18921658604034886 66
1627555312334 0.18895132235623158 67
1627555312425 0.18859675723850333 68
1627555312524 0.18821829061749748 69
1627555312608 0.1877786495722169 70
1627555312687 0.1875145452000445 71
1627555312792 0.18725577749453703 72
1627555312885 0.1869963451613003 73
1627555312972 0.18676222273566384 74
1627555313055 0.186526896275197 75
1627555313160 0.18596131444352537 76
1627555313243 0.18571376404184659 77
1627555313326 0.1854687333848888 78
1627555313409 0.1852493074622045 79
1627555313505 0.1849045567716091 80
1627555313595 0.18446526249433018 81
1627555313676 0.18422732160198643 82
1627555313772 0.1838550372496395 83
1627555313862 0.18362510419006828 84
1627555313942 0.18342096637342334 85
1627555314015 0.18320545902609156 86
1627555314100 0.18299512334088788 87
1627555314181 0.18281302892384962 88
1627555314280 0.18258548492520754 89
1627555314384 0.1823758757978393 90
1627555314470 0.18218388585467854 91
1627555314563 0.18165326347093078 92
1627555314656 0.1812531791949279 93
1627555314749 0.18090996465418593 94
1627555314833 0.18060764760787795 95
1627555314915 0.18042734082092995 96
1627555314997 0.18017814429691603 97
1627555315061 0.17998683059945506 98
1627555315144 0.1797938750930145 99
1627555315303 0.1795322140065423 100
1627555315388 0.17935571283033974 101
1627555315481 0.17905177578711504 102
1627555315554 0.178865540864337 103
1627555315628 0.17869362363156777 104
1627555315713 0.17850504842165107 105
1627555315784 0.17832855493632085 106
1627555315871 0.17806188337786494 107
1627555315983 0.17787188647764393 108
1627555316065 0.1776675181413905 109
1627555316148 0.17745230096124684 110
1627555316219 0.17726966801015592 111
1627555316319 0.17688305412287925 112
1627555316389 0.17670380700226526 113
1627555316468 0.17652460565623354 114
1627555316533 0.17636978040686596 115
1627555316603 0.17620404723669814 116
1627555316696 0.17582305932076306 117
1627555316772 0.17565179528239636 118
1627555316855 0.17548620804931564 119
1627555316920 0.1753255063849127 120
1627555316980 0.1751602913755043 121
1627555317046 0.17498643004711878 122
1627555317154 0.17482491597245636 123
1627555317240 0.17466513188490407 124
1627555317307 0.17449947704717245 125
1627555317390 0.1743429468653467 126
1627555317485 0.1740443050258504 127
1627555317566 0.17385408710779668 128
1627555317661 0.17361648305495103 129
1627555317744 0.17346747079784716 130
1627555317801 0.17333559320629513 131
1627555317877 0.17317781974565852 132
1627555317942 0.17302590633595266 133
1627555318070 0.1727711026433273 134
1627555318164 0.17261437157466047 135
1627555318244 0.17245159330644144 136
1627555318348 0.17217656061831632 137
1627555318409 0.17201778294362347 138
1627555318485 0.1718540479571045 139
1627555318579 0.17170719435426976 140
1627555318687 0.17154526578297896 141
1627555318751 0.17140229468758994 142
1627555318809 0.1712635550953188 143
1627555318887 0.1710971702230264 144
1627555318965 0.17094826020093 145
1627555319054 0.17080788578289402 146
1627555319153 0.17067478084924098 147
1627555319264 0.17051353584672915 148
1627555319393 0.1703797308064169 149
1627555319515 0.17024282097053425 150
1627555319595 0.1699995428936106 151
1627555319680 0.1698669099624005 152
1627555319772 0.16972150078712123 153
1627555319852 0.16956678732879704 154
1627555319958 0.16937558795356245 155
1627555320062 0.16920446910954834 156
1627555320144 0.16899688087969608 157
1627555320213 0.16886824520974528 158
1627555320311 0.1687450006553885 159
1627555320404 0.16858043072141154 160
1627555320468 0.16846043338860373 161
1627555320549 0.16828577652107457 162
1627555320630 0.16808015933192605 163
1627555320726 0.16785880012343565 164
1627555320796 0.16771829909471267 165
1627555320866 0.1675790634253391 166
1627555320938 0.16746226957998675 167
1627555321002 0.16734450605143023 168
1627555321113 0.1672107969847357 169
1627555321218 0.16708307560582347 170
1627555321277 0.16697654934297027 171
1627555321377 0.1668003940763859 172
1627555321447 0.1666693364515136 173
1627555321523 0.16654553140135475 174
1627555321589 0.16641245886985195 175
1627555321659 0.1662658312508235 176
1627555321731 0.16614588940806993 177
1627555321807 0.16602118856373277 178
1627555321880 0.16590563891607293 179
1627555321951 0.16578110485392017 180
1627555322022 0.16565575120190384 181
1627555322122 0.16552652046261504 182
1627555322200 0.16542273824945034 183
1627555322312 0.16526973217939983 184
1627555322404 0.16511428910216466 185
1627555322484 0.16498494781513803 186
1627555322550 0.1648461531947986 187
1627555322606 0.1647510751490725 188
1627555322692 0.1646294996798911 189
1627555322766 0.1645183536726158 190
1627555322832 0.16440689490327 191
1627555322896 0.16428375134184542 192
1627555322969 0.16417294670050195 193
1627555323032 0.16407005999053906 194
1627555323092 0.16396859441155223 195
1627555323158 0.16386494435885038 196
1627555323242 0.16375188956250966 197
1627555323311 0.16364332878938626 198
1627555323388 0.1634858320598443 199
1627555323465 0.16337978744140147 200
1627555323522 0.1632820245717643 201
1627555323577 0.16318550302779256 202
1627555323647 0.1630600983578679 203
1627555323738 0.16295351080944875 204
1627555323798 0.16283256859656325 205
1627555323887 0.16264606490552228 206
1627555323955 0.1625434860487417 207
1627555324025 0.16244472083989756 208
1627555324095 0.16234066525907814 209
1627555324189 0.1622219163939449 210
1627555324252 0.16210735973767906 211
1627555324323 0.1619829470802751 212
1627555324377 0.16187635887281548 213
1627555324451 0.16175909398278282 214
1627555324525 0.1616241018112346 215
1627555324591 0.16149122508000924 216
1627555324668 0.16137572275266432 217
1627555324757 0.16126287887237511 218
1627555324839 0.1611487160991676 219
1627555324920 0.16098914534404846 220
1627555324980 0.1608912401052089 221
1627555325049 0.16079537679902892 222
1627555325143 0.16060642402576455 223
1627555325215 0.16050425172317107 224
1627555325280 0.16039567813753844 225
1627555325344 0.16029395481824107 226
1627555325399 0.16020680487736594 227
1627555325468 0.16012023768886427 228
1627555325530 0.16001127574164373 229
1627555325596 0.1598914531076019 230
1627555325659 0.15978685799793094 231
1627555325744 0.1596311241301414 232
1627555325796 0.15954262522337856 233
1627555325859 0.15945577709619235 234
1627555325915 0.15935976684412473 235
1627555325995 0.15921801211158973 236
1627555326069 0.15911671600422062 237
1627555326139 0.15902362845512283 238
1627555326193 0.15891650892132228 239
1627555326253 0.15882516254352894 240
1627555326312 0.15870800433037938 241
1627555326375 0.15860516769914607 242
1627555326435 0.15852186533518997 243
1627555326498 0.15841026738847283 244
1627555326563 0.15830988004358315 245
1627555326612 0.15820365917528018 246
1627555326681 0.1580974204593514 247
1627555326751 0.15801171134899208 248
1627555326847 0.1579342783071524 249
1627555326929 0.15781821207297816 250
1627555326994 0.15771584826951626 251
1627555327124 0.15759383991921636 252
1627555327241 0.15746756559739986 253
1627555327334 0.15737860061435668 254
1627555327404 0.15727684802323938 255
1627555327462 0.15718172382949255 256
1627555327537 0.15707655300784182 257
1627555327590 0.15699876066835863 258
1627555327655 0.15690413044261847 259
1627555327730 0.1567819203589224 260
1627555327790 0.1566833840023022 261
1627555327862 0.15657339506497855 262
1627555327935 0.15649085698869147 263
1627555327986 0.15640653647625002 264
1627555328038 0.15631516237161044 265
1627555328087 0.15622866485142234 266
1627555328144 0.1561414555583176 267
1627555328198 0.15605292654915526 268
1627555328251 0.1559738372197671 269
1627555328320 0.15587105164414308 270
1627555328391 0.1557798753172714 271
1627555328460 0.15568820067586517 272
1627555328523 0.155600422820653 273
1627555328579 0.1555157365856305 274
1627555328639 0.15544389709866097 275
1627555328695 0.15536556490604334 276
1627555328750 0.15528560226923038 277
1627555328818 0.15519877164110582 278
1627555328898 0.15511059388914009 279
1627555328963 0.1550005571127216 280
1627555329035 0.15489148582559936 281
1627555329101 0.1548061676369745 282
1627555329176 0.15470933422902677 283
1627555329242 0.15461837524026495 284
1627555329304 0.15453180853502763 285
1627555329368 0.1544432115782448 286
1627555329419 0.15435491003648327 287
1627555329495 0.1542312402794683 288
1627555329550 0.15416198401210246 289
1627555329616 0.15407042807611387 290
1627555329684 0.15397114430272993 291
1627555329757 0.15386793294020562 292
1627555329817 0.15378163062407796 293
1627555329880 0.15370516452253027 294
1627555329928 0.15362257802369306 295
1627555329983 0.15352791078477604 296
1627555330040 0.1534346750391586 297
1627555330096 0.15335655312035196 298
1627555330156 0.15327097276626442 299
1627555330216 0.15317695891954955 300
1627555330288 0.15309248411511217 301
1627555330347 0.1529980602788687 302
1627555330448 0.15291936339288573 303
1627555330497 0.1528225496925818 304
1627555330559 0.15274316247077369 305
1627555330621 0.1526513531290238 306
1627555330706 0.15255641600368214 307
1627555330784 0.15246543225386264 308
1627555330852 0.15237025861200157 309
1627555330916 0.15228276321886064 310
1627555330976 0.152204292476169 311
1627555331029 0.15213992132209395 312
1627555331084 0.15207110493814505 313
1627555331148 0.15198134861029713 314
1627555331205 0.15190267710799774 315
1627555331261 0.1518118680436426 316
1627555331320 0.15171972416698826 317
1627555331408 0.151633245487695 318
1627555331487 0.15154222766419873 319
1627555331547 0.15146527806239374 320
1627555331621 0.15134897371062903 321
1627555331682 0.15126411433802617 322
1627555331755 0.15114533217099682 323
1627555331823 0.15105515934867722 324
1627555331890 0.150964126097961 325
1627555331947 0.15087913410273504 326
1627555332014 0.15081044559127882 327
1627555332068 0.1507225682619234 328
1627555332125 0.1506377836364616 329
1627555332185 0.15056565563661892 330
1627555332249 0.15047451518242716 331
1627555332296 0.15038440841558467 332
1627555332361 0.15028463396257416 333
1627555332434 0.15018920557260415 334
1627555332496 0.1501197420144982 335
1627555332552 0.1500314594379021 336
1627555332602 0.14996627703239485 337
1627555332665 0.14988647415265283 338
1627555332723 0.14979842483944905 339
1627555332791 0.149707912577955 340
1627555332840 0.14962423419616716 341
1627555332905 0.14954538848630783 342
1627555332995 0.15386793294020562 343
1627555337221 0.5081615318936202 0
1627555337346 0.4688806090199255 1
1627555337464 0.43409641337756283 2
1627555337583 0.40352751685586524 3
1627555337702 0.3766853732228464 4
1627555337821 0.3533053609793807 5
1627555337936 0.33312573540740503 6
1627555338058 0.3156545611817588 7
1627555338182 0.30062781771218017 8
1627555338344 0.2876257134804463 9
1627555338465 0.27639155765135975 10
1627555338619 0.2668280915357953 11
1627555338728 0.2585480771909083 12
1627555338855 0.2516183813434208 13
1627555338956 0.24561291901212262 14
1627555339060 0.24057318578543221 15
1627555339164 0.23622517034629312 16
1627555339276 0.23265007785719977 17
1627555339386 0.22960374270421788 18
1627555339490 0.2267851395390951 19
1627555339588 0.22437885006086228 20
1627555339688 0.22232969608075465 21
1627555339791 0.22057634273515433 22
1627555339899 0.21875132650274784 23
1627555340004 0.21729206805926687 24
1627555340096 0.21606487383937373 25
1627555340192 0.21486481459813486 26
1627555340290 0.21383830869359632 27
1627555340385 0.21288417123121167 28
1627555340503 0.21191757550487608 29
1627555340593 0.21104107669647162 30
1627555340719 0.21034143607232253 31
1627555340822 0.20924573699790852 32
1627555340948 0.20843219220507692 33
1627555341035 0.2077779136687121 34
1627555341122 0.20708576618787308 35
1627555341214 0.2062101824811217 36
1627555341309 0.20539131645485345 37
1627555341397 0.20485694427545503 38
1627555341486 0.20410084771628872 39
1627555341599 0.20364548084740486 40
1627555341713 0.2027290802285024 41
1627555341842 0.20207917510655332 42
1627555341940 0.2016404680885983 43
1627555342039 0.201218478376553 44
1627555342123 0.2008682874588018 45
1627555342247 0.2000418938629539 46
1627555342422 0.199070992935762 47
1627555342533 0.1984224577357357 48
1627555342624 0.19788848091790395 49
1627555342730 0.1968448354784606 50
1627555342816 0.19644534738782693 51
1627555342904 0.19612962860498281 52
1627555342999 0.1955154089460646 53
1627555343090 0.1950754085929753 54
1627555343183 0.19451225791809273 55
1627555343282 0.19413420106726562 56
1627555343374 0.19374811928323912 57
1627555343477 0.1934371663634251 58
1627555343574 0.19308355626394058 59
1627555343659 0.19279199437500305 60
1627555343759 0.19208515339928608 61
1627555343846 0.19172642196182244 62
1627555343927 0.1914374496867286 63
1627555344034 0.19071142143191921 64
1627555344130 0.19005284566549357 65
1627555344207 0.18977415130536193 66
1627555344287 0.18950757084159245 67
1627555344379 0.18918190795164552 68
1627555344453 0.18889625411932254 69
1627555344533 0.18864377598773102 70
1627555344616 0.18836436540048695 71
1627555344704 0.18811519869270818 72
1627555344778 0.18787836598760535 73
1627555344885 0.18727223268901658 74
1627555344965 0.18701376467095737 75
1627555345052 0.18671811145459336 76
1627555345135 0.18645381612677817 77
1627555345214 0.18620543110941837 78
1627555345317 0.1856230635923166 79
1627555345409 0.1853801013526315 80
1627555345502 0.18497298608282584 81
1627555345618 0.18470426131782483 82
1627555345738 0.18448838318315453 83
1627555345817 0.184215693403216 84
1627555345935 0.18399142419688985 85
1627555346033 0.18369856884251842 86
1627555346109 0.18347944561624838 87
1627555346193 0.18327161009001536 88
1627555346268 0.18305884305730138 89
1627555346363 0.18263554164603535 90
1627555346463 0.1821756389828614 91
1627555346550 0.18196947392657403 92
1627555346621 0.18176470775736778 93
1627555346708 0.18156856811263508 94
1627555346822 0.1812148945574649 95
1627555346902 0.18099037268726892 96
1627555346996 0.18080236278883163 97
1627555347113 0.1804590189866184 98
1627555347246 0.18025006075493688 99
1627555347381 0.1800417292800629 100
1627555347478 0.17984082574598226 101
1627555347599 0.17953823828759183 102
1627555347702 0.17916984348161769 103
1627555347783 0.178966595681108 104
1627555347864 0.178770332318996 105
1627555347946 0.17858849362984366 106
1627555348037 0.17821730623147958 107
1627555348125 0.17803944503851163 108
1627555348205 0.1778719442964551 109
1627555348279 0.17768024210258362 110
1627555348353 0.17748575552267765 111
1627555348433 0.17722884132627578 112
1627555348502 0.17704451847044014 113
1627555348576 0.17686664533968666 114
1627555348663 0.17664316058759402 115
1627555348735 0.17642727934601296 116
1627555348808 0.17625786852478598 117
1627555348882 0.17609211874731232 118
1627555348946 0.17595084217735754 119
1627555349003 0.17579266792113976 120
1627555349073 0.1756197868949961 121
1627555349172 0.17536761624069236 122
1627555349263 0.17520117430128612 123
1627555349347 0.1749140558868597 124
1627555349444 0.17464209852791884 125
1627555349563 0.17446889710288777 126
1627555349653 0.1743115328944572 127
1627555349720 0.17417371298910553 128
1627555349798 0.1739870169468958 129
1627555349887 0.17371167012761282 130
1627555349971 0.17354002424612394 131
1627555350047 0.17338437449477986 132
1627555350125 0.1732075220481071 133
1627555350201 0.17305150864456106 134
1627555350283 0.1728731547153019 135
1627555350350 0.172730689952512 136
1627555350420 0.1725574286502988 137
1627555350489 0.17239761841409487 138
1627555350563 0.17224634777600312 139
1627555350629 0.17206326857383483 140
1627555350750 0.17186350587822294 141
1627555350869 0.17170611334200675 142
1627555350935 0.17157033195659868 143
1627555351034 0.17144309892423262 144
1627555351132 0.1712861477111702 145
1627555351215 0.1711175575100296 146
1627555351300 0.17093450865880389 147
1627555351366 0.17079316401959388 148
1627555351445 0.17059055221194322 149
1627555351513 0.17046166837292298 150
1627555351582 0.1703262027450133 151
1627555351665 0.17011455360416639 152
1627555351724 0.16999462906999258 153
1627555351793 0.1698504397666103 154
1627555351846 0.16971945370125574 155
1627555351915 0.16959523399449228 156
1627555351982 0.1694436259936008 157
1627555352060 0.1693071542749943 158
1627555352117 0.16918167437665882 159
1627555352190 0.16904851868499549 160
1627555352290 0.16889859722751044 161
1627555352354 0.16877394465109768 162
1627555352417 0.16866477335695332 163
1627555352492 0.16854903443581287 164
1627555352561 0.16841747616429253 165
1627555352622 0.1682910388349509 166
1627555352685 0.16816629348719112 167
1627555352778 0.167891711095531 168
1627555352874 0.1676516579294144 169
1627555352950 0.16751940505442864 170
1627555353018 0.16738801183348517 171
1627555353123 0.16710730688807576 172
1627555353194 0.16695784435851513 173
1627555353270 0.16680164290987995 174
1627555353325 0.16668588610696186 175
1627555353402 0.16653893279393575 176
1627555353477 0.16642123632922026 177
1627555353544 0.16629420678378307 178
1627555353611 0.16616402630293906 179
1627555353677 0.1660451242097997 180
1627555353756 0.16587570504775925 181
1627555353835 0.16570608968436312 182
1627555353930 0.16558863533031737 183
1627555354015 0.16545004299789398 184
1627555354088 0.16533841304859057 185
1627555354161 0.16519786764023245 186
1627555354244 0.16508401159780386 187
1627555354326 0.1649064771302749 188
1627555354412 0.16471914959789136 189
1627555354480 0.16458698030998845 190
1627555354537 0.1644865634084074 191
1627555354609 0.16435006807505584 192
1627555354668 0.16423999627975847 193
1627555354731 0.16410845300397042 194
1627555354806 0.1639894755461732 195
1627555354870 0.16387119394722052 196
1627555354943 0.16375328531039562 197
1627555355006 0.16364030843246635 198
1627555355066 0.16354071002058307 199
1627555355127 0.1634202627333496 200
1627555355199 0.16330846305674018 201
1627555355266 0.16319874225367903 202
1627555355362 0.1630729923960586 203
1627555355433 0.16296220981791104 204
1627555355499 0.1628326806791018 205
1627555355607 0.16272092337109328 206
1627555355684 0.16262713691453873 207
1627555355763 0.16249321867935487 208
1627555355848 0.16232996354750426 209
1627555355928 0.16218646256062272 210
1627555355996 0.16207981026984375 211
1627555356062 0.16195365079646332 212
1627555356120 0.16186498919437542 213
1627555356194 0.16174109660183386 214
1627555356257 0.16163767544269758 215
1627555356349 0.16144717818947354 216
1627555356420 0.161333904059088 217
1627555356477 0.16123017839359438 218
1627555356558 0.16108735857852918 219
1627555356634 0.1609651440836907 220
1627555356695 0.16086545217176754 221
1627555356755 0.16074770678236366 222
1627555356810 0.16065029147988794 223
1627555356866 0.160550166550561 224
1627555356949 0.16041816631025813 225
1627555357062 0.16029004041102027 226
1627555357137 0.1601661553848364 227
1627555357221 0.1600705142324496 228
1627555357304 0.15997662547438646 229
1627555357361 0.15986539203837047 230
1627555357421 0.15977785572376121 231
1627555357475 0.15969007756117368 232
1627555357546 0.1596045074990775 233
1627555357631 0.1594558568410727 234
1627555357693 0.15934940368809328 235
1627555357760 0.15925128452286103 236
1627555357830 0.15914498674513333 237
1627555357888 0.15905766172331032 238
1627555357969 0.15895630054881918 239
1627555358037 0.15885993755738398 240
1627555358111 0.15873134846960807 241
1627555358176 0.158639749142827 242
1627555358242 0.15853563076494762 243
1627555358300 0.1584292111818822 244
1627555358385 0.15826896277342542 245
1627555358451 0.15815687342391055 246
1627555358518 0.15806439743692968 247
1627555358632 0.15797143269597747 248
1627555358725 0.1578672150675597 249
1627555358846 0.15775938732517442 250
1627555358909 0.1576559872246955 251
1627555358979 0.15754648660060983 252
1627555359046 0.15744253826943777 253
1627555359105 0.15736415042284546 254
1627555359154 0.15728558712267934 255
1627555359211 0.1571999348212468 256
1627555359267 0.15711491006697725 257
1627555359330 0.15702199021159566 258
1627555359403 0.15688546979187062 259
1627555359464 0.156781458413284 260
1627555359525 0.15668167470289845 261
1627555359597 0.15657169977829027 262
1627555359680 0.15644091745491476 263
1627555359742 0.15634621374745072 264
1627555359816 0.15623345641728104 265
1627555359883 0.1561388513390491 266
1627555359985 0.15605244430891008 267
1627555360064 0.15595802922000038 268
1627555360128 0.15586089635864434 269
1627555360199 0.15576784849380307 270
1627555360276 0.15567789899649692 271
1627555360345 0.15558816360720423 272
1627555360412 0.15548185677805354 273
1627555360470 0.15539269894499877 274
1627555360532 0.1552982773761117 275
1627555360592 0.15522401905503053 276
1627555360647 0.15513839139171628 277
1627555360704 0.15503868495708492 278
1627555360776 0.15494682101606919 279
1627555360837 0.15485019569999356 280
1627555360896 0.1547655112356363 281
1627555360953 0.15466619030615564 282
1627555361008 0.1545843239778393 283
1627555361059 0.15451369790213448 284
1627555361123 0.15442074375296674 285
1627555361203 0.1542938963833817 286
1627555361255 0.15421705890097867 287
1627555361337 0.15407671376946047 288
1627555361395 0.15400218241884972 289
1627555361459 0.15391613328625767 290
1627555361573 0.15382246053673573 291
1627555361692 0.153740059861006 292
1627555361748 0.15366369889480996 293
1627555361830 0.15356535793076123 294
1627555361916 0.1534718660867763 295
1627555361984 0.15335830859024654 296
1627555362053 0.15325245049886987 297
1627555362123 0.15316042981672467 298
1627555362183 0.15307558837554555 299
1627555362269 0.15294209875054007 300
1627555362328 0.15284411532946654 301
1627555362379 0.15276619997838126 302
1627555362433 0.15269305224898028 303
1627555362500 0.15258635589827324 304
1627555362550 0.15251775013861169 305
1627555362613 0.15242212594610394 306
1627555362683 0.15233452252743973 307
1627555362749 0.15223738876514564 308
1627555362811 0.1521475099222021 309
1627555362867 0.15205699703935985 310
1627555362926 0.15197452256702643 311
1627555362991 0.15188030704433172 312
1627555363057 0.15179776577334048 313
1627555363153 0.15171154107890317 314
1627555363277 0.15160658153161424 315
1627555363375 0.15623345641728104 316
1627555367467 0.5089432356357985 0
1627555367592 0.46954181295125846 1
1627555367719 0.43465498420570736 2
1627555367850 0.4040008956574754 3
1627555368009 0.3771514147722591 4
1627555368132 0.3537430433082381 5
1627555368276 0.33349731512752306 6
1627555368399 0.3159761943497962 7
1627555368523 0.3008790813901753 8
1627555368667 0.2877853656752152 9
1627555368785 0.2764795483701799 10
1627555368954 0.2668707880876079 11
1627555369062 0.2585507666449837 12
1627555369182 0.25150149097028485 13
1627555369304 0.24547659774319902 14
1627555369422 0.24038659596431522 15
1627555369525 0.23608269338813337 16
1627555369646 0.23247416313337257 17
1627555369790 0.2293883790803225 18
1627555369911 0.22651758231975447 19
1627555370026 0.22412820196063674 20
1627555370125 0.22207454559734852 21
1627555370286 0.2203329212295425 22
1627555370383 0.2186993181356023 23
1627555370500 0.21738076885318652 24
1627555370616 0.21622526352909818 25
1627555370721 0.21500740101755728 26
1627555370814 0.21395982197390467 27
1627555370905 0.21285565674109974 28
1627555370996 0.21193663583141042 29
1627555371088 0.21106375154365226 30
1627555371186 0.21038702159284067 31
1627555371281 0.20954438703996064 32
1627555371375 0.20867854687805812 33
1627555371458 0.20803364426433113 34
1627555371543 0.20736509008527376 35
1627555371636 0.2064686585929146 36
1627555371761 0.2055699534558628 37
1627555371848 0.20486851936574205 38
1627555371940 0.2039957250847464 39
1627555372029 0.20330611820788586 40
1627555372115 0.20259451476203408 41
1627555372216 0.20164066756906168 42
1627555372313 0.20081467121667457 43
1627555372447 0.20042870054988207 44
1627555372567 0.1998799213561033 45
1627555372657 0.19948619264833206 46
1627555372780 0.19900864549405647 47
1627555372910 0.19824010808410755 48
1627555373001 0.19779066932528452 49
1627555373175 0.19681657571893785 50
1627555373275 0.19641811441827495 51
1627555373367 0.19591696044832616 52
1627555373488 0.19501473133270303 53
1627555373596 0.1947409400420681 54
1627555373689 0.1944218499809045 55
1627555373800 0.19366845433028762 56
1627555373875 0.19338693347042793 57
1627555374044 0.19273412569137127 58
1627555374199 0.19241869691780286 59
1627555374299 0.19214831153578932 60
1627555374396 0.19140815823487098 61
1627555374500 0.19079175614776045 62
1627555374573 0.1905014275106203 63
1627555374717 0.1901050008507751 64
1627555374811 0.18978380056804298 65
1627555374925 0.18952015517406168 66
1627555375010 0.189256764525081 67
1627555375103 0.18899060158357858 68
1627555375182 0.18870090392580702 69
1627555375273 0.18845715239825328 70
1627555375363 0.18818990510369493 71
1627555375458 0.187715191931916 72
1627555375550 0.18730933496351368 73
1627555375685 0.1870610886435333 74
1627555375774 0.18665052483046568 75
1627555375892 0.18640143229987055 76
1627555376002 0.1860956696976138 77
1627555376074 0.18585459840238017 78
1627555376152 0.18560620141437703 79
1627555376260 0.18534948264848614 80
1627555376359 0.18484075159411026 81
1627555376453 0.1845463346875919 82
1627555376596 0.18405754850610373 83
1627555376684 0.18381541280721084 84
1627555376786 0.18340243469466763 85
1627555376872 0.1830893801232783 86
1627555376959 0.18284226749836227 87
1627555377046 0.18263498293679642 88
1627555377129 0.1823975571020714 89
1627555377214 0.1820905680673826 90
1627555377311 0.18166982288080516 91
1627555377390 0.1814669732199064 92
1627555377466 0.18124132618929797 93
1627555377561 0.18085116612808683 94
1627555377662 0.18058673265299297 95
1627555377743 0.18040056991138023 96
1627555377838 0.180001718636797 97
1627555377909 0.17980408542501697 98
1627555377998 0.17959987442221592 99
1627555378098 0.17938419174391138 100
1627555378188 0.17919754008406372 101
1627555378287 0.1788900833914459 102
1627555378377 0.17869003466110936 103
1627555378463 0.17849936607184927 104
1627555378549 0.17831150897056824 105
1627555378617 0.17813696517002273 106
1627555378692 0.17796061695668758 107
1627555378779 0.17775438461835574 108
1627555378871 0.1775694123218549 109
1627555378948 0.17737431252905272 110
1627555379020 0.1771784931078678 111
1627555379096 0.17697156364778507 112
1627555379168 0.17679522535549655 113
1627555379240 0.17662316211476783 114
1627555379322 0.17645660618586836 115
1627555379396 0.17627081835780836 116
1627555379496 0.1759636519754487 117
1627555379601 0.17578420069114678 118
1627555379710 0.17561529225012312 119
1627555379799 0.175418676716732 120
1627555379868 0.17524793967507302 121
1627555379968 0.17507163683917337 122
1627555380061 0.17485517232372266 123
1627555380149 0.17460230261426993 124
1627555380263 0.17444118103859194 125
1627555380399 0.17423439406586824 126
1627555380499 0.17407772755956988 127
1627555380579 0.173918073431144 128
1627555380657 0.173757243456604 129
1627555380727 0.1736156149413196 130
1627555380810 0.17346352087426703 131
1627555380893 0.17330822780652447 132
1627555380991 0.17315565600544816 133
1627555381069 0.17300798449146618 134
1627555381132 0.17285166867855634 135
1627555381200 0.17268046461011277 136
1627555381286 0.1724979318041977 137
1627555381352 0.17236630488207944 138
1627555381432 0.1721805340680848 139
1627555381501 0.17201575804467933 140
1627555381565 0.17188108927389142 141
1627555381654 0.1716055374871257 142
1627555381732 0.171458257489138 143
1627555381809 0.17129728435851552 144
1627555381888 0.17114921330716779 145
1627555381966 0.17099757541115712 146
1627555382064 0.17068377042470628 147
1627555382139 0.17052029326495874 148
1627555382213 0.17037688385844083 149
1627555382309 0.17019881335838677 150
1627555382395 0.16995812358011184 151
1627555382512 0.16976759235014588 152
1627555382573 0.16963938833635672 153
1627555382647 0.16949251479495606 154
1627555382725 0.1693427167316209 155
1627555382806 0.1691807999417424 156
1627555382931 0.16898509321397925 157
1627555382994 0.16885766065380486 158
1627555383072 0.16872121000459897 159
1627555383164 0.1685134736259561 160
1627555383239 0.16837923645031697 161
1627555383303 0.16824775856262936 162
1627555383393 0.16801628611691058 163
1627555383460 0.16789916799071078 164
1627555383559 0.16777396489821475 165
1627555383667 0.16763402245410464 166
1627555383802 0.16746288243448454 167
1627555383861 0.16735954095020086 168
1627555383947 0.16719839626276642 169
1627555384066 0.16705784683429165 170
1627555384160 0.1669174837043963 171
1627555384222 0.16680063010233914 172
1627555384291 0.16666875314714774 173
1627555384346 0.16656089142366834 174
1627555384428 0.16637281647469565 175
1627555384504 0.16623545525859884 176
1627555384559 0.16612659412868824 177
1627555384641 0.1659884334329193 178
1627555384713 0.16585002056759013 179
1627555384801 0.16567433664422895 180
1627555384883 0.16553788289246343 181
1627555384965 0.1653722635362328 182
1627555385038 0.1652544840169584 183
1627555385107 0.16513934091722712 184
1627555385187 0.16501186641300836 185
1627555385252 0.16487596109966646 186
1627555385329 0.16473525237529893 187
1627555385398 0.16461668040705715 188
1627555385481 0.164463637480315 189
1627555385557 0.16433427851994176 190
1627555385633 0.16417763745726566 191
1627555385756 0.16401451702799208 192
1627555385823 0.16389679810285748 193
1627555385909 0.163756488160624 194
1627555386028 0.16363827003248374 195
1627555386154 0.1635282159216238 196
1627555386234 0.16341618125105287 197
1627555386291 0.16333245730534782 198
1627555386366 0.16318902497034599 199
1627555386452 0.1630680327294256 200
1627555386526 0.16295383816836345 201
1627555386599 0.16284585427767612 202
1627555386677 0.16272553528118516 203
1627555386764 0.16254652920486523 204
1627555386825 0.16242711064092805 205
1627555386889 0.16232323386720182 206
1627555386966 0.16221422721456788 207
1627555387045 0.1620838939244467 208
1627555387107 0.16197938601667608 209
1627555387181 0.16184956841320022 210
1627555387244 0.16174765541968497 211
1627555387309 0.16164142347318214 212
1627555387371 0.1615381946746926 213
1627555387427 0.16144713530953372 214
1627555387483 0.16136100105198942 215
1627555387547 0.16126641673615033 216
1627555387623 0.16115565208076238 217
1627555387688 0.16105690067949047 218
1627555387746 0.160939846348616 219
1627555387811 0.16083040271479526 220
1627555387894 0.16072451205290497 221
1627555387978 0.16055888433896684 222
1627555388056 0.16044418281052897 223
1627555388124 0.16033950431079824 224
1627555388182 0.16024109457326055 225
1627555388244 0.1601432543230254 226
1627555388313 0.16002361804314527 227
1627555388390 0.15991413917132802 228
1627555388453 0.15981819096800154 229
1627555388509 0.15971442164124808 230
1627555388576 0.15958888238887273 231
1627555388663 0.15949872767608878 232
1627555388765 0.1594027232575279 233
1627555388910 0.15925135874112156 234
1627555389014 0.15915470332812431 235
1627555389088 0.1590568174185315 236
1627555389159 0.15894246193954953 237
1627555389220 0.1588485462645795 238
1627555389285 0.15874117174061445 239
1627555389345 0.15864427029494976 240
1627555389406 0.15853939621750054 241
1627555389469 0.15844913280842243 242
1627555389579 0.15831382820605824 243
1627555389666 0.1582040941280435 244
1627555389722 0.15812047543495988 245
1627555389782 0.15802659123984142 246
1627555389843 0.1579247901397316 247
1627555389910 0.15783633185079343 248
1627555389975 0.1577441203810859 249
1627555390057 0.15765230918266654 250
1627555390113 0.15755678161535 251
1627555390188 0.1574559193933786 252
1627555390253 0.15735649290824238 253
1627555390334 0.1572563133406972 254
1627555390403 0.15715670639188686 255
1627555390468 0.15704689938365746 256
1627555390526 0.15696707362218787 257
1627555390598 0.15684923777321927 258
1627555390661 0.15674865261930748 259
1627555390751 0.15665155272296538 260
1627555390865 0.1565077804703384 261
1627555390922 0.15642150563797907 262
1627555391009 0.15626672581870885 263
1627555391088 0.156161918699282 264
1627555391142 0.15607795148485032 265
1627555391205 0.1559884710973899 266
1627555391305 0.15588410037842357 267
1627555391364 0.15578014044566507 268
1627555391424 0.15568252028741641 269
1627555391494 0.15558581530752771 270
1627555391546 0.15550709473986407 271
1627555391605 0.15542297421909362 272
1627555391663 0.15532467918359769 273
1627555391723 0.15524092159825623 274
1627555391788 0.15515871626610916 275
1627555391889 0.15505622783476425 276
1627555391974 0.15497784798840872 277
1627555392052 0.15486472077532018 278
1627555392118 0.15478700221462202 279
1627555392180 0.15470108598958038 280
1627555392242 0.15462001860377464 281
1627555392304 0.15452889571021605 282
1627555392371 0.15443215780032293 283
1627555392430 0.15433455325636078 284
1627555392486 0.15424731148919196 285
1627555392555 0.15416734012617894 286
1627555392624 0.154080209535305 287
1627555392677 0.1539915908829642 288
1627555392769 0.1538957259589698 289
1627555392853 0.15377016264919838 290
1627555392911 0.15368236109983963 291
1627555392972 0.15359917627597705 292
1627555393042 0.153496012093039 293
1627555393095 0.15342222521064217 294
1627555393152 0.15333639606410202 295
1627555393227 0.15321619713420925 296
1627555393290 0.1531199505664927 297
1627555393352 0.1530307133848831 298
1627555393420 0.1529545708380614 299
1627555393510 0.15285603755419935 300
1627555393578 0.15274426782670883 301
1627555393633 0.15266460427294992 302
1627555393692 0.15258163554888807 303
1627555393748 0.15250361911247007 304
1627555393806 0.1524089032523757 305
1627555393889 0.1522856659501022 306
1627555393948 0.15221166872379172 307
1627555394009 0.15213621694607324 308
1627555394079 0.15206208755682485 309
1627555394161 0.15195616878091936 310
1627555394221 0.15187824748507306 311
1627555394319 0.1518041559282403 312
1627555394386 0.15172086358489453 313
1627555394446 0.15162511751324076 314
1627555394515 0.1515512223529187 315
1627555394579 0.15145479011350724 316
1627555394644 0.1513606658042735 317
1627555394712 0.15127560855168445 318
1627555394806 0.15118404984506312 319
1627555394897 0.15109175847760642 320
1627555394966 0.1510075736544215 321
1627555395031 0.1509259847076463 322
1627555395124 0.15081924097367547 323
1627555395214 0.15072429943572033 324
1627555395273 0.15063584484158032 325
1627555395330 0.15056294417072366 326
1627555395389 0.1504820321745072 327
1627555395478 0.15039164348924322 328
1627555395598 0.15027308765878103 329
1627555395690 0.15018706501810972 330
1627555395766 0.15010172851497963 331
1627555395825 0.15001732251102187 332
1627555395876 0.14993754997845646 333
1627555395939 0.14985781179266572 334
1627555395997 0.14978741632972195 335
1627555396055 0.14970515283361716 336
1627555396119 0.14961681430961948 337
1627555396182 0.14952566287224175 338
1627555396253 0.14943764909033605 339
1627555396335 0.14937125368954968 340
1627555396429 0.1492895346715803 341
1627555396487 0.14921878734693908 342
1627555396566 0.14911989283002758 343
1627555396663 0.153496012093039 344
1627555400809 0.5069283088883886 0
1627555400974 0.46776585003310617 1
1627555401089 0.43311065094079576 2
1627555401208 0.4026650393499637 3
1627555401323 0.37588246145650156 4
1627555401439 0.35257855121894904 5
1627555401559 0.33241554820378255 6
1627555401678 0.31497716903824763 7
1627555401795 0.2999586123772453 8
1627555401912 0.2869846979602783 9
1627555402026 0.27577637870715277 10
1627555402172 0.26623817881599277 11
1627555402290 0.25799264048587206 12
1627555402405 0.25105442712707415 13
1627555402513 0.24503219630036543 14
1627555402623 0.2400247509692287 15
1627555402725 0.23573063572307063 16
1627555402831 0.23214906801588758 17
1627555402940 0.22908139800870128 18
1627555403041 0.2262659006776755 19
1627555403140 0.223900421704057 20
1627555403250 0.22190393133568292 21
1627555403355 0.22006893331156246 22
1627555403518 0.21836113303988125 23
1627555403620 0.21686654239098374 24
1627555403713 0.21571336874012906 25
1627555403810 0.21452013085901098 26
1627555403905 0.21354489522375886 27
1627555403998 0.21244098163274186 28
1627555404090 0.2115092644381644 29
1627555404181 0.21059629518168438 30
1627555404279 0.2099556780402797 31
1627555404379 0.20903216362439778 32
1627555404468 0.20812900962293743 33
1627555404558 0.20736091955085165 34
1627555404655 0.20667558824409174 35
1627555404775 0.20566619176934844 36
1627555404879 0.20477473167288346 37
1627555404996 0.20421095509589962 38
1627555405113 0.203215517935705 39
1627555405209 0.2027757872973526 40
1627555405305 0.20194557917486605 41
1627555405394 0.20124423046739212 42
1627555405486 0.20056139971667644 43
1627555405577 0.200100679844531 44
1627555405666 0.19977170214340476 45
1627555405775 0.198888287397911 46
1627555405893 0.19775254430675765 47
1627555406019 0.19727473976670065 48
1627555406147 0.19674029642609261 49
1627555406301 0.19609079165373536 50
1627555406391 0.1957438014479601 51
1627555406525 0.19541781893443003 52
1627555406616 0.19501100274358296 53
1627555406728 0.19425210780172872 54
1627555406830 0.19363606349363446 55
1627555406931 0.19294332676045978 56
1627555407009 0.19262850192906764 57
1627555407111 0.1923426276948616 58
1627555407200 0.19206705928143442 59
1627555407282 0.19177627528783536 60
1627555407429 0.19108426093951744 61
1627555407579 0.19079970180342667 62
1627555407653 0.19054292932971623 63
1627555407764 0.18988983737568146 64
1627555407851 0.18961480533064123 65
1627555407973 0.1893251759857938 66
1627555408134 0.1888315813800303 67
1627555408227 0.18837898276016798 68
1627555408323 0.1881149621487185 69
1627555408416 0.1878616474633776 70
1627555408563 0.18728245312877287 71
1627555408635 0.18702890445621473 72
1627555408762 0.18672394297707873 73
1627555408852 0.18647032227865257 74
1627555408940 0.18626022376897636 75
1627555409029 0.18597810125247718 76
1627555409113 0.1857154854582068 77
1627555409209 0.18529565898303743 78
1627555409326 0.18508377223069594 79
1627555409411 0.18479330814339817 80
1627555409565 0.184270781558745 81
1627555409717 0.18396012033460998 82
1627555409800 0.18373995461340628 83
1627555409882 0.18351921482624625 84
1627555409992 0.18300720588395 85
1627555410066 0.1827852644632528 86
1627555410146 0.18256421272654802 87
1627555410236 0.18236214491575561 88
1627555410318 0.18213833629571147 89
1627555410411 0.18176862712436687 90
1627555410496 0.18156772162958096 91
1627555410588 0.18128858061127168 92
1627555410676 0.18106983016955763 93
1627555410778 0.1805929422965928 94
1627555410870 0.18030944746592692 95
1627555410951 0.18010084811045998 96
1627555411080 0.17984462248264588 97
1627555411219 0.17958803511397287 98
1627555411319 0.1793718618202069 99
1627555411433 0.17915262955630465 100
1627555411551 0.17897204152356427 101
1627555411646 0.17879584093591513 102
1627555411722 0.17860511844388732 103
1627555411810 0.1784101727717409 104
1627555411903 0.17823447687804558 105
1627555411997 0.17795661845549707 106
1627555412094 0.17766641558663 107
1627555412205 0.17748409060536885 108
1627555412308 0.17732340777177721 109
1627555412431 0.17699606395379533 110
1627555412554 0.17679310201916776 111
1627555412645 0.17650538813148933 112
1627555412734 0.1762712603488162 113
1627555412818 0.17607507279691478 114
1627555412932 0.17576511859332233 115
1627555413031 0.17558894879899678 116
1627555413131 0.17539821482622242 117
1627555413196 0.17523290457839752 118
1627555413296 0.1750769959138729 119
1627555413368 0.1749178971993754 120
1627555413443 0.17475636015029897 121
1627555413543 0.1745823652907733 122
1627555413642 0.17442040806319106 123
1627555413739 0.1740963429352593 124
1627555413838 0.17382902174167417 125
1627555413907 0.17369671555920851 126
1627555414022 0.17352956357432675 127
1627555414102 0.17337024971642478 128
1627555414188 0.1732125553466051 129
1627555414295 0.17303788431318948 130
1627555414372 0.17289798826941516 131
1627555414462 0.1727015426815046 132
1627555414534 0.17253656082465302 133
1627555414611 0.1723859041831268 134
1627555414677 0.17224878655712875 135
1627555414761 0.17208082219935472 136
1627555414846 0.17193355839111274 137
1627555414918 0.17177803309959583 138
1627555414986 0.17163253412602666 139
1627555415060 0.17147426509561164 140
1627555415153 0.1711956718741821 141
1627555415229 0.17102800325992867 142
1627555415294 0.17090506050208953 143
1627555415376 0.17075331229691315 144
1627555415477 0.17059665006051802 145
1627555415551 0.17044021766921544 146
1627555415646 0.1703015055660625 147
1627555415747 0.17014099259433968 148
1627555415829 0.16997697456128363 149
1627555415922 0.16981331552342036 150
1627555416015 0.16958926429074322 151
1627555416095 0.16943612030778027 152
1627555416173 0.1692853382115664 153
1627555416246 0.16914295853240782 154
1627555416316 0.1690102465499383 155
1627555416397 0.1688216648603101 156
1627555416464 0.16867434803322998 157
1627555416521 0.1685595459937049 158
1627555416594 0.16841789410223446 159
1627555416678 0.1682853516748338 160
1627555416753 0.16815576686645636 161
1627555416828 0.16801939406888441 162
1627555416901 0.16789069832109688 163
1627555416975 0.16771318899710075 164
1627555417042 0.16757516002093817 165
1627555417104 0.1674503170952754 166
1627555417206 0.16720701376950525 167
1627555417272 0.16710755751270087 168
1627555417346 0.16696781624410598 169
1627555417432 0.1668398749514513 170
1627555417526 0.166693429966743 171
1627555417582 0.1665804060659668 172
1627555417645 0.16645482187596863 173
1627555417735 0.16631850423512742 174
1627555417798 0.16619954648720522 175
1627555417896 0.16606779501650532 176
1627555417982 0.16594326438336018 177
1627555418044 0.16582184284541382 178
1627555418112 0.16568517223135382 179
1627555418182 0.16555173622709882 180
1627555418248 0.16543481012800726 181
1627555418315 0.16530620873266938 182
1627555418402 0.1651266529707482 183
1627555418487 0.16497339334191385 184
1627555418549 0.1648672951602218 185
1627555418614 0.16473393452904803 186
1627555418675 0.16460466211565108 187
1627555418755 0.1644835739962344 188
1627555418824 0.16437224012299537 189
1627555418896 0.1642483633618005 190
1627555418978 0.16416130723725553 191
1627555419105 0.1640181312766238 192
1627555419177 0.16391135332565798 193
1627555419240 0.16378495430071585 194
1627555419397 0.16358918749848636 195
1627555419499 0.16348181118070673 196
1627555419591 0.1633498009718488 197
1627555419673 0.16320088662329016 198
1627555419757 0.16308747975003374 199
1627555419835 0.16298467750085824 200
1627555419902 0.1628817415060114 201
1627555419985 0.16276143177036376 202
1627555420044 0.1626377187385494 203
1627555420132 0.16253707216318553 204
1627555420186 0.16241967404452734 205
1627555420260 0.16231370712321594 206
1627555420332 0.16220134766246824 207
1627555420414 0.1620900788261375 208
1627555420461 0.16198191345460888 209
1627555420558 0.16186153412446963 210
1627555420683 0.16172497113247197 211
1627555420747 0.16159670161870518 212
1627555420804 0.1614997236799731 213
1627555420929 0.16139247897816103 214
1627555420992 0.16128610222585169 215
1627555421060 0.16116452564847009 216
1627555421169 0.16106377846460598 217
1627555421270 0.16096349769490498 218
1627555421366 0.1608458090581412 219
1627555421425 0.1607520480242221 220
1627555421493 0.16065611600096646 221
1627555421552 0.16056179503902793 222
1627555421629 0.1604521085456176 223
1627555421704 0.16035030546436885 224
1627555421771 0.1602513011431895 225
1627555421855 0.16011985945052545 226
1627555421915 0.1600275110070681 227
1627555421997 0.15990886975027999 228
1627555422062 0.1598231854069839 229
1627555422138 0.15970383023398133 230
1627555422204 0.15958311668766487 231
1627555422273 0.1594962230029407 232
1627555422344 0.1594010221187294 233
1627555422458 0.15925194634244524 234
1627555422554 0.15913619295736764 235
1627555422623 0.159041866382034 236
1627555422681 0.15894410737365003 237
1627555422752 0.1588492488890905 238
1627555422816 0.15874490488500148 239
1627555422879 0.1586434925119812 240
1627555422946 0.1585303194934191 241
1627555423010 0.15842545326871102 242
1627555423070 0.15833417379623166 243
1627555423134 0.15823967061080904 244
1627555423209 0.1581337024978264 245
1627555423278 0.15803370179578588 246
1627555423338 0.15793070791300817 247
1627555423403 0.15783481480972492 248
1627555423456 0.15774489834886518 249
1627555423534 0.16308747975003374 250
1627555427673 0.5097099473066206 0
1627555427885 0.4702232840494987 1
1627555428037 0.4352952929963092 2
1627555428197 0.40455975607054484 3
1627555428371 0.37759575902906206 4
1627555428564 0.3541379143459114 5
1627555428732 0.3338598192146744 6
1627555428863 0.31633512228091504 7
1627555428976 0.3011822802974479 8
1627555429082 0.2881073084018556 9
1627555429195 0.2768113433351467 10
1627555429310 0.2671625184146734 11
1627555429471 0.25889055906126396 12
1627555429593 0.251942243584804 13
1627555429698 0.24585047771984272 14
1627555429805 0.2407477387468473 15
1627555429973 0.2364286958165867 16
1627555430145 0.23277612918358678 17
1627555430274 0.22964604021180077 18
1627555430386 0.2268417644414158 19
1627555430490 0.22438334047954667 20
1627555430588 0.2223838847336545 21
1627555430694 0.22063859942102743 22
1627555430796 0.21906407694358782 23
1627555430929 0.21773396615039162 24
1627555431062 0.21647229630352796 25
1627555431171 0.2151826759199015 26
1627555431266 0.21399354468176152 27
1627555431390 0.21302525883708862 28
1627555431481 0.21203574033536637 29
1627555431572 0.21111014208860263 30
1627555431677 0.21037491024506094 31
1627555431777 0.2095614853079518 32
1627555431868 0.20860216217955396 33
1627555431957 0.20799049668782726 34
1627555432046 0.20715477366189508 35
1627555432143 0.2062381382492327 36
1627555432244 0.20515970290159868 37
1627555432334 0.20470225747955742 38
1627555432423 0.20400994889573998 39
1627555432514 0.2036058247074567 40
1627555432599 0.20284459294759244 41
1627555432694 0.20186549591289185 42
1627555432788 0.20127245863308163 43
1627555432886 0.20062641290353883 44
1627555432974 0.2002597862845081 45
1627555433069 0.19984706713030873 46
1627555433159 0.19912079545372416 47
1627555433252 0.19862672242878765 48
1627555433358 0.19792964516704337 49
1627555433476 0.19697743493831593 50
1627555433560 0.1966176009099537 51
1627555433651 0.196239336982027 52
1627555433758 0.19532859740568098 53
1627555433834 0.19502963242987986 54
1627555433926 0.1947226879109785 55
1627555434019 0.19431514409304648 56
1627555434118 0.19376110113386902 57
1627555434212 0.19344050282230266 58
1627555434306 0.19300441949659355 59
1627555434388 0.1927121198778517 60
1627555434491 0.19194659343816622 61
1627555434612 0.19137452524772539 62
1627555434734 0.1910942685825847 63
1627555434820 0.19080663760648311 64
1627555434925 0.19018428203471766 65
1627555435009 0.18984614918516352 66
1627555435103 0.18959495372979224 67
1627555435239 0.18927618494700998 68
1627555435339 0.1887793427376458 69
1627555435426 0.1885112943077351 70
1627555435550 0.18821985067680216 71
1627555435713 0.18776454002701548 72
1627555435852 0.18750810258240877 73
1627555435986 0.18726180336096218 74
1627555436073 0.18703197718019832 75
1627555436220 0.18641787818443611 76
1627555436303 0.1861486993123121 77
1627555436377 0.1859253768338988 78
1627555436484 0.18544152825765817 79
1627555436612 0.1851962921492575 80
1627555436731 0.1847845320836594 81
1627555436860 0.18454141904242713 82
1627555437027 0.1840726256556452 83
1627555437151 0.1838367091538031 84
1627555437273 0.18359017234522057 85
1627555437385 0.1833461569442049 86
1627555437526 0.18314024420886454 87
1627555437671 0.18294991526432652 88
1627555437757 0.18271909085818097 89
1627555437921 0.18230223982226276 90
1627555438014 0.1820981094799767 91
1627555438148 0.1816266543272809 92
1627555438264 0.18141596639958907 93
1627555438383 0.1810159750675879 94
1627555438490 0.18080217410497768 95
1627555438567 0.18061682360460962 96
1627555438650 0.18036978214806915 97
1627555438742 0.1800321266456174 98
1627555438831 0.17983288950801884 99
1627555438940 0.1796039273861475 100
1627555439024 0.17938966588790584 101
1627555439113 0.1790659170789674 102
1627555439210 0.17886065825736197 103
1627555439304 0.17867518484062042 104
1627555439380 0.17849534392595315 105
1627555439510 0.17832285527232636 106
1627555439619 0.1779216776434368 107
1627555439730 0.17773920783541358 108
1627555439811 0.1775692627419012 109
1627555439921 0.1773122161906377 110
1627555439990 0.17712680526766278 111
1627555440097 0.17680348771387036 112
1627555440172 0.1766315501286064 113
1627555440262 0.1763109737084728 114
1627555440335 0.17613734829003969 115
1627555440408 0.17595410349022825 116
1627555440483 0.1757838078954372 117
1627555440563 0.17560351933181625 118
1627555440647 0.17535368966351073 119
1627555440711 0.1751922004888433 120
1627555440767 0.17502965675088225 121
1627555440840 0.17485542445844482 122
1627555440910 0.17468970509706186 123
1627555440996 0.17443341172681132 124
1627555441066 0.17427344159424796 125
1627555441139 0.1741150865077646 126
1627555441245 0.1739414828385639 127
1627555441354 0.1737198274816738 128
1627555441433 0.17354778451163264 129
1627555441532 0.17338136714046373 130
1627555441634 0.17309631220828203 131
1627555441715 0.17294748698435702 132
1627555441801 0.1727862587002685 133
1627555441904 0.17263672325696275 134
1627555441983 0.1724804197380959 135
1627555442078 0.17231082611669385 136
1627555442165 0.17210822161895545 137
1627555442239 0.17195138693376297 138
1627555442300 0.17179146883109592 139
1627555442375 0.1716307452290536 140
1627555442441 0.17149043439260053 141
1627555442533 0.17129090799774668 142
1627555442619 0.1711090318825367 143
1627555442695 0.17096502903897878 144
1627555442755 0.17081790660534976 145
1627555442849 0.17068434141832772 146
1627555442942 0.17054844148584003 147
1627555443011 0.17041408536548358 148
1627555443116 0.17025942919758388 149
1627555443207 0.17005586297976938 150
1627555443288 0.16989991316261666 151
1627555443352 0.1697686700464895 152
1627555443429 0.16962673738827483 153
1627555443506 0.16948527992798385 154
1627555443601 0.16935034753603528 155
1627555443669 0.16923197086632955 156
1627555443737 0.1690883209724471 157
1627555443822 0.16895350520477934 158
1627555443923 0.16876102545280405 159
1627555443993 0.1686372692023834 160
1627555444071 0.16848156838753167 161
1627555444124 0.16837204163143293 162
1627555444197 0.16824943299866646 163
1627555444324 0.16800097249598347 164
1627555444403 0.16786410505082988 165
1627555444493 0.1677016710831214 166
1627555444610 0.16748454465545115 167
1627555444671 0.1673763676238952 168
1627555444727 0.16725099296427384 169
1627555444791 0.16713141242416182 170
1627555444875 0.1669849040928512 171
1627555444940 0.16685772039883667 172
1627555445010 0.16671689423119493 173
1627555445076 0.16658622240062376 174
1627555445142 0.16647633253560898 175
1627555445222 0.16635495426874256 176
1627555445297 0.16622568318725173 177
1627555445366 0.16611164889237454 178
1627555445443 0.16596888267515697 179
1627555445522 0.16583007424133137 180
1627555445596 0.16569777051215684 181
1627555445666 0.16557017578593394 182
1627555445769 0.16546129728756268 183
1627555445859 0.16533892532730934 184
1627555445941 0.1652142542695529 185
1627555446023 0.16510841027855014 186
1627555446108 0.16497678724731613 187
1627555446186 0.16480625523616485 188
1627555446277 0.16459662709402564 189
1627555446347 0.16448098073858786 190
1627555446404 0.16437641747254159 191
1627555446465 0.16424847296359507 192
1627555446532 0.16413794633067338 193
1627555446600 0.1640064608835153 194
1627555446670 0.16389244852302629 195
1627555446758 0.1637713195651696 196
1627555446831 0.1636606426671523 197
1627555446915 0.16353807059183573 198
1627555447032 0.1634295451165989 199
1627555447101 0.16332379538685415 200
1627555447180 0.1632102577157816 201
1627555447286 0.1630309930151758 202
1627555447361 0.162901399782026 203
1627555447424 0.16279603057049158 204
1627555447502 0.16267272472277303 205
1627555447573 0.16256659729114153 206
1627555447639 0.16247234931335494 207
1627555447711 0.16236634838916147 208
1627555447780 0.16226108156988586 209
1627555447846 0.16215484703223143 210
1627555447913 0.16206141629846618 211
1627555448015 0.16195178897920726 212
1627555448108 0.16184678078630732 213
1627555448192 0.16174723409909442 214
1627555448284 0.16160113030172912 215
1627555448355 0.16146022907276375 216
1627555448412 0.161357933002315 217
1627555448467 0.16127333292792354 218
1627555448519 0.16117946895678026 219
1627555448573 0.1610803321787684 220
1627555448635 0.16098482684931573 221
1627555448700 0.1608783866435144 222
1627555448791 0.16076949739268553 223
1627555448881 0.16066969671741968 224
1627555448952 0.160566415251408 225
1627555449049 0.16046534009500033 226
1627555449136 0.16034964574697996 227
1627555449197 0.1602596669876092 228
1627555449280 0.1601582394165603 229
1627555449338 0.16006261720850712 230
1627555449399 0.15996405964124347 231
1627555449465 0.15985972828528172 232
1627555449533 0.15975986804125739 233
1627555449607 0.159638599927685 234
1627555449679 0.1595237478904861 235
1627555449744 0.15941755546247713 236
1627555449824 0.15931991144154664 237
1627555449876 0.1592358376516104 238
1627555449954 0.15912386634525005 239
1627555450015 0.15902532459163463 240
1627555450084 0.15890131998087845 241
1627555450156 0.15879224832746613 242
1627555450213 0.15869847370893014 243
1627555450281 0.15859057633470083 244
1627555450344 0.1584977351094011 245
1627555450417 0.15838611759965937 246
1627555450474 0.1582848379391732 247
1627555450536 0.15819321959710708 248
1627555450592 0.15810036880933215 249
1627555450675 0.1580114662880487 250
1627555450739 0.15791359150410836 251
1627555450799 0.15781693782059408 252
1627555450852 0.15772553820104449 253
1627555450940 0.15755425337462436 254
1627555451000 0.1574571765794326 255
1627555451058 0.1573677516721577 256
1627555451130 0.1572376564987265 257
1627555451195 0.1571344245548025 258
1627555451254 0.15705273203350828 259
1627555451316 0.1569410024840149 260
1627555451382 0.15685338559805975 261
1627555451462 0.15673749035287304 262
1627555451531 0.1566370852290655 263
1627555451597 0.1565313657803777 264
1627555451646 0.15644134993398362 265
1627555451707 0.15634794861022322 266
1627555451759 0.15625527665594388 267
1627555451813 0.1561651100576453 268
1627555451883 0.15606963711907249 269
1627555451952 0.1559700187532097 270
1627555452020 0.15586486872342958 271
1627555452088 0.15577422268145688 272
1627555452160 0.15566777263797998 273
1627555452253 0.15549288767982564 274
1627555452333 0.15535908113161948 275
1627555452400 0.155272639750203 276
1627555452466 0.1551630789207603 277
1627555452543 0.15505291672641666 278
1627555452611 0.15496522577248734 279
1627555452675 0.15487449558945338 280
1627555452746 0.1547761817271296 281
1627555452812 0.15468765635043397 282
1627555452874 0.15460253218873268 283
1627555452941 0.1545228840261439 284
1627555453017 0.15440366163352578 285
1627555453075 0.15431976718638687 286
1627555453131 0.15422522946325157 287
1627555453193 0.15414500383202495 288
1627555453256 0.15407912132161522 289
1627555453313 0.15398121975153373 290
1627555453366 0.1539019191187534 291
1627555453429 0.15382206479658023 292
1627555453509 0.15370789543091978 293
1627555453561 0.15361481111852077 294
1627555453628 0.1535156304949959 295
1627555453690 0.15341555335113685 296
1627555453753 0.15331556377144825 297
1627555453808 0.15324274004327024 298
1627555453876 0.1531444802992709 299
1627555453951 0.1530614904820296 300
1627555454012 0.1529620832773055 301
1627555454082 0.15285560187799435 302
1627555454148 0.15276373667099677 303
1627555454217 0.1526633332388672 304
1627555454277 0.15258934749024414 305
1627555454341 0.15249661990618893 306
1627555454396 0.15242523859255364 307
1627555454469 0.15235538630611942 308
1627555454543 0.15227314024313843 309
1627555454597 0.1521777313647265 310
1627555454674 0.15208523878631625 311
1627555454749 0.15201552946269956 312
1627555454854 0.15189113689453912 313
1627555454907 0.15181984177303448 314
1627555454985 0.15173127083410945 315
1627555455046 0.1516587593635627 316
1627555455114 0.15155851551623972 317
1627555455174 0.15147663134146583 318
1627555455235 0.1513975197583821 319
1627555455302 0.1513386947705254 320
1627555455387 0.15121832770512045 321
1627555455442 0.15112399887651504 322
1627555455498 0.15103370519600565 323
1627555455561 0.1509496719891062 324
1627555455636 0.15086013380157745 325
1627555455700 0.1507821008185834 326
1627555455764 0.1506959942062258 327
1627555455830 0.15062112257537433 328
1627555455908 0.15049795729923726 329
1627555455988 0.15042895212333546 330
1627555456066 0.15034784588740727 331
1627555456176 0.1502629056786339 332
1627555456233 0.15017279593540758 333
1627555456314 0.15006741192221662 334
1627555456415 0.14999447066476718 335
1627555456555 0.1498668889500395 336
1627555456660 0.14978519961478082 337
1627555456740 0.1496952907806509 338
1627555456802 0.14961548230527258 339
1627555456892 0.14952510532010568 340
1627555456985 0.1494193189128321 341
1627555457053 0.1493074939424936 342
1627555457109 0.149215769558942 343
1627555457171 0.14912904751602082 344
1627555457238 0.14903799679931634 345
1627555457313 0.1489388916305757 346
1627555457369 0.14885715556289272 347
1627555457445 0.1487577388548355 348
1627555457509 0.14866099420528497 349
1627555457589 0.148589311652801 350
1627555457662 0.14849763076447944 351
1627555457732 0.14841250809356238 352
1627555457790 0.1483305049856023 353
1627555457853 0.14826841735727814 354
1627555457912 0.14819730328537117 355
1627555457966 0.1481306106876741 356
1627555458029 0.1480503897964735 357
1627555458108 0.14794379306968602 358
1627555458169 0.14788050442183148 359
1627555458240 0.14779085498789638 360
1627555458314 0.14771890045376493 361
1627555458375 0.14764063117217424 362
1627555458429 0.14755809708500256 363
1627555458517 0.14747886722537698 364
1627555458594 0.14739236159957494 365
1627555458668 0.14730292014582624 366
1627555458738 0.14722178153033724 367
1627555458791 0.14716521554286452 368
1627555458861 0.1470853945008605 369
1627555458923 0.14701848143277518 370
1627555458980 0.1469594638911261 371
1627555459031 0.14689883237765583 372
1627555459096 0.14682840436276667 373
1627555459158 0.1467568996465233 374
1627555459222 0.1466805637985026 375
1627555459290 0.14660803430740305 376
1627555459350 0.14653399678458617 377
1627555459411 0.14645078240683185 378
1627555459475 0.1463807788066599 379
1627555459531 0.14630767976163106 380
1627555459590 0.14623252867593728 381
1627555459650 0.1461486811832996 382
1627555459704 0.1460761530705478 383
1627555459762 0.1460005785426071 384
1627555459826 0.14592001072926195 385
1627555459888 0.14584928543756862 386
1627555459956 0.1457759733010503 387
1627555460031 0.14570226021757554 388
1627555460096 0.1456163047298432 389
1627555460157 0.14553999955049973 390
1627555460211 0.14548087880759472 391
1627555460284 0.14539555326264778 392
1627555460349 0.14532252525582737 393
1627555460425 0.14523048416376266 394
1627555460498 0.14515036960009148 395
1627555460589 0.14507478849938957 396
1627555460706 0.14499767851348677 397
1627555460811 0.14490764729841438 398
1627555460893 0.1448467796530426 399
1627555460990 0.14477482038828732 400
1627555461081 0.14469509635219732 401
1627555461144 0.14462369126553154 402
1627555461197 0.14454370473550815 403
1627555461247 0.1444910315831621 404
1627555461299 0.14443693479419262 405
1627555461354 0.144382274014686 406
1627555461404 0.14432337585775432 407
1627555461462 0.14424478826137818 408
1627555461532 0.14416088057315002 409
1627555461596 0.14409010943004855 410
1627555461647 0.14401957431189327 411
1627555461718 0.14394112571254844 412
1627555461771 0.14387705511857174 413
1627555461839 0.14380057476515612 414
1627555461910 0.14370397661647347 415
1627555461977 0.1436196106087173 416
1627555462041 0.14354919944543815 417
1627555462129 0.1434869937519605 418
1627555462182 0.14343904281032482 419
1627555462244 0.14335653462173498 420
1627555462344 0.14328783394855377 421
1627555462460 0.1469594638911261 422
