1627563555793 0.5090159599766453 0
1627563555935 0.46968731987406304 1
1627563556061 0.434839241906258 2
1627563556194 0.404303559030403 3
1627563556320 0.3774086393059508 4
1627563556492 0.3540448352478376 5
1627563556658 0.3336599057088365 6
1627563556836 0.3161987482305541 7
1627563556977 0.3010015485113281 8
1627563557101 0.2879960249617526 9
1627563557229 0.2767518624665558 10
1627563557349 0.2672707096021972 11
1627563557470 0.25909166434121084 12
1627563557586 0.2521189675963924 13
1627563557701 0.24608234500352158 14
1627563557821 0.24108537149114287 15
1627563557936 0.2367813536825258 16
1627563558120 0.23321286065589614 17
1627563558281 0.23007334560388878 18
1627563558430 0.22731355485468344 19
1627563558535 0.2249356115880487 20
1627563558645 0.2229232195072788 21
1627563558753 0.22120542619651956 22
1627563558860 0.21957443136667337 23
1627563558971 0.21788672960760563 24
1627563559072 0.21655502451175487 25
1627563559173 0.21540193654428302 26
1627563559277 0.2143895747479007 27
1627563559390 0.21344748247532516 28
1627563559497 0.21242686157668206 29
1627563559601 0.21163515542439978 30
1627563559712 0.21090437465502307 31
1627563559807 0.21019777087680963 32
1627563559915 0.20949480898264858 33
1627563560013 0.20893611468076262 34
1627563560111 0.20831596901531405 35
1627563560208 0.2074792291491926 36
1627563560307 0.20661917973114932 37
1627563560407 0.20605301715047666 38
1627563560504 0.20551675117163956 39
1627563560592 0.20510756166336458 40
1627563560688 0.20422228416212992 41
1627563560777 0.2033552190893021 42
1627563560872 0.20249218455736845 43
1627563560962 0.20172749765365247 44
1627563561054 0.20136962556166665 45
1627563561163 0.20036972678196452 46
1627563561258 0.19959548546234293 47
1627563561340 0.19929708064575385 48
1627563561435 0.19888142625031352 49
1627563561538 0.1983092780648766 50
1627563561637 0.19777403084725315 51
1627563561728 0.19741187281805664 52
1627563561831 0.19657484516526122 53
1627563561916 0.1960900054282179 54
1627563562002 0.1957796348555457 55
1627563562142 0.1953291278951078 56
1627563562234 0.1950849039098946 57
1627563562329 0.19480738675070616 58
1627563562426 0.1945339409515299 59
1627563562510 0.19423387226303682 60
1627563562618 0.1935347365391757 61
1627563562723 0.1929821142124774 62
1627563562833 0.19240675428664325 63
1627563562918 0.19213384731301233 64
1627563563031 0.19142184255844033 65
1627563563118 0.19118194085140966 66
1627563563212 0.19091961164148857 67
1627563563305 0.19063042079165385 68
1627563563409 0.19004762209464657 69
1627563563505 0.18975562566716597 70
1627563563599 0.18951422251812422 71
1627563563703 0.18910760922900002 72
1627563563806 0.18868382690892727 73
1627563563888 0.1884451660231344 74
1627563563987 0.1882021376120068 75
1627563564075 0.1879519651751679 76
1627563564180 0.18756503109244815 77
1627563564258 0.18734973366156812 78
1627563564345 0.18708875684629941 79
1627563564428 0.1868773579738133 80
1627563564528 0.1865441275955205 81
1627563564628 0.18621482085645505 82
1627563564723 0.1858128059525663 83
1627563564807 0.18561368045599447 84
1627563564903 0.18539631270491538 85
1627563564995 0.18510604485682713 86
1627563565087 0.18484027866451702 87
1627563565166 0.18463474960279042 88
1627563565290 0.18443378028956603 89
1627563565409 0.1840414071297242 90
1627563565542 0.18384396987948837 91
1627563565656 0.1836374864363285 92
1627563565746 0.18344235605191397 93
1627563565850 0.18307236320726786 94
1627563565942 0.1828393975163562 95
1627563566034 0.18262362425918416 96
1627563566125 0.18244380364194734 97
1627563566218 0.18220876538251277 98
1627563566311 0.18202353886219985 99
1627563566424 0.18170389343782503 100
1627563566508 0.18152265952636612 101
1627563566616 0.18112849906523984 102
1627563566686 0.18095789564040157 103
1627563566764 0.18078385114404327 104
1627563566849 0.18055398835939762 105
1627563566925 0.1803514876288861 106
1627563566997 0.18016476738017598 107
1627563567091 0.17991899399751374 108
1627563567179 0.17974389083873482 109
1627563567266 0.1795191447679128 110
1627563567343 0.17935738074515467 111
1627563567418 0.17914892332451335 112
1627563567507 0.17896356153974474 113
1627563567607 0.17865417271948691 114
1627563567691 0.17849128379279283 115
1627563567774 0.17833978168987993 116
1627563567870 0.17796744067224457 117
1627563567952 0.1777885262718842 118
1627563568039 0.17759331297747075 119
1627563568133 0.1773422287442765 120
1627563568233 0.1770728352446776 121
1627563568312 0.1769223804274079 122
1627563568391 0.1767715254717274 123
1627563568464 0.17660058433894577 124
1627563568544 0.17644276405402384 125
1627563568615 0.17628998335395257 126
1627563568699 0.17613043671307016 127
1627563568760 0.17597771114032765 128
1627563568840 0.17582129438869884 129
1627563568914 0.17567450689964526 130
1627563569004 0.1753810233886488 131
1627563569091 0.17523560848006894 132
1627563569176 0.17503100890929096 133
1627563569255 0.1748901902574106 134
1627563569339 0.1747353626208902 135
1627563569416 0.17458992844641383 136
1627563569484 0.17444255478991402 137
1627563569555 0.1742875465771246 138
1627563569638 0.17410804636800895 139
1627563569725 0.17397145256598281 140
1627563569795 0.1738332964696913 141
1627563569883 0.17364776815658892 142
1627563569958 0.17351366934780835 143
1627563570041 0.17336874220324303 144
1627563570118 0.1732368054094136 145
1627563570226 0.17294110913254107 146
1627563570337 0.17264732089916082 147
1627563570422 0.17250150769911832 148
1627563570511 0.17236195260097237 149
1627563570585 0.17223022329819904 150
1627563570689 0.1719345251717549 151
1627563570758 0.17180691166746365 152
1627563570843 0.17167399402547998 153
1627563570912 0.17154596572644734 154
1627563570987 0.17142614581557458 155
1627563571056 0.17129648152054416 156
1627563571117 0.17117303175638549 157
1627563571199 0.171056349973428 158
1627563571278 0.17087332513055656 159
1627563571347 0.17075077411572007 160
1627563571404 0.17064336629417992 161
1627563571479 0.17050575828957681 162
1627563571562 0.17036272024053506 163
1627563571636 0.1702344586418502 164
1627563571712 0.1701013132986638 165
1627563571790 0.16997888429198685 166
1627563571874 0.1698592497376725 167
1627563571970 0.1696754285174956 168
1627563572046 0.16954503386234565 169
1627563572117 0.1693871648025281 170
1627563572185 0.16927815923458525 171
1627563572256 0.16917515592911397 172
1627563572368 0.16904830694997267 173
1627563572439 0.16891805904715634 174
1627563572526 0.16881535296065447 175
1627563572622 0.16870154781010827 176
1627563572713 0.16858529064354827 177
1627563572781 0.1684739674178123 178
1627563572847 0.16836297017067536 179
1627563572945 0.16816083535274826 180
1627563573029 0.16799114676192564 181
1627563573115 0.1677936176939913 182
1627563573214 0.16756242523146767 183
1627563573294 0.16744311004071413 184
1627563573387 0.16732794717085483 185
1627563573456 0.16721045873514923 186
1627563573527 0.1670867818777482 187
1627563573608 0.1669691712478567 188
1627563573684 0.16685201522819418 189
1627563573761 0.1667025926085362 190
1627563573851 0.16659889838350583 191
1627563573935 0.16647587368477085 192
1627563574019 0.16633357682442992 193
1627563574073 0.1662471449335966 194
1627563574148 0.16613178683415136 195
1627563574244 0.16602006916760315 196
1627563574322 0.16591222536285263 197
1627563574400 0.1658021203601778 198
1627563574479 0.16569064687919377 199
1627563574571 0.16558090660584399 200
1627563574656 0.1653928562550569 201
1627563574715 0.165281375649202 202
1627563574794 0.16517140445694167 203
1627563574883 0.16501137061133764 204
1627563574950 0.16489442045045932 205
1627563575039 0.16477501984909007 206
1627563575129 0.1646671215216552 207
1627563575201 0.16455064788363982 208
1627563575280 0.16443098279085064 209
1627563575349 0.1643252738089374 210
1627563575426 0.16421055123000772 211
1627563575500 0.16408175455749074 212
1627563575578 0.16393725050644206 213
1627563575660 0.16382758363355993 214
1627563575734 0.16371869498156708 215
1627563575799 0.1636066245442504 216
1627563575867 0.16350628598403244 217
1627563575925 0.16341235245456245 218
1627563575999 0.16329700494076105 219
1627563576082 0.16318081400540363 220
1627563576181 0.1630523834015302 221
1627563576243 0.162954399426031 222
1627563576338 0.16284921589914667 223
1627563576401 0.1627475269680659 224
1627563576497 0.16256719614138584 225
1627563576601 0.16241342880293502 226
1627563576661 0.16231943790436135 227
1627563576733 0.16221432558075188 228
1627563576797 0.1621220952912358 229
1627563576865 0.1620221503513096 230
1627563576941 0.16190919480274663 231
1627563577022 0.16180422522140847 232
1627563577096 0.16170629304027864 233
1627563577168 0.1616147514390796 234
1627563577238 0.16151444496093792 235
1627563577298 0.16143056204706768 236
1627563577369 0.1613342724484049 237
1627563577442 0.16124106036167266 238
1627563577501 0.16115119528375393 239
1627563577587 0.1610550001282548 240
1627563577646 0.160968209051325 241
1627563577716 0.16086345310070466 242
1627563577783 0.16078020955705574 243
1627563577862 0.1606850813072539 244
1627563577915 0.1662471449335966 245
1627563581918 0.5083067156713174 0
1627563582066 0.4691177288378298 1
1627563582205 0.434454591897824 2
1627563582332 0.4040773053186743 3
1627563582459 0.3773331322463772 4
1627563582618 0.3540046422879279 5
1627563582761 0.33366681288610245 6
1627563582884 0.3162501714354507 7
1627563583009 0.3011149440776613 8
1627563583129 0.28813683468954604 9
1627563583251 0.27696724466079314 10
1627563583376 0.2674503717895017 11
1627563583488 0.2593003342378114 12
1627563583605 0.252418289770634 13
1627563583718 0.24649646051025825 14
1627563583837 0.24152991219299716 15
1627563583944 0.23723914212125308 16
1627563584057 0.23370161493240726 17
1627563584169 0.23052772100232374 18
1627563584300 0.22781133862629707 19
1627563584403 0.22546646514850993 20
1627563584513 0.22345812491701433 21
1627563584629 0.22174795825822322 22
1627563584728 0.2201063109262068 23
1627563584836 0.21866229064704376 24
1627563584936 0.21737673021247955 25
1627563585039 0.21617675194758748 26
1627563585146 0.21514777264299917 27
1627563585252 0.21418628453984137 28
1627563585381 0.2132828299628213 29
1627563585483 0.21247279557692728 30
1627563585640 0.21172767881627663 31
1627563585736 0.21089900139416437 32
1627563585834 0.2103256786361685 33
1627563585921 0.2095472693100252 34
1627563586012 0.20855972566586914 35
1627563586108 0.20766064245874577 36
1627563586218 0.20676280543239922 37
1627563586324 0.20629745183809753 38
1627563586476 0.20540660167031824 39
1627563586578 0.2050037871591232 40
1627563586684 0.20418311579918133 41
1627563586783 0.2033404573676464 42
1627563586890 0.20264143563588696 43
1627563586991 0.20206986725180565 44
1627563587079 0.20170062784910955 45
1627563587188 0.20094817124010086 46
1627563587284 0.2001437552599588 47
1627563587369 0.1997922588322706 48
1627563587478 0.1988896297236388 49
1627563587586 0.19851286468216695 50
1627563587682 0.19814737586217715 51
1627563587770 0.19773498851972554 52
1627563587870 0.19714554075202725 53
1627563587995 0.19630894681296732 54
1627563588109 0.19596508382049213 55
1627563588219 0.19562437646564715 56
1627563588304 0.1952789930660886 57
1627563588394 0.19496499077483878 58
1627563588514 0.1943239754681721 59
1627563588605 0.19406484457520737 60
1627563588711 0.1936924544323635 61
1627563588808 0.19343643656273898 62
1627563588893 0.19317587418399187 63
1627563588999 0.19263175348716743 64
1627563589104 0.1920308651336673 65
1627563589183 0.19173178310291467 66
1627563589274 0.19141344608575034 67
1627563589382 0.190813845208516 68
1627563589475 0.19056706490573602 69
1627563589582 0.19031665475915105 70
1627563589682 0.18985142320372855 71
1627563589780 0.1895960820541762 72
1627563589874 0.18932853694428714 73
1627563589964 0.18907774770918515 74
1627563590071 0.18880690556083252 75
1627563590214 0.18825352605754841 76
1627563590300 0.18802755298390703 77
1627563590411 0.18768761414331436 78
1627563590502 0.1874583338434537 79
1627563590586 0.1872389433315392 80
1627563590677 0.18688361604039974 81
1627563590783 0.1866747152565665 82
1627563590898 0.1864747072976001 83
1627563590988 0.18626516516648234 84
1627563591081 0.1860287286961193 85
1627563591165 0.1858295027577451 86
1627563591256 0.18553003739955065 87
1627563591336 0.18531079501263803 88
1627563591430 0.18492292328998405 89
1627563591517 0.18471062915096112 90
1627563591624 0.18427853582229822 91
1627563591718 0.18405782584152136 92
1627563591810 0.18386758019038277 93
1627563591901 0.18353688082168781 94
1627563591994 0.1833417483442147 95
1627563592087 0.18296949838358154 96
1627563592170 0.18278111071429026 97
1627563592252 0.1825567552668069 98
1627563592383 0.18234679835614573 99
1627563592496 0.18217037127159078 100
1627563592588 0.18191153041881336 101
1627563592675 0.18163193743212874 102
1627563592750 0.18146719738177294 103
1627563592829 0.18128861849907427 104
1627563592917 0.1810329283299129 105
1627563592995 0.18086004629292124 106
1627563593096 0.18045544906588618 107
1627563593178 0.1802745156730858 108
1627563593278 0.17993359395181366 109
1627563593401 0.17973510562955203 110
1627563593500 0.17951603768444213 111
1627563593591 0.1792872260969884 112
1627563593675 0.1790828337308676 113
1627563593756 0.17891228965121156 114
1627563593850 0.17869446700000724 115
1627563593936 0.17849586999366582 116
1627563594024 0.1783402925222213 117
1627563594101 0.17815736731108772 118
1627563594206 0.17784080581197412 119
1627563594295 0.177683196623268 120
1627563594356 0.17751513132100194 121
1627563594422 0.1773702298508448 122
1627563594525 0.17706126449490014 123
1627563594592 0.1769152920396919 124
1627563594692 0.17663435515036807 125
1627563594761 0.17646337165866452 126
1627563594837 0.17632582831244797 127
1627563594937 0.17618480108264542 128
1627563594993 0.17603273006356945 129
1627563595118 0.17589081202001436 130
1627563595195 0.17574660075117784 131
1627563595334 0.1755940938816561 132
1627563595444 0.17544474853101721 133
1627563595541 0.17519369425515188 134
1627563595613 0.175037818994052 135
1627563595694 0.1748791289839174 136
1627563595774 0.17472534392855635 137
1627563595859 0.1745542519172536 138
1627563595951 0.1743174375963389 139
1627563596051 0.1740673939205816 140
1627563596136 0.17385112178652337 141
1627563596203 0.1737052551031722 142
1627563596286 0.17356095205392266 143
1627563596377 0.17336836755185583 144
1627563596445 0.17323858337461825 145
1627563596536 0.17303718802113424 146
1627563596626 0.17279088690201694 147
1627563596704 0.17264031293147422 148
1627563596765 0.1725174886373413 149
1627563596846 0.17238420293491383 150
1627563596917 0.17224609888832138 151
1627563596998 0.17211176922793878 152
1627563597075 0.17198417807402092 153
1627563597151 0.17185840472213398 154
1627563597224 0.17172422491867312 155
1627563597301 0.17160538815439103 156
1627563597403 0.17146434914348013 157
1627563597479 0.1713328229134823 158
1627563597541 0.17120539583032304 159
1627563597611 0.17108360865809016 160
1627563597672 0.17095606709459657 161
1627563597752 0.1707983463987891 162
1627563597834 0.1706663747173105 163
1627563597922 0.1705542709165767 164
1627563598024 0.1704187782432337 165
1627563598093 0.1703002647794124 166
1627563598159 0.1701945739351529 167
1627563598248 0.170012116606718 168
1627563598314 0.1698916687999841 169
1627563598383 0.16976211388586265 170
1627563598468 0.1696275315132881 171
1627563598580 0.16950519694531374 172
1627563598682 0.16929231213605062 173
1627563598752 0.16916482320957357 174
1627563598822 0.16903756515108517 175
1627563598893 0.16890298998927808 176
1627563598963 0.16878498311402085 177
1627563599049 0.16860294725699299 178
1627563599138 0.16847673935039378 179
1627563599232 0.16837360696138445 180
1627563599334 0.16817527074196836 181
1627563599433 0.16797291849507748 182
1627563599516 0.1678623719415658 183
1627563599575 0.16775283855628997 184
1627563599673 0.16763309563603723 185
1627563599746 0.16753111828201195 186
1627563599821 0.1674084032895546 187
1627563599894 0.1673008491649274 188
1627563599975 0.16719700878539942 189
1627563600055 0.16708246430116783 190
1627563600115 0.16699549806401578 191
1627563600189 0.16687074670529103 192
1627563600272 0.16669133520126514 193
1627563600344 0.16658086311836912 194
1627563600438 0.16645501799668247 195
1627563600501 0.16636338670747802 196
1627563600603 0.1661764695040874 197
1627563600671 0.16608026104186777 198
1627563600740 0.1659715199627791 199
1627563600829 0.1658732034694537 200
1627563600888 0.16578528442349133 201
1627563600962 0.16568507040232752 202
1627563601040 0.16558228827666874 203
1627563601112 0.16546143278437925 204
1627563601196 0.16534233036371726 205
1627563601278 0.16523053135767551 206
1627563601358 0.16510188495314607 207
1627563601422 0.16499592569345692 208
1627563601489 0.16489625034061448 209
1627563601541 0.1647829491558275 210
1627563601607 0.1646796395630787 211
1627563601668 0.16457738894246268 212
1627563601739 0.1644530964822515 213
1627563601813 0.16435439180457476 214
1627563601880 0.16426584431115518 215
1627563601965 0.16414691526523695 216
1627563602030 0.16403493662381183 217
1627563602104 0.16393062756154952 218
1627563602186 0.16382852607282117 219
1627563602275 0.16366287603761512 220
1627563602358 0.16357071457711236 221
1627563602439 0.1634665965503887 222
1627563602517 0.16336356956040607 223
1627563602587 0.16325510426312576 224
1627563602649 0.16315515797078456 225
1627563602758 0.16295982683389484 226
1627563602834 0.1628414856654763 227
1627563602901 0.16273692437939458 228
1627563602970 0.16263527194916358 229
1627563603043 0.16252759115580456 230
1627563603108 0.16244382911431127 231
1627563603198 0.16233484465113088 232
1627563603257 0.16224696306880074 233
1627563603327 0.16215102141600865 234
1627563603409 0.162039915662734 235
1627563603467 0.1619413721071655 236
1627563603531 0.16184172099703759 237
1627563603601 0.16175138189849672 238
1627563603658 0.1616502895148059 239
1627563603745 0.1615389607788396 240
1627563603806 0.16144611489479996 241
1627563603885 0.16131514047338846 242
1627563603957 0.16118038557704673 243
1627563604058 0.1610673195578324 244
1627563604127 0.16096862142186133 245
1627563604185 0.16088426640066564 246
1627563604240 0.16080289355748748 247
1627563604308 0.1607204491253308 248
1627563604373 0.1606420173466617 249
1627563604453 0.16054418258788997 250
1627563604517 0.16045226992209913 251
1627563604597 0.16035598584635127 252
1627563604681 0.1602808513270549 253
1627563604780 0.16013754954712156 254
1627563604851 0.16004355091574865 255
1627563604931 0.1599416224330465 256
1627563605008 0.15982677939495038 257
1627563605058 0.1597313543942112 258
1627563605141 0.1596246732610621 259
1627563605221 0.15950044659003731 260
1627563605293 0.15939885362363682 261
1627563605362 0.15930631099598974 262
1627563605445 0.1591849038045836 263
1627563605517 0.15909739958682356 264
1627563605573 0.15901257841554073 265
1627563605663 0.15892488077066574 266
1627563605742 0.1588218128786437 267
1627563605817 0.15873343298374365 268
1627563605899 0.1586521041052426 269
1627563605993 0.1585654606478691 270
1627563606065 0.15848174558463818 271
1627563606130 0.158400281790492 272
1627563606196 0.1583156288079437 273
1627563606266 0.15822741957627784 274
1627563606324 0.15813958492856595 275
1627563606381 0.1580700503769283 276
1627563606441 0.1579759541338777 277
1627563606497 0.15788709665034026 278
1627563606559 0.15780656556951686 279
1627563606618 0.15771900613472742 280
1627563606685 0.15763239103609095 281
1627563606749 0.15754888898508598 282
1627563606820 0.15744661717970904 283
1627563606888 0.15735227586296643 284
1627563606946 0.15727853100445707 285
1627563607002 0.15720667596052673 286
1627563607076 0.15712564307505705 287
1627563607147 0.15705260622327097 288
1627563607205 0.15696514216631097 289
1627563607287 0.15687491726303396 290
1627563607348 0.15680998985981953 291
1627563607423 0.1567099749218265 292
1627563607484 0.15663726449709095 293
1627563607542 0.1565532649082156 294
1627563607631 0.15645370511088416 295
1627563607718 0.15633437320995214 296
1627563607785 0.1562346001852711 297
1627563607856 0.15614652409659827 298
1627563607937 0.1560422288018425 299
1627563608012 0.15597003963548972 300
1627563608069 0.15589101571842418 301
1627563608135 0.15580486597118448 302
1627563608207 0.15572379997415614 303
1627563608273 0.15563150641666781 304
1627563608347 0.15551855564052894 305
1627563608414 0.15544504707550383 306
1627563608479 0.15537458670189608 307
1627563608553 0.15529157907255 308
1627563608647 0.15515332235318213 309
1627563608721 0.15506855230307554 310
1627563608776 0.15500405690579813 311
1627563608848 0.15491531038403256 312
1627563608915 0.1548418778529015 313
1627563608974 0.15476566694982832 314
1627563609074 0.15461919434184504 315
1627563609131 0.1545407023658738 316
1627563609192 0.15446134205632717 317
1627563609258 0.15437535970176497 318
1627563609331 0.15428879951119184 319
1627563609401 0.15419006481429573 320
1627563609465 0.15410561679496637 321
1627563609518 0.15403534332106422 322
1627563609577 0.15395691398982606 323
1627563609653 0.15385816662578095 324
1627563609720 0.15378254145059259 325
1627563609785 0.1537021029400101 326
1627563609854 0.15362670105065332 327
1627563609928 0.15355424447634336 328
1627563609997 0.15346897958684663 329
1627563610059 0.15338905445863146 330
1627563610112 0.1533105722062424 331
1627563610184 0.15323863070495947 332
1627563610249 0.1531691256880546 333
1627563610311 0.15309392674088287 334
1627563610388 0.1530114643400169 335
1627563610453 0.15293219227496171 336
1627563610518 0.1528613093772658 337
1627563610595 0.15278542402473821 338
1627563610660 0.1527116663058087 339
1627563610713 0.15262859407594465 340
1627563610778 0.15255186741390886 341
1627563610844 0.1524748621148926 342
1627563610900 0.15239730836861082 343
1627563610956 0.15233437297257393 344
1627563611027 0.15223371428387755 345
1627563611114 0.15211341641580584 346
1627563611172 0.1520411938509276 347
1627563611257 0.15193402120911428 348
1627563611349 0.15185385926398545 349
1627563611476 0.15174847738595956 350
1627563611569 0.15167288077885085 351
1627563611642 0.15158932671002756 352
1627563611720 0.15148253025964606 353
1627563611786 0.15141943212750517 354
1627563611854 0.1513384405341548 355
1627563611920 0.15126521424754236 356
1627563611992 0.15117981213265747 357
1627563612059 0.1511030492945865 358
1627563612135 0.15101483720990416 359
1627563612205 0.15094583548732995 360
1627563612276 0.1508693314239226 361
1627563612341 0.15078987823637785 362
1627563612404 0.15071465550514856 363
1627563612475 0.1506341336779953 364
1627563612536 0.15056151966620962 365
1627563612591 0.15049221563218995 366
1627563612651 0.15040895393985246 367
1627563612706 0.1503441566035392 368
1627563612763 0.15028541766052972 369
1627563612821 0.1502015854017006 370
1627563612884 0.1501146855356741 371
1627563612955 0.1500404787131409 372
1627563613009 0.149980577450862 373
1627563613088 0.14987567036928298 374
1627563613140 0.14981372745456692 375
1627563613193 0.1497533597762786 376
1627563613268 0.14967017170802108 377
1627563613348 0.1495937000234054 378
1627563613420 0.14952702945735802 379
1627563613484 0.14945266430527268 380
1627563613562 0.14935727723817674 381
1627563613616 0.1492770008904439 382
1627563613666 0.14920815482132702 383
1627563613716 0.1491519162502776 384
1627563613783 0.14907576602788114 385
1627563613846 0.14899750478503285 386
1627563613910 0.14892847825066338 387
1627563613964 0.14885145042817766 388
1627563614018 0.14879048503851858 389
1627563614069 0.14873180762579513 390
1627563614128 0.14867134297233767 391
1627563614195 0.148597642214562 392
1627563614256 0.14852682355001412 393
1627563614319 0.14847284181386233 394
1627563614379 0.14839645886064812 395
1627563614438 0.14832681751643206 396
1627563614504 0.14826416559424202 397
1627563614572 0.1481870793927849 398
1627563614627 0.14813151803745306 399
1627563614696 0.14805523658681555 400
1627563614775 0.1479842050476379 401
1627563614854 0.14791262548663128 402
1627563614921 0.14783229723621052 403
1627563614988 0.14776070163141944 404
1627563615044 0.14770412536888392 405
1627563615120 0.1476332600979892 406
1627563615176 0.14756440351089106 407
1627563615239 0.14750043034150087 408
1627563615306 0.14743772128644367 409
1627563615364 0.14737294883718483 410
1627563615426 0.14730031435605778 411
1627563615478 0.14723835357234608 412
1627563615544 0.1471625800976402 413
1627563615620 0.14709314634720097 414
1627563615690 0.14700607039604927 415
1627563615745 0.14693450647937362 416
1627563615819 0.14686646616026527 417
1627563615882 0.14680239416508714 418
1627563615942 0.14675049634741158 419
1627563616000 0.14668075346477247 420
1627563616061 0.1466185629149584 421
1627563616120 0.14654258947046558 422
1627563616172 0.1464867395222861 423
1627563616233 0.1464166729484984 424
1627563616302 0.1463517781733376 425
1627563616354 0.14629714154945525 426
1627563616413 0.1462336298424683 427
1627563616463 0.14617906019591523 428
1627563616522 0.14610753113543962 429
1627563616591 0.14603454966268878 430
1627563616655 0.14596358622195324 431
1627563616758 0.14935727723817674 432
1627563620875 0.5089979865847711 0
1627563621016 0.46964158168691034 1
1627563621159 0.4348668981774676 2
1627563621288 0.4043287497794645 3
1627563621416 0.37744606540926984 4
1627563621549 0.35412860254332107 5
1627563621676 0.33374077404710617 6
1627563621797 0.3163266496405258 7
1627563621918 0.3011825513945228 8
1627563622032 0.28828539213919974 9
1627563622155 0.2770393407113693 10
1627563622277 0.26751102689924583 11
1627563622393 0.25923994849151605 12
1627563622513 0.2522510057892425 13
1627563622625 0.24626536677268815 14
1627563622735 0.24121162823528247 15
1627563622851 0.236961131280086 16
1627563622968 0.23338965272631762 17
1627563623084 0.23023667016789004 18
1627563623218 0.22751524382554048 19
1627563623323 0.2251299142263253 20
1627563623431 0.2231411904146189 21
1627563623542 0.22137960935754897 22
1627563623642 0.21973164826990466 23
1627563623756 0.21846339123045785 24
1627563623860 0.21711584123198646 25
1627563623965 0.21594715571564088 26
1627563624066 0.21487103860075255 27
1627563624172 0.21382352278498207 28
1627563624271 0.21293477046686723 29
1627563624367 0.21193185236609496 30
1627563624471 0.2111792717391738 31
1627563624563 0.21039908250997993 32
1627563624660 0.20940589422783798 33
1627563624751 0.2088236648528577 34
1627563624849 0.20788097060439695 35
1627563624943 0.2072595267606757 36
1627563625040 0.20644290696299938 37
1627563625146 0.20585438011502755 38
1627563625248 0.20491604541544894 39
1627563625334 0.2044411833249414 40
1627563625430 0.20351137305029174 41
1627563625527 0.20302257342376528 42
1627563625629 0.20219268150331396 43
1627563625729 0.20171489494147016 44
1627563625843 0.20132227149904036 45
1627563625940 0.20068779224452724 46
1627563626041 0.20033203550700385 47
1627563626157 0.19936996353254108 48
1627563626253 0.19901953355666202 49
1627563626374 0.19815905203873885 50
1627563626463 0.19787760653073944 51
1627563626552 0.19756230329249347 52
1627563626653 0.19711834965060157 53
1627563626750 0.1966554463740546 54
1627563626835 0.19638364022128715 55
1627563626949 0.19550153363611852 56
1627563627031 0.19523945051009528 57
1627563627118 0.19496437371777234 58
1627563627221 0.1942752963627343 59
1627563627311 0.19401644114514813 60
1627563627412 0.1933417879797278 61
1627563627507 0.19286294557093434 62
1627563627591 0.19260257253835833 63
1627563627690 0.19204838195568377 64
1627563627784 0.19179288630577443 65
1627563627881 0.1915002559491253 66
1627563627992 0.19110443448069864 67
1627563628080 0.19081320444322725 68
1627563628205 0.19037291278987756 69
1627563628302 0.19014895329031248 70
1627563628400 0.18988393214325197 71
1627563628502 0.18935324595201858 72
1627563628591 0.1891141716674346 73
1627563628681 0.18890105225911255 74
1627563628812 0.18862955164370623 75
1627563628904 0.18839273509551513 76
1627563628986 0.18820258540978305 77
1627563629069 0.18795131256782371 78
1627563629154 0.18760339037888252 79
1627563629240 0.18737431626683768 80
1627563629336 0.18688465548189573 81
1627563629428 0.18658593952053648 82
1627563629516 0.18624501341569383 83
1627563629614 0.1858685315661859 84
1627563629696 0.18565545416323953 85
1627563629777 0.1854272264750089 86
1627563629879 0.18505091287634298 87
1627563629972 0.18482656018052498 88
1627563630066 0.18459622726381236 89
1627563630149 0.18439664714494527 90
1627563630249 0.1839406543922219 91
1627563630383 0.1836467688146799 92
1627563630462 0.18344675830388624 93
1627563630554 0.18322839395835946 94
1627563630642 0.1830511965363652 95
1627563630729 0.18288317127218046 96
1627563630822 0.18267914643649408 97
1627563630927 0.1823065226362339 98
1627563631015 0.18211470207125463 99
1627563631111 0.18193083920170733 100
1627563631204 0.18155127408484734 101
1627563631304 0.18113497084043337 102
1627563631381 0.18096295129872336 103
1627563631459 0.1807801687296049 104
1627563631551 0.1805901764582226 105
1627563631626 0.18040560830320668 106
1627563631719 0.1800975453661674 107
1627563631813 0.17990212342847672 108
1627563631924 0.17961776537610108 109
1627563632022 0.17922567813050336 110
1627563632102 0.17904568672173574 111
1627563632187 0.17888753232287377 112
1627563632258 0.17871724716287196 113
1627563632338 0.17854708409705292 114
1627563632419 0.17837437308227613 115
1627563632503 0.17819119742146258 116
1627563632606 0.1780346552982735 117
1627563632705 0.1778252051364071 118
1627563632787 0.17768187975549782 119
1627563632890 0.17735378556814738 120
1627563632955 0.17719663433948651 121
1627563633040 0.1770162581998755 122
1627563633154 0.17686185352913117 123
1627563633256 0.17657246180188693 124
1627563633334 0.17640625521426276 125
1627563633401 0.17626762503082605 126
1627563633494 0.17603261527580455 127
1627563633561 0.1758885503423474 128
1627563633642 0.17568172973127144 129
1627563633737 0.17548814994381398 130
1627563633804 0.17534331688298213 131
1627563633885 0.17519488192024557 132
1627563633966 0.17504920510217506 133
1627563634073 0.17489039535937745 134
1627563634135 0.17474138270884942 135
1627563634215 0.17459903814580763 136
1627563634296 0.17442937860664526 137
1627563634357 0.17428362459656715 138
1627563634438 0.1741233091948095 139
1627563634506 0.17397951425113178 140
1627563634619 0.1738360541871536 141
1627563634764 0.17358043005306212 142
1627563634840 0.1734310515576127 143
1627563634911 0.1733103307261069 144
1627563634983 0.17316891979351723 145
1627563635096 0.17303530887263024 146
1627563635175 0.1729211273363584 147
1627563635250 0.17277194875085683 148
1627563635332 0.17264446783672444 149
1627563635414 0.17251283309111806 150
1627563635509 0.17226330427739714 151
1627563635591 0.17213554839467898 152
1627563635677 0.17196923454320895 153
1627563635776 0.17175492300547202 154
1627563635853 0.17164602537071183 155
1627563635937 0.171498085417882 156
1627563636016 0.1713534762780963 157
1627563636109 0.17110172680693367 158
1627563636182 0.1709674714419684 159
1627563636258 0.1708347199704212 160
1627563636354 0.17071496093183586 161
1627563636429 0.17059001110972064 162
1627563636572 0.17033370211557153 163
1627563636638 0.1702067906896929 164
1627563636715 0.17007051507092083 165
1627563636800 0.16993840783727776 166
1627563636918 0.16972861483615548 167
1627563636994 0.16961534456882865 168
1627563637075 0.16947806428559953 169
1627563637155 0.16934726436240252 170
1627563637231 0.1692212478889318 171
1627563637296 0.16910288806872031 172
1627563637361 0.16898033159389236 173
1627563637438 0.16885225471270238 174
1627563637531 0.16873138962444897 175
1627563637611 0.16862617873970737 176
1627563637719 0.16845105612477532 177
1627563637796 0.16833122415701635 178
1627563637874 0.16820001626203018 179
1627563637946 0.16808182904585744 180
1627563638013 0.16797389630869694 181
1627563638091 0.16783027053089128 182
1627563638157 0.16771194237609274 183
1627563638261 0.16749898607937333 184
1627563638333 0.1673791622697833 185
1627563638417 0.16723306740031713 186
1627563638489 0.16711757024183196 187
1627563638560 0.16697971483521507 188
1627563638640 0.1668078980674965 189
1627563638740 0.16663295077329357 190
1627563638843 0.16643498925967876 191
1627563638916 0.16632553239783285 192
1627563638987 0.16620956637974998 193
1627563639077 0.16609442177435174 194
1627563639202 0.1658876078564728 195
1627563639276 0.1657813582204412 196
1627563639359 0.1656329555689862 197
1627563639468 0.16546003638737802 198
1627563639536 0.16535670750195353 199
1627563639605 0.16526231689081597 200
1627563639690 0.1651603625748971 201
1627563639748 0.16505766704117858 202
1627563639818 0.1649410351626393 203
1627563639892 0.1648228346839853 204
1627563639972 0.16472254333003641 205
1627563640060 0.16461049759318788 206
1627563640123 0.1645139567600917 207
1627563640192 0.1644075033408112 208
1627563640268 0.1643000930924071 209
1627563640337 0.16420131957673706 210
1627563640404 0.1640961090650808 211
1627563640471 0.16398835761983724 212
1627563640534 0.1639068105541712 213
1627563640613 0.16380333361257166 214
1627563640685 0.16370508199426853 215
1627563640756 0.16359821346413256 216
1627563640829 0.16347733416327456 217
1627563640885 0.16339416446141464 218
1627563640960 0.16329010888097073 219
1627563641037 0.1631931861698419 220
1627563641116 0.16309420897053176 221
1627563641178 0.1630084896128327 222
1627563641237 0.1629143847774072 223
1627563641306 0.16281121359094725 224
1627563641372 0.16271569978682 225
1627563641440 0.16261781412440246 226
1627563641514 0.16248888037155212 227
1627563641600 0.16235390376861433 228
1627563641719 0.16224304420935892 229
1627563641810 0.16216097995514986 230
1627563641913 0.1620458873495966 231
1627563641979 0.16196987245454153 232
1627563642058 0.1618746055755359 233
1627563642131 0.1617841963934765 234
1627563642201 0.16168340866687025 235
1627563642282 0.16155944006604225 236
1627563642358 0.161466543658527 237
1627563642422 0.16138015094877492 238
1627563642486 0.16128365395148636 239
1627563642547 0.16118865030581273 240
1627563642627 0.161076739165659 241
1627563642719 0.16093006786546166 242
1627563642769 0.16085765319924328 243
1627563642835 0.16075638987964208 244
1627563642914 0.1606537448616476 245
1627563642976 0.16055353213943885 246
1627563643039 0.16045804925432489 247
1627563643149 0.16036487303609642 248
1627563643248 0.1602689142121618 249
1627563643326 0.1601685962232001 250
1627563643384 0.16526231689081597 251
1627563647434 0.507038047713511 0
1627563647571 0.46795151296445475 1
1627563647692 0.4334062902779524 2
1627563647838 0.40302090128705215 3
1627563647961 0.37633017984526446 4
1627563648109 0.35304391620530967 5
1627563648271 0.33277349760064356 6
1627563648409 0.3154302005308889 7
1627563648533 0.3003085061482753 8
1627563648662 0.28742279262765247 9
1627563648786 0.2762757780567103 10
1627563648913 0.2668330303866142 11
1627563649035 0.25872456947536354 12
1627563649150 0.2518715716117697 13
1627563649302 0.24597880729604898 14
1627563649445 0.24100252709454828 15
1627563649606 0.2367084778454656 16
1627563649755 0.23310951204553704 17
1627563649903 0.2300177458909232 18
1627563650031 0.227304685353014 19
1627563650144 0.22494892181856416 20
1627563650274 0.22294035148161212 21
1627563650384 0.22120942330381257 22
1627563650527 0.21972411361573643 23
1627563650646 0.21831993821458084 24
1627563650761 0.21694401463646296 25
1627563650892 0.2158837711390854 26
1627563651016 0.21485579183038148 27
1627563651123 0.21382168010496075 28
1627563651226 0.21305361729246278 29
1627563651321 0.2120678050093834 30
1627563651421 0.21120593632853035 31
1627563651540 0.21044113958969599 32
1627563651634 0.20950436902111474 33
1627563651726 0.20880337856989592 34
1627563651816 0.2078259820499879 35
1627563651946 0.20703993302390503 36
1627563652089 0.20625673912420178 37
1627563652215 0.20573883893773914 38
1627563652312 0.20515409041224952 39
1627563652408 0.2046358385060274 40
1627563652496 0.20394039521339305 41
1627563652585 0.2033030054804069 42
1627563652683 0.2026035765390122 43
1627563652785 0.20196038183041123 44
1627563652889 0.20150646561559776 45
1627563653000 0.20084710677287193 46
1627563653102 0.19994818820712687 47
1627563653188 0.19961668261510468 48
1627563653285 0.19926984591458144 49
1627563653430 0.19854746104869206 50
1627563653558 0.19824500061299052 51
1627563653663 0.1978555977091721 52
1627563653765 0.19707253113554474 53
1627563653866 0.19654350946034593 54
1627563653955 0.19617917758418763 55
1627563654054 0.19556873750274018 56
1627563654132 0.19525785028056186 57
1627563654216 0.1949993366235075 58
1627563654316 0.19468148720726058 59
1627563654401 0.1944190187388333 60
1627563654509 0.1935945891922375 61
1627563654611 0.19309706386016257 62
1627563654726 0.19250621319006792 63
1627563654816 0.19221501419045253 64
1627563654951 0.191555446223862 65
1627563655077 0.1910283743518122 66
1627563655186 0.1907544327362196 67
1627563655296 0.1904250624055921 68
1627563655386 0.1901611448475944 69
1627563655505 0.18991437711558978 70
1627563655592 0.18965566953275362 71
1627563655722 0.1891222416496913 72
1627563655828 0.1885983099423592 73
1627563655946 0.188233602637568 74
1627563656043 0.18791906599973027 75
1627563656130 0.18769910580833687 76
1627563656236 0.18749507491711287 77
1627563656321 0.18722229016533914 78
1627563656411 0.18697241573258666 79
1627563656506 0.1867610897562266 80
1627563656662 0.18626679916475475 81
1627563656760 0.18587900544340896 82
1627563656859 0.18568021542492738 83
1627563656961 0.1854603083214711 84
1627563657056 0.1852404349650134 85
1627563657163 0.18499445854097366 86
1627563657268 0.184773656707789 87
1627563657352 0.1845335272539579 88
1627563657439 0.1843311257768191 89
1627563657548 0.18392790224380096 90
1627563657702 0.1835828493555402 91
1627563657830 0.18336337064148517 92
1627563657932 0.18301159489398358 93
1627563658015 0.18281711137799989 94
1627563658156 0.18258536695797598 95
1627563658256 0.18240100541997906 96
1627563658335 0.18220758938976883 97
1627563658425 0.18191629985191768 98
1627563658504 0.18170204565502224 99
1627563658611 0.18150942704248915 100
1627563658698 0.18133655701890752 101
1627563658806 0.18093340685069645 102
1627563658900 0.1806596151795107 103
1627563659001 0.180484914862546 104
1627563659096 0.18030263262596444 105
1627563659186 0.18006197329695045 106
1627563659261 0.1798937687150884 107
1627563659345 0.1797167090915017 108
1627563659432 0.1795427394161803 109
1627563659516 0.17935187494245827 110
1627563659616 0.1791785717308824 111
1627563659753 0.17901114582672528 112
1627563659882 0.17880970926884057 113
1627563659965 0.17863343241024424 114
1627563660044 0.17846688440470715 115
1627563660141 0.178300909921687 116
1627563660258 0.17813164030825723 117
1627563660351 0.17797028301196458 118
1627563660432 0.17774152571876703 119
1627563660536 0.17741709387611235 120
1627563660612 0.17725863930845828 121
1627563660693 0.17709791687019927 122
1627563660782 0.17694383840267397 123
1627563660855 0.17678639520196926 124
1627563660974 0.17655382024298233 125
1627563661051 0.17639212201358248 126
1627563661129 0.1762666284512759 127
1627563661213 0.17605556113841525 128
1627563661289 0.17591268615834554 129
1627563661373 0.17576282033274668 130
1627563661442 0.17562566346255803 131
1627563661541 0.17544139388604665 132
1627563661638 0.17528626799660948 133
1627563661717 0.1750671086542791 134
1627563661794 0.1748829497041229 135
1627563661890 0.17471874928055864 136
1627563661958 0.174563243205055 137
1627563662028 0.17443074760521066 138
1627563662126 0.17415547560993 139
1627563662202 0.17401824781225936 140
1627563662270 0.1738865750740475 141
1627563662346 0.17375546969790817 142
1627563662421 0.17361944293255815 143
1627563662500 0.17348107943395258 144
1627563662583 0.17334377190352926 145
1627563662653 0.17321744958815555 146
1627563662729 0.17308571907485487 147
1627563662818 0.1729432224516286 148
1627563662918 0.1727794421996359 149
1627563663001 0.17264413483265753 150
1627563663086 0.1724701213048049 151
1627563663172 0.17231335618263421 152
1627563663234 0.17220695130632604 153
1627563663331 0.17202081424931617 154
1627563663414 0.17188119815764644 155
1627563663484 0.17175179024591372 156
1627563663565 0.17161921107264488 157
1627563663659 0.1714529251787363 158
1627563663754 0.17121516856751634 159
1627563663830 0.1710871592540623 160
1627563663913 0.1708866446627703 161
1627563663978 0.17075549311970986 162
1627563664054 0.17060142009723742 163
1627563664130 0.17046350568098198 164
1627563664215 0.1703188210016561 165
1627563664292 0.1701890061025223 166
1627563664362 0.1700660461532948 167
1627563664471 0.16982048734001584 168
1627563664561 0.16963807516089857 169
1627563664625 0.16953157980989436 170
1627563664696 0.1694135610637536 171
1627563664768 0.16930515650483818 172
1627563664839 0.16918334971453178 173
1627563664913 0.16907363893564153 174
1627563664978 0.16895464373123892 175
1627563665074 0.16882510246090598 176
1627563665160 0.1686086914194337 177
1627563665236 0.16848803872813442 178
1627563665329 0.16836842405764998 179
1627563665414 0.16824143936435018 180
1627563665486 0.16811431889592865 181
1627563665567 0.1679927597528958 182
1627563665628 0.16788418959166157 183
1627563665689 0.1677580993242987 184
1627563665762 0.16764823691305902 185
1627563665822 0.16753420334827196 186
1627563665895 0.167415012620736 187
1627563665951 0.16732479438676756 188
1627563666029 0.16720972120311026 189
1627563666116 0.1670266626772866 190
1627563666191 0.1668948359182741 191
1627563666275 0.16674979123987255 192
1627563666352 0.1666349787832676 193
1627563666420 0.16653373337249877 194
1627563666501 0.1664322192444835 195
1627563666570 0.16631697706858264 196
1627563666642 0.1662220245689517 197
1627563666716 0.16608878212643302 198
1627563666788 0.16597824646028342 199
1627563666871 0.16585914581123123 200
1627563666961 0.16562253253232595 201
1627563667022 0.16551265873978888 202
1627563667114 0.16529584981438913 203
1627563667186 0.16519697651620763 204
1627563667295 0.16506121747582833 205
1627563667386 0.16494687948996595 206
1627563667454 0.16485880495049204 207
1627563667554 0.16474377066952017 208
1627563667638 0.16463627628185307 209
1627563667704 0.16453295064274115 210
1627563667793 0.16442658432453622 211
1627563667853 0.16433185138069742 212
1627563667912 0.16424231111159604 213
1627563667981 0.16414604497229673 214
1627563668046 0.16403369676037174 215
1627563668104 0.16393217457085252 216
1627563668185 0.16381844438945609 217
1627563668254 0.16371533633228116 218
1627563668308 0.16362557323773746 219
1627563668401 0.16343724752291172 220
1627563668491 0.16327084062353195 221
1627563668550 0.16317676910641044 222
1627563668646 0.16303983111289652 223
1627563668720 0.16294190294590608 224
1627563668806 0.1628534474627283 225
1627563668915 0.1626877559166867 226
1627563668972 0.16259714737126926 227
1627563669033 0.16249624558719195 228
1627563669111 0.16239608338359157 229
1627563669184 0.16228591036454082 230
1627563669248 0.16218536163272892 231
1627563669318 0.1620914966597997 232
1627563669395 0.16198943350263847 233
1627563669454 0.1619133049965465 234
1627563669517 0.16182198817120863 235
1627563669588 0.16173448169486082 236
1627563669661 0.16163313922896494 237
1627563669732 0.16153557485765518 238
1627563669793 0.16143779860992089 239
1627563669862 0.16135056957853786 240
1627563669921 0.16125668764125217 241
1627563669976 0.16116522906847192 242
1627563670029 0.16107268640216887 243
1627563670116 0.16094244817120823 244
1627563670190 0.16086334823826873 245
1627563670274 0.1607379334550584 246
1627563670349 0.16065189009162711 247
1627563670436 0.16054752012392295 248
1627563670499 0.16045848749816694 249
1627563670570 0.16038045405996143 250
1627563670643 0.16028344705364017 251
1627563670702 0.16020490416998048 252
1627563670775 0.16009087556712412 253
1627563670846 0.15998624856893498 254
1627563670909 0.15989716481389857 255
1627563670974 0.1598036441862405 256
1627563671037 0.15971397740733398 257
1627563671103 0.15962361069885536 258
1627563671163 0.15953263337372947 259
1627563671247 0.15941737263311132 260
1627563671311 0.15931675984499866 261
1627563671390 0.15920019706158642 262
1627563671474 0.15908516928322694 263
1627563671558 0.15898480666575732 264
1627563671630 0.15888938798126806 265
1627563671700 0.15879783984568957 266
1627563671769 0.15870285008086812 267
1627563671847 0.15859144782293483 268
1627563671933 0.1584966532742245 269
1627563672015 0.15841450444083924 270
1627563672085 0.15832233359862044 271
1627563672169 0.15822400835106382 272
1627563672224 0.15815008920270374 273
1627563672301 0.1580645179970936 274
1627563672387 0.15795679009019392 275
1627563672456 0.15787247068617027 276
1627563672515 0.1577813793818462 277
1627563672572 0.15769986856432716 278
1627563672637 0.1576124018520052 279
1627563672692 0.15753322676706605 280
1627563672755 0.15743541122856836 281
1627563672819 0.15735592463125064 282
1627563672884 0.15727268617931872 283
1627563672946 0.15718323056167893 284
1627563673005 0.15710376085224928 285
1627563673083 0.15701607890287206 286
1627563673143 0.1569312510999494 287
1627563673208 0.1568536377359288 288
1627563673271 0.15676544241034382 289
1627563673343 0.1566754521673491 290
1627563673423 0.1565683054424748 291
1627563673511 0.1564791186161179 292
1627563673593 0.15639091253683787 293
1627563673662 0.15630173371075382 294
1627563673740 0.15619376225308967 295
1627563673831 0.15606507136714232 296
1627563673892 0.15597992642082667 297
1627563673944 0.15590282488074597 298
1627563674023 0.15581863434120266 299
1627563674096 0.15574402671830068 300
1627563674156 0.1556599828192421 301
1627563674222 0.15557837616668005 302
1627563674287 0.15550110948463108 303
1627563674346 0.155428777802855 304
1627563674413 0.15535330232860003 305
1627563674475 0.1552789615691628 306
1627563674558 0.15519051028776157 307
1627563674640 0.15510952065631906 308
1627563674720 0.1550223801409895 309
1627563674776 0.15494722324313223 310
1627563674833 0.1548722836016133 311
1627563674890 0.15478686947142417 312
1627563674962 0.1547137521186434 313
1627563675048 0.15463491285180128 314
1627563675126 0.15454755355859268 315
1627563675218 0.15444365663171525 316
1627563675301 0.15435792834272202 317
1627563675362 0.1542779665188837 318
1627563675428 0.1541953744841802 319
1627563675510 0.1540851818624619 320
1627563675572 0.15399260518874447 321
1627563675628 0.15392550188802395 322
1627563675700 0.15382566296935485 323
1627563675750 0.1537403163715119 324
1627563675812 0.1536691444711639 325
1627563675885 0.15357915830544858 326
1627563675946 0.15350817298189126 327
1627563676018 0.15342457512991692 328
1627563676086 0.15334288316267755 329
1627563676141 0.15328198581697133 330
1627563676198 0.15321116647660427 331
1627563676259 0.15313090424007342 332
1627563676309 0.1530638683947382 333
1627563676371 0.15298655127242156 334
1627563676433 0.15290653811055552 335
1627563676488 0.15281875161285036 336
1627563676558 0.15274861830114744 337
1627563676611 0.15268741253187731 338
1627563676667 0.15262360977869618 339
1627563676722 0.15256137097078337 340
1627563676774 0.15248733166201028 341
1627563676841 0.15241707316062447 342
1627563676892 0.15234606778065035 343
1627563676960 0.15226818352772506 344
1627563677031 0.15218170158560765 345
1627563677101 0.15210339139799883 346
1627563677165 0.15202225053887006 347
1627563677237 0.1519371371025235 348
1627563677301 0.1518561787197775 349
1627563677384 0.15177856107807294 350
1627563677434 0.15171362615882675 351
1627563677495 0.15163444032188023 352
1627563677551 0.15156641308718982 353
1627563677617 0.15147713903704194 354
1627563677686 0.15140121722305055 355
1627563677743 0.15133852479086043 356
1627563677809 0.15126585314521093 357
1627563677863 0.15119961272448554 358
1627563677920 0.15112128288199883 359
1627563678013 0.15097577785148766 360
1627563678086 0.1508953464091676 361
1627563678163 0.15081643389061855 362
1627563678221 0.15073956060065175 363
1627563678279 0.15067165133752466 364
1627563678348 0.1505956188651878 365
1627563678404 0.15051196774507736 366
1627563678483 0.15043429402748465 367
1627563678543 0.15037130307055718 368
1627563678612 0.15030107688407635 369
1627563678670 0.15023320242726393 370
1627563678721 0.15016855381838384 371
1627563678809 0.15002235059860664 372
1627563678891 0.1499151705153119 373
1627563678943 0.14984908069576552 374
1627563679028 0.14972858013535462 375
1627563679085 0.14965814052125206 376
1627563679156 0.14956397588487952 377
1627563679210 0.1494913489401547 378
1627563679263 0.14943628668751788 379
1627563679327 0.14937017716503656 380
1627563679384 0.14930543041407268 381
1627563679449 0.14922946456935532 382
1627563679518 0.14915809468673408 383
1627563679573 0.14909027589349463 384
1627563679629 0.14901992426314925 385
1627563679687 0.14895123817234845 386
1627563679759 0.14888390230007717 387
1627563679824 0.1488067498231119 388
1627563679887 0.1487371009303787 389
1627563679939 0.1486781008189338 390
1627563680030 0.1485936565093652 391
1627563680084 0.14854469443623053 392
1627563680137 0.1484718556691055 393
1627563680202 0.14839700593554359 394
1627563680257 0.14832182033712812 395
1627563680310 0.14825232629411614 396
1627563680370 0.14818824604566147 397
1627563680425 0.14811724387634187 398
1627563680485 0.14805114570258537 399
1627563680557 0.14797712141911773 400
1627563680636 0.14788506508802743 401
1627563680693 0.14782153112114002 402
1627563680751 0.14775319146637111 403
1627563680803 0.14769244795495304 404
1627563680868 0.14762574834177572 405
1627563680952 0.14755213009116333 406
1627563681012 0.14747612652568987 407
1627563681076 0.14740573019910289 408
1627563681139 0.14734427039427356 409
1627563681216 0.14726932748275923 410
1627563681310 0.14719675179770905 411
1627563681397 0.14711112482405994 412
1627563681464 0.1470251799048079 413
1627563681526 0.14695353902921818 414
1627563681586 0.14688103062253655 415
1627563681659 0.14679571865172591 416
1627563681734 0.14670767217464575 417
1627563681796 0.14662856054461165 418
1627563681850 0.146553676494472 419
1627563681909 0.14648682714492425 420
1627563681982 0.14641773681740775 421
1627563682041 0.14635235585361073 422
1627563682117 0.1462678413867644 423
1627563682184 0.14619291123376776 424
1627563682244 0.1461191934941426 425
1627563682299 0.14604776922241638 426
1627563682362 0.1459743227649182 427
1627563682463 0.14956397588487952 428
1627563686559 0.5098415478128934 0
1627563686695 0.4704469357556679 1
1627563686819 0.4356368282468402 2
1627563686951 0.4050981549648841 3
1627563687106 0.3782499645211254 4
1627563687271 0.3548122302844217 5
1627563687422 0.33437890641621354 6
1627563687543 0.316842200006661 7
1627563687669 0.30165699733957096 8
1627563687784 0.2886593137448083 9
1627563687907 0.277434112850137 10
1627563688020 0.26793007227331267 11
1627563688131 0.2597491135152893 12
1627563688248 0.2527950039664185 13
1627563688366 0.24681942489049283 14
1627563688481 0.2418170059366106 15
1627563688638 0.23752646103989491 16
1627563688754 0.2339226196031985 17
1627563688877 0.2307647652510586 18
1627563688996 0.2280053597032327 19
1627563689103 0.22563811443946963 20
1627563689212 0.2236776314333034 21
1627563689324 0.22194253393783006 22
1627563689454 0.2202270897244795 23
1627563689560 0.21887536259345972 24
1627563689680 0.21765671803584294 25
1627563689785 0.21646793701909414 26
1627563689888 0.21548721463438414 27
1627563689992 0.21433236989331356 28
1627563690135 0.2133197514451541 29
1627563690255 0.21243269127016998 30
1627563690392 0.2116747159611677 31
1627563690490 0.210951534659148 32
1627563690595 0.2102715955015713 33
1627563690693 0.20959865490814392 34
1627563690788 0.2086618923110053 35
1627563690889 0.20799195525391959 36
1627563690988 0.20703398088320213 37
1627563691087 0.20641386282400004 38
1627563691185 0.20564777232812828 39
1627563691281 0.20520413439068838 40
1627563691382 0.20416788690810372 41
1627563691492 0.20361317455851327 42
1627563691625 0.2029868647962085 43
1627563691751 0.20252038329884442 44
1627563691859 0.20216568049690034 45
1627563691983 0.20151416664095506 46
1627563692130 0.20065677520252073 47
1627563692269 0.200069088825437 48
1627563692365 0.19974381606485678 49
1627563692512 0.19881380925178874 50
1627563692605 0.1985032304527698 51
1627563692716 0.19809479609340683 52
1627563692822 0.19725481376991907 53
1627563692909 0.19686697726784014 54
1627563693021 0.1963118203523268 55
1627563693152 0.19591625682957314 56
1627563693239 0.1956445140214048 57
1627563693371 0.19532596748639747 58
1627563693467 0.1950551793483514 59
1627563693562 0.19476277674251513 60
1627563693676 0.19411413753910048 61
1627563693776 0.19359849685103656 62
1627563693861 0.19335173478390666 63
1627563693960 0.1928709919534107 64
1627563694074 0.19227691723148094 65
1627563694196 0.1919431671273652 66
1627563694331 0.1913529672350826 67
1627563694443 0.19096503336100434 68
1627563694536 0.1907353068807246 69
1627563694626 0.19048788299758684 70
1627563694704 0.1902610341816225 71
1627563694788 0.19001995970078525 72
1627563694878 0.1894383339364092 73
1627563694972 0.18914855070709466 74
1627563695074 0.18867330237736996 75
1627563695194 0.18832967753334884 76
1627563695282 0.18807436141382564 77
1627563695370 0.18785429594792535 78
1627563695456 0.18764648697081757 79
1627563695579 0.18723471980871745 80
1627563695670 0.18687571799000882 81
1627563695802 0.18664112303127825 82
1627563695873 0.18644654252338985 83
1627563695975 0.18608795970106315 84
1627563696069 0.18577769697017046 85
1627563696163 0.1854712047422831 86
1627563696249 0.18525329257779277 87
1627563696338 0.1849648011145939 88
1627563696423 0.18475416358168803 89
1627563696544 0.18453332812521134 90
1627563696679 0.18433885955863516 91
1627563696812 0.18408138140021701 92
1627563696923 0.1838931906786915 93
1627563697010 0.1836499962427761 94
1627563697108 0.18335062466517546 95
1627563697202 0.183184921654624 96
1627563697291 0.18297853421573804 97
1627563697388 0.18262211775980178 98
1627563697484 0.18242989972404752 99
1627563697576 0.18226228143814355 100
1627563697647 0.18208916156765115 101
1627563697741 0.18171458704801396 102
1627563697825 0.18149702594340478 103
1627563697903 0.18132366208222084 104
1627563697979 0.18113839945265797 105
1627563698059 0.18093650948639575 106
1627563698168 0.18064901319771495 107
1627563698259 0.18046377376584494 108
1627563698373 0.18028409932276251 109
1627563698502 0.1800260605628958 110
1627563698608 0.179855848888477 111
1627563698737 0.17956517959655155 112
1627563698818 0.17938429857492247 113
1627563698909 0.17922064039721616 114
1627563699056 0.17896646222398532 115
1627563699144 0.1787956233506775 116
1627563699241 0.17864060131864748 117
1627563699338 0.17847468410049355 118
1627563699411 0.17831032298594146 119
1627563699486 0.178153716693578 120
1627563699565 0.1779857760239523 121
1627563699644 0.17781895921894358 122
1627563699757 0.17745362971524672 123
1627563699860 0.17715973233626908 124
1627563699931 0.1769945937731181 125
1627563700044 0.1768403708177389 126
1627563700140 0.17660613969122216 127
1627563700218 0.17644747166586106 128
1627563700300 0.17628835518776173 129
1627563700395 0.1760937201545086 130
1627563700470 0.1759505119037552 131
1627563700559 0.17580424079590948 132
1627563700631 0.17566023299076186 133
1627563700724 0.1755179679830383 134
1627563700792 0.17537939046069126 135
1627563700881 0.1751766253258819 136
1627563700966 0.1750080430871597 137
1627563701053 0.17479180656023388 138
1627563701129 0.1746692219997144 139
1627563701214 0.17451976878136014 140
1627563701308 0.1743466704566858 141
1627563701381 0.17419180779619506 142
1627563701470 0.17404252722782074 143
1627563701545 0.1738765553866519 144
1627563701628 0.17373757180248714 145
1627563701730 0.1736010742396332 146
1627563701821 0.1734657773045578 147
1627563701891 0.17334049290916312 148
1627563701964 0.17321813029823052 149
1627563702060 0.17307888074572292 150
1627563702116 0.1729662405481316 151
1627563702192 0.17281900418161594 152
1627563702262 0.1726904083309116 153
1627563702344 0.17255691135683252 154
1627563702426 0.17242901733664445 155
1627563702509 0.17230620670243485 156
1627563702572 0.1721823015580928 157
1627563702653 0.17198676410574765 158
1627563702725 0.1718580001963147 159
1627563702801 0.17168355452263243 160
1627563702877 0.17157604302004284 161
1627563702935 0.1714660022715892 162
1627563703051 0.17123851914251895 163
1627563703122 0.1711271328074786 164
1627563703210 0.17093753221233413 165
1627563703301 0.1707238381100894 166
1627563703378 0.17059969932808264 167
1627563703466 0.17036769382437217 168
1627563703540 0.17020017365718143 169
1627563703615 0.17005866898421354 170
1627563703688 0.16993904773158966 171
1627563703764 0.16981443992955608 172
1627563703841 0.16969083266783394 173
1627563703905 0.1695836354031215 174
1627563703987 0.1694597897189644 175
1627563704050 0.16935765059321928 176
1627563704131 0.1692439267915674 177
1627563704185 0.16914603892689806 178
1627563704267 0.16902250306092775 179
1627563704333 0.1688942964282313 180
1627563704401 0.16876612972051408 181
1627563704487 0.16863572683610364 182
1627563704563 0.16852018278657074 183
1627563704638 0.16841714383446424 184
1627563704723 0.16830979694192347 185
1627563704795 0.16818460703967247 186
1627563704858 0.16809360326951936 187
1627563704966 0.1679488102252973 188
1627563705057 0.16784727212385606 189
1627563705139 0.16774106644837233 190
1627563705226 0.16759351297866393 191
1627563705297 0.1674708621026323 192
1627563705370 0.1673594030706026 193
1627563705440 0.16724127746748976 194
1627563705523 0.16712393098621522 195
1627563705617 0.16701067403966022 196
1627563705741 0.1668149870112929 197
1627563705802 0.16669421918773156 198
1627563705877 0.16657788985432675 199
1627563705950 0.16648126259809318 200
1627563706030 0.16636934113117974 201
1627563706106 0.16622813232124017 202
1627563706185 0.16611168066041304 203
1627563706264 0.1659911422599498 204
1627563706329 0.16588835959418588 205
1627563706423 0.1656517910373446 206
1627563706489 0.1655548031358943 207
1627563706575 0.16538208426011622 208
1627563706633 0.165295342469089 209
1627563706693 0.16519931104833815 210
1627563706744 0.16510569544360063 211
1627563706867 0.16496796628249874 212
1627563706947 0.16485962906466092 213
1627563707021 0.164751260888041 214
1627563707106 0.16464439880768333 215
1627563707202 0.16452345483003303 216
1627563707260 0.1644160021602049 217
1627563707321 0.16430706684146867 218
1627563707405 0.16416257215130609 219
1627563707486 0.16399749171543435 220
1627563707558 0.16388403880117408 221
1627563707609 0.16380049896599766 222
1627563707677 0.1636885549954612 223
1627563707733 0.16360444656045167 224
1627563707801 0.1635062981425335 225
1627563707871 0.1634096977531711 226
1627563707929 0.1633097200844988 227
1627563707986 0.16321727439470807 228
1627563708057 0.16311651349551054 229
1627563708117 0.16302768615499422 230
1627563708173 0.16292909122124719 231
1627563708254 0.1627966844895187 232
1627563708319 0.1627121011593177 233
1627563708396 0.16263720074590005 234
1627563708467 0.16253179298377232 235
1627563708538 0.16243354037401203 236
1627563708636 0.16234860238169108 237
1627563708726 0.1622622056266262 238
1627563708791 0.1621594845317198 239
1627563708867 0.16206032522502625 240
1627563708933 0.1619614315205757 241
1627563708992 0.16186588263043905 242
1627563709065 0.16174828755397752 243
1627563709132 0.16164627615122978 244
1627563709215 0.1615468005560489 245
1627563709273 0.16145000840830637 246
1627563709345 0.16135043681948286 247
1627563709404 0.16127265124069665 248
1627563709471 0.161189199510056 249
1627563709545 0.1611052751615248 250
1627563709616 0.16100411372263676 251
1627563709677 0.16090569676556116 252
1627563709740 0.1608143091715782 253
1627563709835 0.1606587078428327 254
1627563709924 0.1605369224711852 255
1627563710029 0.160424504892037 256
1627563710148 0.16032050923816807 257
1627563710250 0.16022193767656928 258
1627563710350 0.1601293880106122 259
1627563710442 0.16000401073276535 260
1627563710525 0.15987203469716985 261
1627563710598 0.15977990358505684 262
1627563710670 0.15968353357787746 263
1627563710737 0.1595962753650247 264
1627563710845 0.15946569935409025 265
1627563710931 0.15933612271462128 266
1627563710990 0.15925518771453276 267
1627563711080 0.15916527911196657 268
1627563711173 0.1590162409095709 269
1627563711232 0.15892276971259586 270
1627563711326 0.15882372235625494 271
1627563711403 0.15873590696848072 272
1627563711465 0.15864881417977908 273
1627563711525 0.15857168273340772 274
1627563711595 0.1584838884360464 275
1627563711662 0.15840026950689032 276
1627563711725 0.15830951533220897 277
1627563711794 0.15821702090033055 278
1627563711882 0.15813511219119666 279
1627563711939 0.15805111692511317 280
1627563711993 0.15796149615567628 281
1627563712057 0.15788216185357903 282
1627563712117 0.15779471122353864 283
1627563712169 0.15771285270081045 284
1627563712268 0.15755426108762363 285
1627563712340 0.1574684349430094 286
1627563712407 0.15738296946411212 287
1627563712485 0.15728873034117377 288
1627563712558 0.15719419418033015 289
1627563712619 0.1571190645497715 290
1627563712694 0.15700326930836736 291
1627563712748 0.15693175409141524 292
1627563712809 0.15685075586513392 293
1627563712867 0.1567631184426454 294
1627563712929 0.15667274001641565 295
1627563712985 0.15658875297122476 296
1627563713053 0.15649236823775986 297
1627563713125 0.1564150528538388 298
1627563713212 0.1563215133202592 299
1627563713297 0.15625132236288483 300
1627563713359 0.15615792546613663 301
1627563713449 0.15608007293577283 302
1627563713553 0.15600257289175776 303
1627563713641 0.15591979266247818 304
1627563713719 0.1558343242692074 305
1627563713804 0.155749354879936 306
1627563713865 0.15567468495689124 307
1627563713927 0.15559221631347556 308
1627563714018 0.1555191611486215 309
1627563714126 0.15543313250926613 310
1627563714211 0.15536972781382516 311
1627563714302 0.15528579619971375 312
1627563714356 0.15522787539989152 313
1627563714423 0.1551412138606942 314
1627563714483 0.15505929192779724 315
1627563714551 0.15496967447573076 316
1627563714607 0.15489032883518303 317
1627563714669 0.15480774888797633 318
1627563714740 0.15471573307454833 319
1627563714800 0.15463379873531638 320
1627563714870 0.15454502673902706 321
1627563714948 0.15445297235327515 322
1627563715034 0.15437407194012998 323
1627563715082 0.15430836156981984 324
1627563715148 0.1542314855287987 325
1627563715214 0.1541515129392854 326
1627563715294 0.15405888214968 327
1627563715364 0.15396621620651274 328
1627563715451 0.15381409258687107 329
1627563715527 0.15373586068567738 330
1627563715582 0.15364954724020105 331
1627563715647 0.1535627820939784 332
1627563715719 0.15347927020323518 333
1627563715782 0.1534005425422309 334
1627563715871 0.1532899977240192 335
1627563715927 0.15322235710657212 336
1627563715984 0.15315744517686805 337
1627563716042 0.153080667376023 338
1627563716103 0.15300332293000532 339
1627563716157 0.15292709964965615 340
1627563716241 0.15280705470524428 341
1627563716295 0.15274323432725595 342
1627563716351 0.152671432587569 343
1627563716416 0.152605534995029 344
1627563716484 0.1525229241863304 345
1627563716571 0.15239870695057164 346
1627563716623 0.15233714202376264 347
1627563716695 0.15225190136309089 348
1627563716749 0.1521823881220149 349
1627563716818 0.15211675604616642 350
1627563716886 0.15204071507705244 351
1627563716963 0.15195886840613027 352
1627563717055 0.1518244500448861 353
1627563717137 0.1517434503984285 354
1627563717208 0.15166970413587522 355
1627563717290 0.15155905326242625 356
1627563717348 0.1514937123265655 357
1627563717405 0.1514162140837231 358
1627563717460 0.15134037678320897 359
1627563717528 0.15127857215417362 360
1627563717611 0.15120628460968402 361
1627563717711 0.15113177038473752 362
1627563717785 0.15105944576320382 363
1627563717844 0.15097877809386076 364
1627563717940 0.1508981671412392 365
1627563718000 0.1508158970018564 366
1627563718082 0.15074610278181846 367
1627563718152 0.15066547083349482 368
1627563718229 0.15058939316766073 369
1627563718296 0.15050688291298328 370
1627563718403 0.15041703694004793 371
1627563718488 0.15034546176887822 372
1627563718557 0.15026991448418767 373
1627563718636 0.1502008248557103 374
1627563718721 0.15012249867750968 375
1627563718800 0.15004292240933348 376
1627563718911 0.14989820949350696 377
1627563718972 0.14981439802564978 378
1627563719027 0.14974306846403815 379
1627563719111 0.14966897318677713 380
1627563719174 0.149589533332745 381
1627563719229 0.14951484380709856 382
1627563719302 0.14944278469939756 383
1627563719362 0.1493670484377506 384
1627563719436 0.14928499864307604 385
1627563719512 0.14920794230433845 386
1627563719577 0.14913393906955502 387
1627563719634 0.14905855850048697 388
1627563719689 0.14899959380805491 389
1627563719739 0.14894043846603977 390
1627563719807 0.1488648137502507 391
1627563719861 0.1488058960567003 392
1627563719914 0.1487357965676195 393
1627563720002 0.1486854749945697 394
1627563720095 0.14860945449134147 395
1627563720169 0.14853282182546762 396
1627563720231 0.14845872737597424 397
1627563720302 0.14838663678625574 398
1627563720393 0.14827632931296075 399
1627563720478 0.1482032173397439 400
1627563720536 0.1481290178477206 401
1627563720596 0.1480521679246423 402
1627563720656 0.1479787771222861 403
1627563720729 0.14788830192916685 404
1627563720796 0.14782222318405602 405
1627563720851 0.14776217125261817 406
1627563720946 0.15155905326242625 407
