1627566548079 0.5087392326519914 0
1627566548237 0.46915531139767735 1
1627566548377 0.4341433375366013 2
1627566548508 0.4033402660222288 3
1627566548639 0.37627759076184303 4
1627566548772 0.35275232214353647 5
1627566548904 0.33233337456283585 6
1627566549035 0.3147197838233538 7
1627566549194 0.2995379930021001 8
1627566549320 0.28641241883357615 9
1627566549447 0.27506488676307517 10
1627566549570 0.26536270472451134 11
1627566549692 0.2570592437844667 12
1627566549816 0.250040853523639 13
1627566549933 0.24397595981203846 14
1627566550051 0.23885530341918026 15
1627566550181 0.23447401716429705 16
1627566550305 0.23083462472189745 17
1627566550427 0.22768608898349074 18
1627566550542 0.22478583353042222 19
1627566550687 0.22237280609770904 20
1627566550805 0.22036641975137702 21
1627566550922 0.2185774376154984 22
1627566551037 0.21692624770522922 23
1627566551148 0.21549520394475996 24
1627566551308 0.21429301359012612 25
1627566551419 0.21302284283605838 26
1627566551580 0.2119661666711984 27
1627566551714 0.21100435412784496 28
1627566551824 0.2099559442339115 29
1627566551932 0.20904553292116335 30
1627566552041 0.2082973556470808 31
1627566552146 0.20735905886672074 32
1627566552250 0.206593349613609 33
1627566552355 0.20581831539948028 34
1627566552457 0.20497823389324937 35
1627566552559 0.20426519104949226 36
1627566552663 0.20307957085388187 37
1627566552781 0.202482752910621 38
1627566552907 0.20146200406864267 39
1627566553010 0.20101142032058247 40
1627566553127 0.1999807993568455 41
1627566553258 0.1990593225447651 42
1627566553376 0.19793021728649346 43
1627566553488 0.19726452728779043 44
1627566553588 0.1968350229561962 45
1627566553687 0.19616149837446997 46
1627566553790 0.19559688368010675 47
1627566553891 0.19515747332724057 48
1627566553992 0.19481491589319086 49
1627566554112 0.19397950215316556 50
1627566554215 0.19358367809610103 51
1627566554360 0.19320190643611862 52
1627566554478 0.1924192610069632 53
1627566554580 0.1921173941183143 54
1627566554676 0.1914770539814073 55
1627566554805 0.19043734726680464 56
1627566554893 0.1901426595394908 57
1627566555003 0.18959048910685572 58
1627566555101 0.18926806420471884 59
1627566555192 0.18892404627037446 60
1627566555315 0.18819796738168923 61
1627566555436 0.18753985106619525 62
1627566555525 0.18723609579603376 63
1627566555650 0.1865010574275378 64
1627566555744 0.18620520570791343 65
1627566555847 0.18588930822331462 66
1627566555953 0.18559212718177448 67
1627566556069 0.18529741551346388 68
1627566556187 0.1850017916452675 69
1627566556308 0.1847075944314143 70
1627566556400 0.1843486127805823 71
1627566556487 0.18408776424000337 72
1627566556608 0.18347169574094332 73
1627566556700 0.18319937315578103 74
1627566556795 0.18293386750089813 75
1627566556907 0.18250694350880114 76
1627566556989 0.18225248389167797 77
1627566557093 0.181838086874688 78
1627566557197 0.18151198139385832 79
1627566557288 0.18128067536039807 80
1627566557398 0.18100443479443007 81
1627566557502 0.1807652374147329 82
1627566557607 0.18051710450795286 83
1627566557726 0.1802064627566333 84
1627566557821 0.17993682807328182 85
1627566557936 0.17971755393298808 86
1627566558048 0.17922533664521678 87
1627566558182 0.17899668828701068 88
1627566558281 0.1787477288724311 89
1627566558417 0.17838328856280058 90
1627566558499 0.17811162640314773 91
1627566558616 0.17763597473433826 92
1627566558721 0.17724722853180194 93
1627566558821 0.17697602938811427 94
1627566558914 0.17674710918677056 95
1627566559005 0.1765555138708677 96
1627566559128 0.17627644198352913 97
1627566559214 0.1760707428314228 98
1627566559302 0.1758487205763358 99
1627566559415 0.17563445449120046 100
1627566559511 0.17541846457345442 101
1627566559604 0.17521886468204664 102
1627566559699 0.17493709907175953 103
1627566559777 0.17474115260804227 104
1627566559876 0.1745177516755217 105
1627566560002 0.17425063299298946 106
1627566560136 0.17407239136259123 107
1627566560230 0.17388775501987647 108
1627566560425 0.17351383345061333 109
1627566560517 0.17332152002797113 110
1627566560603 0.17312145265142642 111
1627566560745 0.17283697618413227 112
1627566560845 0.17263680712566187 113
1627566560948 0.17234528145553676 114
1627566561034 0.17213569170372112 115
1627566561119 0.17194008366743818 116
1627566561219 0.17164946043909754 117
1627566561311 0.17144966920051366 118
1627566561379 0.1712803920558153 119
1627566561511 0.1710999172134723 120
1627566561640 0.17092557122931967 121
1627566561741 0.17069511011607333 122
1627566561863 0.1705243484922298 123
1627566561975 0.1702618950410468 124
1627566562051 0.17008529484722482 125
1627566562147 0.1698760791209771 126
1627566562231 0.16970407347271452 127
1627566562317 0.16953614803983014 128
1627566562399 0.16936856731529074 129
1627566562497 0.16921618142050976 130
1627566562590 0.169015951849114 131
1627566562652 0.16885279494179214 132
1627566562728 0.16867491925005593 133
1627566562822 0.16850517936601073 134
1627566562905 0.16834242597323304 135
1627566562992 0.16817069960809358 136
1627566563075 0.16801057164895267 137
1627566563155 0.16783987127401725 138
1627566563269 0.16766450854075934 139
1627566563361 0.1675222603875102 140
1627566563477 0.1673736811285803 141
1627566563571 0.1672063662786188 142
1627566563656 0.16704704008383733 143
1627566563747 0.16684282033980455 144
1627566563834 0.166662055443856 145
1627566563923 0.1664425023396151 146
1627566564018 0.1662559476364287 147
1627566564102 0.16609158810182612 148
1627566564190 0.16590195870128482 149
1627566564306 0.16566906495418543 150
1627566564373 0.16554557119743818 151
1627566564434 0.1654190783580487 152
1627566564532 0.16518021656125412 153
1627566564621 0.16500896297506976 154
1627566564716 0.164855357365712 155
1627566564801 0.16471695364954253 156
1627566564873 0.16457280263652285 157
1627566564952 0.16443870876523214 158
1627566565024 0.1642930263398078 159
1627566565156 0.1641327307634078 160
1627566565239 0.16398248641299465 161
1627566565315 0.1638515023575589 162
1627566565395 0.16367073137750499 163
1627566565480 0.16353222027379627 164
1627566565562 0.16338523227895038 165
1627566565643 0.16323509476278536 166
1627566565755 0.16308365825778726 167
1627566565822 0.16295687823984709 168
1627566565887 0.1628269595525968 169
1627566565981 0.16268621222328591 170
1627566566047 0.16255560638013167 171
1627566566156 0.16241289562397554 172
1627566566247 0.16227005820961907 173
1627566566346 0.16212615320022597 174
1627566566436 0.1619900547196627 175
1627566566515 0.1618453686844476 176
1627566566614 0.16166606110788329 177
1627566566695 0.16151714617382512 178
1627566566769 0.16139420494319492 179
1627566566878 0.16117666497228417 180
1627566566954 0.16102219204594043 181
1627566567037 0.1608875356315052 182
1627566567145 0.16074464098864633 183
1627566567229 0.16058023217319556 184
1627566567317 0.16043821972121655 185
1627566567400 0.16028949111533985 186
1627566567479 0.1601532127432319 187
1627566567547 0.16001294968300409 188
1627566567649 0.15983254922700094 189
1627566567730 0.15969645715227132 190
1627566567828 0.15952691486925838 191
1627566567909 0.1593909531458377 192
1627566567985 0.15927292777971974 193
1627566568070 0.15913685583095555 194
1627566568170 0.15897594776902085 195
1627566568249 0.15884947986135187 196
1627566568332 0.15872552236592838 197
1627566568414 0.15860287976999038 198
1627566568493 0.15848179654252217 199
1627566568602 0.15834115597687431 200
1627566568683 0.15820575993188438 201
1627566568749 0.15809328312414817 202
1627566568828 0.15796207360594022 203
1627566568906 0.15785201938025567 204
1627566568971 0.15773985751169273 205
1627566569060 0.1575933319131431 206
1627566569123 0.15747718201240143 207
1627566569204 0.15735032986419972 208
1627566569292 0.15722063267140668 209
1627566569361 0.15710323503135745 210
1627566569435 0.1569962787482073 211
1627566569516 0.1568605160166707 212
1627566569579 0.15675888575760655 213
1627566569651 0.1566489265103059 214
1627566569745 0.1565222111473283 215
1627566569818 0.15640356987160642 216
1627566569884 0.15628602883503 217
1627566569946 0.1561758613242 218
1627566570010 0.15605262636069006 219
1627566570072 0.1559493770285273 220
1627566570155 0.15582633136406657 221
1627566570257 0.155655768906594 222
1627566570328 0.1555577888915923 223
1627566570415 0.15544114368377349 224
1627566570479 0.1553410063107898 225
1627566570553 0.15522401667031535 226
1627566570625 0.15510282160267738 227
1627566570705 0.15497605919668359 228
1627566570775 0.15486751831730622 229
1627566570849 0.15474936723462288 230
1627566570933 0.15462964335873594 231
1627566571003 0.1545289510734858 232
1627566571070 0.1544359039771672 233
1627566571156 0.1543351348338364 234
1627566571225 0.15421685256064882 235
1627566571301 0.15409876052782578 236
1627566571360 0.15399277638007425 237
1627566571425 0.15390100108064525 238
1627566571484 0.1537919883775036 239
1627566571547 0.1536989970071217 240
1627566571616 0.15360012595499728 241
1627566571706 0.1534366257490207 242
1627566571772 0.15334023571278219 243
1627566571848 0.1532286104559355 244
1627566571941 0.1531084752369549 245
1627566572012 0.15300561818496355 246
1627566572088 0.15289129961269435 247
1627566572154 0.15279736647638725 248
1627566572216 0.15271390121756465 249
1627566572313 0.15260178933989982 250
1627566572384 0.15249695064770186 251
1627566572470 0.15237545214179263 252
1627566572539 0.15225881082151135 253
1627566572624 0.1521587353956275 254
1627566572706 0.15203434340571437 255
1627566572787 0.15191512898064755 256
1627566572865 0.1518103166223947 257
1627566572933 0.15170707704085212 258
1627566573011 0.151603722802673 259
1627566573103 0.15148384873663262 260
1627566573209 0.15136476041603777 261
1627566573293 0.15125454380995632 262
1627566573375 0.151148744093339 263
1627566573460 0.1510265952895283 264
1627566573540 0.15090947335761992 265
1627566573617 0.15080583728813224 266
1627566573708 0.1506678330710852 267
1627566573795 0.15054278919062233 268
1627566573885 0.15042908717257086 269
1627566573948 0.1503512552713877 270
1627566574019 0.15026083051148756 271
1627566574093 0.1501759775650485 272
1627566574162 0.1500667401934528 273
1627566574230 0.14997497006941155 274
1627566574303 0.1498785921576798 275
1627566574403 0.14972318369332688 276
1627566574479 0.14960856345069315 277
1627566574540 0.14953165541895075 278
1627566574631 0.1494173903363882 279
1627566574719 0.14928953763471056 280
1627566574796 0.1491925654727628 281
1627566574870 0.1490917078171221 282
1627566574939 0.14899093096020105 283
1627566575017 0.14889321322006344 284
1627566575090 0.1487974947754777 285
1627566575164 0.14868501745231963 286
1627566575243 0.14857879684595074 287
1627566575332 0.14848081280456002 288
1627566575400 0.14840739289928712 289
1627566575495 0.14830076414567483 290
1627566575585 0.14821991525061878 291
1627566575688 0.14812276864998877 292
1627566575794 0.14802754340370963 293
1627566575865 0.14791884499374308 294
1627566575943 0.14781557454517708 295
1627566576008 0.14772273783347686 296
1627566576071 0.14762726269172047 297
1627566576139 0.14752204573932223 298
1627566576206 0.14743854568105597 299
1627566576309 0.1473091356599506 300
1627566576383 0.14721697971929273 301
1627566576461 0.147107828326077 302
1627566576531 0.14702189771589086 303
1627566576606 0.1469224550691097 304
1627566576676 0.14684684363555522 305
1627566576736 0.14674763295351786 306
1627566576807 0.14663198274396796 307
1627566576885 0.14654590666036632 308
1627566576959 0.14646468398349566 309
1627566577030 0.1463587169586048 310
1627566577092 0.1462721922572646 311
1627566577161 0.1462011349407675 312
1627566577232 0.14611183380079631 313
1627566577303 0.14602022374993803 314
1627566577369 0.1459325249085855 315
1627566577435 0.1458262061573059 316
1627566577501 0.14573415958484642 317
1627566577569 0.1456490651791892 318
1627566577648 0.1455630123390269 319
1627566577711 0.1454657266030645 320
1627566577779 0.14538219082894688 321
1627566577853 0.1452805947679453 322
1627566577933 0.14516882260737798 323
1627566578014 0.1450799710837455 324
1627566578080 0.14499810440023858 325
1627566578151 0.14490356928661782 326
1627566578223 0.14481772190524492 327
1627566578295 0.14472438583574432 328
1627566578356 0.14464437288388518 329
1627566578434 0.14452722684419494 330
1627566578517 0.14440083261816988 331
1627566578577 0.1443161788866693 332
1627566578636 0.14424000322004113 333
1627566578698 0.14414301582158393 334
1627566578767 0.14404957287025597 335
1627566578844 0.143960687787016 336
1627566578948 0.14868501745231963 337
1627566583340 0.5080192880222258 0
1627566583549 0.4684843430929369 1
1627566583758 0.43360006261261963 2
1627566583933 0.40290457976287436 3
1627566584132 0.37598250505247327 4
1627566584316 0.352502771705583 5
1627566584463 0.33219483970035063 6
1627566584593 0.3146174031843881 7
1627566584724 0.2995001382469313 8
1627566584881 0.28637824725203714 9
1627566585014 0.2750630570417532 10
1627566585135 0.2653912122469176 11
1627566585251 0.25707913773525676 12
1627566585389 0.2500471496335538 13
1627566585506 0.24399512841715917 14
1627566585628 0.23888959576299787 15
1627566585746 0.23448546033054074 16
1627566585880 0.2308451564839551 17
1627566585999 0.22770974186623796 18
1627566586107 0.22484796873371984 19
1627566586221 0.22242297200401664 20
1627566586334 0.22041043790281878 21
1627566586516 0.21863594920495316 22
1627566586682 0.21692785708355516 23
1627566586803 0.2153739683785491 24
1627566586963 0.21420500811347404 25
1627566587078 0.21313296786687336 26
1627566587184 0.21193203023312002 27
1627566587295 0.21095317635198063 28
1627566587410 0.20987676851953818 29
1627566587542 0.2089860871039772 30
1627566587653 0.2081001779427912 31
1627566587766 0.2072062146127546 32
1627566587877 0.20658924049342983 33
1627566587972 0.20581639555113598 34
1627566588098 0.20505752529432164 35
1627566588236 0.20439780691192802 36
1627566588358 0.20343003741895427 37
1627566588465 0.20272228556741873 38
1627566588611 0.2017240070247578 39
1627566588716 0.20128951654860658 40
1627566588885 0.20027981817630322 41
1627566589020 0.19927749356543537 42
1627566589122 0.19857132409915287 43
1627566589231 0.19809094812083128 44
1627566589324 0.19771498205531637 45
1627566589440 0.19666933142521736 46
1627566589589 0.196051759322989 47
1627566589755 0.19542305511326502 48
1627566589868 0.1948563631784302 49
1627566590007 0.19375200041218124 50
1627566590154 0.19337632796421747 51
1627566590257 0.1927787591698076 52
1627566590358 0.19238020061129507 53
1627566590489 0.19208103376246818 54
1627566590595 0.19152168194570449 55
1627566590718 0.19054170349636712 56
1627566590812 0.1902175077678579 57
1627566590910 0.18987605126327234 58
1627566591022 0.1892712571093938 59
1627566591116 0.18895731374337116 60
1627566591226 0.188677098299817 61
1627566591344 0.1881852991629333 62
1627566591439 0.18790536877622238 63
1627566591554 0.18718080109627958 64
1627566591655 0.18686245865416387 65
1627566591754 0.1865234501039156 66
1627566591861 0.186047301106572 67
1627566591987 0.1853408151417883 68
1627566592086 0.18502052433831406 69
1627566592204 0.1847545728874049 70
1627566592311 0.1844146676775768 71
1627566592402 0.18414840146640402 72
1627566592507 0.1838763204222248 73
1627566592601 0.1835870595776336 74
1627566592706 0.1833204955991722 75
1627566592802 0.18307700676837868 76
1627566592905 0.1827584579974259 77
1627566592999 0.18251100314047475 78
1627566593116 0.18193976824511363 79
1627566593219 0.18170775766842762 80
1627566593311 0.18145639395875063 81
1627566593437 0.1811853836661989 82
1627566593528 0.1809439572470888 83
1627566593635 0.1804292508198528 84
1627566593737 0.18019174433542443 85
1627566593840 0.17987403207598548 86
1627566593940 0.17964763170141637 87
1627566594037 0.1792873685843246 88
1627566594141 0.17903231444849327 89
1627566594255 0.17872187958560828 90
1627566594376 0.17828402508631108 91
1627566594475 0.1780829370864054 92
1627566594582 0.1778217553674181 93
1627566594694 0.17743147285965088 94
1627566594800 0.17706951100644838 95
1627566594889 0.17680565486778024 96
1627566594993 0.1765350545083801 97
1627566595080 0.17632350666988378 98
1627566595176 0.1761154605192371 99
1627566595306 0.17585318988867152 100
1627566595442 0.17563246921398257 101
1627566595520 0.17543635387982354 102
1627566595603 0.17523299452090116 103
1627566595713 0.17499255381425463 104
1627566595857 0.17461950826057446 105
1627566595947 0.17441085051474495 106
1627566596029 0.17422402153330432 107
1627566596130 0.17403589920522802 108
1627566596242 0.1736685546111781 109
1627566596350 0.17334406170832867 110
1627566596436 0.17314002671922674 111
1627566596538 0.17295221256121687 112
1627566596635 0.17274615010307398 113
1627566596728 0.17256002847675458 114
1627566596812 0.17235179806374637 115
1627566596874 0.1721727936363478 116
1627566596940 0.17201032508024497 117
1627566597022 0.17182397981786557 118
1627566597134 0.17143647695754355 119
1627566597220 0.17126685116778023 120
1627566597318 0.17100293989121357 121
1627566597400 0.17081777460958492 122
1627566597492 0.17064802612844843 123
1627566597606 0.17036555895741198 124
1627566597673 0.17021128890540244 125
1627566597744 0.17006444770100412 126
1627566597843 0.16988165574190517 127
1627566597921 0.1697276196685516 128
1627566598009 0.16954534327649184 129
1627566598090 0.16938684157240755 130
1627566598180 0.16923183568121433 131
1627566598270 0.16905548961784156 132
1627566598342 0.16889777836201986 133
1627566598428 0.16872661122702012 134
1627566598512 0.16853688373805972 135
1627566598597 0.16836915971337443 136
1627566598680 0.16818137179044285 137
1627566598783 0.16802129436486893 138
1627566598910 0.16785581976548447 139
1627566599040 0.1676907472765669 140
1627566599183 0.1675260364016979 141
1627566599295 0.1673560287910928 142
1627566599450 0.1670678457713632 143
1627566599532 0.16690830605800933 144
1627566599622 0.16676395660905902 145
1627566599696 0.166641634137861 146
1627566599788 0.16647476967268512 147
1627566599880 0.16632711446601922 148
1627566599974 0.16617352687617754 149
1627566600082 0.16601960902270166 150
1627566600206 0.16579781524266607 151
1627566600305 0.16558974848402838 152
1627566600409 0.16542639869832157 153
1627566600538 0.16525834449948937 154
1627566600626 0.16510925237239993 155
1627566600726 0.16496218770262402 156
1627566600852 0.16480678843916044 157
1627566600930 0.1646679665432022 158
1627566601010 0.16453203956253254 159
1627566601154 0.16438462190335099 160
1627566601224 0.1642637100182898 161
1627566601311 0.1641217845783329 162
1627566601409 0.1639059859394269 163
1627566601481 0.16378621606865396 164
1627566601549 0.16364711082354444 165
1627566601644 0.16346098336876852 166
1627566601741 0.16333675347733215 167
1627566601843 0.16322230647025313 168
1627566601937 0.1630724733937748 169
1627566602029 0.16291000989279344 170
1627566602136 0.16276301720513156 171
1627566602254 0.16262060889691238 172
1627566602335 0.16245818028542838 173
1627566602419 0.16231644665979794 174
1627566602498 0.16216993961203427 175
1627566602572 0.16203182413280764 176
1627566602643 0.16190819920823948 177
1627566602731 0.16175774685928862 178
1627566602806 0.16163024308508564 179
1627566602891 0.1614766660582749 180
1627566602998 0.16127696039173656 181
1627566603095 0.16108007269702776 182
1627566603175 0.16094358403965056 183
1627566603246 0.1608107145443079 184
1627566603347 0.1606830942934945 185
1627566603424 0.16055154395013208 186
1627566603576 0.16035912548495324 187
1627566603715 0.16023291546739324 188
1627566603877 0.1600565820691327 189
1627566603952 0.15993856818430477 190
1627566604027 0.15982022430893683 191
1627566604102 0.1596875161395352 192
1627566604186 0.15953251490807285 193
1627566604253 0.15941500965218916 194
1627566604330 0.15927698574573773 195
1627566604412 0.15915802447454605 196
1627566604476 0.15903299880267843 197
1627566604575 0.15887109649431827 198
1627566604652 0.15875493829636678 199
1627566604755 0.15860914921603486 200
1627566604838 0.15849643467959235 201
1627566604901 0.15839293182080494 202
1627566604966 0.15826314830487437 203
1627566605041 0.15815513863535866 204
1627566605112 0.15802413937616658 205
1627566605200 0.1579091551613145 206
1627566605276 0.1578055778006336 207
1627566605407 0.15767961231923433 208
1627566605520 0.15756148603883088 209
1627566605629 0.15743130938632016 210
1627566605714 0.15734091433735095 211
1627566605776 0.1572393424820577 212
1627566605872 0.15712577273104783 213
1627566605961 0.15699792502269802 214
1627566606037 0.15688339937304072 215
1627566606102 0.15677426633392674 216
1627566606165 0.15667886460165428 217
1627566606243 0.15654425968238403 218
1627566606317 0.1564131809052949 219
1627566606419 0.15622640210127609 220
1627566606511 0.15610269272363117 221
1627566606593 0.15599326360350602 222
1627566606669 0.15589532857733032 223
1627566606732 0.15579587463479258 224
1627566606816 0.15568635044054446 225
1627566606964 0.15556881893869043 226
1627566607030 0.15545974881030958 227
1627566607099 0.15533781342135247 228
1627566607197 0.15523165673600692 229
1627566607265 0.15513629865483983 230
1627566607350 0.15501113984765696 231
1627566607464 0.15483994978029142 232
1627566607529 0.15474882385403146 233
1627566607609 0.15464007425524276 234
1627566607683 0.15452182557470678 235
1627566607762 0.15440665013457497 236
1627566607851 0.15429572484350598 237
1627566607969 0.1541767123383036 238
1627566608050 0.15403226461819236 239
1627566608119 0.1539326596984114 240
1627566608188 0.15383187263008005 241
1627566608278 0.15368970893215939 242
1627566608369 0.15354318649118145 243
1627566608437 0.15342497209543748 244
1627566608523 0.1532852648574543 245
1627566608591 0.1531836082943855 246
1627566608673 0.15307654811646285 247
1627566608736 0.1529766668112004 248
1627566608798 0.15289393963605208 249
1627566608888 0.15279140827105764 250
1627566608958 0.1527061578485255 251
1627566609051 0.15254406792631423 252
1627566609118 0.15242273323145797 253
1627566609183 0.15232304533083862 254
1627566609271 0.15815513863535866 255
1627566613228 0.5087927869820124 0
1627566613369 0.4692884693317188 1
1627566613497 0.4343180976821269 2
1627566613636 0.4035202222175508 3
1627566613775 0.37647563579431503 4
1627566613918 0.35297396011007404 5
1627566614066 0.3326122850638044 6
1627566614204 0.3149549803117785 7
1627566614337 0.2997703972075851 8
1627566614513 0.2866995320359918 9
1627566614663 0.2753013171730959 10
1627566614797 0.265642024764342 11
1627566614931 0.2572750451613052 12
1627566615060 0.25022140824220956 13
1627566615178 0.24410642481461303 14
1627566615301 0.23903869605802625 15
1627566615422 0.23468714990499226 16
1627566615563 0.2310662437761847 17
1627566615694 0.22792762219129803 18
1627566615863 0.2250548097171098 19
1627566615976 0.22259875139008348 20
1627566616138 0.2205333707111397 21
1627566616252 0.21875180941086028 22
1627566616361 0.21704524482322024 23
1627566616469 0.21554110118889935 24
1627566616574 0.2142615387346718 25
1627566616691 0.21289835289327094 26
1627566616794 0.21173029459390796 27
1627566616910 0.21082822604131232 28
1627566617064 0.20980114808070469 29
1627566617175 0.20881941342179286 30
1627566617320 0.207925239275813 31
1627566617431 0.20705021559925207 32
1627566617539 0.20613461375609565 33
1627566617690 0.20549802396437986 34
1627566617797 0.20472887313418575 35
1627566617934 0.20379326924126256 36
1627566618049 0.20293045852293612 37
1627566618161 0.20220162039043002 38
1627566618262 0.20149852950425606 39
1627566618357 0.20106157680022 40
1627566618453 0.20027080464911565 41
1627566618552 0.19944622301836906 42
1627566618661 0.1983314243377666 43
1627566618775 0.19772768211765718 44
1627566618869 0.19725858008929456 45
1627566618977 0.1966259664930942 46
1627566619085 0.1960447449100473 47
1627566619193 0.19544148060927474 48
1627566619292 0.19503156562267648 49
1627566619444 0.19407907262586935 50
1627566619543 0.1937324452931668 51
1627566619632 0.19319812894537036 52
1627566619749 0.19242015416227648 53
1627566619850 0.19197204487587682 54
1627566619956 0.19141727933043304 55
1627566620062 0.19088252632885533 56
1627566620154 0.1905927845788405 57
1627566620266 0.1898068990482916 58
1627566620366 0.18949965896235382 59
1627566620462 0.18917456900310647 60
1627566620601 0.18840557963901916 61
1627566620706 0.1879782915503005 62
1627566620796 0.18767580783341012 63
1627566620899 0.1873906137919677 64
1627566621048 0.18706902429317418 65
1627566621179 0.1867685458968795 66
1627566621301 0.18630871046152236 67
1627566621393 0.18597170500512747 68
1627566621505 0.18533034556879321 69
1627566621600 0.1850527146938951 70
1627566621699 0.18473105921923055 71
1627566621790 0.18443779329138135 72
1627566621894 0.1841427589951717 73
1627566622005 0.18381563449597701 74
1627566622101 0.1835477277641657 75
1627566622261 0.18327996308221553 76
1627566622384 0.18278046689179603 77
1627566622515 0.18250502454655096 78
1627566622613 0.18223639445566517 79
1627566622752 0.18198600697523087 80
1627566622863 0.1814837275019006 81
1627566622963 0.18123536501436563 82
1627566623052 0.1809979467978931 83
1627566623165 0.18055790047804188 84
1627566623252 0.1803232062445036 85
1627566623344 0.18007125757394116 86
1627566623449 0.1797108144555734 87
1627566623545 0.1794832146853007 88
1627566623651 0.1791213927652453 89
1627566623737 0.17888059938512138 90
1627566623847 0.1785636562160191 91
1627566623930 0.17834092606154045 92
1627566624017 0.17808489306209077 93
1627566624131 0.17763145504947273 94
1627566624227 0.17740911824634986 95
1627566624328 0.17717570639264021 96
1627566624435 0.17680910369047745 97
1627566624528 0.1766026239144496 98
1627566624629 0.176384289920502 99
1627566624783 0.17598592577474068 100
1627566624883 0.17576173278766866 101
1627566624984 0.17554675768088632 102
1627566625068 0.17533056334525868 103
1627566625160 0.17510573988389946 104
1627566625263 0.17487410051349006 105
1627566625366 0.17458835811788034 106
1627566625455 0.17439093230344235 107
1627566625588 0.17418760192231894 108
1627566625703 0.1739694589727378 109
1627566625813 0.17360276778537367 110
1627566625903 0.17340598917917086 111
1627566625999 0.17322185729874268 112
1627566626112 0.17292828812358604 113
1627566626209 0.17275454354237374 114
1627566626326 0.17246662423494408 115
1627566626403 0.17228633490285328 116
1627566626487 0.17208869015412595 117
1627566626571 0.1719153124150959 118
1627566626659 0.17172024289865048 119
1627566626735 0.1715509454311048 120
1627566626825 0.17136548481996816 121
1627566626915 0.17115370917672607 122
1627566627017 0.17088467400368537 123
1627566627086 0.17071295801066536 124
1627566627166 0.1705250462800045 125
1627566627250 0.17032738611863577 126
1627566627351 0.17010565738755892 127
1627566627451 0.16993123476613364 128
1627566627542 0.16974429940431437 129
1627566627653 0.16952694072197516 130
1627566627787 0.16925912590927236 131
1627566627889 0.16908103405426972 132
1627566627969 0.16890750440588712 133
1627566628050 0.1687444552757998 134
1627566628146 0.16857730597875195 135
1627566628231 0.16840187167929216 136
1627566628317 0.1682475430530158 137
1627566628394 0.16809295404616792 138
1627566628477 0.16791813871031727 139
1627566628559 0.1677616915961691 140
1627566628666 0.16752438282103163 141
1627566628726 0.16737862021239217 142
1627566628805 0.16724406342264028 143
1627566628883 0.16706532069341892 144
1627566628962 0.1669118483324394 145
1627566629050 0.1667474005422418 146
1627566629139 0.16656450004163026 147
1627566629222 0.16641409064370688 148
1627566629312 0.1662580007361169 149
1627566629416 0.1660490433159845 150
1627566629512 0.16589112444278953 151
1627566629596 0.16575422003515444 152
1627566629684 0.1655869271351568 153
1627566629763 0.16543321189239188 154
1627566629849 0.16528693436613753 155
1627566629959 0.16513879026183684 156
1627566630049 0.16495422719943023 157
1627566630134 0.16479337302054348 158
1627566630225 0.16460181498808507 159
1627566630294 0.1644631831414601 160
1627566630373 0.1643010280050447 161
1627566630468 0.16415229979204665 162
1627566630552 0.16396337984463888 163
1627566630631 0.16383703587722848 164
1627566630737 0.163653840782303 165
1627566630820 0.1635070122170443 166
1627566630936 0.16328113121234525 167
1627566631018 0.1631502759011891 168
1627566631099 0.1630046230763989 169
1627566631174 0.16287271720734137 170
1627566631247 0.16273484879661468 171
1627566631371 0.16257459296935003 172
1627566631447 0.1624263473844066 173
1627566631512 0.16228814075008421 174
1627566631596 0.16214051718645442 175
1627566631678 0.16197919717650466 176
1627566631773 0.16182761124688558 177
1627566631842 0.16168564602059285 178
1627566631926 0.1615434801566818 179
1627566632012 0.16139536259317896 180
1627566632090 0.16125255965308793 181
1627566632178 0.16107578171932085 182
1627566632266 0.16087092872966546 183
1627566632341 0.1607281044444988 184
1627566632404 0.16061842118450295 185
1627566632467 0.16049824105286098 186
1627566632542 0.16037040591216123 187
1627566632641 0.16024924442496222 188
1627566632763 0.16012161881951195 189
1627566632858 0.1599875254836495 190
1627566632936 0.15986879657539158 191
1627566633008 0.1597310875668477 192
1627566633078 0.15960384202929614 193
1627566633136 0.1594850810417841 194
1627566633239 0.15928550562254315 195
1627566633325 0.15915580564255769 196
1627566633395 0.15904685561377205 197
1627566633463 0.1589107514213092 198
1627566633579 0.15881606458581532 199
1627566633671 0.15869252410037452 200
1627566633777 0.158561180834664 201
1627566633900 0.15842908185432858 202
1627566634003 0.15830342874900213 203
1627566634115 0.15819478727929784 204
1627566634248 0.15804687138040283 205
1627566634368 0.1579394709071308 206
1627566634445 0.1578043030341363 207
1627566634521 0.15768957482078105 208
1627566634605 0.15756553164425033 209
1627566634682 0.1574364488700951 210
1627566634749 0.1573093896891517 211
1627566634821 0.15717669173823043 212
1627566634902 0.15705938075418818 213
1627566634975 0.15696626365107763 214
1627566635081 0.15678618691904891 215
1627566635151 0.1566701350912776 216
1627566635226 0.15655544430724452 217
1627566635290 0.15643926168188804 218
1627566635366 0.15631687090255045 219
1627566635449 0.15620333154032723 220
1627566635516 0.15610757229702485 221
1627566635596 0.15600714882736105 222
1627566635690 0.15582744716928662 223
1627566635762 0.15571536132306904 224
1627566635840 0.1556085011830662 225
1627566635907 0.1555017673576045 226
1627566635968 0.15541603681073365 227
1627566636045 0.1552992031857156 228
1627566636108 0.1552011913447328 229
1627566636179 0.15507873586997023 230
1627566636259 0.1549736557807927 231
1627566636379 0.15485205788830156 232
1627566636504 0.15473629881201917 233
1627566636605 0.15462380867916428 234
1627566636730 0.15447945901117707 235
1627566636818 0.1543656958674159 236
1627566636910 0.15424962176497428 237
1627566636973 0.1541654131500464 238
1627566637056 0.15402814988240018 239
1627566637123 0.1539396831576614 240
1627566637189 0.15384379606491977 241
1627566637261 0.15374678246734497 242
1627566637346 0.15364016372864112 243
1627566637422 0.15351657647151803 244
1627566637495 0.15343151461172513 245
1627566637570 0.15332955562670497 246
1627566637642 0.15322344604648966 247
1627566637718 0.15310536185381582 248
1627566637805 0.15298846983586536 249
1627566637887 0.15289376740697275 250
1627566637948 0.15278864696116523 251
1627566638020 0.15267350429608514 252
1627566638114 0.1525734497522727 253
1627566638215 0.15244756548627172 254
1627566638279 0.15233493717271596 255
1627566638347 0.15223848106036308 256
1627566638412 0.15212785185628663 257
1627566638492 0.15201655527551045 258
1627566638567 0.15190708223132415 259
1627566638632 0.15181195760095864 260
1627566638704 0.15171608638594453 261
1627566638796 0.1515493780403271 262
1627566638864 0.15145017620515713 263
1627566638932 0.15136268366863775 264
1627566639005 0.1512530232207897 265
1627566639071 0.15115461357086876 266
1627566639138 0.15105380291845255 267
1627566639222 0.15093319461250235 268
1627566639288 0.15083232600886673 269
1627566639382 0.1507325514568624 270
1627566639456 0.15062997928660563 271
1627566639534 0.15054086427009697 272
1627566639604 0.15044430902780828 273
1627566639686 0.15034822729893116 274
1627566639828 0.15022029742959653 275
1627566639911 0.1556085011830662 276
1627566643965 0.5067989944323996 0
1627566644124 0.46740800929688514 1
1627566644259 0.432646863429752 2
1627566644466 0.4020735587954501 3
1627566644690 0.3752258416346606 4
1627566644841 0.35183401308947765 5
1627566645002 0.3315779671110169 6
1627566645134 0.3140372854740817 7
1627566645263 0.29892737075890596 8
1627566645397 0.2859091190738018 9
1627566645521 0.27464921931541547 10
1627566645642 0.26503521066531305 11
1627566645764 0.25677270416785736 12
1627566645888 0.24981825910004357 13
1627566646048 0.2437850492588239 14
1627566646178 0.23871960678163026 15
1627566646365 0.23436077798636282 16
1627566646538 0.23069619011509626 17
1627566646712 0.22759353429638393 18
1627566646833 0.22468104987940643 19
1627566646948 0.22232905875936262 20
1627566647061 0.2203247314777361 21
1627566647180 0.21854684482994224 22
1627566647287 0.21671117553729238 23
1627566647442 0.2151801462119742 24
1627566647576 0.21399726507362107 25
1627566647688 0.21277760607455287 26
1627566647802 0.21167979078361207 27
1627566647908 0.2105674703980381 28
1627566648010 0.20957716903248103 29
1627566648114 0.2086605546799453 30
1627566648232 0.2078009140368913 31
1627566648337 0.2067851337726747 32
1627566648457 0.20595649249097378 33
1627566648559 0.2053779499316297 34
1627566648708 0.20452904928977966 35
1627566648816 0.20359299618507187 36
1627566648928 0.2027806928286569 37
1627566649043 0.20219508199087077 38
1627566649203 0.20154367901675993 39
1627566649314 0.2010710876887908 40
1627566649420 0.199953176733741 41
1627566649527 0.19891590902408302 42
1627566649647 0.1983674126035169 43
1627566649750 0.19788261983740957 44
1627566649847 0.19728712208923233 45
1627566649954 0.19650980693322465 46
1627566650070 0.19549379719171683 47
1627566650179 0.19480155793350853 48
1627566650286 0.19440594956381863 49
1627566650424 0.19339577907129635 50
1627566650520 0.193033204854255 51
1627566650625 0.19256842951978204 52
1627566650729 0.19173934469528253 53
1627566650830 0.19132620239536977 54
1627566650933 0.1908845795159888 55
1627566651046 0.19002704124995828 56
1627566651135 0.18971273885942258 57
1627566651243 0.1892713450518542 58
1627566651343 0.18896466154764915 59
1627566651455 0.1885957317767745 60
1627566651614 0.18829158186127284 61
1627566651734 0.1879832597917353 62
1627566651868 0.1877318916051373 63
1627566651982 0.18704372102174407 64
1627566652071 0.18672207497876347 65
1627566652174 0.18643249966520092 66
1627566652289 0.1857596467523474 67
1627566652390 0.1854501152511382 68
1627566652491 0.18515460578114168 69
1627566652604 0.18453733143855475 70
1627566652691 0.18425412428113014 71
1627566652784 0.18399187780763818 72
1627566652887 0.18370939478922851 73
1627566652987 0.18342806198438225 74
1627566653091 0.18297984915785515 75
1627566653274 0.18235979757045523 76
1627566653373 0.18209990847217603 77
1627566653474 0.1817441039301889 78
1627566653582 0.18120064473044614 79
1627566653674 0.18095611135647216 80
1627566653794 0.1806709563711401 81
1627566653911 0.18040464891834518 82
1627566654019 0.18013960756129085 83
1627566654123 0.17990777549584128 84
1627566654223 0.17967670198499724 85
1627566654348 0.17939395444434764 86
1627566654454 0.17898380372733713 87
1627566654562 0.17857081305850336 88
1627566654649 0.17833336918390993 89
1627566654737 0.1780844315173815 90
1627566654828 0.17786527307411906 91
1627566654917 0.17765726339928228 92
1627566655031 0.17727113586576976 93
1627566655123 0.17706351580514 94
1627566655245 0.17667247828080748 95
1627566655340 0.17646113848256537 96
1627566655440 0.17614288005947965 97
1627566655514 0.17592743478034883 98
1627566655618 0.1757315876840838 99
1627566655742 0.17537754388810736 100
1627566655841 0.17511926664710323 101
1627566655923 0.17492914613888436 102
1627566656006 0.1747108693519939 103
1627566656096 0.17451177836394488 104
1627566656208 0.1742496124259487 105
1627566656297 0.17403362487889174 106
1627566656418 0.17374946316763043 107
1627566656559 0.17356418788368425 108
1627566656642 0.17338184564587336 109
1627566656784 0.17318368824811622 110
1627566656890 0.17297058432483547 111
1627566657002 0.17268948260384642 112
1627566657094 0.1725009588955346 113
1627566657196 0.17231549406027974 114
1627566657294 0.17211536076418785 115
1627566657366 0.1719570582387416 116
1627566657466 0.17163032918575233 117
1627566657559 0.17142611439108624 118
1627566657672 0.17111416396173662 119
1627566657754 0.1709315208459725 120
1627566657846 0.1707491252523757 121
1627566657934 0.17055943778269758 122
1627566658017 0.1703920145358756 123
1627566658108 0.17020904495763592 124
1627566658192 0.17003825334790687 125
1627566658292 0.1697497235836593 126
1627566658391 0.1694856609742513 127
1627566658489 0.16931177028114347 128
1627566658597 0.1691381300992004 129
1627566658731 0.16896711560871094 130
1627566658830 0.16880760950395476 131
1627566658965 0.1686351625870887 132
1627566659040 0.16846439412966943 133
1627566659126 0.16830012963773694 134
1627566659196 0.16812815783961407 135
1627566659272 0.16796079881500714 136
1627566659358 0.16780363865988338 137
1627566659424 0.16765510763183616 138
1627566659522 0.16741352605233067 139
1627566659594 0.16726317716206018 140
1627566659687 0.16710939439113856 141
1627566659760 0.16694051234335328 142
1627566659860 0.16676578061879457 143
1627566659944 0.1665931333829967 144
1627566660038 0.16642601947063107 145
1627566660131 0.1662648636756068 146
1627566660202 0.16614765602282117 147
1627566660288 0.16599201842446504 148
1627566660369 0.16583238441155831 149
1627566660463 0.16566114212458533 150
1627566660570 0.16553267500418 151
1627566660663 0.1653815879721749 152
1627566660766 0.1652401619077139 153
1627566660873 0.16511008255139492 154
1627566661011 0.16492789136973784 155
1627566661105 0.16478790492380238 156
1627566661183 0.16463244016858303 157
1627566661254 0.164496228276129 158
1627566661340 0.16432181026116174 159
1627566661435 0.1641165184870188 160
1627566661505 0.16397214262287152 161
1627566661648 0.16376752527957927 162
1627566661748 0.16355014283258637 163
1627566661824 0.1634185321435131 164
1627566661907 0.16326796301256033 165
1627566661999 0.1631002088551622 166
1627566662068 0.16294964265446782 167
1627566662142 0.16282137579880834 168
1627566662234 0.16264266921351592 169
1627566662299 0.1625099692162747 170
1627566662374 0.16237184971327592 171
1627566662464 0.16221255851863275 172
1627566662546 0.16206856520116383 173
1627566662666 0.16191706754564844 174
1627566662737 0.16177807214545625 175
1627566662811 0.16164098367230337 176
1627566662908 0.16146028028579196 177
1627566662966 0.1613484207322213 178
1627566663036 0.1612375532021702 179
1627566663132 0.16110724646340327 180
1627566663241 0.16093865183820066 181
1627566663344 0.16080255141237457 182
1627566663434 0.1606657937127308 183
1627566663510 0.16053108173949424 184
1627566663638 0.1602828362430034 185
1627566663729 0.160114884808286 186
1627566663803 0.16000043739268907 187
1627566663878 0.15987799680769704 188
1627566663968 0.15972242637102177 189
1627566664053 0.15959394855198636 190
1627566664144 0.15945793991764975 191
1627566664214 0.15934648734633555 192
1627566664336 0.15921903763412087 193
1627566664430 0.1590720698568142 194
1627566664533 0.15889628219496882 195
1627566664627 0.15876887574572862 196
1627566664709 0.1586226821297099 197
1627566664794 0.15849861976944507 198
1627566664861 0.15838650940604287 199
1627566664953 0.1582588429154164 200
1627566665029 0.15814616900780412 201
1627566665103 0.1580256484290517 202
1627566665167 0.15791312163225998 203
1627566665233 0.15779964786239206 204
1627566665334 0.15768044687587107 205
1627566665424 0.15756018758078272 206
1627566665555 0.1574234516651662 207
1627566665635 0.1573051540345214 208
1627566665764 0.15718717747180866 209
1627566665823 0.15707154751349234 210
1627566665925 0.15689107318325451 211
1627566665995 0.15676282276416384 212
1627566666054 0.15666560807946622 213
1627566666139 0.15653881249684212 214
1627566666211 0.1564367957774842 215
1627566666275 0.15632487097202732 216
1627566666360 0.15621416923554848 217
1627566666441 0.1560800894113285 218
1627566666503 0.15598343557972613 219
1627566666584 0.15586995968900197 220
1627566666651 0.1557572616445505 221
1627566666730 0.15563158441168157 222
1627566666795 0.15551353891718286 223
1627566666884 0.15541647781556886 224
1627566666997 0.15530274952160084 225
1627566667113 0.15516543177926626 226
1627566667215 0.15503678408672297 227
1627566667291 0.15493717353718545 228
1627566667351 0.1548480413356457 229
1627566667430 0.15473302992641422 230
1627566667507 0.1545949879471176 231
1627566667586 0.15447614359396752 232
1627566667669 0.15436777167325202 233
1627566667745 0.1542665271276218 234
1627566667828 0.15415150435536876 235
1627566667930 0.1540481814229653 236
1627566667991 0.15395176563454124 237
1627566668067 0.15383312771881572 238
1627566668134 0.15371285227415998 239
1627566668230 0.15359956301898958 240
1627566668307 0.1534983894716764 241
1627566668367 0.15340097239129463 242
1627566668445 0.15327839546893163 243
1627566668531 0.15316947118586888 244
1627566668596 0.153078581151045 245
1627566668671 0.15296519362575436 246
1627566668776 0.1528589068076989 247
1627566668871 0.15275500575199347 248
1627566668934 0.15265066305473843 249
1627566669020 0.15252989688460303 250
1627566669103 0.15239940465969432 251
1627566669164 0.15230176776959098 252
1627566669241 0.15219217597502302 253
1627566669368 0.15208783291946779 254
1627566669452 0.15196072210753594 255
1627566669568 0.151842641215291 256
1627566669676 0.15172377902879625 257
1627566669748 0.151606983900254 258
1627566669826 0.15150952278718624 259
1627566669895 0.15140534012868467 260
1627566669960 0.15132446134335936 261
1627566670037 0.151219460406895 262
1627566670107 0.15112924796870292 263
1627566670197 0.15101625490537082 264
1627566670278 0.15090444981162976 265
1627566670353 0.1508137669155729 266
1627566670421 0.15074033822096145 267
1627566670488 0.15063038537679457 268
1627566670550 0.15051919810454958 269
1627566670623 0.1504219655126084 270
1627566670686 0.15032932653808487 271
1627566670786 0.15017095881255754 272
1627566670861 0.15006864463219582 273
1627566670978 0.14996878050752524 274
1627566671071 0.14985861494023547 275
1627566671152 0.1497607591699657 276
1627566671279 0.14965409144410433 277
1627566671423 0.14951588295627546 278
1627566671550 0.14941865453722833 279
1627566671631 0.14931377022325837 280
1627566671708 0.14921501507570842 281
1627566671819 0.14911629046507946 282
1627566671923 0.14902870105425825 283
1627566671991 0.14892434078419114 284
1627566672051 0.14882242554654715 285
1627566672113 0.14873309042375946 286
1627566672172 0.14863995244594425 287
1627566672255 0.14851125052228284 288
1627566672332 0.14842652119673783 289
1627566672407 0.14833887575032417 290
1627566672477 0.1482362597740123 291
1627566672545 0.14815216505091747 292
1627566672615 0.14805861584099025 293
1627566672692 0.14795792847361486 294
1627566672759 0.14785567283365844 295
1627566672843 0.1477531715091362 296
1627566672914 0.14766154127734918 297
1627566672986 0.1475775657094808 298
1627566673059 0.1474766848094313 299
1627566673180 0.14732002165709407 300
1627566673277 0.14722312936115325 301
1627566673352 0.14714680896252422 302
1627566673422 0.14704732217230387 303
1627566673492 0.14694776307093357 304
1627566673555 0.146861472277731 305
1627566673624 0.14675842107968048 306
1627566673690 0.14666130708598218 307
1627566673754 0.14657346828999449 308
1627566673836 0.14647874408395933 309
1627566673901 0.1463770874801495 310
1627566673980 0.14628411485765505 311
1627566674048 0.14621430510736558 312
1627566674131 0.14613210504954274 313
1627566674201 0.1460402722598359 314
1627566674292 0.14595171429734513 315
1627566674347 0.14587587526838958 316
1627566674415 0.14577197385853793 317
1627566674487 0.1456817441119022 318
1627566674556 0.14559960084744425 319
1627566674640 0.14547951451035293 320
1627566674715 0.1453871190425953 321
1627566674780 0.14529601702607625 322
1627566674881 0.15017095881255754 323
1627566678929 0.5096052982876732 0
1627566679081 0.46991482330554607 1
1627566679221 0.4348678990487651 2
1627566679348 0.40404876226303915 3
1627566679531 0.3770029789328936 4
1627566679707 0.35346395842666334 5
1627566679846 0.3330415373260155 6
1627566679970 0.3153822942778061 7
1627566680093 0.30015363930009764 8
1627566680222 0.28702601064560646 9
1627566680373 0.2756499352656555 10
1627566680495 0.2659567395203251 11
1627566680624 0.2576353261756681 12
1627566680787 0.2506007120504814 13
1627566680898 0.2444502060410751 14
1627566681066 0.23934266963791823 15
1627566681196 0.23498513873985616 16
1627566681325 0.23128952190422397 17
1627566681437 0.22811965049719993 18
1627566681547 0.22523456823883925 19
1627566681652 0.22269814730767823 20
1627566681762 0.22063977650784522 21
1627566681879 0.2188401337458996 22
1627566681992 0.21726173368457743 23
1627566682108 0.21554694337072242 24
1627566682212 0.21425687886964193 25
1627566682318 0.2131183559894787 26
1627566682422 0.21196524801172786 27
1627566682528 0.21101096409348113 28
1627566682628 0.21004915234176727 29
1627566682735 0.20901753725980676 30
1627566682848 0.20831001856867068 31
1627566682957 0.2074266488249222 32
1627566683066 0.2067908662409909 33
1627566683165 0.20618413569589025 34
1627566683262 0.20528712795379456 35
1627566683368 0.2042198895827469 36
1627566683478 0.2031151832288019 37
1627566683581 0.20258995027519866 38
1627566683693 0.2016981839126506 39
1627566683797 0.20113521544153 40
1627566683904 0.20008070203134581 41
1627566684002 0.19924364201729425 42
1627566684126 0.1979883171140047 43
1627566684234 0.19743642235880854 44
1627566684321 0.19707009368090728 45
1627566684447 0.1963213878131473 46
1627566684546 0.1957217339823144 47
1627566684644 0.195314184188276 48
1627566684747 0.19482901638084196 49
1627566684876 0.19387979713227244 50
1627566684970 0.19352626147738897 51
1627566685090 0.19261980730602266 52
1627566685189 0.19221897261434143 53
1627566685307 0.19143289731534516 54
1627566685412 0.19097099912456228 55
1627566685534 0.19024067634134081 56
1627566685618 0.18994001619978185 57
1627566685719 0.18962482683620577 58
1627566685843 0.18881351581731956 59
1627566685944 0.18847320628766723 60
1627566686056 0.18815698851034118 61
1627566686170 0.18776920536836936 62
1627566686272 0.1874726596804338 63
1627566686417 0.18678806981677068 64
1627566686519 0.18628119839169222 65
1627566686615 0.1859849059026683 66
1627566686705 0.18568804374898415 67
1627566686819 0.18514567455293174 68
1627566686920 0.18487950685795562 69
1627566687025 0.18461855402664826 70
1627566687118 0.1843398492746645 71
1627566687204 0.18406461598129914 72
1627566687306 0.18372351295998746 73
1627566687402 0.18330698070029056 74
1627566687513 0.18289503829074552 75
1627566687627 0.18263507919647912 76
1627566687715 0.18237897096358893 77
1627566687826 0.1820747363787423 78
1627566687954 0.1815883321603888 79
1627566688061 0.1813105001643437 80
1627566688179 0.18082269308024967 81
1627566688283 0.18057423243817847 82
1627566688374 0.18028097211699964 83
1627566688478 0.180008606721002 84
1627566688572 0.1797760067186399 85
1627566688667 0.17953101305295643 86
1627566688765 0.17929123345283562 87
1627566688878 0.17889150732550327 88
1627566688970 0.17864597270966925 89
1627566689061 0.1784022142298294 90
1627566689161 0.1781513936567008 91
1627566689268 0.17791473537881156 92
1627566689348 0.1777126441054887 93
1627566689433 0.1774953483760047 94
1627566689521 0.17724926490914727 95
1627566689605 0.17704431017100977 96
1627566689713 0.17664751645715382 97
1627566689806 0.17636287431464495 98
1627566689892 0.1761601438882998 99
1627566690007 0.1759482258217809 100
1627566690102 0.1757021575799542 101
1627566690188 0.1754740616589455 102
1627566690278 0.17519444885658622 103
1627566690383 0.1749848725868376 104
1627566690501 0.17474261584658166 105
1627566690618 0.1743883423491309 106
1627566690704 0.17420824360671988 107
1627566690806 0.17400188673974873 108
1627566690887 0.17380868106257286 109
1627566690976 0.1736003674620845 110
1627566691072 0.17340043072822411 111
1627566691147 0.17323257770793307 112
1627566691242 0.17302313168534858 113
1627566691327 0.1728340262723225 114
1627566691391 0.17266077855746215 115
1627566691478 0.17244793449595328 116
1627566691568 0.17224511716509325 117
1627566691650 0.17205285616342186 118
1627566691748 0.17174572640349212 119
1627566691818 0.1715959738870428 120
1627566691909 0.17139686351163225 121
1627566691993 0.17122161744095848 122
1627566692113 0.17103614736484216 123
1627566692207 0.17081548635668037 124
1627566692329 0.1704774595974061 125
1627566692430 0.17023618726237977 126
1627566692525 0.17004706568173444 127
1627566692633 0.1697749591560794 128
1627566692720 0.16959303449102914 129
1627566692805 0.1694308919616492 130
1627566692873 0.16928591337553384 131
1627566692961 0.16911313200525183 132
1627566693055 0.16888251240779553 133
1627566693202 0.16861120922101558 134
1627566693276 0.16844506860924663 135
1627566693371 0.1682704325729211 136
1627566693457 0.1681205765085614 137
1627566693559 0.16795600500153932 138
1627566693649 0.16778559723216088 139
1627566693744 0.16760293383629668 140
1627566693855 0.16734053565988088 141
1627566693933 0.16719571910458697 142
1627566694023 0.16704856462260673 143
1627566694107 0.16688309786498293 144
1627566694201 0.16672082440360805 145
1627566694280 0.1665925012660471 146
1627566694353 0.16644718854880317 147
1627566694464 0.16627204897867318 148
1627566694588 0.16611808412502846 149
1627566694719 0.16589923626169256 150
1627566694843 0.1657462829241774 151
1627566694933 0.16560042195135546 152
1627566695041 0.16535923094165697 153
1627566695127 0.16520026010210026 154
1627566695221 0.165048522516973 155
1627566695319 0.16483234972299135 156
1627566695397 0.1646739858620649 157
1627566695486 0.16452756782840125 158
1627566695563 0.1643753233344837 159
1627566695657 0.16422574778363236 160
1627566695744 0.16406951051819993 161
1627566695810 0.16394681344313505 162
1627566695877 0.16380088813284366 163
1627566695959 0.1636526538837587 164
1627566696025 0.16351805476955197 165
1627566696112 0.16335940371596508 166
1627566696206 0.16320742919022707 167
1627566696275 0.16309149141055132 168
1627566696362 0.1629339419837887 169
1627566696447 0.16278967380433196 170
1627566696537 0.16262974468847602 171
1627566696625 0.1624904109152884 172
1627566696700 0.16235378960320077 173
1627566696768 0.1622177865948894 174
1627566696853 0.16207108735556974 175
1627566696932 0.16193253659958073 176
1627566697026 0.161784982175555 177
1627566697124 0.1616388510257546 178
1627566697204 0.1615008504973261 179
1627566697281 0.1613664897587553 180
1627566697364 0.16122595654515065 181
1627566697439 0.1611140960625992 182
1627566697530 0.16097956261726737 183
1627566697621 0.16080536878088103 184
1627566697704 0.16063752154241864 185
1627566697789 0.16049297647272434 186
1627566697868 0.16035303421433938 187
1627566697937 0.16023570266050227 188
1627566698036 0.16001283375034758 189
1627566698117 0.1598798045583958 190
1627566698185 0.1597795474243761 191
1627566698265 0.15964054171654907 192
1627566698339 0.15950414572302996 193
1627566698413 0.1593785619113398 194
1627566698506 0.15918508924924168 195
1627566698583 0.15906204904382823 196
1627566698662 0.15894415714226118 197
1627566698775 0.15880649372374647 198
1627566698856 0.15868000270765328 199
1627566698973 0.15850054927107304 200
1627566699068 0.15838290268548047 201
1627566699192 0.15825012468570748 202
1627566699262 0.1581273264859855 203
1627566699327 0.15801738845092894 204
1627566699394 0.15790265348802318 205
1627566699474 0.15778379948078702 206
1627566699549 0.1576654155457049 207
1627566699630 0.1575474557511222 208
1627566699700 0.15744680614964862 209
1627566699776 0.1573109862673252 210
1627566699865 0.15717855306236198 211
1627566699931 0.15704423968280648 212
1627566700013 0.15692420165289434 213
1627566700077 0.1568081644433688 214
1627566700150 0.15667268978721502 215
1627566700210 0.15656183225990716 216
1627566700288 0.15645190365302064 217
1627566700365 0.15633144520981826 218
1627566700453 0.1562072623226661 219
1627566700528 0.1561116433243023 220
1627566700632 0.15598564482548902 221
1627566700719 0.15587118958493956 222
1627566700822 0.15574688494601216 223
1627566700935 0.155625305165175 224
1627566701012 0.15551699910552294 225
1627566701102 0.15539015821656613 226
1627566701183 0.1552609442754445 227
1627566701265 0.15513626455021506 228
1627566701336 0.1550161516723641 229
1627566701401 0.1549122083392493 230
1627566701458 0.15478915161334425 231
1627566701529 0.15467507323152666 232
1627566701609 0.1545587225667279 233
1627566701685 0.15444159141295602 234
1627566701746 0.1543413854699091 235
1627566701823 0.15422589902352557 236
1627566701918 0.1541140092849862 237
1627566701984 0.15401857785349898 238
1627566702056 0.1539002941658981 239
1627566702149 0.1537917592422419 240
1627566702238 0.15367627333958808 241
1627566702314 0.1535625840989385 242
1627566702391 0.15346051996588148 243
1627566702476 0.15336224236790863 244
1627566702577 0.1532392053407052 245
1627566702665 0.15311969723760288 246
1627566702742 0.15300518157014004 247
1627566702811 0.15291288541537115 248
1627566702877 0.15281893874982266 249
1627566702967 0.15270403899526844 250
1627566703039 0.1526010458076972 251
1627566703138 0.1524297807040343 252
1627566703209 0.1523168543268812 253
1627566703308 0.15219436490476565 254
1627566703375 0.152082600110714 255
1627566703438 0.15199524392243047 256
1627566703511 0.15190485052925753 257
1627566703589 0.15178429805444715 258
1627566703679 0.15169898920713037 259
1627566703750 0.15158044839352017 260
1627566703819 0.1514615531714938 261
1627566703897 0.1513546211824662 262
1627566704007 0.15121419929453295 263
1627566704078 0.15110558233884108 264
1627566704162 0.15097834429302526 265
1627566704226 0.15089528942650157 266
1627566704299 0.15080456898424358 267
1627566704376 0.15069900874326417 268
1627566704442 0.15060910386247411 269
1627566704529 0.15050054548679 270
1627566704637 0.1503971060942978 271
1627566704734 0.1502558304595748 272
1627566704829 0.1501527016066125 273
1627566704895 0.1500593314797082 274
1627566705002 0.1499693699046005 275
1627566705080 0.1498711419894698 276
1627566705171 0.15539015821656613 277
