1627556370135 0.5088937533242504 0
1627556370267 0.46947423003216104 1
1627556370383 0.4346499772044175 2
1627556370504 0.40398790803994794 3
1627556370627 0.3770639755427945 4
1627556370756 0.3536517170986932 5
1627556370885 0.33337438253543256 6
1627556371039 0.31588072140608087 7
1627556371197 0.3007705359929804 8
1627556371336 0.287756058402211 9
1627556371453 0.27650534004316213 10
1627556371571 0.2668614212590588 11
1627556371681 0.25858498182953454 12
1627556371790 0.2516070103477947 13
1627556371894 0.24557824819792137 14
1627556371998 0.24055587897379607 15
1627556372105 0.2362161569288641 16
1627556372212 0.23255496785050592 17
1627556372318 0.2294063558363335 18
1627556372423 0.22662941167011807 19
1627556372535 0.22425061040051494 20
1627556372627 0.2222332681364628 21
1627556372733 0.2205008591940261 22
1627556372840 0.2189488487830643 23
1627556372944 0.21761924039572197 24
1627556373042 0.2164622141535135 25
1627556373141 0.215216099815956 26
1627556373239 0.2142039398470716 27
1627556373345 0.21306707937483976 28
1627556373441 0.21199407119395247 29
1627556373537 0.2110957933815827 30
1627556373638 0.21033922191725718 31
1627556373738 0.20931882648019978 32
1627556373827 0.20847636517133744 33
1627556373918 0.20773150183608152 34
1627556374011 0.2069205243065216 35
1627556374104 0.20593625347003774 36
1627556374201 0.20517248207133928 37
1627556374294 0.20465512202552938 38
1627556374393 0.2037277853016743 39
1627556374490 0.20329874962982092 40
1627556374601 0.20258076713811643 41
1627556374710 0.20163372292609197 42
1627556374802 0.20106391937913295 43
1627556374895 0.2006968359574716 44
1627556374977 0.20031660566710077 45
1627556375070 0.1994328532345905 46
1627556375164 0.19843670637617794 47
1627556375243 0.1981071519063053 48
1627556375332 0.1978020571185346 49
1627556375443 0.1970973273162801 50
1627556375532 0.19661792162351852 51
1627556375617 0.19614933158108258 52
1627556375703 0.19545391716788632 53
1627556375798 0.19463271655598724 54
1627556375890 0.1940143446540758 55
1627556375981 0.19353740946213044 56
1627556376084 0.19289082119580747 57
1627556376168 0.19260019066223105 58
1627556376259 0.1922603680870992 59
1627556376344 0.1919867918771731 60
1627556376434 0.1916941262712103 61
1627556376517 0.19134308444234724 62
1627556376590 0.1910756769359109 63
1627556376691 0.19052625634518866 64
1627556376783 0.18988977003067806 65
1627556376869 0.1896081406343064 66
1627556376953 0.18935441462710426 67
1627556377055 0.18876357613638486 68
1627556377137 0.1885208211654195 69
1627556377228 0.18826000820937458 70
1627556377323 0.18800196970950844 71
1627556377433 0.18753482596201995 72
1627556377536 0.1870004663945813 73
1627556377632 0.18657843603677507 74
1627556377727 0.18635579429026777 75
1627556377815 0.18613429835343656 76
1627556377920 0.18572716421560495 77
1627556377997 0.18548517522304012 78
1627556378097 0.18512120439803167 79
1627556378181 0.18489087393334902 80
1627556378271 0.1845244053136508 81
1627556378372 0.18428374828043334 82
1627556378446 0.1840573410929018 83
1627556378538 0.18380779978903147 84
1627556378627 0.1835830391665195 85
1627556378714 0.18331073122512886 86
1627556378789 0.1830862939159436 87
1627556378866 0.1828863538556571 88
1627556378946 0.1826432083661341 89
1627556379028 0.18243569521436045 90
1627556379123 0.1822165817723829 91
1627556379210 0.18201533556316937 92
1627556379293 0.18178222729078103 93
1627556379370 0.18157489134704666 94
1627556379454 0.18137022537520558 95
1627556379537 0.18118373665655774 96
1627556379637 0.1807400153667405 97
1627556379705 0.1804624403094592 98
1627556379787 0.1802751382160332 99
1627556379894 0.18010309365429872 100
1627556379982 0.1798669382978603 101
1627556380064 0.17968811115778435 102
1627556380168 0.17930245191071098 103
1627556380263 0.1790343069526214 104
1627556380341 0.178857039363993 105
1627556380417 0.17868232217376392 106
1627556380510 0.17829891797590425 107
1627556380595 0.17813357529914584 108
1627556380685 0.17779738376609847 109
1627556380759 0.17762525304851184 110
1627556380839 0.17741656990648924 111
1627556380925 0.17721681167219533 112
1627556381002 0.17703807513602504 113
1627556381093 0.17686305839015015 114
1627556381177 0.17668397410195671 115
1627556381270 0.176411973788679 116
1627556381360 0.17615642734539186 117
1627556381457 0.175920082010853 118
1627556381535 0.17575561383059263 119
1627556381596 0.17560076453452217 120
1627556381666 0.17543708967076888 121
1627556381743 0.1752600085812824 122
1627556381822 0.1750966390612192 123
1627556381901 0.1749224511051321 124
1627556381978 0.1747755849359415 125
1627556382032 0.17464971539867513 126
1627556382125 0.1745041028871774 127
1627556382201 0.17435602613353177 128
1627556382278 0.174196500386498 129
1627556382353 0.17405629635125383 130
1627556382422 0.17390164962937096 131
1627556382494 0.17375418350917088 132
1627556382568 0.1735862627102366 133
1627556382638 0.17342320470298375 134
1627556382718 0.17326600651583093 135
1627556382795 0.17311139494978173 136
1627556382880 0.17285116153039284 137
1627556382956 0.17269908361423184 138
1627556383032 0.1725434257571656 139
1627556383134 0.17239066693800165 140
1627556383245 0.17207370187088414 141
1627556383331 0.17191810608823238 142
1627556383461 0.17167149756640535 143
1627556383550 0.17150281323964314 144
1627556383615 0.17135866052740895 145
1627556383698 0.1711554821941453 146
1627556383783 0.17101274905236258 147
1627556383843 0.17088133535960184 148
1627556383948 0.1706383235746646 149
1627556384046 0.17045031626885893 150
1627556384135 0.17023401565476437 151
1627556384206 0.17010712420010018 152
1627556384274 0.16997461221497104 153
1627556384341 0.16983640084993995 154
1627556384418 0.16968541541157037 155
1627556384486 0.16956921770391314 156
1627556384554 0.16942710619354068 157
1627556384636 0.1692930859069909 158
1627556384712 0.16912908609429217 159
1627556384793 0.16894637175802676 160
1627556384865 0.16882157072757983 161
1627556384932 0.1686969496328905 162
1627556385008 0.16857287701713544 163
1627556385092 0.16839283056015397 164
1627556385164 0.16825861639683104 165
1627556385238 0.1681280459384335 166
1627556385298 0.1680157866670521 167
1627556385363 0.1678984573348938 168
1627556385418 0.16779070662686782 169
1627556385480 0.1676591485791774 170
1627556385555 0.16750575873464116 171
1627556385633 0.16733151645682712 172
1627556385715 0.16718736978713208 173
1627556385788 0.1670551599375347 174
1627556385864 0.16693057056589466 175
1627556385933 0.1668049342199313 176
1627556386005 0.16668309301514944 177
1627556386085 0.16655510139945257 178
1627556386177 0.16642740005589785 179
1627556386272 0.16630776022780952 180
1627556386339 0.16619785621227612 181
1627556386460 0.1660330698428139 182
1627556386560 0.16590277614789195 183
1627556386656 0.165735530731791 184
1627556386724 0.16562390343360364 185
1627556386827 0.16549769664966843 186
1627556386909 0.16537185863310136 187
1627556386996 0.165256909741842 188
1627556387096 0.1650671553866489 189
1627556387166 0.1649643185660716 190
1627556387231 0.1648637472682007 191
1627556387288 0.1647591165943476 192
1627556387364 0.16464482219988302 193
1627556387439 0.16451673453093055 194
1627556387513 0.16437592960475375 195
1627556387566 0.16428799152333431 196
1627556387642 0.1641510583765945 197
1627556387718 0.1640474289583598 198
1627556387775 0.16392783528285626 199
1627556387861 0.16381853802548413 200
1627556387932 0.1637059456383513 201
1627556388010 0.16357970840771238 202
1627556388069 0.1634830107984121 203
1627556388167 0.16334060849264612 204
1627556388226 0.1632199195602298 205
1627556388312 0.16311222613210455 206
1627556388395 0.16300813577798784 207
1627556388453 0.16292185962267913 208
1627556388534 0.16282008524476255 209
1627556388624 0.16271003188872782 210
1627556388686 0.1626059358005937 211
1627556388750 0.16250391263771435 212
1627556388826 0.1624149857767998 213
1627556388876 0.1623176581233349 214
1627556388943 0.16221670265624485 215
1627556389012 0.16210921471049403 216
1627556389096 0.1620169121960914 217
1627556389164 0.16188943403534792 218
1627556389225 0.16177977828094384 219
1627556389300 0.16167305064438237 220
1627556389398 0.16149599334405718 221
1627556389490 0.1613845935278553 222
1627556389578 0.16123360397325479 223
1627556389656 0.16113533843535754 224
1627556389713 0.16104953873123026 225
1627556389787 0.16090573292325291 226
1627556389848 0.16079765527843562 227
1627556389913 0.16068421420110343 228
1627556389971 0.1606049575889187 229
1627556390039 0.16049909305514218 230
1627556390099 0.16038384710585646 231
1627556390179 0.16026677046677162 232
1627556390255 0.16016779032958084 233
1627556390324 0.1600782225907339 234
1627556390382 0.15997218807619168 235
1627556390447 0.15988808190065856 236
1627556390519 0.15978306294063765 237
1627556390578 0.15970047025644937 238
1627556390649 0.15959010386800393 239
1627556390704 0.15949740631625894 240
1627556390775 0.15938346095853329 241
1627556390846 0.1592800996340995 242
1627556390905 0.15918623037855592 243
1627556390958 0.15910390449798859 244
1627556391034 0.15900206128485045 245
1627556391098 0.1589081833974071 246
1627556391156 0.158808709220298 247
1627556391214 0.15871876768033052 248
1627556391273 0.15863192479755334 249
1627556391345 0.1585453147280065 250
1627556391408 0.15844668871780818 251
1627556391493 0.15835087602707656 252
1627556391550 0.15825245674189736 253
1627556391605 0.1581700877032108 254
1627556391675 0.16334060849264612 255
1627556395760 0.5081855141558711 0
1627556395903 0.46883597672772287 1
1627556396034 0.43410559236564167 2
1627556396154 0.40354957184755075 3
1627556396275 0.3767659220764269 4
1627556396391 0.3533764086611017 5
1627556396518 0.3331781148706044 6
1627556396681 0.3157391951480462 7
1627556396840 0.30073517864924026 8
1627556396954 0.2877507334760687 9
1627556397087 0.276521750424869 10
1627556397201 0.26696423898669297 11
1627556397352 0.25870689564918514 12
1627556397469 0.25178762274717903 13
1627556397570 0.24574987377490776 14
1627556397688 0.24072868597317004 15
1627556397797 0.23638897743254994 16
1627556397907 0.232785143115897 17
1627556398020 0.22972115732981913 18
1627556398140 0.22685765974108513 19
1627556398277 0.22441042544050163 20
1627556398375 0.22242467192552795 21
1627556398516 0.22072097798248175 22
1627556398617 0.2192357102058276 23
1627556398744 0.21771967719572974 24
1627556398844 0.2165780584902722 25
1627556398943 0.21548780269918302 26
1627556399041 0.21439000664907223 27
1627556399187 0.21349163925726727 28
1627556399322 0.21250349641761468 29
1627556399416 0.2116821422796501 30
1627556399528 0.2109908233168255 31
1627556399628 0.2100133179616972 32
1627556399719 0.209361570130653 33
1627556399806 0.20864505416237347 34
1627556399897 0.2077641988189649 35
1627556399993 0.20684043667898133 36
1627556400112 0.205805304447015 37
1627556400204 0.20526663106188967 38
1627556400308 0.20445763074160764 39
1627556400394 0.20404099617095867 40
1627556400517 0.20325139897207042 41
1627556400616 0.2022980405166221 42
1627556400711 0.20156454997240206 43
1627556400824 0.20115677800477902 44
1627556400921 0.20081573993321233 45
1627556401012 0.2004204787897171 46
1627556401094 0.1998416740509267 47
1627556401197 0.19887107501437773 48
1627556401290 0.19850532629364115 49
1627556401400 0.19764394584283346 50
1627556401479 0.19734098910084083 51
1627556401562 0.19690414266874806 52
1627556401661 0.1961366193737313 53
1627556401751 0.1957545759956015 54
1627556401838 0.1954393167280671 55
1627556401953 0.1946216690016415 56
1627556402055 0.19409642642573316 57
1627556402133 0.19381823949677518 58
1627556402224 0.1934462209569637 59
1627556402309 0.19315893577763185 60
1627556402395 0.1928986666547608 61
1627556402496 0.19250643804186338 62
1627556402585 0.19224821811037668 63
1627556402689 0.19157893006875204 64
1627556402786 0.19088779006990458 65
1627556402873 0.19059436041150507 66
1627556402969 0.19001635067152897 67
1627556403059 0.18973608193279076 68
1627556403152 0.18931585094793366 69
1627556403240 0.1890726634082491 70
1627556403329 0.18876707975071022 71
1627556403427 0.1882854571414433 72
1627556403520 0.18795535000693742 73
1627556403620 0.18736919914198255 74
1627556403721 0.18695530387178178 75
1627556403805 0.18663839062794238 76
1627556403893 0.18636395326265534 77
1627556403972 0.18612721382204658 78
1627556404088 0.18566161304373346 79
1627556404176 0.18540112223300761 80
1627556404268 0.18519024253377303 81
1627556404353 0.1849572428029812 82
1627556404446 0.1845708511108107 83
1627556404534 0.18435991324138926 84
1627556404670 0.18404464815940144 85
1627556404789 0.18382643431005602 86
1627556404917 0.1835912626718375 87
1627556405001 0.18337830995505516 88
1627556405100 0.18314838402351716 89
1627556405262 0.18274981520830677 90
1627556405387 0.18228292392271447 91
1627556405491 0.18205485618932604 92
1627556405628 0.18175234573478577 93
1627556405724 0.18141848749859102 94
1627556405812 0.18112800190044148 95
1627556405898 0.18078447737713443 96
1627556405982 0.18059537555894803 97
1627556406048 0.18040186885200055 98
1627556406134 0.1802039640937368 99
1627556406231 0.18000860643447372 100
1627556406314 0.17982670147300842 101
1627556406400 0.1794710126569821 102
1627556406497 0.17907721846005448 103
1627556406579 0.17887646674409702 104
1627556406662 0.17869626350224785 105
1627556406739 0.1785171694308346 106
1627556406809 0.1783573552550902 107
1627556406892 0.17812854318231064 108
1627556406968 0.17787966911164432 109
1627556407030 0.17771242553432012 110
1627556407102 0.17753648321963883 111
1627556407182 0.17736326967339966 112
1627556407273 0.17709968033894272 113
1627556407361 0.1769234126926603 114
1627556407440 0.17676440594415715 115
1627556407509 0.1766003824410818 116
1627556407583 0.1764375005673486 117
1627556407661 0.17625275784779457 118
1627556407715 0.1761189759453788 119
1627556407811 0.1758090564627547 120
1627556407877 0.1756527756238664 121
1627556407945 0.1755058394292617 122
1627556408033 0.17534227477059616 123
1627556408121 0.17518369083179322 124
1627556408229 0.17486424394132785 125
1627556408326 0.1745484711215569 126
1627556408390 0.17440550674484714 127
1627556408474 0.17425337755231315 128
1627556408551 0.17408786431457204 129
1627556408634 0.17388261415011677 130
1627556408721 0.1737191698507792 131
1627556408804 0.17357418334764058 132
1627556408876 0.173425281698901 133
1627556408953 0.1732624491622327 134
1627556409035 0.17310602454498064 135
1627556409123 0.172914191268333 136
1627556409194 0.17277760884982385 137
1627556409269 0.17263393805693072 138
1627556409344 0.1724739517423048 139
1627556409426 0.17234457526749203 140
1627556409517 0.17213790921662558 141
1627556409620 0.17195098999804637 142
1627556409699 0.17180418819848298 143
1627556409769 0.17166396124334984 144
1627556409831 0.17153663690823392 145
1627556409914 0.17139318373194046 146
1627556409990 0.17125675434608278 147
1627556410052 0.1711113540980418 148
1627556410126 0.1709730021242117 149
1627556410231 0.1707983917881097 150
1627556410294 0.17068949150874485 151
1627556410367 0.17055682882604953 152
1627556410423 0.1704434509371736 153
1627556410490 0.17030696754978744 154
1627556410562 0.17014537676265765 155
1627556410639 0.17000487599195088 156
1627556410725 0.16982204271899698 157
1627556410786 0.16968521030517222 158
1627556410866 0.1695512278950061 159
1627556410936 0.1694039398295216 160
1627556411026 0.16913530046819775 161
1627556411089 0.1690221340454166 162
1627556411147 0.16891422980571655 163
1627556411235 0.16873281017653563 164
1627556411310 0.1685932996959137 165
1627556411387 0.16844568757510234 166
1627556411463 0.16831745606774587 167
1627556411525 0.16822042232674436 168
1627556411599 0.16809069612693378 169
1627556411671 0.16795718124466102 170
1627556411748 0.16777933029311912 171
1627556411819 0.1676578152209157 172
1627556411905 0.16751685767047855 173
1627556411971 0.16739275363409115 174
1627556412088 0.16719102491348922 175
1627556412161 0.1670512885493207 176
1627556412237 0.1669087149493674 177
1627556412303 0.1667865678692254 178
1627556412400 0.16661247713655528 179
1627556412458 0.16649168457911898 180
1627556412529 0.16634838294434592 181
1627556412617 0.16614308302595474 182
1627556412703 0.16602529719440035 183
1627556412779 0.16588703708688662 184
1627556412850 0.16576995787660154 185
1627556412900 0.16566490380692334 186
1627556413019 0.16551058188668163 187
1627556413095 0.16536337357159756 188
1627556413206 0.1652457268928014 189
1627556413298 0.16509876750088032 190
1627556413361 0.1649989417397089 191
1627556413431 0.16489058533035902 192
1627556413514 0.16476673398923228 193
1627556413588 0.16463181242981414 194
1627556413662 0.16453904759648708 195
1627556413748 0.16442628518782826 196
1627556413816 0.1643193571490645 197
1627556413876 0.1642219633020537 198
1627556413951 0.1641222218349321 199
1627556414039 0.16401023432252707 200
1627556414118 0.1638788137720195 201
1627556414202 0.16379218325504075 202
1627556414283 0.16367837025530124 203
1627556414333 0.1635871726635149 204
1627556414416 0.1634279984543026 205
1627556414513 0.16331806467417628 206
1627556414595 0.163202767876839 207
1627556414671 0.16308834162810612 208
1627556414740 0.16296877284271252 209
1627556414795 0.16289032015645172 210
1627556414880 0.16271321325519295 211
1627556414939 0.1626051649654236 212
1627556414989 0.16252342491592198 213
1627556415052 0.16242008315664674 214
1627556415132 0.16227670584989934 215
1627556415201 0.16216181557756087 216
1627556415276 0.1620471059559253 217
1627556415332 0.1619411627647846 218
1627556415406 0.1618311405915806 219
1627556415456 0.16173551398052016 220
1627556415528 0.16161812587148644 221
1627556415599 0.16150594705481228 222
1627556415697 0.16140713436164325 223
1627556415808 0.16129689442491185 224
1627556415873 0.1611944807268752 225
1627556415934 0.16109848187152895 226
1627556416033 0.16098878859386762 227
1627556416099 0.16088996105141942 228
1627556416167 0.16079014163047553 229
1627556416229 0.16069241800886577 230
1627556416309 0.16059658851228828 231
1627556416380 0.1604860369835625 232
1627556416434 0.16038829365432433 233
1627556416502 0.16028964461618558 234
1627556416564 0.16018748532181357 235
1627556416651 0.16001606495647702 236
1627556416713 0.15991930524578776 237
1627556416769 0.15983406219705457 238
1627556416822 0.15974902459390475 239
1627556416899 0.1596567226109359 240
1627556416969 0.1595348157436389 241
1627556417034 0.15943320410924697 242
1627556417095 0.15934469385481767 243
1627556417153 0.1592665871936675 244
1627556417216 0.15917926676685049 245
1627556417286 0.15907036730632745 246
1627556417352 0.1589630979462062 247
1627556417415 0.158871409033336 248
1627556417480 0.15878285129204314 249
1627556417564 0.15863783786653896 250
1627556417632 0.15853107486470092 251
1627556417684 0.1584600086089277 252
1627556417739 0.15836549377597064 253
1627556417803 0.15827991024445356 254
1627556417857 0.15819473103511322 255
1627556417918 0.15811101076662737 256
1627556417999 0.1579816413009564 257
1627556418075 0.1578726338484534 258
1627556418128 0.15779281195106032 259
1627556418211 0.1576330858893073 260
1627556418270 0.1575353275251182 261
1627556418360 0.15736050271112534 262
1627556418415 0.15727410548644283 263
1627556418492 0.15715958548743122 264
1627556418568 0.15705138612163408 265
1627556418632 0.15696560300493334 266
1627556418755 0.1568172814958008 267
1627556418827 0.15670844053757826 268
1627556418908 0.15660719396622505 269
1627556418977 0.15651628617061641 270
1627556419049 0.15643016198005977 271
1627556419118 0.15634269864302205 272
1627556419179 0.15625390763412084 273
1627556419234 0.1561832003232428 274
1627556419305 0.15610067865319058 275
1627556419375 0.156007307524744 276
1627556419432 0.15593942347707035 277
1627556419499 0.1558452270182031 278
1627556419560 0.15576303298636854 279
1627556419617 0.15566025146754822 280
1627556419687 0.1555581951790916 281
1627556419745 0.15548488285499507 282
1627556419805 0.15539634649571687 283
1627556419867 0.15531080667802402 284
1627556419923 0.15523118401000033 285
1627556420014 0.1551005896209554 286
1627556420073 0.15500568270009887 287
1627556420141 0.1549190955816027 288
1627556420221 0.15481622138314288 289
1627556420321 0.1547327618570001 290
1627556420379 0.15465507504929826 291
1627556420463 0.1545604442996303 292
1627556420517 0.15447745711511088 293
1627556420571 0.1543903813495941 294
1627556420621 0.15431771063343916 295
1627556420688 0.15422361588623598 296
1627556420751 0.15413862907645012 297
1627556420833 0.15404020221620138 298
1627556420907 0.1539262172659094 299
1627556421002 0.15380190494213192 300
1627556421066 0.15373056160374873 301
1627556421124 0.1536361152474781 302
1627556421177 0.15356601054728064 303
1627556421228 0.1534767378647495 304
1627556421275 0.15339870436961403 305
1627556421344 0.15329323785640445 306
1627556421396 0.15322413732990411 307
1627556421459 0.1531323336244219 308
1627556421510 0.15306755262402086 309
1627556421564 0.15299139130939193 310
1627556421642 0.15290215735177345 311
1627556421709 0.15282287773059153 312
1627556421774 0.1527523739850534 313
1627556421864 0.15265823807377668 314
1627556421953 0.1525833715152803 315
1627556422019 0.15247681928030274 316
1627556422083 0.15238107662029726 317
1627556422145 0.15230783239030624 318
1627556422206 0.15224649617045855 319
1627556422261 0.15216912435446667 320
1627556422347 0.15207991866600268 321
1627556422426 0.15197406436015568 322
1627556422498 0.15188572100576295 323
1627556422550 0.15182394312897657 324
1627556422616 0.15174338995160316 325
1627556422670 0.15165218758855326 326
1627556422724 0.1515803033927941 327
1627556422797 0.15146709187515242 328
1627556422865 0.1513838946979066 329
1627556422927 0.15131044227887072 330
1627556422981 0.1512297125734838 331
1627556423057 0.1511219475862786 332
1627556423113 0.15104545326609026 333
1627556423198 0.150955401874884 334
1627556423258 0.15087957162468502 335
1627556423316 0.1508043778843367 336
1627556423423 0.1506679699401811 337
1627556423516 0.15058574639221864 338
1627556423586 0.1504981546213736 339
1627556423655 0.15041330159942595 340
1627556423714 0.15034261519723227 341
1627556423787 0.15023500429997017 342
1627556423848 0.1501545643169695 343
1627556423913 0.15007296942819348 344
1627556423975 0.14998465329097857 345
1627556424027 0.14992446810136736 346
1627556424098 0.14983553748484965 347
1627556424159 0.14975389517151005 348
1627556424220 0.1496719282331688 349
1627556424305 0.14960279344839683 350
1627556424373 0.14953041111357881 351
1627556424437 0.14946165443667395 352
1627556424521 0.14937874726295777 353
1627556424595 0.1492935714340976 354
1627556424646 0.14923459830987854 355
1627556424713 0.1491550699143591 356
1627556424782 0.1490806287553726 357
1627556424853 0.14900408501075996 358
1627556424901 0.14892350854178432 359
1627556424971 0.14884683439309257 360
1627556425035 0.14876778854811382 361
1627556425133 0.1486904707027466 362
1627556425222 0.14860882787512347 363
1627556425302 0.14852562396645436 364
1627556425358 0.14845809968886542 365
1627556425418 0.14838215193024637 366
1627556425480 0.14830441963648996 367
1627556425557 0.14823227430202168 368
1627556425615 0.14817020835870945 369
1627556425665 0.14808554839801566 370
1627556425761 0.14799811348464897 371
1627556425866 0.14791806700583984 372
1627556425947 0.14785998914587078 373
1627556426030 0.1478024340902437 374
1627556426100 0.14771696677392498 375
1627556426154 0.14765771418531545 376
1627556426219 0.14756600170008669 377
1627556426270 0.14750865439856164 378
1627556426348 0.14743171016388648 379
1627556426416 0.1473485605071108 380
1627556426476 0.14727940361008762 381
1627556426552 0.14719719840171755 382
1627556426615 0.14711808294320738 383
1627556426679 0.1470373564150824 384
1627556426747 0.14696159836471326 385
1627556426807 0.14688543282745986 386
1627556426868 0.14681491642089342 387
1627556426932 0.14673290999687938 388
1627556426991 0.1466711476359435 389
1627556427052 0.14660820630789217 390
1627556427109 0.14653169495221474 391
1627556427182 0.14644111465897983 392
1627556427278 0.15023500429997017 393
1627556431609 0.508974101014212 0
1627556431729 0.46954712644088525 1
1627556431855 0.4347463380942708 2
1627556431980 0.40410579429672294 3
1627556432102 0.3772882641048157 4
1627556432224 0.35390587844164245 5
1627556432344 0.33365200074807877 6
1627556432521 0.3161737692081536 7
1627556432649 0.30107622392052874 8
1627556432797 0.28802602592082355 9
1627556432955 0.27674681422175273 10
1627556433134 0.26715844518946663 11
1627556433281 0.25884082195165664 12
1627556433398 0.2518566578682089 13
1627556433506 0.24583383253319496 14
1627556433619 0.24075238729172646 15
1627556433737 0.23640726663714537 16
1627556433855 0.23281327546602146 17
1627556433968 0.2297434777110017 18
1627556434076 0.22690581701685797 19
1627556434181 0.22446235631102007 20
1627556434306 0.2224554954363324 21
1627556434444 0.2206308488013487 22
1627556434576 0.2188555056156784 23
1627556434710 0.21742208799456192 24
1627556434829 0.21621139250210958 25
1627556434930 0.2149567456711855 26
1627556435020 0.21388531295460878 27
1627556435117 0.21289455148480516 28
1627556435202 0.2119772953717461 29
1627556435285 0.2110808687577066 30
1627556435380 0.21037543316356863 31
1627556435479 0.2094326392760335 32
1627556435575 0.2085687391165353 33
1627556435662 0.2079174342148135 34
1627556435752 0.2072770550380636 35
1627556435851 0.2065351590466862 36
1627556435988 0.20570061205730428 37
1627556436133 0.20504851366393093 38
1627556436245 0.20449229973874697 39
1627556436352 0.2040544386593696 40
1627556436448 0.20294403629220126 41
1627556436539 0.20211997901194192 42
1627556436630 0.20141819481584516 43
1627556436724 0.2010615644299791 44
1627556436806 0.2007342480946226 45
1627556436890 0.20012000096003674 46
1627556436988 0.19920439454613412 47
1627556437084 0.19863310176656226 48
1627556437178 0.1982698314551717 49
1627556437294 0.19762071885559654 50
1627556437384 0.19712589170597497 51
1627556437525 0.19679392086842562 52
1627556437683 0.19615084310696315 53
1627556437789 0.19587297683905058 54
1627556437925 0.19539560128084238 55
1627556438015 0.1949874999652387 56
1627556438112 0.19426981123783388 57
1627556438203 0.1938778066370889 58
1627556438294 0.19346029313617832 59
1627556438411 0.19297541790882705 60
1627556438583 0.19222238370351002 61
1627556438699 0.191880208875426 62
1627556438840 0.19138703187990835 63
1627556438932 0.19113147042155443 64
1627556439043 0.1904723205251317 65
1627556439150 0.19000096034643715 66
1627556439233 0.189734781004431 67
1627556439335 0.18928160118795273 68
1627556439450 0.18893423022368605 69
1627556439540 0.1886828575345479 70
1627556439636 0.1884146004690067 71
1627556439763 0.18797561833590443 72
1627556439866 0.18772926466483458 73
1627556439947 0.18750268047418472 74
1627556440069 0.18696516489563222 75
1627556440188 0.18674054164266937 76
1627556440292 0.1864662969829218 77
1627556440409 0.18613290392590928 78
1627556440520 0.185808660463142 79
1627556440607 0.18557899454662233 80
1627556440714 0.1850672302495112 81
1627556440805 0.18482189886707373 82
1627556440896 0.1845120527737075 83
1627556440982 0.18423212889749216 84
1627556441067 0.18401138226111083 85
1627556441160 0.1837915779439585 86
1627556441257 0.1834453933305246 87
1627556441361 0.18323652392717216 88
1627556441452 0.18299579471726363 89
1627556441560 0.18278453833303407 90
1627556441695 0.18249116801745505 91
1627556441838 0.18210191426723377 92
1627556441937 0.18190187459156973 93
1627556442069 0.1816993558469009 94
1627556442201 0.18148435958001474 95
1627556442311 0.18128090777383232 96
1627556442436 0.18098676937946623 97
1627556442530 0.18069417199442814 98
1627556442619 0.1805022949585563 99
1627556442733 0.18029966067026457 100
1627556442831 0.1800975871180087 101
1627556442911 0.17989106991545864 102
1627556442996 0.17969753972514815 103
1627556443102 0.17933477069031867 104
1627556443189 0.17914902731351473 105
1627556443308 0.17896453327415288 106
1627556443441 0.17876476153915544 107
1627556443583 0.17857433521918703 108
1627556443751 0.17828906482217383 109
1627556443870 0.17804668736267146 110
1627556443953 0.17787363572070292 111
1627556444063 0.17751556227758555 112
1627556444144 0.17734163237331893 113
1627556444273 0.17705941788478677 114
1627556444372 0.17689203679511886 115
1627556444461 0.17672129778711734 116
1627556444542 0.17655159041605992 117
1627556444631 0.176379810263209 118
1627556444719 0.17618181326965904 119
1627556444832 0.17591309711307512 120
1627556444923 0.17567536830902494 121
1627556444993 0.17550539540177412 122
1627556445078 0.17534558645784484 123
1627556445155 0.17519335732481842 124
1627556445266 0.17498115131939265 125
1627556445349 0.17482425075141117 126
1627556445430 0.17468934411352013 127
1627556445518 0.1745578316461097 128
1627556445613 0.17438940859025504 129
1627556445707 0.17423967205963803 130
1627556445778 0.1740926040795511 131
1627556445859 0.17393240782923525 132
1627556445944 0.17376724541783453 133
1627556446050 0.17361873378406836 134
1627556446119 0.1734681553972446 135
1627556446217 0.17323491292755777 136
1627556446324 0.17295293718127325 137
1627556446399 0.172783155350087 138
1627556446476 0.17262939975703123 139
1627556446558 0.172463245326634 140
1627556446625 0.17231636597908065 141
1627556446714 0.17216335904550908 142
1627556446817 0.17202706156436914 143
1627556446917 0.1718859420285162 144
1627556446995 0.1717460075368838 145
1627556447092 0.17160548988041383 146
1627556447184 0.17146950162199814 147
1627556447312 0.17127737049777178 148
1627556447452 0.1711241300381467 149
1627556447548 0.17098331501254058 150
1627556447662 0.17084742978130243 151
1627556447745 0.17073397644168006 152
1627556447826 0.1706159141805193 153
1627556447943 0.17046981040697193 154
1627556448069 0.17017869471374716 155
1627556448176 0.1700505018626971 156
1627556448263 0.16990227143386807 157
1627556448332 0.16979198587653757 158
1627556448424 0.16959616762347757 159
1627556448511 0.16946236357832303 160
1627556448599 0.1693600294862344 161
1627556448705 0.16915868156989455 162
1627556448771 0.16904969159923697 163
1627556448847 0.1689277458938226 164
1627556448916 0.1687982894742689 165
1627556448976 0.16867559866259274 166
1627556449061 0.16850791531400536 167
1627556449123 0.16840422096483396 168
1627556449184 0.16827707425755384 169
1627556449257 0.16815153039363825 170
1627556449326 0.1680356302575626 171
1627556449410 0.1678990618364776 172
1627556449472 0.16776843128153143 173
1627556449553 0.16763709166344207 174
1627556449629 0.16748563084194337 175
1627556449710 0.16736070557069904 176
1627556449781 0.16725755458911318 177
1627556449854 0.16714973382313414 178
1627556449938 0.16701735203761728 179
1627556450047 0.1668396997545506 180
1627556450108 0.1667177310735282 181
1627556450181 0.1666003384263874 182
1627556450276 0.1664570179478785 183
1627556450384 0.16633151366459228 184
1627556450498 0.16611705914805155 185
1627556450595 0.16599597312593173 186
1627556450685 0.16588011532577182 187
1627556450750 0.16578853496977802 188
1627556450836 0.1656670905819543 189
1627556450931 0.1655606037215061 190
1627556451025 0.16540480150718626 191
1627556451127 0.16529938404147496 192
1627556451197 0.165189609374657 193
1627556451273 0.1650488010479169 194
1627556451348 0.16493097898677178 195
1627556451447 0.1648199760046267 196
1627556451577 0.16470777918505702 197
1627556451688 0.16462265212263263 198
1627556451824 0.16451444810034796 199
1627556451906 0.1644071999609589 200
1627556451987 0.16427606954783755 201
1627556452082 0.16416892925193177 202
1627556452152 0.16404358002280267 203
1627556452224 0.16394440888655998 204
1627556452306 0.16382097104669413 205
1627556452380 0.16372008296307997 206
1627556452468 0.1636168986691543 207
1627556452527 0.16350351040391803 208
1627556452628 0.16339261845922776 209
1627556452729 0.16322137817807914 210
1627556452829 0.16311553585989805 211
1627556452897 0.16301592644823867 212
1627556452964 0.16289773456538906 213
1627556453047 0.16279873973042766 214
1627556453139 0.16270729613708657 215
1627556453192 0.16262442157488788 216
1627556453249 0.16254323861612538 217
1627556453371 0.16240163098758548 218
1627556453507 0.16224542200727474 219
1627556453581 0.16214793075443634 220
1627556453667 0.16205183391238376 221
1627556453784 0.16194010503323206 222
1627556453923 0.16183005458761873 223
1627556454056 0.16172523877350534 224
1627556454163 0.16163127291070742 225
1627556454283 0.16146459120980722 226
1627556454338 0.16138470476772737 227
1627556454403 0.16128009102018181 228
1627556454496 0.16117137594843997 229
1627556454528 0.16106998794239114 230
1627556454559 0.16096813422682832 231
1627556454590 0.1608698487985837 232
1627556454621 0.1607916134902875 233
1627556454673 0.16064929003808887 234
1627556454705 0.160563874548016 235
1627556454743 0.16046559065077245 236
1627556454776 0.16038698014849603 237
1627556454810 0.16028661370931666 238
1627556454848 0.16016413446684483 239
1627556454885 0.16007146374843823 240
1627556454923 0.1599709555072844 241
1627556454985 0.15978281738523317 242
1627556455029 0.15966012858276174 243
1627556455067 0.15956393296172772 244
1627556455103 0.1594632797654131 245
1627556455134 0.1593880921977254 246
1627556455164 0.1592992474485988 247
1627556455210 0.1591748344554235 248
1627556455258 0.1590819638203162 249
1627556455316 0.15898771555561333 250
1627556455347 0.15890612660295417 251
1627556455382 0.15879819815246835 252
1627556455419 0.1587155777555327 253
1627556455452 0.1586282791087574 254
1627556455486 0.1585464029477119 255
1627556455539 0.15838866077213334 256
1627556455570 0.15829820434012637 257
1627556455624 0.15813479415290513 258
1627556455669 0.15804268639717955 259
1627556455703 0.15794721993429098 260
1627556455736 0.15786617004823927 261
1627556455762 0.1577827875138403 262
1627556455800 0.15769005934848604 263
1627556455838 0.15759001251565175 264
1627556455881 0.15747824538205873 265
1627556455937 0.15733905505407203 266
1627556455968 0.15724033729137196 267
1627556455994 0.15714573718682598 268
1627556456023 0.15707297250562444 269
1627556456058 0.1569881239652146 270
1627556456090 0.15691714566241813 271
1627556456118 0.15682785906077798 272
1627556456150 0.15673278892233145 273
1627556456185 0.15665603678155585 274
1627556456215 0.15659077870705956 275
1627556456249 0.15650922370952078 276
1627556456283 0.15641245502843323 277
1627556456320 0.15631258682525478 278
1627556456367 0.15622630238944424 279
1627556456401 0.15613189435362507 280
1627556456434 0.15605716805474498 281
1627556456507 0.1558728813889419 282
1627556456553 0.15576279911803378 283
1627556456583 0.15567328865944638 284
1627556456615 0.15557909534863526 285
1627556456655 0.15548932537051596 286
1627556456688 0.15539890721007307 287
1627556456720 0.15532621234679397 288
1627556456780 0.15516982767698972 289
1627556456819 0.15508756734962592 290
1627556456854 0.15500167047157176 291
1627556456892 0.15492077528377263 292
1627556456927 0.15484028401779826 293
1627556456964 0.15474737813232034 294
1627556457001 0.15465094225336778 295
1627556457031 0.15456566890352022 296
1627556457072 0.15449085635632603 297
1627556457106 0.15440656751787799 298
1627556457140 0.1543248025651531 299
1627556457186 0.15424610599155952 300
1627556457219 0.15415471146732582 301
1627556457252 0.15405882219165612 302
1627556457295 0.15396986348263864 303
1627556457340 0.15385751474537693 304
1627556457387 0.1537411066416733 305
1627556457420 0.15365208386125817 306
1627556457454 0.15357142402710847 307
1627556457495 0.1534855264690594 308
1627556457539 0.1534012089160999 309
1627556457571 0.15330810765958305 310
1627556457606 0.15323683057610277 311
1627556457637 0.15314563756552796 312
1627556457686 0.15306936563022597 313
1627556457717 0.15298241996855427 314
1627556457749 0.1529100436640124 315
1627556457783 0.15281924856914272 316
1627556457820 0.1527203987911757 317
1627556457863 0.15260095328906353 318
1627556457908 0.15250997206745748 319
1627556457944 0.15243480158804978 320
1627556457972 0.15236096589043854 321
1627556458006 0.15228662390970438 322
1627556458045 0.15219941398854844 323
1627556458072 0.1521199349775425 324
1627556458111 0.15203900003232412 325
1627556458141 0.151952626004616 326
1627556458171 0.1518824347457775 327
1627556458209 0.1518028460513348 328
1627556458245 0.15172136850338575 329
1627556458300 0.15160886175570334 330
1627556458330 0.1515278063847487 331
1627556458364 0.15144121499077737 332
1627556458392 0.1513781753649025 333
1627556458430 0.15128747607975926 334
1627556458474 0.1511990549618879 335
1627556458512 0.15109866699812458 336
1627556458564 0.15098565670132977 337
1627556458603 0.15090929650656498 338
1627556458640 0.1508337213028507 339
1627556458670 0.1507731145197864 340
1627556458701 0.15071500153600348 341
1627556458735 0.15063788644889986 342
1627556458765 0.15056588562877737 343
1627556458796 0.15050556745326998 344
1627556458865 0.15474737813232034 345
1627556462807 0.5069813635799553 0
1627556462943 0.46777662938740155 1
1627556463071 0.4331511800928306 2
1627556463268 0.40276253827005787 3
1627556463393 0.37600298822459105 4
1627556463563 0.35272443283353755 5
1627556463689 0.33256228634863044 6
1627556463830 0.3151425187058406 7
1627556463972 0.3001489348827489 8
1627556464091 0.28724874367775244 9
1627556464216 0.276061808834385 10
1627556464344 0.2665005974424156 11
1627556464463 0.25826460946820157 12
1627556464639 0.25136475327149543 13
1627556464750 0.24537781650922572 14
1627556464867 0.24036802634057194 15
1627556464983 0.23608525256067175 16
1627556465098 0.23245868931515512 17
1627556465223 0.22941416073092666 18
1627556465327 0.22654275526331294 19
1627556465444 0.22412660744856322 20
1627556465547 0.22210270166095916 21
1627556465653 0.22031412854793497 22
1627556465794 0.2187879872084794 23
1627556465899 0.21725992686679216 24
1627556466040 0.21607858105334238 25
1627556466144 0.2149321822753861 26
1627556466293 0.21394210474514275 27
1627556466458 0.213065998397231 28
1627556466610 0.21209233502295965 29
1627556466738 0.21119660821496775 30
1627556466845 0.21054178848811858 31
1627556466978 0.20964256887208815 32
1627556467088 0.20873377949581887 33
1627556467176 0.20809604073549026 34
1627556467272 0.20712945199297988 35
1627556467369 0.20638468985355932 36
1627556467464 0.20536739242811475 37
1627556467562 0.2049080450345554 38
1627556467663 0.20395624997041006 39
1627556467762 0.20336649266150733 40
1627556467861 0.2027684571081159 41
1627556467968 0.2016741991478826 42
1627556468072 0.20110617013406812 43
1627556468189 0.20047350852520432 44
1627556468282 0.20013377139038566 45
1627556468372 0.1996727171684299 46
1627556468462 0.19922529108272305 47
1627556468565 0.19842583127849048 48
1627556468692 0.19767056090675206 49
1627556468815 0.19687605670136013 50
1627556468907 0.19650272047159253 51
1627556469004 0.19613164746263836 52
1627556469109 0.19567225203340524 53
1627556469202 0.19519768728856016 54
1627556469292 0.19485115934828506 55
1627556469406 0.19405930606296817 56
1627556469492 0.1937917914891707 57
1627556469581 0.1935072727268549 58
1627556469697 0.19280399549601582 59
1627556469803 0.19250154321102897 60
1627556469884 0.19221728535606705 61
1627556469984 0.19173725762377272 62
1627556470083 0.19136688041166278 63
1627556470176 0.19107287134871928 64
1627556470306 0.19079207863490727 65
1627556470437 0.19052351549262095 66
1627556470548 0.18991174821239104 67
1627556470658 0.18930902788587844 68
1627556470774 0.18873368489201586 69
1627556470909 0.18847209988090818 70
1627556471001 0.18820202073094752 71
1627556471125 0.18799400338409755 72
1627556471271 0.18756501566356032 73
1627556471388 0.18708088748264562 74
1627556471482 0.18685255214446558 75
1627556471569 0.18661884382828073 76
1627556471663 0.18622139600784957 77
1627556471750 0.18592490299417466 78
1627556471850 0.18541995285077403 79
1627556471975 0.18519048915488714 80
1627556472098 0.18482467316855491 81
1627556472214 0.18454930303730527 82
1627556472295 0.18433221659317567 83
1627556472402 0.18405666774754106 84
1627556472492 0.18380768737995284 85
1627556472582 0.18361666861695491 86
1627556472677 0.18337095142106025 87
1627556472763 0.18314303644227087 88
1627556472867 0.1828861131650339 89
1627556472963 0.18260483150128645 90
1627556473066 0.18240655072101802 91
1627556473158 0.18222161543449414 92
1627556473260 0.1818385195000586 93
1627556473354 0.1816129048899941 94
1627556473511 0.18120468986177993 95
1627556473631 0.1810119112111494 96
1627556473731 0.18070769308558554 97
1627556473827 0.18049643756977668 98
1627556473954 0.18029279430149342 99
1627556474064 0.18010604481030792 100
1627556474194 0.17983987907253546 101
1627556474293 0.17952158342609298 102
1627556474360 0.1793274249280706 103
1627556474446 0.17914220788904028 104
1627556474542 0.1788338339229806 105
1627556474621 0.17864217671502386 106
1627556474724 0.178338736668662 107
1627556474816 0.17814885955734522 108
1627556474930 0.17797346341042183 109
1627556475049 0.17777255560837005 110
1627556475164 0.17759967376825564 111
1627556475234 0.17743441131096083 112
1627556475319 0.177199554855343 113
1627556475396 0.17702283663066984 114
1627556475493 0.1766892728210369 115
1627556475557 0.17652230754016646 116
1627556475627 0.1763744410633497 117
1627556475708 0.17618982705781525 118
1627556475785 0.1760206493291781 119
1627556475862 0.1758542551762105 120
1627556475932 0.1756799264757654 121
1627556476014 0.175511525056184 122
1627556476138 0.17534577576448307 123
1627556476222 0.1751667123303229 124
1627556476324 0.17501409287971614 125
1627556476480 0.1747613768108344 126
1627556476614 0.1745665685445585 127
1627556476715 0.17441132765918835 128
1627556476807 0.17425331350505524 129
1627556476905 0.17410933397322673 130
1627556476994 0.17395429305710702 131
1627556477098 0.17380806038434649 132
1627556477169 0.17365715948968066 133
1627556477252 0.17350821529061286 134
1627556477329 0.17335138007942066 135
1627556477402 0.17321125853316108 136
1627556477491 0.1730759567233189 137
1627556477585 0.17284623137386082 138
1627556477662 0.17269621264527352 139
1627556477724 0.1725517256740631 140
1627556477800 0.1724107453664237 141
1627556477871 0.17226676935460844 142
1627556477950 0.1721141195032466 143
1627556478026 0.1719712626791545 144
1627556478100 0.17182351319335928 145
1627556478205 0.17160703974833505 146
1627556478291 0.17149692646280548 147
1627556478394 0.17135034401358445 148
1627556478483 0.17114535593228453 149
1627556478614 0.17090530778532406 150
1627556478679 0.17079969608016143 151
1627556478797 0.17059035030876085 152
1627556478889 0.1704489864444597 153
1627556478955 0.1703172742271857 154
1627556479036 0.17018656713894642 155
1627556479097 0.17006505691801072 156
1627556479181 0.16987489060344002 157
1627556479277 0.1696504207884962 158
1627556479372 0.1694857639412823 159
1627556479433 0.16934511125128535 160
1627556479504 0.1692122203102994 161
1627556479579 0.16908532484946912 162
1627556479636 0.16898017893347747 163
1627556479712 0.16885436996368447 164
1627556479779 0.16872197084584284 165
1627556479845 0.16860534215630305 166
1627556479930 0.16843428118949294 167
1627556480023 0.16823755438086002 168
1627556480111 0.168048852044076 169
1627556480186 0.16790737991793442 170
1627556480267 0.16774202405258687 171
1627556480335 0.16762409570163833 172
1627556480399 0.16751124166937192 173
1627556480480 0.16736242767653495 174
1627556480540 0.16724852640670154 175
1627556480611 0.16709375805771395 176
1627556480678 0.16698288292762956 177
1627556480752 0.16686525508820596 178
1627556480827 0.16670588353918933 179
1627556480913 0.16658025027277557 180
1627556481022 0.16645250300352551 181
1627556481093 0.16634337972745983 182
1627556481149 0.16623915706184073 183
1627556481219 0.16612401982416625 184
1627556481309 0.1659459231176216 185
1627556481365 0.16585081168264273 186
1627556481431 0.16573159299801057 187
1627556481500 0.16562905188348717 188
1627556481583 0.1654878912959781 189
1627556481673 0.16532218609648963 190
1627556481742 0.16519367945569488 191
1627556481814 0.16506628846572144 192
1627556481885 0.16495615256255375 193
1627556481952 0.1648402782088544 194
1627556482021 0.16471961986859662 195
1627556482095 0.1646013396112024 196
1627556482190 0.1644857769515415 197
1627556482294 0.16429770981720232 198
1627556482369 0.16418563526365795 199
1627556482451 0.16409441126441246 200
1627556482517 0.16398443612684654 201
1627556482573 0.16389080834787986 202
1627556482647 0.1637749555890066 203
1627556482722 0.16362830257178604 204
1627556482782 0.16351333986204625 205
1627556482848 0.1634110369187216 206
1627556482906 0.163309473985363 207
1627556483015 0.1631874879865156 208
1627556483132 0.16307059288114753 209
1627556483231 0.16296250788028296 210
1627556483355 0.16283532369172338 211
1627556483415 0.16273115129509172 212
1627556483492 0.16262182520652418 213
1627556483576 0.16249782178101058 214
1627556483655 0.16239926080483194 215
1627556483727 0.16230323572392527 216
1627556483797 0.16219459033654707 217
1627556483865 0.162073513723407 218
1627556483924 0.16196592694248815 219
1627556483985 0.1618681697980513 220
1627556484041 0.1617844663065421 221
1627556484107 0.16166950416020104 222
1627556484193 0.16157138430491277 223
1627556484292 0.1614697692630246 224
1627556484362 0.16137469585326145 225
1627556484425 0.16126784298595268 226
1627556484478 0.16118717304080218 227
1627556484539 0.16108139384229506 228
1627556484636 0.16088320004615528 229
1627556484699 0.16078831304086852 230
1627556484764 0.16069197851436165 231
1627556484828 0.16059847979682823 232
1627556484893 0.16050492712354633 233
1627556484972 0.16039903973132055 234
1627556485045 0.16028700369930518 235
1627556485113 0.16017907765969128 236
1627556485185 0.16007372839713058 237
1627556485248 0.15998348349879477 238
1627556485320 0.15988137709170105 239
1627556485390 0.15979372262300245 240
1627556485474 0.15964587756795903 241
1627556485550 0.15954920712259713 242
1627556485611 0.15945138543406084 243
1627556485661 0.1593817055290825 244
1627556485752 0.15919607023482488 245
1627556485815 0.15908121487996862 246
1627556485893 0.15897416641807327 247
1627556485960 0.15887911505329858 248
1627556486020 0.15878355187136922 249
1627556486102 0.15868590165735008 250
1627556486171 0.1585761941210826 251
1627556486237 0.15846534816304672 252
1627556486288 0.15838612799345525 253
1627556486352 0.15830191414051042 254
1627556486414 0.15821796757653125 255
1627556486490 0.1581082377216912 256
1627556486573 0.15797011921728743 257
1627556486626 0.1578690542629287 258
1627556486690 0.1631874879865156 259
1627556490787 0.5097532052831771 0
1627556490997 0.47025735475882174 1
1627556491119 0.4353612366730291 2
1627556491273 0.4046634302579706 3
1627556491403 0.3777477080338486 4
1627556491529 0.35429240522632727 5
1627556491644 0.33397702801570306 6
1627556491829 0.31645628169798723 7
1627556491958 0.30132965957491725 8
1627556492072 0.28830323583488904 9
1627556492186 0.2770370028312805 10
1627556492306 0.26745907246334105 11
1627556492422 0.2591636361499521 12
1627556492542 0.25216484542966205 13
1627556492652 0.24608923323803625 14
1627556492767 0.24101884775300675 15
1627556492885 0.23666007795777252 16
1627556493002 0.2330299866003726 17
1627556493120 0.22994337219688188 18
1627556493233 0.2271720057268478 19
1627556493339 0.22482216452561046 20
1627556493454 0.22281916619557335 21
1627556493568 0.22108365282184023 22
1627556493671 0.21931304477267557 23
1627556493775 0.21789341120450673 24
1627556493872 0.2166134142439224 25
1627556493969 0.2154603713404057 26
1627556494111 0.21444293044174634 27
1627556494220 0.21351734445409284 28
1627556494379 0.21254305950011768 29
1627556494475 0.21159720623323058 30
1627556494572 0.21082434037424766 31
1627556494680 0.20995536733068332 32
1627556494782 0.20914320987932689 33
1627556494895 0.20846432184731295 34
1627556494996 0.20769802369699647 35
1627556495094 0.20668790751741217 36
1627556495193 0.20563159718313953 37
1627556495286 0.20514944856588438 38
1627556495383 0.20446784501548138 39
1627556495474 0.20398435231024048 40
1627556495569 0.20301488601438816 41
1627556495692 0.20203005078079103 42
1627556495794 0.2015755129164818 43
1627556495904 0.2009554212339673 44
1627556495989 0.2006125503029954 45
1627556496091 0.20026138592079346 46
1627556496217 0.19960666459028056 47
1627556496315 0.19921409135682458 48
1627556496450 0.19855031101580214 49
1627556496581 0.19780389791570802 50
1627556496671 0.19742508677578824 51
1627556496765 0.19693501086960072 52
1627556496877 0.1965002735882075 53
1627556497001 0.19609649682181082 54
1627556497089 0.19568715932785047 55
1627556497217 0.19536245562246135 56
1627556497349 0.1950301694809639 57
1627556497490 0.1947628324814805 58
1627556497622 0.1941772541855141 59
1627556497732 0.1938749016372303 60
1627556497869 0.19360401563518398 61
1627556497993 0.19302013614138547 62
1627556498099 0.19250874881794078 63
1627556498237 0.1920426317042634 64
1627556498323 0.19174919602879692 65
1627556498436 0.1914614256357974 66
1627556498585 0.19099319082200858 67
1627556498705 0.19028687736062394 68
1627556498825 0.1898122509261624 69
1627556498950 0.1895420178806982 70
1627556499044 0.18927493168725865 71
1627556499139 0.18901162674966715 72
1627556499224 0.18873110327824835 73
1627556499326 0.18814082930208198 74
1627556499418 0.1878033108091049 75
1627556499517 0.1872769640328226 76
1627556499623 0.18703075325738835 77
1627556499723 0.18678932992326594 78
1627556499800 0.18656697731153343 79
1627556499882 0.186343489841323 80
1627556500033 0.18578003208039642 81
1627556500125 0.1855570816638989 82
1627556500245 0.1851424499597317 83
1627556500354 0.18474748695590684 84
1627556500446 0.18448579773954335 85
1627556500527 0.1842560284332742 86
1627556500611 0.18393608331178868 87
1627556500689 0.1837352642595382 88
1627556500772 0.18350865444521022 89
1627556500893 0.1832278035963168 90
1627556501004 0.1830276429415124 91
1627556501142 0.18267821571062673 92
1627556501248 0.18232767615219272 93
1627556501343 0.18208549391146506 94
1627556501443 0.18179810334666016 95
1627556501528 0.1815992327679614 96
1627556501623 0.1812659529537985 97
1627556501688 0.18108102217895253 98
1627556501777 0.18085672013959522 99
1627556501873 0.18064002793722775 100
1627556501969 0.18034856861960585 101
1627556502064 0.18004290375882223 102
1627556502131 0.17985288044068048 103
1627556502226 0.1795936915571227 104
1627556502313 0.17941193710130288 105
1627556502385 0.17920608604332539 106
1627556502494 0.1788873154891808 107
1627556502575 0.17868379432925732 108
1627556502670 0.17851437540936513 109
1627556502761 0.17832051551339134 110
1627556502849 0.17813617828098252 111
1627556502937 0.1779774626180233 112
1627556503060 0.17779624400118924 113
1627556503152 0.17763451050301132 114
1627556503247 0.17738044484897691 115
1627556503325 0.17721394084017864 116
1627556503420 0.17700147610369504 117
1627556503502 0.1768260210859302 118
1627556503590 0.1766132329702368 119
1627556503650 0.17646191488211888 120
1627556503740 0.17631076320728445 121
1627556503812 0.17614965625013324 122
1627556503897 0.17599864918282385 123
1627556503992 0.17568425602558904 124
1627556504068 0.17553170493362277 125
1627556504144 0.17531439886894803 126
1627556504227 0.17504717703495684 127
1627556504297 0.1748690505351333 128
1627556504372 0.1746785222751149 129
1627556504459 0.17452883605991001 130
1627556504534 0.1743778574725675 131
1627556504625 0.17422983601268172 132
1627556504741 0.1740717810862634 133
1627556504825 0.1739289484865397 134
1627556504913 0.1737716943852536 135
1627556504989 0.1736145326292932 136
1627556505110 0.17336781626096393 137
1627556505193 0.1731531670934356 138
1627556505293 0.1729974739251071 139
1627556505412 0.1727973859069645 140
1627556505494 0.17266101066829528 141
1627556505585 0.17251459333629116 142
1627556505669 0.1723623414853206 143
1627556505759 0.17223225742025858 144
1627556505821 0.17209768079789334 145
1627556505902 0.1718883481410682 146
1627556505981 0.17173746831212816 147
1627556506045 0.17160970558169952 148
1627556506123 0.17143749635817274 149
1627556506203 0.17130480935454973 150
1627556506331 0.17100952796779795 151
1627556506405 0.17088116646303025 152
1627556506481 0.17074904852929856 153
1627556506545 0.17062142468172717 154
1627556506624 0.17047233167867276 155
1627556506689 0.17034968305427778 156
1627556506769 0.17016434765702199 157
1627556506838 0.17001990277391088 158
1627556506910 0.16987523443233365 159
1627556507005 0.16975096497504286 160
1627556507069 0.16963575258498498 161
1627556507146 0.1695191456696493 162
1627556507219 0.16937643662619664 163
1627556507287 0.16926180503193844 164
1627556507371 0.16908642474150815 165
1627556507422 0.16897162998170828 166
1627556507492 0.16885906157223055 167
1627556507577 0.16869283403563393 168
1627556507635 0.16856261327530464 169
1627556507714 0.16838904120883627 170
1627556507821 0.1682492246104271 171
1627556507892 0.168114235035272 172
1627556507947 0.16800380518560093 173
1627556508011 0.16787945126830875 174
1627556508093 0.16775297407919884 175
1627556508196 0.16752443105111012 176
1627556508262 0.16740196750532538 177
1627556508333 0.16726048522499573 178
1627556508393 0.16713321421504507 179
1627556508457 0.16701517962063187 180
1627556508524 0.1668697689271146 181
1627556508587 0.1667396504269368 182
1627556508667 0.1665799251772744 183
1627556508734 0.16643932437005915 184
1627556508807 0.16632921025281103 185
1627556508877 0.16619951257609067 186
1627556508955 0.16605113487817727 187
1627556509027 0.16594371416193854 188
1627556509088 0.1658199933476284 189
1627556509185 0.1656056741139902 190
1627556509261 0.16549155240482674 191
1627556509333 0.16537740039972737 192
1627556509459 0.16523760223651324 193
1627556509562 0.1651137535323723 194
1627556509633 0.165011297239943 195
1627556509724 0.16484980058730447 196
1627556509797 0.1647500113084805 197
1627556509883 0.16463133657757348 198
1627556509940 0.16452021674649706 199
1627556510023 0.16443287006290053 200
1627556510112 0.16430879983604818 201
1627556510174 0.16419034463869928 202
1627556510249 0.16407045680955543 203
1627556510320 0.16395991482970412 204
1627556510378 0.16385502705186106 205
1627556510447 0.16374378730960332 206
1627556510516 0.16363184946961337 207
1627556510584 0.16353300031711623 208
1627556510647 0.16343412665735627 209
1627556510712 0.16333401405887543 210
1627556510792 0.1632255647981721 211
1627556510883 0.16309674783506542 212
1627556510947 0.16299097573097868 213
1627556511012 0.16289152089538994 214
1627556511096 0.16280758863372624 215
1627556511177 0.16269814120179926 216
1627556511234 0.16261512882120374 217
1627556511332 0.16249239877282856 218
1627556511404 0.16238788083788494 219
1627556511487 0.1622217703046973 220
1627556511544 0.162119079011229 221
1627556511614 0.16202184036488987 222
1627556511675 0.16192926488161943 223
1627556511738 0.16181477863152566 224
1627556511809 0.1617155612271182 225
1627556511910 0.16153532871943133 226
1627556511988 0.16141131350605561 227
1627556512076 0.16129403755635224 228
1627556512173 0.16119404339595003 229
1627556512266 0.1611048069362513 230
1627556512372 0.16098353623471642 231
1627556512465 0.16088608182526887 232
1627556512561 0.16079074180906003 233
1627556512697 0.16066689061141598 234
1627556512781 0.16056962093371824 235
1627556512859 0.16048737027447857 236
1627556512942 0.16038983515988975 237
1627556513019 0.16029545645817464 238
1627556513081 0.1601993772854765 239
1627556513175 0.1600908408969651 240
1627556513252 0.15998754582521194 241
1627556513319 0.1598729284715326 242
1627556513370 0.15979456186900462 243
1627556513426 0.15968497289917274 244
1627556513498 0.15958428103129313 245
1627556513563 0.15948193507559266 246
1627556513657 0.1593719060679013 247
1627556513717 0.15928094832850256 248
1627556513798 0.15917788289236828 249
1627556513875 0.15908086132353733 250
1627556513929 0.15900240081399808 251
1627556514002 0.15889788305010677 252
1627556514085 0.15880006966751378 253
1627556514153 0.15870605850885347 254
1627556514222 0.1585909681320588 255
1627556514283 0.1584929822260955 256
1627556514359 0.15839885202865492 257
1627556514447 0.15829062268000668 258
1627556514499 0.1582117216226034 259
1627556514570 0.15810452088716037 260
1627556514627 0.15803048958131935 261
1627556514685 0.15795116057430422 262
1627556514762 0.15785584369138253 263
1627556514834 0.15775394470893575 264
1627556514904 0.15764521504600168 265
1627556514986 0.15750520680668315 266
1627556515044 0.15742136423295033 267
1627556515118 0.15732682084696323 268
1627556515191 0.15722360462793433 269
1627556515275 0.15712382779912493 270
1627556515368 0.15697502859997242 271
1627556515447 0.15685844427964807 272
1627556515512 0.15676558911473024 273
1627556515587 0.15666257510101128 274
1627556515663 0.15656856147101125 275
1627556515767 0.15648997027586553 276
1627556515873 0.15639799069215568 277
1627556515950 0.15627432030716112 278
1627556516009 0.1561856993035937 279
1627556516069 0.15610680535764937 280
1627556516138 0.1560218517503682 281
1627556516210 0.1559123956209475 282
1627556516298 0.15580361018155237 283
1627556516371 0.15570320815159047 284
1627556516448 0.15559807844050147 285
1627556516513 0.15552749695402582 286
1627556516603 0.1554228426144832 287
1627556516668 0.1553356465419293 288
1627556516742 0.155257895073874 289
1627556516835 0.15516673179969956 290
1627556516911 0.15508428522477388 291
1627556516981 0.15500354601913033 292
1627556517037 0.1549333877970505 293
1627556517123 0.1548051291683432 294
1627556517208 0.15469755426791804 295
1627556517314 0.1545985579679946 296
1627556517411 0.15451126752485067 297
1627556517491 0.15441279091493576 298
1627556517548 0.15433698936789705 299
1627556517647 0.1541935011563519 300
1627556517717 0.15410833422305006 301
1627556517771 0.15403825949734876 302
1627556517857 0.1539524375997062 303
1627556517926 0.15386060509100757 304
1627556518013 0.1537701423341429 305
1627556518105 0.15366815722731794 306
1627556518187 0.15360232099202528 307
1627556518261 0.15351207239800232 308
1627556518319 0.1534486221084239 309
1627556518381 0.15336777925328826 310
1627556518471 0.1532811904103787 311
1627556518543 0.15320428209456532 312
1627556518604 0.15311765515280173 313
1627556518672 0.15302287069931672 314
1627556518745 0.15294502328297083 315
1627556518838 0.1528628529265452 316
1627556518933 0.15278522580471687 317
1627556519022 0.15266614154167243 318
1627556519079 0.1526073170682685 319
1627556519153 0.15251364959315186 320
1627556519208 0.1524511204669788 321
1627556519285 0.15238597870480128 322
1627556519389 0.15224191547049978 323
1627556519456 0.1521666744583403 324
1627556519520 0.15208777283349256 325
1627556519578 0.15200148719750664 326
1627556519637 0.1519079907916094 327
1627556519722 0.1517848492882751 328
1627556519782 0.1517007297596637 329
1627556519839 0.1516191342047072 330
1627556519904 0.15152769719163023 331
1627556519972 0.1514313266671953 332
1627556520040 0.15133608590291228 333
1627556520121 0.151239835895771 334
1627556520187 0.15116417450836442 335
1627556520244 0.15107898084907234 336
1627556520293 0.15101416596888959 337
1627556520362 0.15093580749877955 338
1627556520409 0.15085986725568953 339
1627556520465 0.1507873916710165 340
1627556520534 0.15070862741590973 341
1627556520594 0.15063224583586518 342
1627556520683 0.15054250120597434 343
1627556520766 0.15046902540341875 344
1627556520843 0.1503778391069865 345
1627556520929 0.15030144536358392 346
1627556520999 0.15021713479085086 347
1627556521080 0.15012625239043034 348
1627556521148 0.15002714409605522 349
1627556521228 0.14995766835657745 350
1627556521289 0.14989210141315495 351
1627556521350 0.14981101780938236 352
1627556521413 0.14971786208137472 353
1627556521499 0.14963785988796552 354
1627556521558 0.1495739584229841 355
1627556521618 0.14951042325004868 356
1627556521689 0.14940920493031676 357
1627556521750 0.14932662388207388 358
1627556521822 0.1492462889914095 359
1627556521875 0.1491883359509841 360
1627556521935 0.14911520101124429 361
1627556522010 0.14903948965294614 362
1627556522097 0.14895711853173557 363
1627556522150 0.14888170120377575 364
1627556522207 0.14881161057147763 365
1627556522258 0.14873553130096934 366
1627556522325 0.14865019048660594 367
1627556522381 0.1485950224698308 368
1627556522466 0.14849482593079977 369
1627556522530 0.1484175922440329 370
1627556522609 0.14833933798124932 371
1627556522663 0.1482743527519826 372
1627556522719 0.1481923868329579 373
1627556522818 0.15224191547049978 374
