1627552003530 0.5087216955403264 0
1627552003788 0.4688554357974071 1
1627552003976 0.43387932011517977 2
1627552004168 0.4032417741429745 3
1627552004360 0.3762080835943849 4
1627552004552 0.3524498621771959 5
1627552004734 0.3317996665400953 6
1627552004932 0.31404130028818156 7
1627552005103 0.298708560917463 8
1627552005274 0.28556557882203915 9
1627552005434 0.2741575932182104 10
1627552005601 0.264405985836448 11
1627552005764 0.2560350164118189 12
1627552005980 0.24901315205388747 13
1627552006186 0.24299878001257041 14
1627552006359 0.23779565415493942 15
1627552006519 0.2334194616945868 16
1627552006707 0.22967707365447587 17
1627552006870 0.2263073714313003 18
1627552007021 0.22353497094093813 19
1627552007161 0.2210841528048449 20
1627552007300 0.21895481464405733 21
1627552007455 0.21709307976639156 22
1627552007658 0.21536031141182027 23
1627552007806 0.21386945517198785 24
1627552007966 0.21254571746864787 25
1627552008147 0.2111399378577919 26
1627552008286 0.21010799562895427 27
1627552008430 0.20891162747512965 28
1627552008565 0.20790009245894134 29
1627552008703 0.20692589471834708 30
1627552008832 0.205931550066543 31
1627552008964 0.20497976695263248 32
1627552009112 0.20396296742263154 33
1627552009238 0.2031630183800673 34
1627552009381 0.20213439341310188 35
1627552009546 0.20158879875239075 36
1627552009729 0.20031018748771345 37
1627552009868 0.199671668520569 38
1627552010076 0.19882024752057118 39
1627552010232 0.19814732489271525 40
1627552010367 0.19725054905256004 41
1627552010505 0.19652362315579927 42
1627552010647 0.19542310491013526 43
1627552010787 0.19477430970166892 44
1627552010899 0.19440195112771563 45
1627552011070 0.193484038889175 46
1627552011187 0.19311592052041573 47
1627552011301 0.19276282502858175 48
1627552011423 0.19240025525607576 49
1627552011651 0.19109365929633568 50
1627552011803 0.19047530205795488 51
1627552011964 0.18937609842364786 52
1627552012085 0.1890100469618645 53
1627552012224 0.1884886243513433 54
1627552012355 0.18818036861819665 55
1627552012550 0.18784519612807266 56
1627552012708 0.18731226471952064 57
1627552012851 0.18696547157179808 58
1627552012997 0.18633434225588005 59
1627552013129 0.1857982331779349 60
1627552013280 0.18494409145752824 61
1627552013408 0.18461433982258982 62
1627552013517 0.1843694162223712 63
1627552013620 0.18409475949616683 64
1627552013750 0.18371263435019541 65
1627552013856 0.1834126112083574 66
1627552013974 0.18305704880425172 67
1627552014093 0.182773364596283 68
1627552014268 0.182276679640537 69
1627552014445 0.18185332723742081 70
1627552014547 0.18161586207698813 71
1627552014651 0.18136824667001528 72
1627552014769 0.18110131447542574 73
1627552014935 0.18027350487936397 74
1627552015078 0.17973311744468165 75
1627552015192 0.17941462001518307 76
1627552015299 0.1791670508448479 77
1627552015412 0.17893631144950686 78
1627552015520 0.17866873394723712 79
1627552015644 0.1783973267581576 80
1627552015801 0.1779268068963921 81
1627552015944 0.17752162252483522 82
1627552016068 0.1772851627987528 83
1627552016181 0.17703422573371316 84
1627552016304 0.1767816674274817 85
1627552016439 0.1765479602869496 86
1627552016570 0.1763078463235838 87
1627552016681 0.17607664931050898 88
1627552016786 0.17585308659133067 89
1627552016911 0.17563843174545937 90
1627552017078 0.17513024565317795 91
1627552017201 0.17486544290919803 92
1627552017298 0.17465253098284528 93
1627552017420 0.1743717446513801 94
1627552017576 0.1740664714222045 95
1627552017700 0.17383403119083118 96
1627552017826 0.1736282660411577 97
1627552017960 0.17342440022120795 98
1627552018088 0.17315910777980614 99
1627552018241 0.17294638729485728 100
1627552018380 0.17272565441137228 101
1627552018503 0.17251883005266366 102
1627552018628 0.17230465069139403 103
1627552018759 0.17205584510014937 104
1627552018851 0.17186898679136128 105
1627552018956 0.1716702659757747 106
1627552019103 0.17123392625791098 107
1627552019193 0.17103573418789028 108
1627552019309 0.1708215618489085 109
1627552019407 0.17060141110657467 110
1627552019510 0.17041097375758135 111
1627552019626 0.17021745524236614 112
1627552019733 0.17000914577225942 113
1627552019835 0.1698247468769254 114
1627552019985 0.16935812322800087 115
1627552020081 0.16915828052489876 116
1627552020205 0.16895545170911233 117
1627552020302 0.16878113691347366 118
1627552020435 0.16848556537503698 119
1627552020566 0.16829402877244945 120
1627552020698 0.16807387602976104 121
1627552020796 0.16789717435910745 122
1627552020934 0.16771830353758554 123
1627552021120 0.167474285122052 124
1627552021219 0.16730495390570038 125
1627552021360 0.16706283619559664 126
1627552021503 0.16675763650720757 127
1627552021619 0.16655596268183906 128
1627552021726 0.16636806693733708 129
1627552021841 0.16616613718466486 130
1627552021964 0.16598373880334583 131
1627552022072 0.16581212156834538 132
1627552022165 0.16565456501522133 133
1627552022309 0.1653250563040988 134
1627552022412 0.16513378566718806 135
1627552022519 0.1649592410980005 136
1627552022614 0.1647970348195465 137
1627552022711 0.16462716464218738 138
1627552022808 0.16445392761046784 139
1627552022899 0.16428796800557172 140
1627552023015 0.16408694515045874 141
1627552023118 0.16391366649385922 142
1627552023228 0.1637419665398106 143
1627552023333 0.16358252908508503 144
1627552023432 0.1634161698762962 145
1627552023549 0.1632382501121607 146
1627552023697 0.16288999295666773 147
1627552023787 0.16274258540316422 148
1627552023943 0.16257828250524 149
1627552024059 0.16240875451270623 150
1627552024163 0.16225200971650847 151
1627552024295 0.1620223970723069 152
1627552024390 0.1618700772961945 153
1627552024490 0.1617055689644104 154
1627552024604 0.16155874562338488 155
1627552024716 0.16141203356962186 156
1627552024886 0.16121550918577365 157
1627552025009 0.16105899777532443 158
1627552025114 0.1608939678478106 159
1627552025238 0.1606647244934743 160
1627552025367 0.16038540269492937 161
1627552025459 0.1602263619190126 162
1627552025575 0.16007696295940335 163
1627552025689 0.15983812542010778 164
1627552025808 0.15969860382999848 165
1627552025914 0.15955753937093597 166
1627552026005 0.15940236239887268 167
1627552026129 0.1592179282214182 168
1627552026241 0.15907420301421787 169
1627552026333 0.15892617477109244 170
1627552026424 0.15878254607976675 171
1627552026541 0.15862246592241952 172
1627552026662 0.15848798147773238 173
1627552026806 0.1583596888858024 174
1627552026911 0.15821453525443016 175
1627552027007 0.15806815289529536 176
1627552027091 0.1579178001440309 177
1627552027175 0.15776601110762395 178
1627552027270 0.15762871948116197 179
1627552027391 0.15747980771032744 180
1627552027486 0.157334763504857 181
1627552027610 0.1571884740277865 182
1627552027706 0.15704568414688633 183
1627552027800 0.1569075168819322 184
1627552027934 0.15669342620477136 185
1627552028026 0.1565476265703172 186
1627552028111 0.15640918190096303 187
1627552028202 0.15626747663452661 188
1627552028282 0.1561316713489075 189
1627552028399 0.15598368021979045 190
1627552028508 0.1558518174669487 191
1627552028622 0.155720074776183 192
1627552028740 0.15558433803751423 193
1627552028828 0.15547147173940534 194
1627552028996 0.15533169289413293 195
1627552029165 0.155202498224685 196
1627552029279 0.15506013306259978 197
1627552029442 0.15492051211684665 198
1627552029578 0.15478812199311023 199
1627552029717 0.154632027256422 200
1627552029929 0.15436819327249285 201
1627552030072 0.1542356804673525 202
1627552030220 0.15409943646263255 203
1627552030360 0.15396412851707764 204
1627552030454 0.15382877116286203 205
1627552030556 0.15368892884169233 206
1627552030669 0.15356064174233722 207
1627552030774 0.15342497651963324 208
1627552030866 0.1532918330845336 209
1627552030952 0.1531666501644349 210
1627552031080 0.1529371622161309 211
1627552031175 0.1528094987016725 212
1627552031314 0.152590816669671 213
1627552031423 0.15245115060559233 214
1627552031499 0.15983812542010778 215
1627552035603 0.5081174918246917 0
1627552035800 0.468521475032498 1
1627552036047 0.4338861781573633 2
1627552036230 0.40332951134685036 3
1627552036406 0.3764677363662703 4
1627552036570 0.35271743266612143 5
1627552036768 0.33212571331863133 6
1627552037007 0.3143381471618826 7
1627552037184 0.29903313397746245 8
1627552037357 0.28584435307825706 9
1627552037525 0.27449557470881086 10
1627552037706 0.26478084375299454 11
1627552037899 0.25644393977537067 12
1627552038120 0.24937306049146815 13
1627552038277 0.24336571227903783 14
1627552038465 0.2381360123370067 15
1627552038671 0.2337795990923337 16
1627552038822 0.23009120604230474 17
1627552038985 0.22677364694641572 18
1627552039147 0.2239472217184235 19
1627552039319 0.22152010525494775 20
1627552039466 0.2194308072525996 21
1627552039618 0.21757307487619534 22
1627552039755 0.2160789495115804 23
1627552039899 0.21462756515713594 24
1627552040047 0.21321148178920515 25
1627552040231 0.21176561196875074 26
1627552040410 0.21067257788357605 27
1627552040564 0.2092990179091408 28
1627552040696 0.20825654273733066 29
1627552040837 0.2074132834395906 30
1627552040975 0.20636422303869642 31
1627552041112 0.20547043973082457 32
1627552041250 0.20454626151102429 33
1627552041374 0.20378899481355514 34
1627552041502 0.2028845542567531 35
1627552041644 0.20194386124806885 36
1627552041789 0.20123180356877526 37
1627552042012 0.20031398146472465 38
1627552042164 0.1989257106673621 39
1627552042357 0.1982810052991292 40
1627552042483 0.1975380770582041 41
1627552042606 0.1970863567710584 42
1627552042745 0.19655816032815498 43
1627552042933 0.19571598003923352 44
1627552043125 0.1950250288618014 45
1627552043301 0.19407404022270316 46
1627552043427 0.1933087813546883 47
1627552043544 0.19294800900301634 48
1627552043672 0.19248958998072485 49
1627552043822 0.19179336685493664 50
1627552043966 0.19142212114338983 51
1627552044132 0.19015358532531126 52
1627552044247 0.18983758679256457 53
1627552044384 0.1894344353414742 54
1627552044499 0.18908865267287092 55
1627552044651 0.18839279634896833 56
1627552044760 0.18809773109254443 57
1627552044895 0.18779465583702656 58
1627552045051 0.18679070632862912 59
1627552045162 0.1864851040265958 60
1627552045301 0.18580313967842327 61
1627552045424 0.18552193353407498 62
1627552045589 0.1852295235974668 63
1627552045707 0.18495355923089013 64
1627552045851 0.1845555225877314 65
1627552045973 0.18425708645271463 66
1627552046080 0.18395363110034293 67
1627552046221 0.1834793269468483 68
1627552046352 0.18313817501017202 69
1627552046491 0.18283229529337391 70
1627552046598 0.18254031428644216 71
1627552046712 0.18226580564844105 72
1627552046848 0.18170027601083844 73
1627552047038 0.18086003960842123 74
1627552047165 0.18057418164533906 75
1627552047286 0.18029996760043834 76
1627552047391 0.18005071288684216 77
1627552047494 0.17981245694097114 78
1627552047714 0.17920733344809972 79
1627552047864 0.17874631805768834 80
1627552048025 0.1784228204662208 81
1627552048167 0.17805295662362325 82
1627552048272 0.1778271402386979 83
1627552048391 0.17757832202567866 84
1627552048611 0.1769424294075315 85
1627552048703 0.1767063962988764 86
1627552048803 0.1764453098570329 87
1627552048915 0.1762210045335282 88
1627552049020 0.17598008323652017 89
1627552049110 0.17576376162040128 90
1627552049229 0.1755353733606441 91
1627552049362 0.17525394228915858 92
1627552049453 0.1750336313241379 93
1627552049542 0.17482651285005846 94
1627552049677 0.17458901666880708 95
1627552049812 0.17434275032319976 96
1627552049933 0.1740894993996012 97
1627552050030 0.17389180876630417 98
1627552050187 0.1733299654309442 99
1627552050324 0.1730868001314259 100
1627552050442 0.17287457397038825 101
1627552050569 0.17253073321962673 102
1627552050705 0.17233287331857433 103
1627552050833 0.17211387905833325 104
1627552050993 0.1718944954527377 105
1627552051120 0.17168493827916384 106
1627552051236 0.17148813010550165 107
1627552051356 0.1712943794448489 108
1627552051485 0.17097454000318166 109
1627552051611 0.17076489554260804 110
1627552051724 0.17056700375475667 111
1627552051916 0.1701120297925235 112
1627552052020 0.16988633462979716 113
1627552052114 0.1696873037849792 114
1627552052244 0.16934192029828207 115
1627552052350 0.16916027418767557 116
1627552052484 0.16897060485541338 117
1627552052577 0.16878597724217412 118
1627552052718 0.1685931061022451 119
1627552052851 0.16840523205116456 120
1627552052951 0.16822263499472617 121
1627552053061 0.1680407216349346 122
1627552053240 0.1675238251625835 123
1627552053382 0.16733579113779928 124
1627552053498 0.16711447705068821 125
1627552053612 0.16693203134396928 126
1627552053729 0.16675735753952367 127
1627552053867 0.1664307927610962 128
1627552053953 0.16625753596467238 129
1627552054089 0.1659242616902661 130
1627552054202 0.16573632657261422 131
1627552054326 0.16551511090096047 132
1627552054422 0.16535197000866697 133
1627552054605 0.16510255102039736 134
1627552054697 0.16493400414632015 135
1627552054792 0.1647776026182509 136
1627552054896 0.16460689032694725 137
1627552055001 0.1644457757997032 138
1627552055109 0.16429576063290652 139
1627552055209 0.164133493084025 140
1627552055332 0.16394641154717499 141
1627552055436 0.16379535849389712 142
1627552055537 0.1636408812613687 143
1627552055616 0.16347913135676653 144
1627552055707 0.16331413875055653 145
1627552055825 0.16313558136679554 146
1627552055925 0.1629788802016266 147
1627552056021 0.16283383424017994 148
1627552056101 0.16267902101511786 149
1627552056216 0.16251081233057602 150
1627552056313 0.16234847144578762 151
1627552056432 0.162167027859102 152
1627552056531 0.16201232408813776 153
1627552056622 0.16185863071890516 154
1627552056733 0.16170222322657116 155
1627552056871 0.16141258763224436 156
1627552056967 0.16125848539261173 157
1627552057106 0.16100901284182664 158
1627552057206 0.16085806550311077 159
1627552057321 0.16063263028332794 160
1627552057440 0.16040159875256116 161
1627552057532 0.16024694268778472 162
1627552057643 0.16005250624443157 163
1627552057742 0.15987114941465516 164
1627552057829 0.1597211335958236 165
1627552057930 0.15957789032506345 166
1627552058036 0.1594182133062475 167
1627552058131 0.15926431177245437 168
1627552058213 0.15911063707814477 169
1627552058322 0.1589590021341601 170
1627552058426 0.15881486552753854 171
1627552058571 0.15863040272298828 172
1627552058682 0.15848880980319857 173
1627552058765 0.1583450887181682 174
1627552058858 0.15818931921744306 175
1627552058945 0.15804621573383662 176
1627552059072 0.15786502874512676 177
1627552059167 0.1577277888304869 178
1627552059267 0.15757856759588626 179
1627552059366 0.15743591284564976 180
1627552059461 0.15729284329296256 181
1627552059564 0.15714746525772014 182
1627552059709 0.15686606698229977 183
1627552059788 0.15672549667593785 184
1627552059908 0.15658031727378507 185
1627552059988 0.15644711845971146 186
1627552060073 0.1563142087177564 187
1627552060164 0.1561702590534753 188
1627552060253 0.15604052174831942 189
1627552060366 0.1558808600046146 190
1627552060461 0.155740243360832 191
1627552060559 0.15559760185496774 192
1627552060647 0.155465839820282 193
1627552060729 0.15532045125268254 194
1627552060837 0.15516412360498438 195
1627552060954 0.15503451891744557 196
1627552061067 0.15486874460344924 197
1627552061184 0.15467840952826004 198
1627552061274 0.15454725911105183 199
1627552061406 0.15440654368368523 200
1627552061513 0.15422880992902932 201
1627552061609 0.15409183452001665 202
1627552061706 0.1539517497791667 203
1627552061846 0.15381749416645613 204
1627552062000 0.15367651735415405 205
1627552062155 0.15353376047565792 206
1627552062258 0.15339865056199425 207
1627552062339 0.153273934860847 208
1627552062437 0.1531362345132418 209
1627552062555 0.15299207864484568 210
1627552062640 0.15287508505191355 211
1627552062730 0.15275137947039974 212
1627552062853 0.15255074027427237 213
1627552062937 0.15242674538602147 214
1627552063043 0.15229376750818954 215
1627552063145 0.15215759605993645 216
1627552063274 0.15202819661967806 217
1627552063369 0.15188606001658653 218
1627552063505 0.15175186246351083 219
1627552063590 0.1516260800782424 220
1627552063720 0.15150464797506966 221
1627552063821 0.15138128695123698 222
1627552063910 0.15127397105326598 223
1627552064022 0.1511481204757394 224
1627552064107 0.15103426773148818 225
1627552064249 0.15090458223982517 226
1627552064358 0.1507746990088282 227
1627552064442 0.15064771875392502 228
1627552064570 0.15049443196521778 229
1627552064658 0.15036824999657913 230
1627552064752 0.15023606101843087 231
1627552064840 0.15010748056982665 232
1627552064956 0.14990665337349338 233
1627552065058 0.14978147449558799 234
1627552065165 0.1496454714842916 235
1627552065264 0.14951065383279696 236
1627552065370 0.14938052245404687 237
1627552065479 0.14923989733559612 238
1627552065583 0.14910702539634516 239
1627552065686 0.14897706898534752 240
1627552065778 0.14884987449171996 241
1627552065883 0.14872068933629393 242
1627552065994 0.1485882011510594 243
1627552066076 0.14847104124503707 244
1627552066181 0.14835371941922046 245
1627552066281 0.14823287514999278 246
1627552066379 0.1481101340862803 247
1627552066473 0.14798467796711473 248
1627552066555 0.14788237947188373 249
1627552066674 0.14776058385276392 250
1627552066776 0.14764440687622749 251
1627552066859 0.15422880992902932 252
1627552070947 0.5087764346579061 0
1627552071152 0.4690547125556109 1
1627552071328 0.43408249507656 2
1627552071497 0.40350042136460207 3
1627552071688 0.37658940083950876 4
1627552071879 0.3529200969380914 5
1627552072063 0.33238981232224507 6
1627552072236 0.3147857688361118 7
1627552072450 0.29953675022503123 8
1627552072617 0.2863641555993254 9
1627552072784 0.2748722302554592 10
1627552072951 0.26508166997929794 11
1627552073107 0.25665180820273237 12
1627552073264 0.2496802024940233 13
1627552073463 0.243658408541072 14
1627552073635 0.23844713584914268 15
1627552073788 0.23399652146199418 16
1627552073992 0.23029242113860401 17
1627552074216 0.2269318438162956 18
1627552074376 0.22411604694196496 19
1627552074522 0.22162752654896573 20
1627552074670 0.21955523300079727 21
1627552074824 0.21768725788110502 22
1627552074961 0.21607392887790858 23
1627552075107 0.21434137257519317 24
1627552075252 0.21270602391303867 25
1627552075397 0.21129393049140294 26
1627552075574 0.21026184252672223 27
1627552075793 0.20905778394796468 28
1627552075946 0.20790961581755038 29
1627552076088 0.20685358566703743 30
1627552076227 0.20602751159915358 31
1627552076359 0.20527996080610011 32
1627552076513 0.20422424310271214 33
1627552076653 0.20355136978813343 34
1627552076795 0.20297363635932708 35
1627552076991 0.20138350761371404 36
1627552077197 0.2002748813482713 37
1627552077343 0.199412628062615 38
1627552077536 0.1984321392062406 39
1627552077670 0.1979000234727496 40
1627552077830 0.1972910008034409 41
1627552077965 0.19647850131023734 42
1627552078115 0.19558910528043497 43
1627552078258 0.19493713350496286 44
1627552078399 0.19420519801014927 45
1627552078558 0.1930056350849484 46
1627552078691 0.1923721592250893 47
1627552078807 0.1920112717669878 48
1627552078977 0.1910717574714747 49
1627552079164 0.19021635731671616 50
1627552079277 0.18986186462070231 51
1627552079437 0.18923663870290927 52
1627552079577 0.18872563197476977 53
1627552079689 0.18842924543996722 54
1627552079812 0.18798465652455396 55
1627552079933 0.18757365448843677 56
1627552080036 0.18727294212978127 57
1627552080151 0.18694579234486103 58
1627552080302 0.18603668452483035 59
1627552080444 0.18574385175658112 60
1627552080599 0.18543433498731765 61
1627552080732 0.18504764136123583 62
1627552080852 0.18475505939797582 63
1627552080972 0.18446016503862026 64
1627552081139 0.18357511868511361 65
1627552081244 0.1832825444714461 66
1627552081372 0.18297768480028376 67
1627552081509 0.18266712523269663 68
1627552081618 0.18239119183624763 69
1627552081774 0.1816955189025741 70
1627552081879 0.1814319678634762 71
1627552081987 0.18116485969473597 72
1627552082194 0.1805309355526989 73
1627552082338 0.1802380193821564 74
1627552082487 0.1799159900808153 75
1627552082647 0.17932582565921865 76
1627552082744 0.1790865817710174 77
1627552082860 0.17884134390620027 78
1627552082983 0.1785618667028693 79
1627552083124 0.17822262067474545 80
1627552083291 0.1779727087285781 81
1627552083414 0.17771905480593447 82
1627552083545 0.17747735109343984 83
1627552083657 0.17722697635257245 84
1627552083809 0.17692267017185467 85
1627552083935 0.17666555362120093 86
1627552084058 0.17638337775055732 87
1627552084187 0.17609094299187045 88
1627552084299 0.17586153251427433 89
1627552084403 0.1756434649707251 90
1627552084532 0.17537283975274373 91
1627552084654 0.17513125850393169 92
1627552084756 0.17493466355742018 93
1627552084875 0.17471565149555693 94
1627552084998 0.17447371511035406 95
1627552085125 0.17424535514333442 96
1627552085288 0.1740340599803453 97
1627552085422 0.17379738088903982 98
1627552085573 0.1734424036676465 99
1627552085709 0.17322031747443672 100
1627552085856 0.17272312529069878 101
1627552085967 0.17249499353953465 102
1627552086067 0.17228476335880183 103
1627552086189 0.17207825070441485 104
1627552086281 0.17187370329947793 105
1627552086380 0.17167920753741683 106
1627552086507 0.17147620125104704 107
1627552086609 0.17129487416735256 108
1627552086798 0.1708353992901241 109
1627552086895 0.17063515192004564 110
1627552087005 0.1704470251115546 111
1627552087152 0.16998476560213766 112
1627552087264 0.16979826823334893 113
1627552087381 0.1695774453412016 114
1627552087516 0.1693725491862933 115
1627552087635 0.16918454182747908 116
1627552087742 0.16900258267735943 117
1627552087829 0.16883583533401633 118
1627552087944 0.16863097154549556 119
1627552088053 0.16843556517363228 120
1627552088157 0.1682491488102426 121
1627552088249 0.16806993446173604 122
1627552088371 0.16780651394391966 123
1627552088534 0.16746205635052755 124
1627552088636 0.16727155514436265 125
1627552088781 0.16696902693839707 126
1627552088906 0.16669757855994943 127
1627552089032 0.16651216120075513 128
1627552089137 0.16633819547184533 129
1627552089251 0.16615950857513853 130
1627552089363 0.16597065264485342 131
1627552089473 0.16578892840169943 132
1627552089579 0.1656121131022137 133
1627552089717 0.16537361263616596 134
1627552089817 0.16519192757776782 135
1627552089913 0.16500714293350707 136
1627552090017 0.16483011009962162 137
1627552090106 0.16467254937346715 138
1627552090227 0.1644939209013442 139
1627552090327 0.1643301901724108 140
1627552090420 0.16415634827167788 141
1627552090516 0.16398786150508746 142
1627552090626 0.1638379016137571 143
1627552090704 0.16368851722967256 144
1627552090813 0.16352208279300653 145
1627552090937 0.16325429487938073 146
1627552091078 0.16305125623929603 147
1627552091212 0.16288103585426494 148
1627552091404 0.16267287793287322 149
1627552091562 0.16251326217252227 150
1627552091698 0.1623469649607231 151
1627552091847 0.16197976330459588 152
1627552091956 0.16182464292584642 153
1627552092048 0.16166817308328632 154
1627552092138 0.16151123226995429 155
1627552092264 0.16134968088526255 156
1627552092368 0.16119252142592216 157
1627552092487 0.16101861167014678 158
1627552092604 0.1608599139511496 159
1627552092716 0.1606874838305943 160
1627552092825 0.16052169450870468 161
1627552092919 0.16036515629947337 162
1627552093039 0.16016349943346866 163
1627552093133 0.15999773272711523 164
1627552093222 0.15985357900134278 165
1627552093314 0.1597145584267125 166
1627552093409 0.15957647480470888 167
1627552093490 0.15944300024876473 168
1627552093586 0.15930799771381488 169
1627552093687 0.15915444300597562 170
1627552093785 0.15901390263402027 171
1627552093904 0.15885798339093035 172
1627552093981 0.1587244653037931 173
1627552094087 0.15857489945645972 174
1627552094196 0.15842066579710012 175
1627552094281 0.15828355692511198 176
1627552094369 0.15814742688101655 177
1627552094451 0.15799799678561552 178
1627552094546 0.15785232577769148 179
1627552094652 0.15769141572077952 180
1627552094747 0.1575384611963732 181
1627552094852 0.15735503680885624 182
1627552094986 0.157082589270315 183
1627552095100 0.15692871283369414 184
1627552095259 0.1567297120804786 185
1627552095354 0.15659188035903027 186
1627552095463 0.15645582715222278 187
1627552095554 0.15632581628873887 188
1627552095655 0.15616568866096767 189
1627552095778 0.15600799562970089 190
1627552095869 0.15586919419677508 191
1627552095961 0.15572732699929628 192
1627552096056 0.15559474994154623 193
1627552096138 0.15546066684610652 194
1627552096339 0.15515969862040516 195
1627552096476 0.1549362835719169 196
1627552096593 0.15474537429248503 197
1627552096692 0.1546117343355983 198
1627552096787 0.15448398679370914 199
1627552096930 0.15434202658588508 200
1627552097017 0.15421066734433422 201
1627552097104 0.15408718116999517 202
1627552097195 0.15395552766385628 203
1627552097295 0.1538009718088557 204
1627552097381 0.15366355121226627 205
1627552097475 0.15353674739862694 206
1627552097562 0.1534093572565247 207
1627552097652 0.15328101809114583 208
1627552097760 0.15315395845402016 209
1627552097848 0.15303289278903678 210
1627552097954 0.15286998305862917 211
1627552098038 0.15274377567532055 212
1627552098131 0.15262132300221945 213
1627552098206 0.15250838294180438 214
1627552098315 0.15236957360754483 215
1627552098442 0.15213735598901365 216
1627552098530 0.1520007116644284 217
1627552098611 0.15188266375979909 218
1627552098691 0.15177858372219794 219
1627552098790 0.1516439809886497 220
1627552098893 0.15150329039214536 221
1627552098990 0.15137326184266686 222
1627552099114 0.1512052532247158 223
1627552099201 0.15108200088575413 224
1627552099358 0.15093517528119504 225
1627552099453 0.1508058250853126 226
1627552099549 0.1506722411416182 227
1627552099639 0.15054938022068307 228
1627552099766 0.15034631532876608 229
1627552099872 0.1502158649310017 230
1627552099979 0.1500733000380307 231
1627552100070 0.1499510164770149 232
1627552100164 0.14982346590936405 233
1627552100257 0.14969738757044815 234
1627552100363 0.14956499337949822 235
1627552100454 0.14944965992411816 236
1627552100542 0.14932878224923435 237
1627552100676 0.1491161907695199 238
1627552100782 0.14899143676600685 239
1627552100879 0.14887299246274746 240
1627552100965 0.1487544011885667 241
1627552101048 0.14863633644178556 242
1627552101151 0.14845846003748406 243
1627552101231 0.14834436330346748 244
1627552101328 0.14822303086472 245
1627552101419 0.148107475108199 246
1627552101513 0.1479914712993342 247
1627552101633 0.14786158514789385 248
1627552101733 0.14775645545909732 249
1627552101818 0.15448398679370914 250
1627552105849 0.5069177606050657 0
1627552106049 0.46743692123373215 1
1627552106229 0.4328154449223388 2
1627552106409 0.4024246077376456 3
1627552106596 0.3757217727071861 4
1627552106774 0.35215045776454074 5
1627552106945 0.3316857079627771 6
1627552107121 0.31423134330486824 7
1627552107292 0.29913007636109745 8
1627552107453 0.2861380645935191 9
1627552107610 0.27457684525251014 10
1627552107774 0.26482898569323293 11
1627552107932 0.2563950237430626 12
1627552108091 0.24927085926738282 13
1627552108251 0.24313016533864026 14
1627552108404 0.2378359525813197 15
1627552108569 0.23344714248472256 16
1627552108761 0.22976975774534505 17
1627552108923 0.22631711763312307 18
1627552109079 0.22347865922858137 19
1627552109236 0.22111135375412044 20
1627552109386 0.2189777315614415 21
1627552109542 0.2171268057535056 22
1627552109679 0.21559745754821144 23
1627552109891 0.2137257181766938 24
1627552110090 0.21234433730504654 25
1627552110233 0.21109809941630905 26
1627552110373 0.20997476090509268 27
1627552110527 0.20894092143740603 28
1627552110666 0.20799565463471775 29
1627552110832 0.2071760273823819 30
1627552110958 0.20627488846139164 31
1627552111099 0.20534428955243028 32
1627552111235 0.20441228889760593 33
1627552111369 0.20344681291969574 34
1627552111502 0.2022656576355962 35
1627552111645 0.20113033417680432 36
1627552111797 0.19956859663457724 37
1627552111938 0.19858482825423637 38
1627552112079 0.19780980984696964 39
1627552112208 0.19717199258989232 40
1627552112341 0.19658227889112243 41
1627552112485 0.1958458789888518 42
1627552112643 0.19504718146694336 43
1627552112767 0.19464791619301136 44
1627552112881 0.1941110492744158 45
1627552113004 0.19370352923903583 46
1627552113123 0.19325884599676418 47
1627552113263 0.19293693505455095 48
1627552113419 0.19199715535016393 49
1627552113594 0.19102094867442074 50
1627552113736 0.19031269461419606 51
1627552113869 0.18974326289081161 52
1627552114045 0.189391084018594 53
1627552114222 0.188746547138586 54
1627552114355 0.1884387124053455 55
1627552114485 0.18799350197685863 56
1627552114587 0.1877094233740877 57
1627552114726 0.18736254544696837 58
1627552114885 0.18696601754679326 59
1627552115003 0.18655223823064468 60
1627552115159 0.18577858800353983 61
1627552115296 0.18539853431360562 62
1627552115414 0.18507947272516043 63
1627552115529 0.18478482445661332 64
1627552115690 0.18404663160619236 65
1627552115802 0.18377140159075026 66
1627552115911 0.18347613828192105 67
1627552116075 0.18286477565262776 68
1627552116209 0.18238164321090589 69
1627552116407 0.18193118994753554 70
1627552116562 0.18167861611470013 71
1627552116671 0.18142927809712597 72
1627552116796 0.18112680798629904 73
1627552117040 0.18057941308082304 74
1627552117251 0.18028335483418764 75
1627552117432 0.17953724588648845 76
1627552117592 0.17928464405184438 77
1627552117753 0.17904349408440737 78
1627552117872 0.17879448010219656 79
1627552118038 0.17824109110265823 80
1627552118163 0.17799609472108988 81
1627552118297 0.17774412465720138 82
1627552118406 0.17751687429783752 83
1627552118559 0.17715900750558417 84
1627552118694 0.17690523967974295 85
1627552118800 0.17666236469840504 86
1627552118905 0.17641505284844305 87
1627552119020 0.17618868711659624 88
1627552119121 0.17597244819872024 89
1627552119229 0.1757555074692678 90
1627552119374 0.1753696454699567 91
1627552119511 0.1751305139104664 92
1627552119624 0.1749106966753163 93
1627552119763 0.17467050858061392 94
1627552119930 0.17409667221420252 95
1627552120066 0.173836120909662 96
1627552120187 0.17361923616445887 97
1627552120294 0.17341501608011095 98
1627552120425 0.17317048565170476 99
1627552120616 0.17291824216028745 100
1627552120796 0.1726172893812749 101
1627552120918 0.1723931699156406 102
1627552121010 0.17219550036933423 103
1627552121117 0.17199784755321498 104
1627552121228 0.1718070085940375 105
1627552121354 0.1716286492644295 106
1627552121550 0.17122214430042612 107
1627552121639 0.17103905329191132 108
1627552121755 0.1708372566594347 109
1627552121858 0.17064199265522717 110
1627552121962 0.17046478973575135 111
1627552122097 0.17022872120617666 112
1627552122224 0.1700346526940461 113
1627552122355 0.1698484047880232 114
1627552122494 0.16937379401418678 115
1627552122600 0.16916975488505506 116
1627552122714 0.1689775329557303 117
1627552122831 0.16877314618737752 118
1627552122989 0.1683076961575742 119
1627552123096 0.16809899965343836 120
1627552123208 0.16788723020609433 121
1627552123308 0.1677123875903069 122
1627552123426 0.1674953714706519 123
1627552123538 0.1673010887686487 124
1627552123628 0.16712092312339946 125
1627552123712 0.16695407668736154 126
1627552123820 0.1667526902229955 127
1627552123932 0.16652658828469724 128
1627552124029 0.16636345423578067 129
1627552124137 0.16617160799543707 130
1627552124285 0.16582969764536132 131
1627552124392 0.16565423946378546 132
1627552124552 0.16547515788947034 133
1627552124742 0.16516719888553225 134
1627552124854 0.16500091763360653 135
1627552124986 0.16483835894860285 136
1627552125089 0.16466742549588045 137
1627552125197 0.16449677211499222 138
1627552125294 0.16433119880103922 139
1627552125402 0.1641567068385577 140
1627552125516 0.16398506342669966 141
1627552125619 0.16379908033161372 142
1627552125718 0.16364732328562998 143
1627552125817 0.1634893914499551 144
1627552125919 0.16332725031865913 145
1627552126102 0.16310016298402158 146
1627552126280 0.1629149338627923 147
1627552126391 0.1627705817140326 148
1627552126528 0.16247406514009408 149
1627552126628 0.16232734983540134 150
1627552126740 0.16212450572237921 151
1627552126901 0.16175341120160172 152
1627552126989 0.1615995362136935 153
1627552127090 0.16144355331627372 154
1627552127192 0.16129058108779085 155
1627552127326 0.16108143572772024 156
1627552127429 0.16091761992134604 157
1627552127559 0.16076029762149946 158
1627552127702 0.16061299301806203 159
1627552127869 0.16042094080609307 160
1627552127974 0.1602725202259523 161
1627552128114 0.16012973763782481 162
1627552128271 0.1599770000590958 163
1627552128451 0.15981813267874406 164
1627552128615 0.1596582195662183 165
1627552128738 0.15951294242133904 166
1627552128822 0.15937568906407318 167
1627552128909 0.15923435214192927 168
1627552128997 0.15908886111347764 169
1627552129100 0.15893494905861466 170
1627552129189 0.15879830656868982 171
1627552129285 0.1586398645708463 172
1627552129386 0.1584866977599084 173
1627552129497 0.15832278058557248 174
1627552129598 0.15818020135469624 175
1627552129697 0.15803062492357747 176
1627552129807 0.15788849406829045 177
1627552129902 0.15773974728974277 178
1627552129987 0.1576045534230996 179
1627552130094 0.1574459744347974 180
1627552130179 0.15731199670550824 181
1627552130274 0.15717420106118513 182
1627552130401 0.15693010964226478 183
1627552130489 0.15680580176443998 184
1627552130599 0.15665675633639334 185
1627552130700 0.15651720459432095 186
1627552130792 0.1563751095549561 187
1627552130882 0.1562316395710019 188
1627552130970 0.1560837516596321 189
1627552131072 0.15594744123806467 190
1627552131167 0.15580304366045528 191
1627552131256 0.15565425198175292 192
1627552131345 0.1555170709313606 193
1627552131435 0.1553753500455046 194
1627552131522 0.15523776199533232 195
1627552131600 0.15510883395700845 196
1627552131729 0.15489759262796424 197
1627552131848 0.1547876989724714 198
1627552131963 0.15465328866027678 199
1627552132095 0.15452419553339836 200
1627552132196 0.15439920738956658 201
1627552132318 0.15426854228163922 202
1627552132386 0.16175341120160172 203
1627552136663 0.509448266105481 0
1627552136916 0.46944502420197515 1
1627552137106 0.43432501028313497 2
1627552137294 0.40352655858657 3
1627552137473 0.37650141720609603 4
1627552137647 0.3528091838647187 5
1627552137816 0.33220902517522627 6
1627552137981 0.31448255056456514 7
1627552138149 0.2991870585266207 8
1627552138313 0.286012677605536 9
1627552138477 0.27459012997719523 10
1627552138682 0.2649632474206285 11
1627552138868 0.2567391680737843 12
1627552139026 0.24975497475169947 13
1627552139185 0.24375501872373473 14
1627552139341 0.23851164314426596 15
1627552139493 0.23405748638481513 16
1627552139694 0.23034909557532232 17
1627552139938 0.22713223102809035 18
1627552140180 0.2242579274469712 19
1627552140382 0.22183478771337595 20
1627552140610 0.2197345187896814 21
1627552140804 0.21782834846328164 22
1627552140979 0.21605840396182338 23
1627552141122 0.21455887405432356 24
1627552141271 0.21312502443124065 25
1627552141407 0.21195268416405352 26
1627552141549 0.210826076489435 27
1627552141685 0.20955731290184124 28
1627552141821 0.2084642283232368 29
1627552141951 0.20726245019173536 30
1627552142078 0.2065811849194968 31
1627552142207 0.20567119578317405 32
1627552142346 0.20481083872943584 33
1627552142484 0.20373685370789926 34
1627552142614 0.20312039099150395 35
1627552142769 0.2017188139732818 36
1627552142911 0.2008924052321873 37
1627552143073 0.19957252084300175 38
1627552143213 0.19879915108771445 39
1627552143351 0.19830120955478342 40
1627552143507 0.19715157112518214 41
1627552143705 0.19625061666439542 42
1627552143855 0.1954211993678106 43
1627552144013 0.1950427251998431 44
1627552144174 0.19419335293918175 45
1627552144373 0.1929313534280611 46
1627552144506 0.19251549018579925 47
1627552144628 0.19214655633563638 48
1627552144791 0.1910972725159981 49
1627552144993 0.19000202785634288 50
1627552145106 0.18963316825933296 51
1627552145235 0.18924353859681486 52
1627552145356 0.18893366379477247 53
1627552145488 0.1883352744021991 54
1627552145611 0.1879361650099125 55
1627552145802 0.18734962970141975 56
1627552145934 0.18703668203469362 57
1627552146071 0.18669659964473845 58
1627552146249 0.1863669945692095 59
1627552146353 0.18606737977113055 60
1627552146513 0.18574287039643322 61
1627552146640 0.185393651088886 62
1627552146751 0.18509346267273197 63
1627552146867 0.18486210976654283 64
1627552147013 0.18421047606230917 65
1627552147153 0.18392329025720014 66
1627552147311 0.18366007641257678 67
1627552147494 0.1831237939317566 68
1627552147635 0.18284442733545328 69
1627552147779 0.18222554057388016 70
1627552147880 0.18196264097114276 71
1627552147983 0.1817192792082068 72
1627552148100 0.18145335027783524 73
1627552148238 0.18106969795182393 74
1627552148423 0.18079843492653813 75
1627552148607 0.1803146479686496 76
1627552148715 0.18005943595540516 77
1627552148846 0.17982832879349026 78
1627552149002 0.17909553465474395 79
1627552149178 0.17871074797973305 80
1627552149302 0.17831605578209653 81
1627552149429 0.17799453586724379 82
1627552149531 0.1777530299777031 83
1627552149672 0.17736730644761536 84
1627552149814 0.17700345993743666 85
1627552149926 0.17675630211148127 86
1627552150012 0.1765530422213959 87
1627552150126 0.17631854548515963 88
1627552150237 0.17610494911987234 89
1627552150341 0.17588692822073648 90
1627552150460 0.1756392981946804 91
1627552150584 0.17539527694055293 92
1627552150679 0.1751852679379309 93
1627552150793 0.17492231179601128 94
1627552150959 0.1744348926410176 95
1627552151089 0.17409985852830137 96
1627552151248 0.17387173603571943 97
1627552151359 0.17366226066948473 98
1627552151513 0.17344936426953617 99
1627552151676 0.17318062233719758 100
1627552151766 0.17297800634049912 101
1627552151900 0.17255557060867324 102
1627552151991 0.17235410137545445 103
1627552152105 0.1721487554288353 104
1627552152198 0.1719502088233959 105
1627552152313 0.17173950126286358 106
1627552152432 0.17140551239028373 107
1627552152545 0.1712191550857656 108
1627552152652 0.17104046348923557 109
1627552152762 0.17084165643571933 110
1627552152863 0.17065932387664468 111
1627552152960 0.17045444256383488 112
1627552153054 0.17028453640615468 113
1627552153169 0.1701017417641555 114
1627552153327 0.16954535646853702 115
1627552153431 0.16934028015760616 116
1627552153542 0.16912837521404575 117
1627552153640 0.16893161304336116 118
1627552153759 0.16871178354490432 119
1627552153864 0.1685301204707167 120
1627552153979 0.1683543964217005 121
1627552154122 0.16815971447378922 122
1627552154234 0.16796455494997775 123
1627552154388 0.16768756512001706 124
1627552154523 0.16751376454242722 125
1627552154641 0.16734239291495753 126
1627552154747 0.16715954554169574 127
1627552154906 0.16697680200599954 128
1627552155047 0.1666764993216063 129
1627552155189 0.16631899803078307 130
1627552155301 0.16612871451238634 131
1627552155384 0.16597786935350858 132
1627552155479 0.16581310030333413 133
1627552155612 0.16549342613674886 134
1627552155726 0.1653090781679837 135
1627552155830 0.1651366569230661 136
1627552155973 0.16496606693870494 137
1627552156074 0.16481070309801982 138
1627552156162 0.16465751990072466 139
1627552156269 0.16447626680555327 140
1627552156380 0.16426209287879265 141
1627552156483 0.16410022627241128 142
1627552156567 0.16393785343912137 143
1627552156669 0.16376974911256362 144
1627552156771 0.1635923288610138 145
1627552156898 0.16333436297289114 146
1627552157042 0.1630697474205456 147
1627552157131 0.16290880422349624 148
1627552157240 0.16274401217792506 149
1627552157354 0.16258264379516843 150
1627552157493 0.16234349522576558 151
1627552157669 0.16213679474961892 152
1627552157766 0.16198924205537565 153
1627552157903 0.16182631506032324 154
1627552158025 0.16166654144292292 155
1627552158138 0.16150392135283032 156
1627552158242 0.16133953137171678 157
1627552158414 0.16105566824861545 158
1627552158517 0.16088800946642715 159
1627552158633 0.1606757224135754 160
1627552158762 0.16052830537037427 161
1627552158862 0.16037213759686936 162
1627552158975 0.16022540276509448 163
1627552159062 0.16009385514176214 164
1627552159151 0.1599482517502999 165
1627552159235 0.1598030059780719 166
1627552159348 0.15964684931616754 167
1627552159458 0.15949648822315063 168
1627552159581 0.15934196051209484 169
1627552159680 0.15918657500728306 170
1627552159809 0.15903188980353977 171
1627552159922 0.15888789099022008 172
1627552160029 0.1587262524425422 173
1627552160123 0.15858971124709378 174
1627552160226 0.1584305295912688 175
1627552160322 0.15827941735338408 176
1627552160446 0.158124521170338 177
1627552160543 0.15796449748805758 178
1627552160623 0.15782341202801567 179
1627552160718 0.15767596768893558 180
1627552160821 0.15752114476390913 181
1627552160912 0.15738377774691564 182
1627552161060 0.15724281769464657 183
1627552161160 0.15709887779062315 184
1627552161290 0.15683234610255217 185
1627552161440 0.15668767738993172 186
1627552161539 0.156528147181678 187
1627552161633 0.15638832221449844 188
1627552161723 0.15626163437696217 189
1627552161831 0.1561075134995727 190
1627552161930 0.15595922562489872 191
1627552162031 0.1558140423779902 192
1627552162119 0.15568484002196006 193
1627552162221 0.15552730681543006 194
1627552162349 0.15530984504402426 195
1627552162466 0.15516037787537457 196
1627552162629 0.1549085606033122 197
1627552162847 0.15467961597161545 198
1627552162985 0.15454317545769145 199
1627552163113 0.15438714353864066 200
1627552163211 0.15424327906641574 201
1627552163305 0.15411051859977096 202
1627552163393 0.15397496224755408 203
1627552163489 0.15383583658289549 204
1627552163594 0.1536916359347821 205
1627552163707 0.15355409866764405 206
1627552163826 0.15342674720482258 207
1627552163927 0.1532897813796908 208
1627552164014 0.1531668678071041 209
1627552164139 0.15303520789610778 210
1627552164306 0.15285445700769276 211
1627552164420 0.1527229038310744 212
1627552164564 0.1525911374154118 213
1627552164663 0.15246592484047364 214
1627552164769 0.1522964351352402 215
1627552164869 0.1521609141750319 216
1627552164957 0.15203623284721926 217
1627552165057 0.15190946447424436 218
1627552165158 0.15179730427239926 219
1627552165284 0.15166345002929454 220
1627552165429 0.15153531675137918 221
1627552165532 0.15140272431311683 222
1627552165634 0.1512764411791922 223
1627552165718 0.15115838731350165 224
1627552165866 0.15101009762226428 225
1627552165986 0.1508731307768914 226
1627552166089 0.15075172340337412 227
1627552166173 0.1506282777281763 228
1627552166249 0.1505249526404517 229
1627552166342 0.15039227268151234 230
1627552166429 0.15027047471753152 231
1627552166530 0.15014685424382126 232
1627552166632 0.15002776074417007 233
1627552166717 0.14991702936239332 234
1627552166873 0.14978660287843637 235
1627552166955 0.15683234610255217 236
