1627552003530 0.0010983794459735827 0
1627552003788 0.0010123043273439917 1
1627552003976 0.0009367875037020449 2
1627552004168 0.0008706380725654113 3
1627552004360 0.0008122697145658862 4
1627552004552 0.0007609734118825623 5
1627552004734 0.0007163876380893047 6
1627552004932 0.0006780456042144475 7
1627552005103 0.0006449407338745914 8
1627552005274 0.0006165637617137208 9
1627552005434 0.0005919328151178061 10
1627552005601 0.0005708781496457958 11
1627552005764 0.0005528044153360413 12
1627552005980 0.0005376435296231075 13
1627552006186 0.0005246579174677852 14
1627552006359 0.0005134238644533018 15
1627552006519 0.0005039752407876274 16
1627552006707 0.0004958950622897855 17
1627552006870 0.0004886195485985594 18
1627552007021 0.00048263366723614383 19
1627552007161 0.0004773421133449297 20
1627552007300 0.00047274466587778687 21
1627552007455 0.0004687249998385793 22
1627552007658 0.000464983785020431 23
1627552007806 0.000461764881902307 24
1627552007966 0.0004589068039022816 25
1627552008147 0.00045587158947177234 26
1627552008286 0.0004536435261821794 27
1627552008430 0.00045106045138513547 28
1627552008565 0.0004488764492463789 29
1627552008703 0.0004467730619039828 30
1627552008832 0.00044462617542827504 31
1627552008964 0.0004425711834375109 32
1627552009112 0.0004403758147023877 33
1627552009238 0.00043864864718773903 34
1627552009381 0.0004364277461920906 35
1627552009546 0.00043524975444063255 36
1627552009729 0.0004324891087977028 37
1627552009868 0.00043111048446340116 38
1627552010076 0.0004292721840026524 39
1627552010232 0.00042781927883200774 40
1627552010367 0.00042588305287707354 41
1627552010505 0.0004243135494103715 42
1627552010647 0.0004219374238550317 43
1627552010787 0.00042053661211729533 44
1627552010899 0.00041973265386493775 45
1627552011070 0.00041775079237998133 46
1627552011187 0.0004169559891428535 47
1627552011301 0.00041619362175166836 48
1627552011423 0.0004154107984734769 49
1627552011651 0.00041258973116406467 50
1627552011803 0.00041125463795580467 51
1627552011964 0.0004088813507766223 52
1627552012085 0.00040809101019247823 53
1627552012224 0.00040696520824212826 54
1627552012355 0.0004062996542373497 55
1627552012550 0.0004055759843476023 56
1627552012708 0.0004044253337851295 57
1627552012851 0.00040367657376907885 58
1627552012997 0.0004023139044086505 59
1627552013129 0.00040115639294955224 60
1627552013280 0.0003993122181923434 61
1627552013408 0.0003986002524505673 62
1627552013517 0.00039807143865782925 63
1627552013620 0.0003974784281678754 64
1627552013750 0.00039665338294332366 65
1627552013856 0.00039600560390249415 66
1627552013974 0.00039523791021109307 67
1627552014093 0.0003946254085125705 68
1627552014268 0.00039355301755481133 69
1627552014445 0.0003926389586851404 70
1627552014547 0.0003921262483884686 71
1627552014651 0.00039159162272724504 72
1627552014769 0.00039101529024876576 73
1627552014935 0.00038922796910144283 74
1627552015078 0.00038806122025624313 75
1627552015192 0.0003873735534383189 76
1627552015299 0.00038683902760598075 77
1627552015412 0.00038634083888831286 78
1627552015520 0.00038576311312738134 79
1627552015644 0.0003851771187019436 80
1627552015801 0.00038416122071656227 81
1627552015944 0.0003832863883880739 82
1627552016068 0.0003827758489215923 83
1627552016181 0.0003822340514784088 84
1627552016304 0.0003816887536162351 85
1627552016439 0.0003811841572510242 86
1627552016570 0.00038066572793278076 87
1627552016681 0.0003801665511725075 88
1627552016786 0.0003796838575940536 89
1627552016911 0.00037922039697894103 90
1627552017078 0.00037812317395278996 91
1627552017201 0.0003775514391633208 92
1627552017298 0.00037709174167717874 93
1627552017420 0.0003764854967737834 94
1627552017576 0.00037582638228601356 95
1627552017700 0.0003753245212995693 96
1627552017826 0.00037488025439817745 97
1627552017960 0.00037444008833436107 98
1627552018088 0.0003738672962421869 99
1627552018241 0.00037340801209889674 100
1627552018380 0.0003729314284105686 101
1627552018503 0.0003724848745749528 102
1627552018628 0.000372022440576713 103
1627552018759 0.0003714852451904525 104
1627552018851 0.00037108179999067195 105
1627552018956 0.00037065274248988984 106
1627552019103 0.00036971064274876625 107
1627552019193 0.00036928272686168154 108
1627552019309 0.00036882030802475404 109
1627552019407 0.0003683449812351714 110
1627552019510 0.0003679338085404298 111
1627552019626 0.00036751598330976245 112
1627552019733 0.0003670662229734731 113
1627552019835 0.0003666680878867106 114
1627552019985 0.00036566060220411694 115
1627552020081 0.0003652291224387852 116
1627552020205 0.00036479119536785704 117
1627552020302 0.00036441483283024116 118
1627552020435 0.00036377666523131866 119
1627552020566 0.00036336311914335323 120
1627552020698 0.000362887788035109 121
1627552020796 0.0003625062720014308 122
1627552020934 0.0003621200725626492 123
1627552021120 0.00036159321315332144 124
1627552021219 0.0003612276106453926 125
1627552021360 0.0003607048550427576 126
1627552021503 0.00036004589933712774 127
1627552021619 0.0003596104660021424 128
1627552021726 0.0003592047808799482 129
1627552021841 0.0003587687949743499 130
1627552021964 0.00035837497919108077 131
1627552022072 0.0003580044409474014 132
1627552022165 0.00035766426107938386 133
1627552022309 0.00035695281983756617 134
1627552022412 0.000356539847994583 135
1627552022519 0.0003561629893523166 136
1627552022614 0.00035581277027618404 137
1627552022711 0.00035544600409949693 138
1627552022808 0.000355071968559041 139
1627552022899 0.0003547136456878156 140
1627552023015 0.00035427961785946545 141
1627552023118 0.0003539054924458076 142
1627552023228 0.0003535347756044571 143
1627552023333 0.0003531905346870535 144
1627552023432 0.0003528313490299496 145
1627552023549 0.00035244720301537283 146
1627552023697 0.000351695282063516 147
1627552023787 0.00035137701486870473 148
1627552023943 0.0003510222689882035 149
1627552024059 0.000350656241620642 150
1627552024163 0.0003503178144144018 151
1627552024295 0.0003498220584617555 152
1627552024390 0.0003494931853015156 153
1627552024490 0.0003491379958692095 154
1627552024604 0.0003488209900460073 155
1627552024716 0.00034850422450217593 156
1627552024886 0.0003480799093105771 157
1627552025009 0.0003477419860073106 158
1627552025114 0.00034738567039875015 159
1627552025238 0.00034689071177942493 160
1627552025367 0.00034628762894475085 161
1627552025459 0.0003459442444948986 162
1627552025575 0.00034562167766124076 163
1627552025689 0.00034510600426667965 164
1627552025808 0.00034480476363077546 165
1627552025914 0.0003445001917926485 166
1627552026005 0.0003441651496695652 167
1627552026129 0.0003437669384050084 168
1627552026241 0.00034345662175151335 169
1627552026333 0.00034313701442718924 170
1627552026424 0.00034282690616201447 171
1627552026541 0.0003424812775876506 172
1627552026662 0.00034219091263715956 173
1627552026806 0.0003419139164981864 174
1627552026911 0.0003416005157399944 175
1627552027007 0.0003412844620404579 176
1627552027091 0.00034095983587891437 177
1627552027175 0.00034063210863903874 178
1627552027270 0.00034033568271055263 179
1627552027391 0.0003400141677644415 180
1627552027486 0.0003397010032671014 181
1627552027610 0.00033938515010804876 182
1627552027706 0.00033907685291647606 183
1627552027800 0.0003387785364009862 184
1627552027934 0.0003383162938797222 185
1627552028026 0.0003380014983380837 186
1627552028111 0.000337702582878845 187
1627552028202 0.0003373966274744537 188
1627552028282 0.00033710341070058894 189
1627552028399 0.0003367838835105835 190
1627552028508 0.00033649917904645977 191
1627552028622 0.0003362147338092766 192
1627552028740 0.00033592166503509707 193
1627552028828 0.0003356779757581668 194
1627552028996 0.00033537617968517903 195
1627552029165 0.00033509723587167323 196
1627552029279 0.0003347898556888393 197
1627552029442 0.0003344884005346008 198
1627552029578 0.00033420255742638773 199
1627552029717 0.0003338655337614389 200
1627552029929 0.00033329589061973795 201
1627552030072 0.0003330097826308125 202
1627552030220 0.00033271561861969223 203
1627552030360 0.00033242347565127774 204
1627552030454 0.0003321312260051449 205
1627552030556 0.00033182929288096694 206
1627552030669 0.0003315523086004496 207
1627552030774 0.0003312593942351239 208
1627552030866 0.00033097192465459486 209
1627552030952 0.00033070164259712284 210
1627552031080 0.0003302061558749248 211
1627552031175 0.0003299305179736729 212
1627552031314 0.00032945836227212514 213
1627552031423 0.00032915680970261506 214
1627552031499 0.00034510600426667965 215
1627552035603 0.001098472522703115 0
1627552035800 0.0010128719733007968 1
1627552036047 0.0009379957437861905 2
1627552036230 0.0008719368904207834 3
1627552036406 0.0008138658296914738 4
1627552036570 0.0007625212953210048 5
1627552036768 0.0007180051385996915 6
1627552037007 0.000679551133396925 7
1627552037184 0.0006464640291071009 8
1627552037357 0.000617951896254095 9
1627552037525 0.0005934175682469745 10
1627552037706 0.0005724158015317399 11
1627552037899 0.0005543926866098266 12
1627552038120 0.0005391065239949573 13
1627552038277 0.0005261195533521264 14
1627552038465 0.0005148137396748795 15
1627552038671 0.0005053958386495525 16
1627552038822 0.0004974220953991366 17
1627552038985 0.0004902500386051135 18
1627552039147 0.00048413973833172466 19
1627552039319 0.00047889268270485475 20
1627552039466 0.00047437593906498113 21
1627552039618 0.0004703598049917121 22
1627552039755 0.00046712973383019696 23
1627552039899 0.00046399206221405025 24
1627552040047 0.0004609307059339726 25
1627552040231 0.0004578049558879666 26
1627552040410 0.0004554419828922103 27
1627552040564 0.00045247255571020207 28
1627552040696 0.00045021888338144444 29
1627552040837 0.0004483958853906699 30
1627552040975 0.0004461279767994606 31
1627552041112 0.00044419575360068396 32
1627552041250 0.0004421978212385953 33
1627552041374 0.0004405607261306059 34
1627552041502 0.00043860546358268494 35
1627552041644 0.0004365718287653611 36
1627552041789 0.00043503246865881024 37
1627552042012 0.0004330482772487782 38
1627552042164 0.0004300470475139463 39
1627552042357 0.0004286532928333639 40
1627552042483 0.00042704719528238765 41
1627552042606 0.00042607064491538544 42
1627552042745 0.0004249287647626656 43
1627552042933 0.0004231080994217045 44
1627552043125 0.0004216143683532308 45
1627552043301 0.0004195584759550279 46
1627552043427 0.00041790410299522647 47
1627552043544 0.00041712416819441163 48
1627552043672 0.0004161331361821607 49
1627552043822 0.0004146280079664897 50
1627552043966 0.00041382543135824425 51
1627552044132 0.00041108305038927367 52
1627552044247 0.0004103999097550193 53
1627552044384 0.00040952835780168106 54
1627552044499 0.00040878082840959475 55
1627552044651 0.00040727649316566936 56
1627552044760 0.0004066386070841962 57
1627552044895 0.0004059834046053305 58
1627552045051 0.0004038130188870507 59
1627552045162 0.0004031523533182437 60
1627552045301 0.0004016780504074729 61
1627552045424 0.0004010701256107405 62
1627552045589 0.000400437979925138 63
1627552045707 0.00039984138705380487 64
1627552045851 0.0003989808925370027 65
1627552045973 0.0003983357191303717 66
1627552046080 0.00039767969493857436 67
1627552046221 0.0003966543216983642 68
1627552046352 0.0003959168032411935 69
1627552046491 0.00039525553794419533 70
1627552046598 0.0003946243195392563 71
1627552046712 0.00039403087373128255 72
1627552046848 0.0003928082849074223 73
1627552047038 0.00039099182195369904 74
1627552047165 0.0003903738406372906 75
1627552047286 0.0003897810316940707 76
1627552047391 0.00038924218101564034 77
1627552047494 0.0003887271079983935 78
1627552047714 0.0003874189232972671 79
1627552047864 0.00038642227833621126 80
1627552048025 0.0003857229258790806 81
1627552048167 0.00038492333666018135 82
1627552048272 0.00038443515607880307 83
1627552048391 0.0003838972490507556 84
1627552048611 0.0003825225461930919 85
1627552048703 0.0003820122786127873 86
1627552048803 0.0003814478495453319 87
1627552048915 0.0003809629356465042 88
1627552049020 0.0003804421005468411 89
1627552049110 0.00037997444620482297 90
1627552049229 0.0003794807056203138 91
1627552049362 0.0003788722945652441 92
1627552049453 0.0003783960158595427 93
1627552049542 0.00037794825730755153 94
1627552049677 0.0003774348267848125 95
1627552049812 0.00037690243650488435 96
1627552049933 0.00037635494663302226 97
1627552050030 0.0003759275696368086 98
1627552050187 0.0003747129500345878 99
1627552050324 0.00037418726374398363 100
1627552050442 0.000373728463150935 101
1627552050569 0.0003729851318893029 102
1627552050705 0.00037255738895916894 103
1627552050833 0.00037208395676770645 104
1627552050993 0.0003716096828714091 105
1627552051120 0.0003711566522229512 106
1627552051236 0.0003707311829688248 107
1627552051356 0.00037031232359085987 108
1627552051485 0.0003696208794978572 109
1627552051611 0.000369167660147375 110
1627552051724 0.0003687398482833386 111
1627552051916 0.00036775626396714025 112
1627552052020 0.000367268345446414 113
1627552052114 0.00036683807111464296 114
1627552052244 0.00036609140469254524 115
1627552052350 0.00036569871350531583 116
1627552052484 0.00036528867733755666 117
1627552052577 0.0003648895405967108 118
1627552052718 0.00036447258260845016 119
1627552052851 0.00036406642756347743 120
1627552052951 0.0003636716805750845 121
1627552053061 0.00036327841163592123 122
1627552053240 0.000362160960297963 123
1627552053382 0.00036175445941462846 124
1627552053498 0.00036127601211171886 125
1627552053612 0.00036088159231963715 126
1627552053729 0.00036050397419467396 127
1627552053867 0.00035979799094989953 128
1627552053953 0.00035942343617880346 129
1627552054089 0.00035870294802614237 130
1627552054202 0.0003582966609637202 131
1627552054326 0.00035781842641993466 132
1627552054422 0.00035746574069170877 133
1627552054605 0.00035692653487857896 134
1627552054697 0.0003565621622424175 135
1627552054792 0.00035622404599270225 136
1627552054896 0.00035585499205526835 137
1627552055001 0.00035550668701947577 138
1627552055109 0.00035518237710939883 139
1627552055209 0.0003548315794173304 140
1627552055332 0.0003544271376674429 141
1627552055436 0.0003541005840030853 142
1627552055537 0.00035376662778680235 143
1627552055616 0.0003534169491625701 144
1627552055707 0.0003530602603115069 145
1627552055825 0.0003526742464792867 146
1627552055925 0.0003523354824584426 147
1627552056021 0.0003520219152107937 148
1627552056101 0.0003516872326306225 149
1627552056216 0.0003513235911092717 150
1627552056313 0.00035097263487562176 151
1627552056432 0.0003505803815135311 152
1627552056531 0.00035024593555667657 153
1627552056622 0.00034991367393347596 154
1627552056733 0.00034957554478919057 155
1627552056871 0.00034894939680858554 156
1627552056967 0.0003486162512699887 157
1627552057106 0.00034807692966253484 158
1627552057206 0.0003477506045388417 159
1627552057321 0.00034726324797535504 160
1627552057440 0.0003467637930433742 161
1627552057532 0.000346429450217569 162
1627552057643 0.00034600910828180983 163
1627552057742 0.0003456170424757773 164
1627552057829 0.00034529273115494125 165
1627552057930 0.00034498306104940944 166
1627552058036 0.00034463786368759666 167
1627552058131 0.0003443051520439116 168
1627552058213 0.00034397293079238697 169
1627552058322 0.0003436451191690651 170
1627552058426 0.0003433335178078443 171
1627552058571 0.00034293473735868684 172
1627552058682 0.00034262863506097916 173
1627552058765 0.0003423179319949775 174
1627552058858 0.000341981182091114 175
1627552058945 0.0003416718141847749 176
1627552059072 0.00034128011554893247 177
1627552059167 0.00034098342378481377 178
1627552059267 0.00034066083023379323 179
1627552059366 0.00034035243242076893 180
1627552059461 0.0003400431378681951 181
1627552059564 0.00033972885272805844 182
1627552059709 0.0003391205125732683 183
1627552059788 0.00033881662101000625 184
1627552059908 0.0003385027652841794 185
1627552059988 0.0003382148097624935 186
1627552060073 0.00033792747917002545 187
1627552060164 0.0003376162819502377 188
1627552060253 0.00033733580968367045 189
1627552060366 0.0003369906453442382 190
1627552060461 0.0003366866536056055 191
1627552060559 0.00033637828442491886 192
1627552060647 0.00033609343500113557 193
1627552060729 0.00033577912709159704 194
1627552060837 0.000335441170559781 195
1627552060954 0.00033516098499142554 196
1627552061067 0.00033480260620742235 197
1627552061184 0.00033439113080342106 198
1627552061274 0.0003341076036029607 199
1627552061406 0.00033380339831013507 200
1627552061513 0.00033341916503934525 201
1627552061609 0.00033312304509511525 202
1627552061706 0.0003328202032502096 203
1627552061846 0.0003325299630917986 204
1627552062000 0.00033222519272481474 205
1627552062155 0.00033191657412653795 206
1627552062258 0.0003316244870996199 207
1627552062339 0.0003313548707749612 208
1627552062437 0.00033105718362484596 209
1627552062555 0.0003307455406235271 210
1627552062640 0.0003304926183183847 211
1627552062730 0.00033022518571737205 212
1627552062853 0.0003297914343757533 213
1627552062937 0.00032952337633775845 214
1627552063043 0.00032923589844680983 215
1627552063145 0.00032894151654357914 216
1627552063274 0.000328661774688961 217
1627552063369 0.0003283544970311418 218
1627552063505 0.00032806438238826264 219
1627552063590 0.00032779246005493825 220
1627552063720 0.000327529942367925 221
1627552063821 0.0003272632546487835 222
1627552063910 0.00032703125404421403 223
1627552064022 0.0003267591842886359 224
1627552064107 0.0003265130520197672 225
1627552064249 0.0003262326917657521 226
1627552064358 0.00032595190402937176 227
1627552064442 0.00032567739208449065 228
1627552064570 0.00032534600942526684 229
1627552064658 0.00032507322325348595 230
1627552064752 0.00032478745084328707 231
1627552064840 0.00032450947952361846 232
1627552064956 0.000324075321753646 233
1627552065058 0.0003238047041108035 234
1627552065165 0.00032351068634317587 235
1627552065264 0.0003232192311423477 236
1627552065370 0.0003229379069486755 237
1627552065479 0.0003226338968899676 238
1627552065583 0.0003223466480217739 239
1627552065686 0.00032206570208083527 240
1627552065778 0.0003217907269841686 241
1627552065883 0.00032151144838111936 242
1627552065994 0.0003212250291308695 243
1627552066076 0.00032097174728207327 244
1627552066181 0.000320718115387725 245
1627552066281 0.0003204568685073122 246
1627552066379 0.0003201915210470351 247
1627552066473 0.0003199203040513109 248
1627552066555 0.0003196991503065021 249
1627552066674 0.0003194358467526362 250
1627552066776 0.0003191846898477687 251
1627552066859 0.00033341916503934525 252
1627552070947 0.0010992255247232678 0
1627552071152 0.0010134056481629257 1
1627552071328 0.0009378472073619975 2
1627552071497 0.0008717737933042148 3
1627552071688 0.0008136317909343387 4
1627552071879 0.0007624936068197227 5
1627552072063 0.0007181373604778911 6
1627552072236 0.0006801033388299597 7
1627552072450 0.0006471574134039192 8
1627552072617 0.0006186976592749288 9
1627552072784 0.0005938690374858857 10
1627552072951 0.0005727162618714189 11
1627552073107 0.0005545033129107663 12
1627552073264 0.0005394409664123344 13
1627552073463 0.0005264307144223957 14
1627552073635 0.0005151716159906609 15
1627552073788 0.0005055559408206271 16
1627552073992 0.0004975531298732584 17
1627552074216 0.0004902925098563077 18
1627552074376 0.00048420890302209815 19
1627552074522 0.00047883238604207623 20
1627552074670 0.00047435513864389566 21
1627552074824 0.00047031932685286955 22
1627552074961 0.0004668336850196741 23
1627552075107 0.00046309044931847076 24
1627552075252 0.0004595572334079317 25
1627552075397 0.00045650636660371404 26
1627552075574 0.0004542765120775058 27
1627552075793 0.00045167511029259007 28
1627552075946 0.00044919446136747833 29
1627552076088 0.0004469128790905666 30
1627552076227 0.00044512812327374856 31
1627552076359 0.00044351301916014264 32
1627552076513 0.00044123211193240373 33
1627552076653 0.0004397783505686858 34
1627552076795 0.0004385301415568942 35
1627552076991 0.00043509462452991906 36
1627552077197 0.00043269940689400757 37
1627552077343 0.0004308364848772822 38
1627552077536 0.00042871811165083877 39
1627552077670 0.00042756846092552845 40
1627552077830 0.0004262526506424624 41
1627552077965 0.0004244972230673199 42
1627552078115 0.00042257565840659114 43
1627552078258 0.0004211670553958854 44
1627552078399 0.0004195856885615337 45
1627552078558 0.0004169939997644639 46
1627552078691 0.00041562535769016664 47
1627552078807 0.00041484565037858194 48
1627552078977 0.00041281580381926204 49
1627552079164 0.00041096768818501194 50
1627552079277 0.0004102017969356592 51
1627552079437 0.0004088509790901698 52
1627552079577 0.00040774693495339716 53
1627552079689 0.00040710658366740137 54
1627552079812 0.00040614603704788567 55
1627552079933 0.0004052580558079649 56
1627552080036 0.0004046083584610627 57
1627552080151 0.00040390154232330293 58
1627552080302 0.00040193738979326586 59
1627552080444 0.0004013047165191687 60
1627552080599 0.0004006359970002501 61
1627552080732 0.000399800534752962 62
1627552080852 0.0003991684033493171 63
1627552080972 0.00039853127594917056 64
1627552081139 0.00039661910888276025 65
1627552081244 0.00039598699422260585 66
1627552081372 0.0003953283364914297 67
1627552081509 0.00039465736397678846 68
1627552081618 0.00039406120225998634 69
1627552081774 0.00039255818169304065 70
1627552081879 0.00039198877240251496 71
1627552081987 0.00039141167783408604 72
1627552082194 0.00039004206723427186 73
1627552082338 0.00038940921376639126 74
1627552082487 0.0003887134605750087 75
1627552082647 0.00038743839406017104 76
1627552082744 0.0003869215010393366 77
1627552082860 0.00038639165786600547 78
1627552082983 0.00038578783965718174 79
1627552083124 0.00038505488925479 80
1627552083291 0.00038451494760028326 81
1627552083414 0.0003839669213019262 82
1627552083545 0.0003834447137632303 83
1627552083657 0.000382903772226978 84
1627552083809 0.0003822463103282539 85
1627552083935 0.0003816908029264264 86
1627552084058 0.00038108115417284216 87
1627552084187 0.0003804493408069224 88
1627552084299 0.0003799536931401567 89
1627552084403 0.00037948255219551 90
1627552084532 0.0003788978589455616 91
1627552084654 0.00037837591599081263 92
1627552084756 0.00037795116718350555 93
1627552084875 0.0003774779855811485 94
1627552084998 0.0003769552753464927 95
1627552085125 0.0003764618973362678 96
1627552085288 0.0003760053883071039 97
1627552085422 0.000375494036601692 98
1627552085573 0.00037472709852058095 99
1627552085709 0.00037424727517356175 100
1627552085856 0.0003731730777430593 101
1627552085967 0.0003726801927996751 102
1627552086067 0.00037222598469394526 103
1627552086189 0.0003717798084050922 104
1627552086281 0.0003713378780932824 105
1627552086380 0.000370917664631904 106
1627552086507 0.00037047906394854313 107
1627552086609 0.0003700873017819671 108
1627552086798 0.0003690945936326282 109
1627552086895 0.0003686619536645242 110
1627552087005 0.0003682555005026841 111
1627552087152 0.0003672567760789806 112
1627552087264 0.0003668538433678685 113
1627552087381 0.0003663767494161407 114
1627552087516 0.0003659340656211663 115
1627552087635 0.00036552787053594524 116
1627552087742 0.0003651347427725239 117
1627552087829 0.00036477448053632563 118
1627552087944 0.0003643318666686812 119
1627552088053 0.000363909685811315 120
1627552088157 0.0003635069281153267 121
1627552088249 0.0003631197305704885 122
1627552088371 0.0003625506032746729 123
1627552088534 0.00036180639313964725 124
1627552088636 0.0003613948100289139 125
1627552088781 0.0003607411894938576 126
1627552088906 0.0003601547177836255 127
1627552089032 0.00035975411846281226 128
1627552089137 0.00035937826070486095 129
1627552089251 0.0003589922027346543 130
1627552089363 0.00035858417428705794 131
1627552089473 0.00035819155404513226 132
1627552089579 0.00035780953971178904 133
1627552089717 0.0003572942528738905 134
1627552089817 0.00035690171729251105 135
1627552089913 0.00035650248496977763 136
1627552090017 0.00035612000064663425 137
1627552090106 0.0003557795863511375 138
1627552090227 0.00035539365460910343 139
1627552090327 0.00035503990985206085 140
1627552090420 0.000354664319629345 141
1627552090516 0.0003543002993220533 142
1627552090626 0.0003539763068392288 143
1627552090704 0.00035365355775650976 144
1627552090813 0.00035329397156436837 145
1627552090937 0.0003527154083881001 146
1627552091078 0.0003522767378048938 147
1627552091212 0.000351908971966673 148
1627552091404 0.00035145924103424604 149
1627552091562 0.000351114386780171 150
1627552091698 0.00035075509706654215 151
1627552091847 0.0003499617477578201 152
1627552091956 0.0003496266058998579 153
1627552092048 0.0003492885484875673 154
1627552092138 0.0003489494735298834 155
1627552092264 0.0003486004373065549 156
1627552092368 0.00034826088995764504 157
1627552092487 0.00034788515313215375 158
1627552092604 0.00034754228233210203 159
1627552092716 0.0003471697422991612 160
1627552092825 0.00034681154989489366 161
1627552092919 0.00034647334477475624 162
1627552093039 0.00034603765955114037 163
1627552093133 0.0003456795160089476 164
1627552093222 0.0003453680679071646 165
1627552093314 0.0003450677101196048 166
1627552093409 0.0003447693766444389 167
1627552093490 0.0003444810011841168 168
1627552093586 0.00034418932448192896 169
1627552093687 0.00034385756529978543 170
1627552093785 0.00034355392394854525 171
1627552093904 0.0003432170561227863 172
1627552093981 0.00034292858661123967 173
1627552094087 0.00034260544547194216 174
1627552094196 0.00034227221939526565 175
1627552094281 0.0003419759918946971 176
1627552094369 0.00034168187917923417 177
1627552094451 0.00034135903133472616 178
1627552094546 0.0003410443051034742 179
1627552094652 0.00034069665448604054 180
1627552094747 0.00034036619201590197 181
1627552094852 0.000339969898565636 182
1627552094986 0.0003393812681417001 183
1627552095100 0.0003390488138549019 184
1627552095259 0.0003386188672382383 185
1627552095354 0.0003383210780019524 186
1627552095463 0.0003380271312954322 187
1627552095554 0.00033774623923803985 188
1627552095655 0.00033740027908001026 189
1627552095778 0.0003370595789353704 190
1627552095869 0.0003367596946094256 191
1627552095961 0.00033645318661480056 192
1627552096056 0.00033616675022357683 193
1627552096138 0.00033587705999691065 194
1627552096339 0.0003352268098408179 195
1627552096476 0.0003347441154643038 196
1627552096593 0.00033433165069961745 197
1627552096692 0.00033404291788592194 198
1627552096787 0.00033376691579725155 199
1627552096930 0.00033346020685203766 200
1627552097017 0.0003331764015876565 201
1627552097104 0.0003329096063015546 202
1627552097195 0.0003326251652690157 203
1627552097295 0.0003322912430800216 204
1627552097381 0.00033199434208952674 205
1627552097475 0.0003317203789522125 206
1627552097562 0.00033144514903544055 207
1627552097652 0.00033116786872833866 208
1627552097760 0.0003308933528766032 209
1627552097848 0.0003306317871673336 210
1627552097954 0.000330279816200188 211
1627552098038 0.0003300071416662545 212
1627552098131 0.00032974257928784334 213
1627552098206 0.0003294985691717469 214
1627552098315 0.00032919866777509244 215
1627552098442 0.0003286969552033285 216
1627552098530 0.0003284017313705507 217
1627552098611 0.00032814668561605956 218
1627552098691 0.00032792181782321047 219
1627552098790 0.000327631004903629 220
1627552098893 0.00032732703898795407 221
1627552098990 0.0003270461087193179 222
1627552099114 0.0003266831214641505 223
1627552099201 0.00032641683138476073 224
1627552099358 0.0003260996106156591 225
1627552099453 0.000325820145948697 226
1627552099549 0.00032553153415299153 227
1627552099639 0.0003252660897436167 228
1627552099766 0.0003248273624417539 229
1627552099872 0.00032454552075858077 230
1627552099979 0.0003242375053738912 231
1627552100070 0.0003239733083664866 232
1627552100164 0.00032369773184478547 233
1627552100257 0.00032342533611542284 234
1627552100363 0.0003231392948124393 235
1627552100454 0.00032289011370018777 236
1627552100542 0.00032262895414923314 237
1627552100676 0.0003221696443920113 238
1627552100782 0.000321900109925713 239
1627552100879 0.0003216442077404593 240
1627552100965 0.00032138798802033505 241
1627552101048 0.0003211329058765849 242
1627552101151 0.00032074859899805096 243
1627552101231 0.0003205020898564728 244
1627552101328 0.0003202399477754259 245
1627552101419 0.00031999028637618967 246
1627552101513 0.0003197396569465917 247
1627552101633 0.00031945903433227126 248
1627552101733 0.0003192318987387482 249
1627552101818 0.00033376691579725155 250
1627552105849 0.0010969623924370125 0
1627552106049 0.0010115264511985078 1
1627552106229 0.0009366060983705812 2
1627552106409 0.0008708407848411963 3
1627552106596 0.000813056252381772 4
1627552106774 0.0007620482821842452 5
1627552106945 0.0007177628721204398 6
1627552107121 0.0006799918901418604 7
1627552107292 0.0006473129761456553 8
1627552107453 0.0006191984585420864 9
1627552107610 0.0005941801541382393 10
1627552107774 0.0005730859329731702 11
1627552107932 0.0005548349664295973 12
1627552108091 0.0005394183818794567 13
1627552108251 0.0005261300127706106 14
1627552108404 0.0005146734161542359 15
1627552108569 0.000505176097254526 16
1627552108761 0.0004972182921033788 17
1627552108923 0.0004897468309394739 18
1627552109079 0.0004836044497315484 19
1627552109236 0.0004784816363676361 20
1627552109386 0.0004738645101029023 21
1627552109542 0.0004698591345555682 22
1627552109679 0.00046654964809145113 23
1627552109891 0.0004624992323046498 24
1627552110090 0.00045950994492022245 25
1627552110233 0.00045681310491552807 26
1627552110373 0.00045438221730986246 27
1627552110527 0.0004521450042860171 28
1627552110666 0.0004500994611774609 29
1627552110832 0.0004483258001600003 30
1627552110958 0.0004463757491178967 31
1627552111099 0.00044436194711348014 32
1627552111235 0.00044234511174474895 33
1627552111369 0.00044025583628201116 34
1627552111502 0.0004376998340513096 35
1627552111645 0.00043524301120001746 36
1627552111797 0.0004318634347013952 37
1627552111938 0.0004297345747537455 38
1627552112079 0.0004280574466018574 39
1627552112208 0.0004266772196708227 40
1627552112341 0.00042540108811567416 41
1627552112485 0.0004238075298262185 42
1627552112643 0.00042207916042600983 43
1627552112767 0.00042121515639176245 44
1627552112881 0.0004200533844741097 45
1627552113004 0.000419171517261798 46
1627552113123 0.0004182092294288136 47
1627552113263 0.00041751261900761625 48
1627552113419 0.0004154789498973627 49
1627552113594 0.0004133664533649996 50
1627552113736 0.00041183380225451695 51
1627552113869 0.0004106015605890267 52
1627552114045 0.0004098394508177411 53
1627552114222 0.0004084446827252417 54
1627552114355 0.00040777853299972554 55
1627552114485 0.0004068151043435418 56
1627552114587 0.0004062003625266331 57
1627552114726 0.0004054497239185256 58
1627552114885 0.00040459164351705387 59
1627552115003 0.0004036962313133257 60
1627552115159 0.0004020220638848906 61
1627552115296 0.00040119963342912873 62
1627552115414 0.00040050918896130896 63
1627552115529 0.0003998715745504645 64
1627552115690 0.0003982741363504838 65
1627552115802 0.00039767854274603165 66
1627552115911 0.00039703959739754736 67
1627552116075 0.0003957166178827181 68
1627552116209 0.00039467112656220264 69
1627552116407 0.00039369635249114176 70
1627552116562 0.00039314978652311 71
1627552116671 0.00039261022281214834 72
1627552116796 0.0003919556820503019 73
1627552117040 0.00039077112772645326 74
1627552117251 0.000390130462144006 75
1627552117432 0.0003885158936279132 76
1627552117592 0.00038796926706425916 77
1627552117753 0.00038744742217006694 78
1627552117872 0.0003869085596666333 79
1627552118038 0.00038571103421480754 80
1627552118163 0.0003851808657383724 81
1627552118297 0.0003846356063166387 82
1627552118406 0.00038414383996489385 83
1627552118559 0.000383369421621028 84
1627552118694 0.00038282027187079543 85
1627552118800 0.00038229469407107696 86
1627552118905 0.0003817595149553867 87
1627552119020 0.0003812696629239757 88
1627552119121 0.000380801725165614 89
1627552119229 0.00038033226869651593 90
1627552119374 0.0003794972691472564 91
1627552119511 0.00037897979205685217 92
1627552119624 0.0003785041108742033 93
1627552119763 0.00037798434745808215 94
1627552119930 0.0003767425742108101 95
1627552120066 0.0003761787451165645 96
1627552120187 0.0003757094097975109 97
1627552120294 0.0003752674806137138 98
1627552120425 0.00037473832045209965 99
1627552120616 0.00037419246933855795 100
1627552120796 0.00037354121206082 101
1627552120918 0.0003730562209153654 102
1627552121010 0.00037262846699656204 103
1627552121117 0.0003722007492820691 104
1627552121228 0.00037178777665038484 105
1627552121354 0.000371401809748852 106
1627552121550 0.0003705221391350631 107
1627552121639 0.0003701259329528507 108
1627552121755 0.0003696892480803515 109
1627552121858 0.00036926669971985827 110
1627552121962 0.0003688832352739257 111
1627552122097 0.00036837238653310414 112
1627552122224 0.0003679524251988132 113
1627552122355 0.00036754938753812643 114
1627552122494 0.0003665223369778102 115
1627552122600 0.00036608079937872583 116
1627552122714 0.0003656648340218754 117
1627552122831 0.0003652225441371563 118
1627552122989 0.0003642153172892196 119
1627552123096 0.00036376370119943117 120
1627552123208 0.00036330543530829214 121
1627552123308 0.00036292707852279436 122
1627552123426 0.0003624574589109387 123
1627552123538 0.0003620370340729623 124
1627552123628 0.00036164715833238127 125
1627552123712 0.00036128610516037536 126
1627552123820 0.00036085030788657226 127
1627552123932 0.00036036102670025525 128
1627552124029 0.0003600080070778504 129
1627552124137 0.00035959285470588365 130
1627552124285 0.0003588529658624582 131
1627552124392 0.0003584732770019256 132
1627552124552 0.0003580857471745001 133
1627552124742 0.0003574193285316414 134
1627552124854 0.00035705949840995893 135
1627552124986 0.0003567077238655107 136
1627552125089 0.000356337826450504 137
1627552125197 0.0003559685351071222 138
1627552125294 0.00035561023695139575 139
1627552125402 0.00035523263897518573 140
1627552125516 0.00035486120521991825 141
1627552125619 0.00035445874060502613 142
1627552125718 0.0003541303406459562 143
1627552125817 0.00035378857853425214 144
1627552125919 0.00035343770757036825 145
1627552126102 0.0003529462940014534 146
1627552126280 0.0003525454609750819 147
1627552126391 0.00035223308510216883 148
1627552126528 0.000351591427705891 149
1627552126628 0.00035127393799774326 150
1627552126740 0.0003508349863956675 151
1627552126901 0.00035003194344710386 152
1627552126989 0.0003496989602918953 153
1627552127090 0.0003493614156536108 154
1627552127192 0.0003490303860574484 155
1627552127326 0.00034857779865141327 156
1627552127429 0.00034822330371548656 157
1627552127559 0.00034788286063052696 158
1627552127702 0.0003475640956892705 159
1627552127869 0.000347148497597963 160
1627552127974 0.0003468273176990586 161
1627552128114 0.0003465183383306999 162
1627552128271 0.00034618781651328073 163
1627552128451 0.00034584402989676854 164
1627552128615 0.00034549798033208965 165
1627552128738 0.0003451836027801397 166
1627552128822 0.00034488658858390165 167
1627552128909 0.00034458073761517574 168
1627552128997 0.0003442658972234202 169
1627552129100 0.0003439328338573999 170
1627552129189 0.0003436371415689661 171
1627552129285 0.00034329427547479815 172
1627552129386 0.00034296282480462053 173
1627552129497 0.00034260811051069613 174
1627552129598 0.00034229957120454645 175
1627552129697 0.0003419758900628253 176
1627552129807 0.00034166832103440365 177
1627552129902 0.0003413464352489287 178
1627552129987 0.00034105387775984936 179
1627552130094 0.0003407107152198962 180
1627552130179 0.00034042078943358623 181
1627552130274 0.00034012260173721224 182
1627552130401 0.0003395943915854961 183
1627552130489 0.0003393253912118287 184
1627552130599 0.00033900285915325346 185
1627552130700 0.00033870087128669963 186
1627552130792 0.00033839337976250837 187
1627552130882 0.00033808291287990624 188
1627552130970 0.000337762885668571 189
1627552131072 0.00033746791197122796 190
1627552131167 0.00033715543779008533 191
1627552131256 0.0003368334548400461 192
1627552131345 0.0003365365971152355 193
1627552131435 0.0003362299152557717 194
1627552131522 0.00033593217678901544 195
1627552131600 0.0003356531784569698 196
1627552131729 0.0003351960554042887 197
1627552131848 0.0003349582471902903 198
1627552131963 0.00033466738530040955 199
1627552132095 0.0003343880297192651 200
1627552132196 0.00033411755726072366 201
1627552132318 0.00033383479993752397 202
1627552132386 0.00035003194344710386 203
1627552136663 0.001099422277321671 0
1627552136916 0.0010130926963924634 1
1627552137106 0.0009373014369952333 2
1627552137294 0.0008708363881253976 3
1627552137473 0.00081251438673594 4
1627552137647 0.0007613850162643588 5
1627552137816 0.0007169285426930982 6
1627552137981 0.0006786736650420335 7
1627552138149 0.0006456650048750678 8
1627552138313 0.0006172338395479518 9
1627552138477 0.0005925832436580985 10
1627552138682 0.0005718078090338238 11
1627552138868 0.0005540597143842641 12
1627552139026 0.0005389873738939504 13
1627552139185 0.0005260390810857728 14
1627552139341 0.0005147235377643065 15
1627552139493 0.0005051111796553117 16
1627552139694 0.0004971082326583079 17
1627552139938 0.0004901660310994728 18
1627552140180 0.0004839630982439919 19
1627552140382 0.0004787338061185703 20
1627552140610 0.0004742012900658807 21
1627552140804 0.00047008765133074113 22
1627552140979 0.0004662679967289267 23
1627552141122 0.00046303191428872354 24
1627552141271 0.00045993757414901034 25
1627552141407 0.000457407588099703 26
1627552141549 0.0004549762959376033 27
1627552141685 0.0004522382221341779 28
1627552141821 0.0004498792749821945 29
1627552141951 0.00044728576011909696 30
1627552142078 0.0004458155456361109 31
1627552142207 0.00044385173027734217 32
1627552142346 0.0004419950241603086 33
1627552142484 0.0004396772950869449 34
1627552142614 0.0004383469287118031 35
1627552142769 0.000435322234942133 36
1627552142911 0.0004335387914814884 37
1627552143073 0.0004306903956823868 38
1627552143213 0.00042902141377973007 39
1627552143351 0.00042794682377565393 40
1627552143507 0.0004254658297576617 41
1627552143705 0.00042352151181348726 42
1627552143855 0.0004217315756950413 43
1627552144013 0.00042091480398745646 44
1627552144174 0.000419081803764565 45
1627552144373 0.0004163583272725376 46
1627552144506 0.00041546086752397365 47
1627552144628 0.00041466468443483446 48
1627552144791 0.0004124002621508172 49
1627552144993 0.00041003665340485075 50
1627552145106 0.0004092406305602056 51
1627552145235 0.0004083997845727399 52
1627552145356 0.00040773105472734575 53
1627552145488 0.0004064396917529084 54
1627552145611 0.0004055783878951864 55
1627552145802 0.00040431260679967516 56
1627552145934 0.0004036372455123045 57
1627552146071 0.0004029033257404994 58
1627552146249 0.00040219201668886145 59
1627552146353 0.00040154542859495326 60
1627552146513 0.0004008451163950303 61
1627552146640 0.0004000914785656785 62
1627552146751 0.0003994436525666098 63
1627552146867 0.0003989443780453883 64
1627552147013 0.00039753811040491586 65
1627552147153 0.0003969183448825262 66
1627552147311 0.0003963503123973236 67
1627552147494 0.00039519298015080594 68
1627552147635 0.0003945900889851963 69
1627552147779 0.00039325449136410517 70
1627552147880 0.0003926871370342494 71
1627552147983 0.00039216194662617315 72
1627552148100 0.0003915880548103198 73
1627552148238 0.0003907601082995335 74
1627552148423 0.00039017470516315554 75
1627552148607 0.00038913066164784953 76
1627552148715 0.00038857989763389387 77
1627552148846 0.00038808115344727217 78
1627552149002 0.0003864997363455495 79
1627552149178 0.00038566934183630665 80
1627552149302 0.0003848175705708037 81
1627552149429 0.00038412370981857457 82
1627552149531 0.00038360252450345285 83
1627552149672 0.0003827701082010141 84
1627552149814 0.00038198490392303476 85
1627552149926 0.00038145152136351854 86
1627552150012 0.0003810128733867068 87
1627552150126 0.00038050681427706507 88
1627552150237 0.00038004585951945596 89
1627552150341 0.00037957535633267436 90
1627552150460 0.00037904095473566556 91
1627552150584 0.00037851434110113447 92
1627552150679 0.00037806112810313624 93
1627552150793 0.0003774936517575662 94
1627552150959 0.0003764417697269619 95
1627552151089 0.0003757187444631637 96
1627552151248 0.0003752264413839084 97
1627552151359 0.0003747743800076047 98
1627552151513 0.00037431493582044663 99
1627552151676 0.0003737349733652567 100
1627552151766 0.00037329771495161427 101
1627552151900 0.00037238607134638566 102
1627552151991 0.0003719512877233273 103
1627552152105 0.0003715081379028835 104
1627552152198 0.00037107966149894776 105
1627552152313 0.00037062494096699037 106
1627552152432 0.0003699041713991717 107
1627552152545 0.0003695020002947574 108
1627552152652 0.0003691163722819316 109
1627552152762 0.0003686873338135177 110
1627552152863 0.0003682938483687087 111
1627552152960 0.0003678517012571284 112
1627552153054 0.0003674850327905604 113
1627552153169 0.00036709055014230816 114
1627552153327 0.0003658898347236141 115
1627552153431 0.0003654472667932676 116
1627552153542 0.00036498996223207925 117
1627552153640 0.0003645653367536728 118
1627552153759 0.0003640909304917974 119
1627552153864 0.00036369888983887763 120
1627552153979 0.0003633196659867761 121
1627552154122 0.0003628995297641739 122
1627552154234 0.00036247836290118985 123
1627552154388 0.00036188060095085535 124
1627552154523 0.00036150552807497657 125
1627552154641 0.0003611356970287706 126
1627552154747 0.00036074110058234305 127
1627552154906 0.00036034672822440173 128
1627552155047 0.0003596986556273476 129
1627552155189 0.00035892714474204055 130
1627552155301 0.0003585165006143777 131
1627552155384 0.00035819096701407367 132
1627552155479 0.000357835384757277 133
1627552155612 0.00035714550724905885 134
1627552155726 0.000356747672421018 135
1627552155830 0.00035637557623297917 136
1627552155973 0.00035600743202404505 137
1627552156074 0.00035567214681708157 138
1627552156162 0.00035534156757940417 139
1627552156269 0.00035495041168814926 140
1627552156380 0.00035448821051477095 141
1627552156483 0.000354138891919512 142
1627552156567 0.0003537884808540573 143
1627552156669 0.0003534257008547997 144
1627552156771 0.0003530428164876142 145
1627552156898 0.0003524861094317589 146
1627552157042 0.0003519150519719303 147
1627552157131 0.000351567726152804 148
1627552157240 0.0003512120942711056 149
1627552157354 0.0003508638508735328 150
1627552157493 0.0003503477528075488 151
1627552157669 0.00034990167982374814 152
1627552157766 0.00034958325157506974 153
1627552157903 0.0003492316445914883 154
1627552158025 0.0003488868428010511 155
1627552158138 0.0003485358981386098 156
1627552158242 0.00034818113393776705 157
1627552158414 0.00034756853897555454 158
1627552158517 0.0003472067204901534 159
1627552158633 0.0003467485913121091 160
1627552158762 0.0003464304558067782 161
1627552158862 0.0003460934356599918 162
1627552158975 0.0003457767724116352 163
1627552159062 0.00034549288414056917 164
1627552159151 0.00034517866261318076 165
1627552159235 0.0003448652128511938 166
1627552159348 0.00034452821668468076 167
1627552159458 0.0003442037277307279 168
1627552159581 0.00034387024694480605 169
1627552159680 0.0003435349149839626 170
1627552159809 0.00034320109431916886 171
1627552159922 0.000342890335574843 172
1627552160029 0.00034254150914432666 173
1627552160123 0.0003422468444209611 174
1627552160226 0.0003419033201225631 175
1627552160322 0.0003415772101489691 176
1627552160446 0.0003412429341773707 177
1627552160543 0.0003408975927317294 178
1627552160623 0.00034059312119260444 179
1627552160718 0.0003402749267808747 180
1627552160821 0.0003399408089044197 181
1627552160912 0.0003396443620057522 182
1627552161060 0.0003393401611045776 183
1627552161160 0.0003390295294902477 184
1627552161290 0.0003384543368852012 185
1627552161440 0.000338142132454954 186
1627552161539 0.0003377978559566561 187
1627552161633 0.0003374961046427005 188
1627552161723 0.0003372227041025895 189
1627552161831 0.0003368901012903119 190
1627552161930 0.00033657008647532805 191
1627552162031 0.00033625677164790643 192
1627552162119 0.0003359779446144827 193
1627552162221 0.0003356379777758509 194
1627552162349 0.0003351686812224136 195
1627552162466 0.00033484612141422695 196
1627552162629 0.00033430268346960966 197
1627552162847 0.0003338086061606688 198
1627552162985 0.0003335141587146825 199
1627552163113 0.00033317743175187734 200
1627552163211 0.00033286696292562923 201
1627552163305 0.0003325804572595189 202
1627552163393 0.0003322879178919224 203
1627552163489 0.0003319876757179432 204
1627552163594 0.00033167648140179304 205
1627552163707 0.0003313796670926944 206
1627552163826 0.0003311048344066259 207
1627552163927 0.0003308092533062358 208
1627552164014 0.0003305439978750404 209
1627552164139 0.00033025986727938135 210
1627552164306 0.00032986979518226346 211
1627552164420 0.0003295858949262556 212
1627552164564 0.00032930153448774757 213
1627552164663 0.0003290313176600139 214
1627552164769 0.00032866554792441196 215
1627552164869 0.00032837308493535825 216
1627552164957 0.00032810401457355586 217
1627552165057 0.00032783044023272715 218
1627552165158 0.00032758839126958484 219
1627552165284 0.0003272995251640747 220
1627552165429 0.00032702300527091404 221
1627552165532 0.00032673686222090155 222
1627552165634 0.0003264643350574206 223
1627552165718 0.0003262095671868654 224
1627552165866 0.00032588954845047346 225
1627552165986 0.0003255939651477234 226
1627552166089 0.00032533196019051243 227
1627552166173 0.00032506555644647313 228
1627552166249 0.0003248425742297742 229
1627552166342 0.0003245562423055864 230
1627552166429 0.00032429339442965573 231
1627552166530 0.00032402661345967216 232
1627552166632 0.0003237696019906915 233
1627552166717 0.000323530636513421 234
1627552166873 0.00032324916773385313 235
1627552166955 0.0003384543368852012 236
