1627556527210 0.0010990600053752174 0
1627556527359 0.0010141960207601982 1
1627556527487 0.0009391160053066387 2
1627556527662 0.0008731790340822181 3
1627556527811 0.0008151452500777863 4
1627556527943 0.0007647512944171806 5
1627556528071 0.0007206921603550356 6
1627556528198 0.0006830475308378658 7
1627556528329 0.0006503346777388404 8
1627556528450 0.0006223225518933843 9
1627556528573 0.0005981530205103425 10
1627556528702 0.0005777170336149476 11
1627556528843 0.0005600600300459324 12
1627556529008 0.0005450882746155268 13
1627556529134 0.0005321334774641188 14
1627556529285 0.000521484210695111 15
1627556529402 0.0005121950928786628 16
1627556529568 0.0005045262958207712 17
1627556529722 0.0004978626399110836 18
1627556529870 0.0004919862460680498 19
1627556530012 0.00048690415627693 20
1627556530122 0.00048259171412160374 21
1627556530247 0.0004789451706178629 22
1627556530345 0.00047532265611333855 23
1627556530450 0.0004722348663460749 24
1627556530554 0.000469697700128653 25
1627556530691 0.0004672765505572467 26
1627556530791 0.00046496120740663956 27
1627556530936 0.0004626654149664096 28
1627556531046 0.0004610101969125005 29
1627556531179 0.0004593884810050669 30
1627556531290 0.0004573090697587334 31
1627556531395 0.00045596680809907754 32
1627556531523 0.00045436254750521427 33
1627556531658 0.0004529240709780243 34
1627556531792 0.0004510506555832952 35
1627556531940 0.0004491384940670705 36
1627556532087 0.0004471258708530265 37
1627556532189 0.00044586428346422965 38
1627556532288 0.0004439967244010375 39
1627556532386 0.0004427164643642324 40
1627556532473 0.000441154298634835 41
1627556532575 0.0004393883953638487 42
1627556532686 0.0004383837164652291 43
1627556532828 0.0004373779170965402 44
1627556532918 0.0004366810415518459 45
1627556533036 0.00043479935771403475 46
1627556533145 0.00043267883066850006 47
1627556533250 0.00043196570341531474 48
1627556533373 0.000431117912933148 49
1627556533513 0.00042960888995141285 50
1627556533649 0.0004287496105488214 51
1627556533751 0.0004273500209402333 52
1627556533853 0.0004258276047727662 53
1627556533953 0.00042468251587581967 54
1627556534043 0.0004240364345670006 55
1627556534160 0.0004223701251947406 56
1627556534240 0.0004217116453385783 57
1627556534336 0.00042109448193990634 58
1627556534427 0.0004201084820494271 59
1627556534515 0.00041948727141956615 60
1627556534628 0.0004186631846063337 61
1627556534734 0.0004177582564089919 62
1627556534825 0.00041717507167379487 63
1627556534920 0.00041659689361240416 64
1627556535021 0.0004151360830269047 65
1627556535119 0.0004145228628044587 66
1627556535247 0.0004136164136399582 67
1627556535338 0.0004130894448542023 68
1627556535463 0.0004125644764265675 69
1627556535609 0.00041199154795332074 70
1627556535770 0.00041088775344028203 71
1627556535903 0.0004102586734954957 72
1627556536009 0.0004091731512485755 73
1627556536137 0.00040860944571088984 74
1627556536245 0.00040799983623984363 75
1627556536343 0.0004073815541458294 76
1627556536426 0.0004069097486071032 77
1627556536511 0.0004064875330417179 78
1627556536606 0.0004057696008412649 79
1627556536704 0.00040464662018795756 80
1627556536799 0.0004041221369014196 81
1627556536902 0.00040365439677806324 82
1627556536996 0.000402909454432687 83
1627556537091 0.0004023957318775579 84
1627556537196 0.0004017576639409629 85
1627556537290 0.00040113654509167976 86
1627556537376 0.0004006915510917199 87
1627556537457 0.0004003082734859168 88
1627556537545 0.00039987682712580927 89
1627556537677 0.0003990994457052725 90
1627556537776 0.00039867677016157567 91
1627556537867 0.00039811006356689824 92
1627556537957 0.00039736376681032 93
1627556538035 0.00039695492132143465 94
1627556538126 0.00039651873938102516 95
1627556538220 0.0003960783827498647 96
1627556538315 0.00039535898456957355 97
1627556538391 0.0003949864229467624 98
1627556538479 0.00039458710770375933 99
1627556538569 0.0003941889535574532 100
1627556538673 0.0003932855839295751 101
1627556538780 0.0003922879794872877 102
1627556538864 0.0003918954740041559 103
1627556538956 0.00039151688419851086 104
1627556539033 0.00039114423423998847 105
1627556539134 0.00039074702056705315 106
1627556539264 0.0003901940475212722 107
1627556539373 0.0003898105114247651 108
1627556539505 0.0003891149190254825 109
1627556539593 0.0003887624956300851 110
1627556539672 0.00038838413259336026 111
1627556539772 0.0003880359977085898 112
1627556539881 0.0003876662802714252 113
1627556539976 0.00038733380509622044 114
1627556540067 0.0003869189951994177 115
1627556540186 0.0003865655038725965 116
1627556540277 0.000386222210992973 117
1627556540389 0.0003857424077885097 118
1627556540468 0.00038538644185569096 119
1627556540575 0.0003850581319484293 120
1627556540684 0.00038439645882850455 121
1627556540766 0.0003838947227578121 122
1627556540852 0.00038356673127968796 123
1627556540931 0.0003832451981558669 124
1627556541015 0.00038291984399252594 125
1627556541107 0.0003825237767090198 126
1627556541211 0.0003819954404175053 127
1627556541308 0.00038139774069211713 128
1627556541409 0.00038109326071993126 129
1627556541512 0.0003806487437808142 130
1627556541595 0.00038037572567856435 131
1627556541719 0.00038006642779654475 132
1627556541830 0.0003796837302553101 133
1627556541929 0.0003794166727723185 134
1627556542044 0.00037907325540000194 135
1627556542152 0.0003787537382376497 136
1627556542227 0.0003784227269895501 137
1627556542318 0.00037809277659966035 138
1627556542380 0.00037779251517357714 139
1627556542457 0.0003774441371560589 140
1627556542567 0.000376785841945444 141
1627556542633 0.00037652063887203327 142
1627556542707 0.0003762285029472158 143
1627556542795 0.00037592234196777305 144
1627556542881 0.00037560690081813066 145
1627556542953 0.0003752859034794143 146
1627556543022 0.00037500173498571717 147
1627556543103 0.00037467372179463075 148
1627556543194 0.0003743067874578698 149
1627556543298 0.00037386997145037975 150
1627556543361 0.0003736181818605834 151
1627556543434 0.0003733535242784512 152
1627556543538 0.00037305669924038513 153
1627556543681 0.0003726169733393038 154
1627556543760 0.0003723580660044875 155
1627556543833 0.00037206263256941876 156
1627556543936 0.00037155142250359013 157
1627556544009 0.00037127925740871443 158
1627556544081 0.00037102354558218317 159
1627556544170 0.000370721257004725 160
1627556544247 0.0003704663338261123 161
1627556544321 0.000370182195610358 162
1627556544405 0.000369947349004585 163
1627556544469 0.00036965266771922083 164
1627556544527 0.00036940614614261165 165
1627556544598 0.00036912697684182884 166
1627556544674 0.0003688566050678452 167
1627556544767 0.0003684404747307989 168
1627556544832 0.00036817385033322144 169
1627556544913 0.00036787665789784433 170
1627556545009 0.0003676132390649753 171
1627556545117 0.0003671811027432227 172
1627556545189 0.0003669306982402323 173
1627556545275 0.00036667040516059267 174
1627556545361 0.0003663854265376862 175
1627556545437 0.00036611107946919334 176
1627556545537 0.00036559522354736424 177
1627556545607 0.0003653081123967513 178
1627556545665 0.00036506943785277843 179
1627556545726 0.00036481822356004617 180
1627556545781 0.00036460808876729694 181
1627556545851 0.0003643772473149423 182
1627556545952 0.0003641292253098471 183
1627556546051 0.00036391514808226306 184
1627556546138 0.0003637176419796075 185
1627556546207 0.00036348693297893813 186
1627556546288 0.0003632108354991333 187
1627556546401 0.0003628943864318863 188
1627556546459 0.0003626833689480898 189
1627556546518 0.0003624868470742426 190
1627556546608 0.0003620523902809764 191
1627556546690 0.00036180229579531586 192
1627556546756 0.0003615692064728837 193
1627556546831 0.0003613142323876637 194
1627556546935 0.0003608540280478312 195
1627556547009 0.00036064789709330363 196
1627556547114 0.00036020884687404376 197
1627556547199 0.00035998203150339143 198
1627556547299 0.00035967921035295365 199
1627556547401 0.0003594312791124637 200
1627556547479 0.00035916998969521673 201
1627556547569 0.0003589496688746333 202
1627556547633 0.000358714730773792 203
1627556547709 0.00035850741626376054 204
1627556547819 0.00035817824663262606 205
1627556547876 0.00035800287024315494 206
1627556547941 0.0003577844125062032 207
1627556548009 0.00035756345711721174 208
1627556548088 0.000357310999504774 209
1627556548159 0.0003570728682002851 210
1627556548226 0.0003567906059918515 211
1627556548310 0.000356537691046776 212
1627556548366 0.0003563544992371354 213
1627556548441 0.00035612432603885513 214
1627556548525 0.00035590462324156294 215
1627556548604 0.0003556156561088041 216
1627556548700 0.000355311038712183 217
1627556548777 0.00035509694992597697 218
1627556548914 0.0003547585125281332 219
1627556548997 0.00035444420033540645 220
1627556549047 0.00035427652094673995 221
1627556549121 0.0003540394760603927 222
1627556549173 0.0003538773752039533 223
1627556549232 0.0003536734165566975 224
1627556549303 0.00035345784779333694 225
1627556549371 0.0003532593889300949 226
1627556549434 0.0003530528228724426 227
1627556549509 0.00035282686168603105 228
1627556549583 0.00035260931089602657 229
1627556549643 0.0003524004167154909 230
1627556549720 0.0003521524449217241 231
1627556549803 0.0003519362868925303 232
1627556549858 0.0003517459772871223 233
1627556549925 0.0003515460146447391 234
1627556549995 0.00035133367542199584 235
1627556550065 0.00035114572823113455 236
1627556550147 0.0003509051235172191 237
1627556550222 0.00035069496415334996 238
1627556550281 0.00035046889733125384 239
1627556550350 0.00035025928470629826 240
1627556550422 0.00035004682207599535 241
1627556550483 0.0003498389644461985 242
1627556550567 0.0003496325731366103 243
1627556550669 0.00034941218230292987 244
1627556550735 0.00034924966711027136 245
1627556550795 0.0003490432979606534 246
1627556550866 0.00034885091844624267 247
1627556550967 0.0003486514645342778 248
1627556551050 0.0003484559752696804 249
1627556551142 0.00034823440839454225 250
1627556551209 0.00034799439837837474 251
1627556551286 0.00034781491683679165 252
1627556551373 0.00034753656264970955 253
1627556551487 0.00034734056857341504 254
1627556551573 0.0003471448981663186 255
1627556551647 0.00034697795129554326 256
1627556551736 0.0003468046948321971 257
1627556551809 0.00034658406576556036 258
1627556551917 0.00034626810914913336 259
1627556551979 0.00034605106729935527 260
1627556552049 0.0003458356321513943 261
1627556552112 0.0003456547174719614 262
1627556552195 0.00034535904570446083 263
1627556552252 0.0003451864022786123 264
1627556552342 0.00034492016598593184 265
1627556552416 0.0003447079937673506 266
1627556552489 0.00034451139884637735 267
1627556552555 0.00034430401669824996 268
1627556552619 0.00034409165461167464 269
1627556552683 0.00034391843987729553 270
1627556552753 0.00034373627858588654 271
1627556552817 0.00034357347375294823 272
1627556552870 0.0003434007615377418 273
1627556552930 0.0003432441415296857 274
1627556553022 0.0003429305737041045 275
1627556553117 0.00034272789382945254 276
1627556553193 0.00034255072230775024 277
1627556553245 0.0003423684774144286 278
1627556553329 0.00034222910129611304 279
1627556553415 0.0003420676739539297 280
1627556553492 0.00034187847317902395 281
1627556553592 0.00034170403222415506 282
1627556553683 0.00034151847961157275 283
1627556553772 0.00034134009536377654 284
1627556553862 0.0003410741275255904 285
1627556553933 0.00034089354001362604 286
1627556553993 0.00034072222373772996 287
1627556554050 0.0003405325879555218 288
1627556554098 0.0003403865438353257 289
1627556554152 0.0003401962637021382 290
1627556554223 0.00034004486807989016 291
1627556554294 0.0003398656901076855 292
1627556554364 0.00033967989683941015 293
1627556554418 0.00033953610165964634 294
1627556554478 0.00033937341058286926 295
1627556554528 0.00033921676134659356 296
1627556554582 0.00033904614933659525 297
1627556554654 0.00033885906120624965 298
1627556554755 0.00033869245070394284 299
1627556554867 0.00033852048311213177 300
1627556554949 0.0003383266459048764 301
1627556555011 0.00033814932461778664 302
1627556555080 0.00033796606315370534 303
1627556555146 0.0003377676588340216 304
1627556555225 0.0003376258030112991 305
1627556555335 0.0003374105072836395 306
1627556555440 0.00033724824620237084 307
1627556555529 0.0003370379470770569 308
1627556555615 0.00033690193840704805 309
1627556555672 0.0003367589866872838 310
1627556555731 0.00033658321056827646 311
1627556555815 0.0003364037844287775 312
1627556555882 0.00033623905483361877 313
1627556555946 0.00033607550778595724 314
1627556556017 0.0003359157407802455 315
1627556556097 0.0003356899751884061 316
1627556556162 0.0003355103156005157 317
1627556556226 0.00033534066624091557 318
1627556556300 0.00033518771195727983 319
1627556556367 0.00033500544529422514 320
1627556556430 0.0003348309330436792 321
1627556556507 0.00033466413928634063 322
1627556556597 0.00033450237153540897 323
1627556556673 0.00033433880383627055 324
1627556556741 0.00033415120785142225 325
1627556556821 0.0003339633993173751 326
1627556556910 0.00033380251313415194 327
1627556556992 0.00033367188835127396 328
1627556557077 0.00033338572519753923 329
1627556557140 0.00033321564784489474 330
1627556557197 0.00033304066709483727 331
1627556557277 0.00033282869406070736 332
1627556557340 0.00033267023990992263 333
1627556557398 0.00033250201490266437 334
1627556557461 0.00033233344137934066 335
1627556557513 0.00033218664643920283 336
1627556557585 0.00033202652470191844 337
1627556557666 0.0003317935214087022 338
1627556557740 0.0003316238798956464 339
1627556557793 0.00033147900293650973 340
1627556557859 0.00033132611113377217 341
1627556557930 0.0003311817850056728 342
1627556558001 0.0003310274296945223 343
1627556558073 0.0003308798030677633 344
1627556558147 0.0003307063597268479 345
1627556558224 0.00033053035646673265 346
1627556558292 0.0003303875968693307 347
1627556558368 0.00033024024041995465 348
1627556558470 0.0003300688612292309 349
1627556558600 0.00032989291306813724 350
1627556558702 0.00032971547591880893 351
1627556558770 0.00032958225979138256 352
1627556558827 0.0003294145712874545 353
1627556558896 0.00032923463034938144 354
1627556558959 0.0003290765550908037 355
1627556559018 0.0003289293942224207 356
1627556559092 0.0003287438979613609 357
1627556559151 0.0003285926309560917 358
1627556559215 0.0003284195293850462 359
1627556559312 0.0003281539598549206 360
1627556559381 0.0003280122594990022 361
1627556559468 0.0003278787140563674 362
1627556559549 0.00032771606630135414 363
1627556559621 0.00032755479153754815 364
1627556559702 0.00032735550013709074 365
1627556559791 0.00032717514404354323 366
1627556559874 0.0003270431568186864 367
1627556559938 0.00032692714260883443 368
1627556559996 0.0003267984791466142 369
1627556560053 0.0003266724618726504 370
1627556560105 0.0003265362746127052 371
1627556560179 0.00032637670041433614 372
1627556560231 0.0003262339560611722 373
1627556560299 0.00032609414324663826 374
1627556560379 0.0003258566619279471 375
1627556560433 0.00032572107027146937 376
1627556560485 0.00032559129205650574 377
1627556560550 0.00032541721173327717 378
1627556560611 0.00032530279416062243 379
1627556560670 0.00032516277698517833 380
1627556560747 0.00032497720780839647 381
1627556560819 0.00032482022100041076 382
1627556560892 0.000324668759794987 383
1627556560951 0.00032452408859411314 384
1627556561044 0.0003243612874710367 385
1627556561135 0.0003241993227724978 386
1627556561210 0.0003240247478649571 387
1627556561276 0.00032387081972268125 388
1627556561341 0.0003237116571804701 389
1627556561400 0.00032355943263063743 390
1627556561474 0.00032340182321290877 391
1627556561531 0.00032325985510852175 392
1627556561584 0.0003231183341340011 393
1627556561645 0.0003229896966510744 394
1627556561699 0.0003228701374656228 395
1627556561762 0.000322686409162432 396
1627556561820 0.00032254150785373755 397
1627556561890 0.00032236828453444073 398
1627556561943 0.0003222586456458017 399
1627556562008 0.00032211618874905946 400
1627556562078 0.00032194727497133606 401
1627556562147 0.0003217984539317314 402
1627556562208 0.00032165681674276795 403
1627556562269 0.00032152282602644514 404
1627556562343 0.0003213688770777589 405
1627556562420 0.00032122241277240097 406
1627556562482 0.0003210790608908752 407
1627556562564 0.00032087871527799956 408
1627556562624 0.0003207368599081367 409
1627556562701 0.00032058159675328466 410
1627556562785 0.00032041913923106766 411
1627556562857 0.000320268799906881 412
1627556562922 0.00032012687216690305 413
1627556562998 0.0003199938829712661 414
1627556563085 0.00031984708681746896 415
1627556563154 0.00031969695019269504 416
1627556563233 0.00031954373650449616 417
1627556563325 0.00031939715843539427 418
1627556563420 0.0003192467529987041 419
1627556563488 0.00031908701071477153 420
1627556563544 0.00031896309501344526 421
1627556563638 0.0003187985105214636 422
1627556563710 0.00031867537555514236 423
1627556563757 0.00031854797042848125 424
1627556563818 0.0003184089718501249 425
1627556563879 0.0003182966918681682 426
1627556563949 0.0003181715927218714 427
1627556564027 0.00031803179052341824 428
1627556564087 0.0003178883634570537 429
1627556564157 0.00031773427103940773 430
1627556564215 0.0003175931813468576 431
1627556564303 0.0003174067563575201 432
1627556564360 0.00031729372160881216 433
1627556564413 0.0003171501737489204 434
1627556564507 0.00031693539187256593 435
1627556564567 0.00031679157336102714 436
1627556564621 0.0003166500108485923 437
1627556564699 0.00031648882364702317 438
1627556564775 0.00031638033775506106 439
1627556564864 0.00031622456017776104 440
1627556564931 0.00031608507421804303 441
1627556565024 0.00031595954549913777 442
1627556565085 0.00031583941442466304 443
1627556565168 0.00031567081480392566 444
1627556565243 0.0003155453277087227 445
1627556565319 0.00031542075529461045 446
1627556565391 0.00031528952235638195 447
1627556565446 0.0003151376170632291 448
1627556565501 0.0003149949701532015 449
1627556565570 0.00031488038145671536 450
1627556565639 0.0003147527901326265 451
1627556565727 0.0003145622287115422 452
1627556565783 0.0003144219940975464 453
1627556565855 0.00031426986455684847 454
1627556565918 0.00031411806409320606 455
1627556565996 0.00031397631063606704 456
1627556566069 0.0003138714360708345 457
1627556566131 0.0003137400666832353 458
1627556566188 0.0003136185255208469 459
1627556566294 0.0003207368599081367 460
1627556570664 0.0010989542825234429 0
1627556570807 0.0010141975236598474 1
1627556570946 0.0009393626588618534 2
1627556571087 0.0008735648357794902 3
1627556571227 0.0008157605379125156 4
1627556571361 0.0007654002083808616 5
1627556571482 0.000721468636651773 6
1627556571613 0.0006839214859754675 7
1627556571740 0.0006512085688022266 8
1627556571864 0.0006232095208184988 9
1627556571985 0.0005991192496585221 10
1627556572108 0.0005786392387528538 11
1627556572233 0.0005610649646808603 12
1627556572365 0.0005461310185461193 13
1627556572484 0.0005333269950405728 14
1627556572610 0.0005226002931151587 15
1627556572727 0.0005133915782272229 16
1627556572864 0.0005058420098802599 17
1627556572990 0.0004991021250314487 18
1627556573106 0.0004930287597413771 19
1627556573214 0.0004879881782869361 20
1627556573328 0.0004838107969463095 21
1627556573438 0.00047999916044408596 22
1627556573543 0.0004761814585183674 23
1627556573649 0.00047320564765623727 24
1627556573751 0.0004705588715290056 25
1627556573851 0.00046807440127351053 26
1627556573952 0.0004659456162097851 27
1627556574057 0.0004637875877620522 28
1627556574161 0.0004621827944757135 29
1627556574260 0.0004602530155730227 30
1627556574373 0.00045861840811822286 31
1627556574465 0.00045687620012211814 32
1627556574563 0.0004554598089428859 33
1627556574662 0.0004541596439735283 34
1627556574757 0.00045221105046759695 35
1627556574854 0.0004502012974045962 36
1627556574954 0.0004486982207972275 37
1627556575054 0.000447433091110017 38
1627556575156 0.0004461462867165149 39
1627556575255 0.00044517695083399003 40
1627556575352 0.00044358698430275914 41
1627556575445 0.00044196481819696204 42
1627556575539 0.00044066730707484716 43
1627556575647 0.00043904286021224833 44
1627556575746 0.00043778417577320695 45
1627556575848 0.000436263759661809 46
1627556575960 0.00043435546628947956 47
1627556576056 0.0004336994360976802 48
1627556576167 0.00043168990497283177 49
1627556576285 0.0004302332154314072 50
1627556576379 0.0004295738202577969 51
1627556576482 0.000428791381897326 52
1627556576583 0.00042706149148300307 53
1627556576669 0.0004264460130710427 54
1627556576757 0.00042577892468382525 55
1627556576862 0.00042506859458306607 56
1627556576943 0.00042448149186897956 57
1627556577034 0.0004239428749715768 58
1627556577150 0.0004228389353627612 59
1627556577248 0.0004222169472727856 60
1627556577356 0.000420597898880769 61
1627556577483 0.0004196330906793544 62
1627556577565 0.0004190649070569223 63
1627556577685 0.00041790426956842344 64
1627556577782 0.00041732804142740677 65
1627556577872 0.0004166423187294157 66
1627556577973 0.0004156104371780031 67
1627556578079 0.00041421038314691847 68
1627556578176 0.0004137142302061137 69
1627556578272 0.0004132723763464919 70
1627556578371 0.00041273139494289995 71
1627556578459 0.0004122367016955827 72
1627556578562 0.0004111085993425844 73
1627556578694 0.00041030677283208466 74
1627556578858 0.00040922464379755896 75
1627556578986 0.00040869511122836434 76
1627556579079 0.00040823781520428774 77
1627556579172 0.00040744274893835035 78
1627556579268 0.0004064570996614624 79
1627556579369 0.0004055782038453277 80
1627556579458 0.0004050601365098003 81
1627556579554 0.00040461952659752936 82
1627556579640 0.0004041605702344852 83
1627556579732 0.0004035636113764139 84
1627556579829 0.00040292278883264005 85
1627556579910 0.00040243142431425834 86
1627556579998 0.0004018704618000724 87
1627556580088 0.0004014164855568212 88
1627556580179 0.0004008463617525338 89
1627556580262 0.0004004319006294639 90
1627556580335 0.0003999589583755353 91
1627556580437 0.0003994865223336314 92
1627556580545 0.0003990787489804523 93
1627556580678 0.0003985970671742532 94
1627556580807 0.0003981720230219322 95
1627556580930 0.0003973366430975183 96
1627556581023 0.00039672418694562857 97
1627556581094 0.00039630868553001275 98
1627556581191 0.00039587368237094467 99
1627556581307 0.0003949677607200538 100
1627556581397 0.00039455076115951565 101
1627556581493 0.0003938675926060819 102
1627556581596 0.00039316307403693194 103
1627556581696 0.0003925580380317123 104
1627556581799 0.0003919151798169954 105
1627556581866 0.00039154445727995833 106
1627556581947 0.0003912040753495979 107
1627556582033 0.0003908350948216597 108
1627556582122 0.00039048977752964196 109
1627556582207 0.00039010229797693867 110
1627556582296 0.000389637967107498 111
1627556582381 0.00038929349877945955 112
1627556582452 0.0003889547087303069 113
1627556582558 0.00038846144858711737 114
1627556582656 0.0003881042547308705 115
1627556582734 0.00038775492023454414 116
1627556582832 0.00038722253159478897 117
1627556582916 0.00038687680380858737 118
1627556583011 0.0003863947748602448 119
1627556583118 0.00038605624198548874 120
1627556583242 0.0003856553436550601 121
1627556583352 0.00038509461783532505 122
1627556583473 0.0003847748965747702 123
1627556583587 0.00038427200306474676 124
1627556583667 0.0003838376477674687 125
1627556583728 0.0003835543330811088 126
1627556583790 0.000383267392393147 127
1627556583893 0.00038296277103348124 128
1627556583998 0.0003826192924427881 129
1627556584087 0.0003822215519610133 130
1627556584185 0.0003817588074955901 131
1627556584272 0.0003814206901214112 132
1627556584342 0.0003811080360247921 133
1627556584443 0.0003807782225634725 134
1627556584518 0.0003804410526238718 135
1627556584587 0.00038015098425501787 136
1627556584660 0.00037983202981291383 137
1627556584736 0.00037954340158050977 138
1627556584814 0.0003792180065348568 139
1627556584886 0.00037890435740762444 140
1627556585006 0.00037819433479060316 141
1627556585082 0.0003779303927962251 142
1627556585221 0.00037748299026311863 143
1627556585340 0.000377188561315585 144
1627556585423 0.0003768600250211128 145
1627556585533 0.00037657576347841263 146
1627556585632 0.0003759987816398447 147
1627556585718 0.0003756962940965356 148
1627556585806 0.00037537403263402074 149
1627556585910 0.0003750719194889433 150
1627556585976 0.00037479408057849935 151
1627556586081 0.00037447175641307944 152
1627556586147 0.00037422609826335006 153
1627556586221 0.00037393327795661363 154
1627556586305 0.00037366537629488465 155
1627556586384 0.0003733958172762518 156
1627556586476 0.0003729259389681286 157
1627556586565 0.0003726612431264664 158
1627556586641 0.0003723564835211024 159
1627556586753 0.00037197603316140086 160
1627556586864 0.00037175253103941604 161
1627556586989 0.0003714513792903618 162
1627556587098 0.0003711944454362493 163
1627556587178 0.00037092388156606825 164
1627556587244 0.0003706707819384891 165
1627556587340 0.00037038998702672196 166
1627556587411 0.0003701825934041581 167
1627556587495 0.0003699395984103298 168
1627556587575 0.0003696643086621291 169
1627556587641 0.00036942092549479275 170
1627556587709 0.0003691515798394596 171
1627556587777 0.0003689284974004869 172
1627556587852 0.000368658666464616 173
1627556587920 0.000368440835644256 174
1627556587994 0.00036811591167098634 175
1627556588066 0.0003678419002395765 176
1627556588147 0.0003675948607399693 177
1627556588280 0.0003671206041605156 178
1627556588355 0.000366876434153034 179
1627556588435 0.000366605999544429 180
1627556588512 0.0003663310760712611 181
1627556588602 0.0003659426271894034 182
1627556588693 0.00036558260605362795 183
1627556588765 0.0003653437411109167 184
1627556588837 0.0003651304141515379 185
1627556588913 0.0003648630371083387 186
1627556588985 0.0003645725642880572 187
1627556589062 0.0003643522414855899 188
1627556589147 0.000364070285601325 189
1627556589242 0.00036369672060257706 190
1627556589311 0.0003634312237035672 191
1627556589383 0.00036319002379732825 192
1627556589452 0.0003629540559801289 193
1627556589536 0.00036256870854049317 194
1627556589593 0.000362375518086995 195
1627556589685 0.0003621681242002178 196
1627556589751 0.0003619494486624474 197
1627556589823 0.0003617185496793174 198
1627556589903 0.0003614596381481653 199
1627556590000 0.00036108032574516387 200
1627556590098 0.00036064084575137347 201
1627556590184 0.0003604080173433821 202
1627556590265 0.00036014680057037057 203
1627556590340 0.00035993129921209306 204
1627556590445 0.00035956214289694266 205
1627556590511 0.0003593563471735361 206
1627556590599 0.00035900771016227794 207
1627556590673 0.000358768925177864 208
1627556590763 0.00035849168303025676 209
1627556590843 0.00035827492961584633 210
1627556590942 0.0003578621547423923 211
1627556591024 0.00035763292817008363 212
1627556591112 0.00035741562616513556 213
1627556591170 0.00035724004450115346 214
1627556591237 0.00035702065050548254 215
1627556591303 0.00035680497672542456 216
1627556591370 0.0003565988828939192 217
1627556591468 0.0003562652636211501 218
1627556591542 0.00035603885039514366 219
1627556591625 0.00035576854060383976 220
1627556591705 0.0003555540778427656 221
1627556591779 0.00035530183346128656 222
1627556591872 0.0003549733586081276 223
1627556591942 0.00035474920651161625 224
1627556592025 0.00035454044889835103 225
1627556592096 0.00035434079094412066 226
1627556592187 0.00035408151235312674 227
1627556592265 0.0003538750282900428 228
1627556592345 0.0003536279909895109 229
1627556592401 0.0003534408991528025 230
1627556592467 0.0003532364472246789 231
1627556592531 0.00035306576934261756 232
1627556592590 0.00035288451886457634 233
1627556592671 0.0003526863414451521 234
1627556592746 0.0003524739802573399 235
1627556592808 0.0003522894355856002 236
1627556592870 0.0003520837393416845 237
1627556592959 0.0003517560479442206 238
1627556593021 0.0003515651466607784 239
1627556593083 0.0003513809773583483 240
1627556593151 0.00035117085415103797 241
1627556593227 0.00035093600315554813 242
1627556593307 0.00035069740188501677 243
1627556593373 0.0003504995754777579 244
1627556593450 0.000350306601954134 245
1627556593519 0.00035007098853612575 246
1627556593613 0.0003497753094468201 247
1627556593674 0.00034958501644487467 248
1627556593749 0.00034940230709571535 249
1627556593835 0.0003491852306036453 250
1627556593901 0.00034894741328683586 251
1627556593965 0.00034877387940269344 252
1627556594029 0.00034858335295722504 253
1627556594114 0.00034834754833691975 254
1627556594204 0.00034803830679768264 255
1627556594268 0.00034784484173245846 256
1627556594326 0.00034767899540017177 257
1627556594390 0.00034747204035081745 258
1627556594471 0.00034726763188955187 259
1627556594554 0.00034703892289864605 260
1627556594622 0.00034682146070587696 261
1627556594695 0.0003466476073778768 262
1627556594778 0.00034640932005048855 263
1627556594859 0.00034622123502931146 264
1627556594930 0.00034602344298413564 265
1627556594997 0.0003458439458690751 266
1627556595073 0.0003456347259961733 267
1627556595160 0.00034538391344490673 268
1627556595234 0.0003451493686319628 269
1627556595313 0.00034493002593848825 270
1627556595409 0.0003445729237947336 271
1627556595475 0.0003443742895139043 272
1627556595528 0.00034421008783263837 273
1627556595593 0.0003440249190368014 274
1627556595652 0.0003438392937185177 275
1627556595724 0.0003436661578977114 276
1627556595821 0.0003434600745638073 277
1627556595880 0.00034327352291505046 278
1627556595943 0.00034309302764186004 279
1627556596024 0.00034287445107887766 280
1627556596106 0.00034264182087965947 281
1627556596173 0.00034245467800266607 282
1627556596234 0.000342266050459843 283
1627556596315 0.0003420377761363409 284
1627556596376 0.0003418348186842366 285
1627556596432 0.0003416866895986618 286
1627556596499 0.00034148373425245594 287
1627556596572 0.00034129229257607533 288
1627556596624 0.00034113889186024646 289
1627556596692 0.00034097797049324584 290
1627556596762 0.0003408128615095409 291
1627556596826 0.00034061596327164675 292
1627556596894 0.00034046171989860136 293
1627556596971 0.00034022742782058605 294
1627556597026 0.00034005152964349547 295
1627556597077 0.0003398644621356517 296
1627556597141 0.00033967043327879086 297
1627556597223 0.0003394830835680908 298
1627556597294 0.00033932893431532147 299
1627556597385 0.00033913019791911733 300
1627556597444 0.0003389482865053735 301
1627556597502 0.0003387724353242882 302
1627556597561 0.00033860937834518946 303
1627556597618 0.0003384605303427012 304
1627556597687 0.00033828876422421696 305
1627556597755 0.00033809473031895553 306
1627556597819 0.0003379078387149662 307
1627556597884 0.00033772769360576393 308
1627556597965 0.00033749397006803823 309
1627556598017 0.0003373534377340363 310
1627556598112 0.0003370843063341447 311
1627556598184 0.0003368824911448701 312
1627556598251 0.0003367363561889731 313
1627556598309 0.00033657655431358516 314
1627556598368 0.00033640346275045003 315
1627556598428 0.00033622734539360085 316
1627556598510 0.000336004375591497 317
1627556598576 0.000335833969573122 318
1627556598638 0.0003356662719470146 319
1627556598727 0.00033540216078232327 320
1627556598777 0.000335238062669147 321
1627556598843 0.0003350626366701793 322
1627556598900 0.00033491470294409644 323
1627556598980 0.00033467984257216167 324
1627556599052 0.00033445108516152186 325
1627556599127 0.00033422498387582347 326
1627556599196 0.00033405249328238753 327
1627556599280 0.00033387778825741654 328
1627556599350 0.00033370716491027465 329
1627556599414 0.0003335434730361619 330
1627556599471 0.00033339557437760326 331
1627556599532 0.00033326719964786393 332
1627556599597 0.0003330879027305466 333
1627556599661 0.0003329147934133938 334
1627556599717 0.00033278562050541923 335
1627556599788 0.0003326122230996115 336
1627556599852 0.00033244449213815097 337
1627556599922 0.0003323200376874383 338
1627556599986 0.0003321461432223746 339
1627556600061 0.00033196199932845807 340
1627556600152 0.00033170052896790814 341
1627556600212 0.0003315527736816033 342
1627556600274 0.00033137506637060375 343
1627556600342 0.00033123627420290165 344
1627556600417 0.00033102934130675065 345
1627556600486 0.0003308532090298516 346
1627556600542 0.00033067811293280254 347
1627556600624 0.000330478728407328 348
1627556600699 0.0003302990242118035 349
1627556600779 0.00033015268865072423 350
1627556600836 0.0003300334501905613 351
1627556600901 0.00032986412390624786 352
1627556600972 0.00032965705956767606 353
1627556601022 0.0003295099149153922 354
1627556601099 0.0003293529379137359 355
1627556601147 0.00032921996550331224 356
1627556601211 0.00032905293492746296 357
1627556601269 0.00032893751137327387 358
1627556601334 0.00032875863995234644 359
1627556601412 0.0003285897191928389 360
1627556601470 0.0003284478127444516 361
1627556601532 0.000328297336881998 362
1627556601591 0.00032813290886639384 363
1627556601652 0.000327962992264214 364
1627556601704 0.0003278365506504872 365
1627556601767 0.0003276780665264678 366
1627556601827 0.0003275266999134593 367
1627556601880 0.00032740022308910745 368
1627556601946 0.0003272512797053185 369
1627556602049 0.00032708980496688733 370
1627556602149 0.0003268618694381531 371
1627556602236 0.00032662750835107517 372
1627556602294 0.0003264890145414547 373
1627556602357 0.00032636137281718544 374
1627556602420 0.00032620202167880756 375
1627556602484 0.0003260618742247776 376
1627556602563 0.00032585484346783387 377
1627556602619 0.0003257304317210365 378
1627556602670 0.00032561267247116916 379
1627556602740 0.00032541804907109913 380
1627556602788 0.00032528298019385174 381
1627556602845 0.00032513270918051016 382
1627556602903 0.0003250015257307953 383
1627556602963 0.00032484327342056425 384
1627556603043 0.0003246458660035276 385
1627556603118 0.0003244443869261228 386
1627556603190 0.00032427692137942303 387
1627556603247 0.00032411291219312105 388
1627556603328 0.00032395610491554085 389
1627556603390 0.00032381596151675513 390
1627556603452 0.00032366455467602276 391
1627556603520 0.0003235106090343169 392
1627556603583 0.0003233543384566878 393
1627556603658 0.00032320935856891564 394
1627556603724 0.000323056166637209 395
1627556603785 0.0003229265092873738 396
1627556603857 0.00032276486920864697 397
1627556603923 0.00032260899529554455 398
1627556604007 0.0003224483753241217 399
1627556604081 0.00032228801175111 400
1627556604161 0.0003220965502712433 401
1627556604210 0.0003219497345769834 402
1627556604269 0.00032178806541368216 403
1627556604336 0.00032165959775509116 404
1627556604390 0.00032153581305492923 405
1627556604463 0.00032138082574536744 406
1627556604524 0.0003212344243487431 407
1627556604590 0.00032111246591405736 408
1627556604694 0.0003209527114323155 409
1627556604749 0.000320804486356083 410
1627556604824 0.00032064781887528715 411
1627556604902 0.0003204856626368766 412
1627556604969 0.00032031473167075126 413
1627556605056 0.0003201292905486391 414
1627556605127 0.00031996805225046595 415
1627556605200 0.00031979154880913197 416
1627556605277 0.0003196477407652551 417
1627556605345 0.00031949184750837233 418
1627556605414 0.00031932452990999496 419
1627556605476 0.0003191571606091719 420
1627556605540 0.00031900341336270804 421
1627556605604 0.00031884628670932925 422
1627556605667 0.00031871359975883085 423
1627556605738 0.00031854262152160095 424
1627556605802 0.00031839786942500535 425
1627556605865 0.00031824649595335445 426
1627556605916 0.00031810937705690026 427
1627556605977 0.0003179527654714999 428
1627556606043 0.00031780363321545237 429
1627556606107 0.0003176654374703858 430
1627556606179 0.0003174927790755443 431
1627556606280 0.00032528298019385174 432
1627556610503 0.0010998420188731092 0
1627556610650 0.0010149293236501647 1
1627556610784 0.00093985930380686 2
1627556610918 0.000874175070542125 3
1627556611114 0.0008163887048439235 4
1627556611313 0.0007659523024265609 5
1627556611442 0.0007219480598953644 6
1627556611569 0.0006843448226662041 7
1627556611713 0.000651616537701333 8
1627556611838 0.0006234987515793334 9
1627556611962 0.0005992333735530212 10
1627556612079 0.0005785927442111818 11
1627556612199 0.0005608513565840519 12
1627556612313 0.0005459205879050046 13
1627556612433 0.0005330959972983901 14
1627556612604 0.0005223785469418242 15
1627556612714 0.0005131730943193246 16
1627556612863 0.0005054440113767314 17
1627556612985 0.0004985828926648458 18
1627556613108 0.0004928215438137703 19
1627556613210 0.0004877220908272865 20
1627556613351 0.0004832703008409933 21
1627556613454 0.00047951544326043803 22
1627556613558 0.0004760193955521224 23
1627556613676 0.0004730203054775746 24
1627556613778 0.0004704316993013654 25
1627556613882 0.00046778266219186214 26
1627556613989 0.0004656485159314528 27
1627556614136 0.000463636450117714 28
1627556614240 0.0004618073371660296 29
1627556614360 0.00045964156915296765 30
1627556614465 0.0004578035332754574 31
1627556614563 0.00045635180564363386 32
1627556614662 0.0004545686074887504 33
1627556614760 0.0004529715713977358 34
1627556614856 0.00045113175275100775 35
1627556614953 0.00044926011537353613 36
1627556615050 0.00044753022016512866 37
1627556615150 0.0004461608248031565 38
1627556615251 0.00044491691050223194 39
1627556615347 0.0004440672147671959 40
1627556615443 0.00044226101606201934 41
1627556615570 0.0004402674230166864 42
1627556615677 0.00043847061904539816 43
1627556615824 0.0004376829275497844 44
1627556615931 0.0004368903071313114 45
1627556616036 0.0004349129083807751 46
1627556616125 0.00043408385973494235 47
1627556616225 0.00043334483152698356 48
1627556616347 0.0004318495552144408 49
1627556616485 0.00043022456518329317 50
1627556616586 0.0004294992980969488 51
1627556616709 0.000428794443318707 52
1627556616822 0.0004269692374582321 53
1627556616923 0.0004263818211671375 54
1627556617003 0.0004257597126335833 55
1627556617102 0.0004251088265788293 56
1627556617208 0.00042358124199126 57
1627556617294 0.0004229915299458737 58
1627556617388 0.00042229168588989006 59
1627556617486 0.0004217680867524607 60
1627556617627 0.00042031449206066974 61
1627556617725 0.00041958235890221025 62
1627556617847 0.0004190834773961607 63
1627556617968 0.00041780990663615374 64
1627556618086 0.000416397457857159 65
1627556618180 0.00041584410857349146 66
1627556618277 0.0004150052141020964 67
1627556618374 0.00041383935160893543 68
1627556618464 0.00041320664054002136 69
1627556618562 0.0004126383084902313 70
1627556618656 0.0004120913066342252 71
1627556618750 0.00041156733928682904 72
1627556618855 0.00041049735970308536 73
1627556618946 0.0004099861277582299 74
1627556619037 0.00040929657320644354 75
1627556619136 0.0004086450149909304 76
1627556619240 0.00040787775367868376 77
1627556619324 0.0004074192661036481 78
1627556619429 0.00040698056599969545 79
1627556619544 0.0004064911719322788 80
1627556619641 0.00040603180825826983 81
1627556619735 0.0004051567167797194 82
1627556619833 0.0004041798120681445 83
1627556619932 0.00040340457726752865 84
1627556620034 0.0004029656931424432 85
1627556620120 0.0004025185468542073 86
1627556620234 0.00040205575013757566 87
1627556620351 0.0004016252685063479 88
1627556620488 0.00040105142927014914 89
1627556620583 0.0004004797262368832 90
1627556620677 0.000399901973918622 91
1627556620772 0.000399431420325779 92
1627556620873 0.0003987366921071522 93
1627556620980 0.0003982415859089396 94
1627556621099 0.0003977022608747673 95
1627556621197 0.0003972769570594771 96
1627556621337 0.00039688566371134834 97
1627556621449 0.0003959589049383244 98
1627556621551 0.00039549987620597746 99
1627556621696 0.0003950887681569593 100
1627556621834 0.00039462162284527584 101
1627556621961 0.000394279350304306 102
1627556622073 0.00039351003235703667 103
1627556622172 0.000392994897360866 104
1627556622287 0.0003925211413211766 105
1627556622368 0.00039215012750459625 106
1627556622461 0.0003915551358179623 107
1627556622541 0.000391209141013763 108
1627556622619 0.00039068706391216416 109
1627556622721 0.00039017266602077227 110
1627556622817 0.0003897608950247749 111
1627556622954 0.0003889276876618154 112
1627556623031 0.00038850151210552365 113
1627556623127 0.0003880939297960077 114
1627556623215 0.00038766700540392325 115
1627556623314 0.000387199038601652 116
1627556623414 0.0003865934573998731 117
1627556623472 0.00038625612923612074 118
1627556623559 0.0003859228245925089 119
1627556623656 0.0003855438115179282 120
1627556623733 0.000385183021086696 121
1627556623816 0.0003848351178043262 122
1627556623914 0.0003844887037758428 123
1627556624005 0.00038398287426290274 124
1627556624090 0.0003836421349231911 125
1627556624184 0.0003833171865425658 126
1627556624249 0.0003830384390591651 127
1627556624334 0.0003827333797412922 128
1627556624484 0.000382077788078041 129
1627556624592 0.0003817670145163781 130
1627556624666 0.00038147357334457566 131
1627556624749 0.000381177520174082 132
1627556624860 0.000380866832771459 133
1627556624995 0.0003802466539602307 134
1627556625088 0.0003798969933322014 135
1627556625155 0.0003795439507645218 136
1627556625214 0.0003792646609480134 137
1627556625292 0.0003789628000737552 138
1627556625395 0.0003784155762709117 139
1627556625472 0.00037810274223821377 140
1627556625554 0.0003777871510953213 141
1627556625656 0.00037730004270399644 142
1627556625735 0.00037700324150848313 143
1627556625822 0.0003766041594698515 144
1627556625887 0.0003763175933794453 145
1627556625958 0.0003760286091310737 146
1627556626041 0.0003756728354346139 147
1627556626140 0.0003753810404563666 148
1627556626231 0.00037510499347526724 149
1627556626299 0.00037486149573786546 150
1627556626352 0.0003746169381256125 151
1627556626425 0.0003743455741391541 152
1627556626508 0.0003739295012350687 153
1627556626568 0.00037369641742912953 154
1627556626648 0.0003733175378870548 155
1627556626721 0.00037306813735728744 156
1627556626801 0.00037279192889820535 157
1627556626870 0.0003725648944712209 158
1627556626943 0.0003722826941861706 159
1627556627013 0.0003720196382478102 160
1627556627069 0.00037174860078550303 161
1627556627149 0.0003714764596044303 162
1627556627252 0.00037121525204477274 163
1627556627358 0.00037088937481491837 164
1627556627487 0.00037049880877502355 165
1627556627580 0.00037022126655351093 166
1627556627677 0.00036995722276211596 167
1627556627746 0.00036970824689380825 168
1627556627827 0.0003693928109690572 169
1627556627895 0.00036916016079020396 170
1627556627965 0.0003689042656744396 171
1627556628074 0.0003683753896097272 172
1627556628158 0.0003680510877529842 173
1627556628247 0.00036769132022683985 174
1627556628323 0.0003674362290118896 175
1627556628402 0.0003671732243662731 176
1627556628467 0.00036695050381664883 177
1627556628526 0.0003667512197439347 178
1627556628601 0.00036648913704644684 179
1627556628684 0.00036626329958775274 180
1627556628745 0.00036605461542750306 181
1627556628826 0.00036566407925368107 182
1627556628909 0.00036537778931282464 183
1627556628969 0.00036514935209717617 184
1627556629062 0.0003646928524513802 185
1627556629141 0.00036444470621724534 186
1627556629230 0.0003641834572582533 187
1627556629317 0.0003638842158449784 188
1627556629376 0.0003636744943182408 189
1627556629445 0.0003634354239961889 190
1627556629533 0.0003631479801910527 191
1627556629619 0.0003629224679457395 192
1627556629714 0.0003626842506482326 193
1627556629812 0.0003624448790499369 194
1627556629923 0.00036194195062173845 195
1627556630034 0.00036169082620717967 196
1627556630112 0.00036146658435909904 197
1627556630194 0.0003611481746875009 198
1627556630277 0.0003608800036421 199
1627556630352 0.00036070297123497414 200
1627556630427 0.0003604622884342919 201
1627556630506 0.00036022151190521443 202
1627556630581 0.00036000783694255695 203
1627556630657 0.0003597599669406005 204
1627556630720 0.00035955522863120653 205
1627556630783 0.0003593125340835183 206
1627556630845 0.0003591175782294582 207
1627556630906 0.00035886821368004055 208
1627556630974 0.00035861909324564007 209
1627556631043 0.0003584125103396658 210
1627556631126 0.00035816440382279113 211
1627556631230 0.0003577752686023172 212
1627556631303 0.00035755267947183017 213
1627556631399 0.0003573244359458592 214
1627556631493 0.0003571163059227293 215
1627556631547 0.00035693376286773543 216
1627556631606 0.00035674253439657057 217
1627556631712 0.0003565124720594923 218
1627556631778 0.00035628163082439214 219
1627556631877 0.00035606044950095675 220
1627556631964 0.000355880132009767 221
1627556632035 0.00035565177463421036 222
1627556632119 0.0003553416380041582 223
1627556632193 0.00035512963742265056 224
1627556632272 0.0003549130265293267 225
1627556632343 0.00035470591189270916 226
1627556632415 0.0003544096635103392 227
1627556632486 0.00035417895544223734 228
1627556632552 0.0003539867446510257 229
1627556632603 0.00035380658177519195 230
1627556632676 0.0003535780429821393 231
1627556632799 0.00035320143999232673 232
1627556632858 0.00035304278200593275 233
1627556632928 0.0003528334380086723 234
1627556632997 0.000352630050852848 235
1627556633067 0.0003524381338656239 236
1627556633143 0.00035222631310489886 237
1627556633219 0.00035199349615116 238
1627556633282 0.00035177892578682363 239
1627556633349 0.0003515850553246778 240
1627556633409 0.00035135400369866286 241
1627556633473 0.00035115494093085803 242
1627556633554 0.00035095521085832436 243
1627556633629 0.00035073928249074643 244
1627556633734 0.0003505350891903239 245
1627556633809 0.00035032903656244055 246
1627556633886 0.00035011146297642717 247
1627556633961 0.00034991988229912815 248
1627556634052 0.00034962302638514935 249
1627556634119 0.00034944622157190617 250
1627556634176 0.0003492338646646975 251
1627556634241 0.00034905356213681035 252
1627556634305 0.000348831865768461 253
1627556634399 0.0003486348138934063 254
1627556634499 0.00034842375954796407 255
1627556634561 0.00034821852401253743 256
1627556634628 0.000348012021934734 257
1627556634691 0.00034782245553615905 258
1627556634818 0.0003476343346075866 259
1627556634885 0.000347476216248316 260
1627556634995 0.0003471798054486002 261
1627556635078 0.0003468897188818883 262
1627556635146 0.00034670819363028313 263
1627556635217 0.000346512033418151 264
1627556635333 0.0003462659243563338 265
1627556635415 0.000346079120449286 266
1627556635485 0.00034586743537427046 267
1627556635556 0.0003456592519200391 268
1627556635620 0.000345475435925243 269
1627556635688 0.0003452924055355789 270
1627556635758 0.0003451068529160212 271
1627556635824 0.0003449141275271765 272
1627556635901 0.00034472466153683315 273
1627556635952 0.00034454117057410537 274
1627556636035 0.00034426023390671245 275
1627556636110 0.00034407730272661226 276
1627556636168 0.0003438717036033181 277
1627556636233 0.00034369133750700653 278
1627556636301 0.0003435157003746378 279
1627556636370 0.0003432880640830839 280
1627556636440 0.0003431007058277858 281
1627556636529 0.0003428056051446069 282
1627556636615 0.0003425601953380748 283
1627556636675 0.00034235846662086593 284
1627556636750 0.00034216395834662367 285
1627556636833 0.00034190677888680103 286
1627556636903 0.00034170866597997524 287
1627556636986 0.0003415407177359071 288
1627556637061 0.0003413514931117376 289
1627556637133 0.0003412041181040018 290
1627556637226 0.0003410357139220737 291
1627556637288 0.00034087744113582905 292
1627556637381 0.00034065969174614414 293
1627556637474 0.0003404675372671163 294
1627556637555 0.00034026911235943304 295
1627556637668 0.0003400495301410455 296
1627556637755 0.0003398994793792579 297
1627556637889 0.0003396304150262896 298
1627556637950 0.0003394527536696661 299
1627556638026 0.0003392981173136452 300
1627556638078 0.0003391433515167607 301
1627556638139 0.00033897673614716726 302
1627556638204 0.0003388158427253056 303
1627556638268 0.00033865465224716603 304
1627556638329 0.00033848125492159475 305
1627556638387 0.0003383016497264718 306
1627556638466 0.0003381257743087785 307
1627556638530 0.00033795756257687815 308
1627556638623 0.00033766031065540926 309
1627556638691 0.00033746491184038146 310
1627556638768 0.00033726827938833603 311
1627556638823 0.0003371194260223312 312
1627556638900 0.00033698247574454 313
1627556638973 0.00033679945200282697 314
1627556639078 0.0003366323361568759 315
1627556639135 0.0003364720053970953 316
1627556639197 0.00033629523044955215 317
1627556639282 0.0003360418613922179 318
1627556639377 0.0003358569338010664 319
1627556639487 0.00033566585475377695 320
1627556639586 0.0003354922188732587 321
1627556639677 0.0003353058415286755 322
1627556639820 0.00033501529464904445 323
1627556639910 0.00033484579325910663 324
1627556640012 0.00033466895335365626 325
1627556640067 0.0003345001827548968 326
1627556640130 0.00033435169618709515 327
1627556640201 0.0003341954139721419 328
1627556640257 0.0003340378978923882 329
1627556640321 0.00033388951604697845 330
1627556640378 0.00033370016390826444 331
1627556640454 0.0003334970332636861 332
1627556640526 0.00033331225700382604 333
1627556640602 0.0003331152336467579 334
1627556640681 0.0003329577752506752 335
1627556640744 0.00033279607169746736 336
1627556640801 0.0003326410197948788 337
1627556640865 0.0003324893482662216 338
1627556640929 0.00033231374441230636 339
1627556641003 0.00033210860259022453 340
1627556641092 0.0003319697149163887 341
1627556641209 0.0003317752360707906 342
1627556641285 0.00033159694800541454 343
1627556641359 0.00033145341666247183 344
1627556641460 0.00033128176054295896 345
1627556641531 0.0003311162943457587 346
1627556641589 0.00033095148313617794 347
1627556641647 0.000330787981185703 348
1627556641705 0.0003306332709340694 349
1627556641790 0.00033046436001217446 350
1627556641883 0.00033020911134850364 351
1627556641938 0.00033006960488005745 352
1627556642015 0.00032983570006341745 353
1627556642075 0.0003296762608367205 354
1627556642135 0.00032951366775815994 355
1627556642201 0.0003293443077402669 356
1627556642259 0.00032919909729812525 357
1627556642325 0.0003290272127959693 358
1627556642398 0.00032885150053940106 359
1627556642495 0.00032869841777827583 360
1627556642550 0.0003285490188632893 361
1627556642606 0.00032839704864153467 362
1627556642669 0.0003282297845018264 363
1627556642744 0.00032802623842675494 364
1627556642824 0.00033679945200282697 365
1627556646917 0.0010973248557443296 0
1627556647059 0.0010128015549339038 1
1627556647193 0.0009381150377524095 2
1627556647330 0.0008724063822014375 3
1627556647468 0.0008146737218821938 4
1627556647601 0.0007644369510277049 5
1627556647732 0.0007206202722683579 6
1627556647859 0.0006830555541632374 7
1627556647983 0.0006504517214453172 8
1627556648160 0.0006226488583915729 9
1627556648285 0.0005986686296058524 10
1627556648404 0.0005782166784640497 11
1627556648559 0.0005606860877078951 12
1627556648718 0.0005457319695388013 13
1627556648842 0.00053287822138019 14
1627556648966 0.0005222631125800712 15
1627556649088 0.0005130153336118133 16
1627556649211 0.0005054115499681283 17
1627556649328 0.0004986235387104211 18
1627556649464 0.0004928278235660558 19
1627556649572 0.00048777906063560296 20
1627556649737 0.0004834958766023042 21
1627556649914 0.0004793517591014656 22
1627556650067 0.00047615033163105156 23
1627556650209 0.0004732439046413762 24
1627556650319 0.00047021479118923587 25
1627556650423 0.0004677175328178027 26
1627556650525 0.00046523764353103886 27
1627556650639 0.0004631880378790046 28
1627556650740 0.0004613981753120642 29
1627556650844 0.00045971223643264124 30
1627556650970 0.0004579012149916194 31
1627556651069 0.0004563355437144403 32
1627556651181 0.0004543284327611357 33
1627556651276 0.00045305309731965367 34
1627556651371 0.00045087769142094884 35
1627556651480 0.00044903765064730893 36
1627556651579 0.0004476494624096198 37
1627556651683 0.00044655177434196615 38
1627556651783 0.0004446725678116206 39
1627556651882 0.00044354119289399563 40
1627556651981 0.00044181180163117574 41
1627556652084 0.0004401971831248201 42
1627556652186 0.0004392349825101487 43
1627556652292 0.000437642774799589 44
1627556652388 0.0004369454634085921 45
1627556652496 0.00043487431236079616 46
1627556652594 0.0004334989389749377 47
1627556652693 0.0004327272988242699 48
1627556652800 0.00043153845371560185 49
1627556652941 0.0004300360054667032 50
1627556653064 0.00042926655522444154 51
1627556653193 0.00042859544703390895 52
1627556653309 0.00042706116510462063 53
1627556653428 0.0004256299286305585 54
1627556653535 0.00042417105675351686 55
1627556653651 0.00042347811772260106 56
1627556653763 0.0004224417374112224 57
1627556653867 0.0004218452413952698 58
1627556653959 0.0004210915220891019 59
1627556654058 0.0004198803979952403 60
1627556654153 0.0004192252964437119 61
1627556654241 0.0004186798372132578 62
1627556654348 0.00041758458816292595 63
1627556654439 0.0004163756448815973 64
1627556654561 0.00041506710396614947 65
1627556654680 0.0004144992630590182 66
1627556654795 0.0004136657367718074 67
1627556654893 0.0004130935374804812 68
1627556654989 0.00041261618192699043 69
1627556655089 0.00041207301596733005 70
1627556655180 0.00041149824203235677 71
1627556655291 0.0004105847859167813 72
1627556655386 0.0004097364507182866 73
1627556655469 0.00040924766030447544 74
1627556655565 0.0004087859209254872 75
1627556655661 0.000407729868521673 76
1627556655747 0.0004071978392108592 77
1627556655841 0.00040658478540522283 78
1627556655934 0.00040614884057232545 79
1627556656021 0.00040558817479215413 80
1627556656129 0.00040447781264226916 81
1627556656228 0.00040401526056618893 82
1627556656328 0.0004032875923088617 83
1627556656432 0.00040286233914961516 84
1627556656520 0.0004023673767139792 85
1627556656601 0.0004018938532448086 86
1627556656714 0.0004009447879718125 87
1627556656808 0.0004004045015040846 88
1627556656903 0.0003999005665019557 89
1627556656979 0.00039946420381302113 90
1627556657057 0.0003990861644062102 91
1627556657167 0.00039839648063738625 92
1627556657247 0.0003979695934206615 93
1627556657351 0.00039729148516310384 94
1627556657435 0.000396894826451097 95
1627556657539 0.0003960406845402382 96
1627556657628 0.0003956483326887451 97
1627556657746 0.0003952088005377067 98
1627556657872 0.00039481624588682456 99
1627556657984 0.00039400466447987357 100
1627556658074 0.000393475961550485 101
1627556658168 0.00039292828309836215 102
1627556658248 0.00039254067732233134 103
1627556658333 0.0003920814910609665 104
1627556658411 0.0003916952777566727 105
1627556658502 0.00039130087290070877 106
1627556658588 0.0003908153231104809 107
1627556658686 0.00039036444373274774 108
1627556658775 0.0003899658144260347 109
1627556658864 0.00038959911701952246 110
1627556658938 0.0003892448208593271 111
1627556659026 0.00038865823060384185 112
1627556659085 0.0003883145456161442 113
1627556659185 0.0003879316418404921 114
1627556659294 0.00038752065915345163 115
1627556659375 0.00038717061831872033 116
1627556659466 0.000386860290840513 117
1627556659548 0.0003865272639134391 118
1627556659638 0.0003859548779811518 119
1627556659708 0.00038566508130573676 120
1627556659787 0.00038531703806285217 121
1627556659874 0.000384967145345421 122
1627556659953 0.0003846482510902805 123
1627556660044 0.00038413650217205343 124
1627556660122 0.00038382322496229075 125
1627556660223 0.0003832022172428001 126
1627556660299 0.00038284577571210467 127
1627556660371 0.0003825256010491489 128
1627556660447 0.00038219425876839336 129
1627556660524 0.0003818991115909575 130
1627556660608 0.0003815966301982607 131
1627556660691 0.0003812793997936281 132
1627556660767 0.00038097559631145397 133
1627556660853 0.00038068869181882403 134
1627556660925 0.00038037438098478804 135
1627556661026 0.0003797970903691287 136
1627556661130 0.0003792443298715122 137
1627556661209 0.00037891818599236464 138
1627556661317 0.0003783416365619518 139
1627556661404 0.00037799711868267104 140
1627556661486 0.00037770518008312 141
1627556661555 0.00037741943413695044 142
1627556661664 0.0003769279240953494 143
1627556661754 0.0003766048509292739 144
1627556661835 0.0003762820260359861 145
1627556661923 0.0003759960048843921 146
1627556661997 0.0003757003842777621 147
1627556662085 0.00037537940614654674 148
1627556662149 0.0003751273037600695 149
1627556662286 0.0003747999395224645 150
1627556662350 0.0003745438521648986 151
1627556662482 0.0003742391243150577 152
1627556662580 0.0003739657178915938 153
1627556662653 0.00037367754708095865 154
1627556662730 0.00037340905631164854 155
1627556662835 0.0003728606019666753 156
1627556662908 0.0003725986750471463 157
1627556662983 0.0003723511708326894 158
1627556663061 0.00037206439852135797 159
1627556663157 0.0003715301322908223 160
1627556663213 0.000371283662529763 161
1627556663285 0.00037098256822472406 162
1627556663381 0.00037056655881735753 163
1627556663472 0.0003701094786925066 164
1627556663534 0.0003698351108821912 165
1627556663622 0.0003694285650601621 166
1627556663704 0.00036918219391870755 167
1627556663776 0.0003689062743317443 168
1627556663849 0.0003686237221787174 169
1627556663910 0.00036838477942711316 170
1627556663980 0.0003681105126386429 171
1627556664068 0.00036782899079773265 172
1627556664137 0.00036758802430081024 173
1627556664221 0.0003673154445565108 174
1627556664291 0.00036705317109816135 175
1627556664366 0.00036679663965456333 176
1627556664446 0.0003665121308105545 177
1627556664537 0.0003661003138010479 178
1627556664614 0.0003658353150918356 179
1627556664693 0.0003655737928923849 180
1627556664755 0.00036531563969973747 181
1627556664828 0.0003650359919393371 182
1627556664909 0.00036474166308660605 183
1627556664981 0.0003644889330336552 184
1627556665066 0.00036423687158375763 185
1627556665122 0.00036399056266090215 186
1627556665189 0.00036373655690548427 187
1627556665252 0.000363522201785286 188
1627556665331 0.0003632658882366916 189
1627556665392 0.00036302098330619307 190
1627556665448 0.00036281749971976457 191
1627556665507 0.0003625680893497581 192
1627556665575 0.00036233614248781744 193
1627556665651 0.0003620761991974994 194
1627556665720 0.00036183612082106554 195
1627556665804 0.0003615903172537577 196
1627556665885 0.0003613733484368236 197
1627556665966 0.0003611399604034805 198
1627556666029 0.0003609474320962393 199
1627556666105 0.00036074844225906095 200
1627556666182 0.00036052554671934964 201
1627556666258 0.00036027419838974924 202
1627556666330 0.0003600538462131874 203
1627556666395 0.00035985234606992063 204
1627556666471 0.0003596146497245107 205
1627556666552 0.00035940492661871575 206
1627556666629 0.000359159353661685 207
1627556666694 0.00035893320481400514 208
1627556666754 0.0003586955121208291 209
1627556666828 0.00035846982448158087 210
1627556666923 0.00035809707910944635 211
1627556666988 0.00035790251929910936 212
1627556667047 0.00035767762525166727 213
1627556667127 0.00035746351961509653 214
1627556667195 0.0003572570626759131 215
1627556667278 0.0003569605697662035 216
1627556667337 0.0003567806621676649 217
1627556667394 0.00035655336291098724 218
1627556667462 0.0003563195821754755 219
1627556667530 0.00035613302672037603 220
1627556667605 0.00035587997214648145 221
1627556667685 0.0003556357514815978 222
1627556667747 0.0003554334216148711 223
1627556667833 0.0003552446778875636 224
1627556667903 0.00035502468230533415 225
1627556668002 0.000354667936884411 226
1627556668071 0.00035446469763073424 227
1627556668149 0.00035423346197503756 228
1627556668262 0.00035395652782155404 229
1627556668329 0.00035373625767456826 230
1627556668383 0.0003535068438611281 231
1627556668454 0.00035331824969799035 232
1627556668533 0.0003531048713402414 233
1627556668599 0.0003529398010241709 234
1627556668681 0.00035270056491295784 235
1627556668736 0.00035252896007065233 236
1627556668812 0.00035224525389422823 237
1627556668911 0.000351836625590936 238
1627556668979 0.0003516096757796453 239
1627556669034 0.00035144299826972306 240
1627556669096 0.00035125245287655335 241
1627556669156 0.000351087347468488 242
1627556669233 0.00035088828994045385 243
1627556669315 0.00035062122309715893 244
1627556669378 0.0003504364446579421 245
1627556669465 0.00035012777015863347 246
1627556669535 0.0003499072921163298 247
1627556669621 0.0003496276726633794 248
1627556669699 0.0003494085698135543 249
1627556669774 0.0003492310065468078 250
1627556669827 0.0003490651172019826 251
1627556669890 0.00034889316195546545 252
1627556669955 0.0003487146190016161 253
1627556670055 0.00034833600916230224 254
1627556670121 0.0003481420309336921 255
1627556670192 0.0003479384890131578 256
1627556670273 0.0003476358930199468 257
1627556670349 0.00034747497527713744 258
1627556670410 0.00034731584059509495 259
1627556670474 0.00034711181934908515 260
1627556670570 0.00034692584806969806 261
1627556670644 0.00034672781261334046 262
1627556670716 0.00034651965621640727 263
1627556670803 0.00034631197051239395 264
1627556670878 0.00034611502701754795 265
1627556670969 0.0003457982965835631 266
1627556671029 0.00034560294148062103 267
1627556671092 0.0003454201918794993 268
1627556671164 0.00034521039813119027 269
1627556671251 0.000345005386438993 270
1627556671335 0.00034473933597233903 271
1627556671406 0.00034455092381455464 272
1627556671479 0.00034435683714533665 273
1627556671575 0.0003439953525858753 274
1627556671629 0.00034384415161817656 275
1627556671688 0.0003436834340691762 276
1627556671771 0.0003434111301379758 277
1627556671862 0.0003431879469434737 278
1627556671958 0.00034300393326078206 279
1627556672032 0.00034282533068276426 280
1627556672110 0.00034264230932344575 281
1627556672179 0.00034247374147851003 282
1627556672245 0.0003422662874562892 283
1627556672316 0.00034206224591499195 284
1627556672374 0.00034188477391325437 285
1627556672450 0.00034165039278265653 286
1627556672503 0.0003415013730394592 287
1627556672581 0.00034132194694017065 288
1627556672643 0.00034113848528474603 289
1627556672707 0.00034095010768606516 290
1627556672790 0.0003407402872134814 291
1627556672866 0.0003405715385343344 292
1627556672932 0.0003403914309949634 293
1627556672997 0.00034023354684193253 294
1627556673067 0.0003400466422709243 295
1627556673142 0.0003398550679070518 296
1627556673199 0.00033968445644013193 297
1627556673273 0.0003394906845399298 298
1627556673332 0.00033933734064579385 299
1627556673409 0.00033915793968201675 300
1627556673479 0.00033894203979399233 301
1627556673548 0.0003387937930036109 302
1627556673623 0.00033861024416658066 303
1627556673692 0.0003384268346922435 304
1627556673770 0.0003382360236251249 305
1627556673846 0.000338094756696484 306
1627556673908 0.0003379360895508091 307
1627556673985 0.00033778101117461234 308
1627556674042 0.00033763925570505775 309
1627556674123 0.0003374105933143294 310
1627556674174 0.0003372695439775566 311
1627556674234 0.00033711123323791365 312
1627556674290 0.0003369658392825896 313
1627556674363 0.0003367727211862164 314
1627556674418 0.0003366027582368203 315
1627556674471 0.0003364238691202292 316
1627556674524 0.0003362584236366896 317
1627556674578 0.00033613183760893673 318
1627556674654 0.00033589248488456145 319
1627556674714 0.0003357086943715029 320
1627556674785 0.0003355489158649868 321
1627556674860 0.00033536557401427666 322
1627556674923 0.0003351989041497733 323
1627556674996 0.0003350435013916763 324
1627556675063 0.0003348958889449808 325
1627556675140 0.00033467380794372734 326
1627556675209 0.00033449974712534725 327
1627556675281 0.0003343456505543096 328
1627556675343 0.00033419447631223657 329
1627556675416 0.0003340296069724889 330
1627556675494 0.0003338601674741741 331
1627556675558 0.00033370021265013506 332
1627556675610 0.00033356384409407154 333
1627556675684 0.000333364543408189 334
1627556675743 0.00033321574500862184 335
1627556675809 0.0003330270546380583 336
1627556675878 0.0003328654596520277 337
1627556675942 0.0003327088685137033 338
1627556676001 0.0003325294455172311 339
1627556676065 0.00033239083363880014 340
1627556676140 0.0003322222925920698 341
1627556676209 0.0003320376362241767 342
1627556676261 0.00033188949516837216 343
1627556676329 0.00033172560203578315 344
1627556676405 0.0003314911909589387 345
1627556676475 0.0003313048055341519 346
1627556676541 0.00033114296873200627 347
1627556676611 0.00033095514091528895 348
1627556676676 0.0003308102381843776 349
1627556676762 0.00033063335424549496 350
1627556676838 0.000330480562392544 351
1627556676901 0.0003303190620654869 352
1627556676957 0.000330182215467154 353
1627556677018 0.00033007039798589236 354
1627556677071 0.0003299516816802233 355
1627556677139 0.00032978806610148124 356
1627556677196 0.0003296480400573419 357
1627556677258 0.0003295319182624651 358
1627556677331 0.0003293572406460375 359
1627556677409 0.0003291999780555989 360
1627556677487 0.00032903481264616 361
1627556677558 0.0003288795628413346 362
1627556677626 0.00032870980950415045 363
1627556677689 0.000328535610084341 364
1627556677757 0.00032838997545109376 365
1627556677817 0.00032821753524854466 366
1627556677890 0.0003280672003659739 367
1627556677969 0.00032784810169077147 368
1627556678058 0.0003277256408515312 369
1627556678117 0.00032758096875130786 370
1627556678204 0.00032736524683605987 371
1627556678268 0.00032722284843150203 372
1627556678343 0.0003270710392823588 373
1627556678421 0.00032692576447744206 374
1627556678488 0.0003267791451212474 375
1627556678552 0.00032661665701937364 376
1627556678606 0.00032645484167894757 377
1627556678683 0.00032631177783403695 378
1627556678807 0.00032612318560714645 379
1627556678872 0.00032597385054043666 380
1627556679011 0.00032569313755696105 381
1627556679107 0.00032552417494784847 382
1627556679201 0.0003253618601138398 383
1627556679293 0.0003251855381417425 384
1627556679354 0.00032503872772409424 385
1627556679414 0.00032489152652473647 386
1627556679502 0.00032473969681867166 387
1627556679551 0.00032458089216686 388
1627556679612 0.00032443912839473195 389
1627556679687 0.0003243078978970921 390
1627556679749 0.0003241534406005723 391
1627556679839 0.0003239016568660846 392
1627556679900 0.0003237457075262959 393
1627556680021 0.00032354894375464247 394
1627556680071 0.000323405937416684 395
1627556680142 0.00032323220346345286 396
1627556680199 0.00032311514833463826 397
1627556680294 0.00032284627568028866 398
1627556680360 0.0003226813935528834 399
1627556680429 0.00032253180886549886 400
1627556680484 0.00032239792675092913 401
1627556680552 0.00032225204318896844 402
1627556680606 0.00032214488951588555 403
1627556680659 0.0003220123302897045 404
1627556680734 0.00032184317124164704 405
1627556680826 0.0003216720435893785 406
1627556680887 0.0003215392583957816 407
1627556680945 0.0003214382978950352 408
1627556681008 0.0003213275930017556 409
1627556681066 0.00032118440838478 410
1627556681133 0.0003210355710439073 411
1627556681209 0.00032085801570056957 412
1627556681271 0.00032070147993361884 413
1627556681334 0.0003205637778575637 414
1627556681402 0.00032040358611008167 415
1627556681467 0.00032023960340734465 416
1627556681524 0.0003201182140243667 417
1627556681580 0.0003200042835192737 418
1627556681640 0.00031985702872481674 419
1627556681701 0.00031971421411377014 420
1627556681763 0.00031958892113137136 421
1627556681841 0.0003194040464947364 422
1627556681905 0.00031927795801138634 423
1627556681979 0.0003190994740832756 424
1627556682044 0.0003189422789609205 425
1627556682121 0.0003188153867204212 426
1627556682194 0.0003186571820284312 427
1627556682257 0.00031850627414649986 428
1627556682314 0.0003183645044158441 429
1627556682381 0.0003182223044497056 430
1627556682443 0.00031807207957715387 431
1627556682501 0.0003179310179785434 432
1627556682606 0.00032552417494784847 433
1627556686922 0.0011003235410074375 0
1627556687071 0.0010154245253867584 1
1627556687263 0.0009403939204486662 2
1627556687394 0.0008743922123912515 3
1627556687552 0.0008163870035348314 4
1627556687686 0.0007659507442510228 5
1627556687813 0.0007219458208070371 6
1627556687940 0.0006842097519688137 7
1627556688072 0.0006513872519045377 8
1627556688202 0.0006234553237198342 9
1627556688330 0.0005992823300060273 10
1627556688462 0.0005787998675366009 11
1627556688580 0.0005612244381287924 12
1627556688701 0.0005462874348456985 13
1627556688817 0.0005333921883694465 14
1627556688943 0.0005226496021974553 15
1627556689061 0.0005134654453826823 16
1627556689191 0.0005058038009371963 17
1627556689321 0.0004990869741002368 18
1627556689433 0.0004931527670007613 19
1627556689541 0.0004881109026382967 20
1627556689645 0.0004837358275349107 21
1627556689759 0.00047997589100990046 22
1627556689874 0.00047637391607822574 23
1627556689995 0.00047347176245939195 24
1627556690099 0.00047060717815619433 25
1627556690201 0.00046814500045652425 26
1627556690305 0.00046588590995064384 27
1627556690406 0.00046369665378177805 28
1627556690509 0.0004615608977663433 29
1627556690605 0.0004595978114559293 30
1627556690710 0.0004580083714391245 31
1627556690815 0.0004562322862771102 32
1627556690916 0.00045446010843422434 33
1627556691014 0.0004530939545105001 34
1627556691131 0.00045094382039641593 35
1627556691229 0.0004491581961831709 36
1627556691345 0.0004474974899564573 37
1627556691454 0.00044652726569033237 38
1627556691559 0.000444986974488425 39
1627556691665 0.00044416258932869767 40
1627556691775 0.0004421378650705298 41
1627556691905 0.00044124092919938776 42
1627556692090 0.00043874115052726294 43
1627556692262 0.0004376498851022112 44
1627556692374 0.000436951855388237 45
1627556692545 0.00043497147943012286 46
1627556692690 0.00043423443214158367 47
1627556692790 0.0004335816426164899 48
1627556692893 0.0004327358627167422 49
1627556693006 0.0004312715779288546 50
1627556693102 0.00042992054381412684 51
1627556693193 0.0004290849192003894 52
1627556693300 0.0004273047384759003 53
1627556693414 0.0004262087205553734 54
1627556693512 0.00042550247826198136 55
1627556693627 0.00042399927210205073 56
1627556693718 0.00042332087107471424 57
1627556693848 0.0004225837060965002 58
1627556693946 0.0004218860653775337 59
1627556694055 0.00042076656245672555 60
1627556694152 0.00042018797763915397 61
1627556694262 0.00041938761286382486 62
1627556694377 0.0004183606936851937 63
1627556694464 0.0004175954306306509 64
1627556694557 0.000416780710233749 65
1627556694645 0.00041627358514948046 66
1627556694751 0.00041535240275526926 67
1627556694861 0.00041394869604913676 68
1627556694956 0.000413326646512188 69
1627556695039 0.00041277396882837545 70
1627556695121 0.0004122275343614577 71
1627556695248 0.00041168627153847744 72
1627556695411 0.00041052825116073854 73
1627556695509 0.0004100120978466827 74
1627556695610 0.0004094245629502262 75
1627556695717 0.00040889707667886744 76
1627556695830 0.0004077555324216368 77
1627556695931 0.00040729568110461423 78
1627556696025 0.0004067332204747392 79
1627556696142 0.0004062772659306547 80
1627556696252 0.00040557344660040846 81
1627556696378 0.0004047866252348995 82
1627556696481 0.0004040457979380701 83
1627556696569 0.0004035670149698941 84
1627556696674 0.00040257864658932836 85
1627556696760 0.00040210475549236867 86
1627556696842 0.00040166887093216877 87
1627556696930 0.0004010559662639961 88
1627556697018 0.0004005913131681482 89
1627556697099 0.00040015214431602774 90
1627556697184 0.0003997236067103087 91
1627556697305 0.00039903583950192306 92
1627556697433 0.0003982062558284187 93
1627556697523 0.0003977714498884418 94
1627556697629 0.0003972576132265349 95
1627556697754 0.0003968678392092034 96
1627556697836 0.0003965214182177344 97
1627556697958 0.0003956304692684401 98
1627556698049 0.00039525039463310347 99
1627556698139 0.0003948819925879144 100
1627556698239 0.0003942793230885602 101
1627556698327 0.0003939057329015721 102
1627556698405 0.00039347787883493857 103
1627556698491 0.000393116228157768 104
1627556698570 0.00039270142671468666 105
1627556698655 0.0003923521408941141 106
1627556698731 0.0003920125662556612 107
1627556698818 0.0003916402562600337 108
1627556698931 0.00039129515205833684 109
1627556699057 0.00039081136039693844 110
1627556699193 0.0003902942444830432 111
1627556699347 0.00038956202315570254 112
1627556699491 0.00038892651510295085 113
1627556699576 0.00038857091593930316 114
1627556699651 0.000388212920742621 115
1627556699733 0.00038787789570773684 116
1627556699810 0.0003875255808535596 117
1627556699898 0.00038708359376372865 118
1627556699974 0.0003867584308793411 119
1627556700065 0.0003864178038184434 120
1627556700143 0.0003860957017258129 121
1627556700230 0.0003857863265294024 122
1627556700320 0.00038534729880806046 123
1627556700417 0.00038462642846541733 124
1627556700493 0.00038430639442115286 125
1627556700588 0.0003836513768002697 126
1627556700660 0.0003833957164881002 127
1627556700759 0.00038279796857383484 128
1627556700841 0.0003824522264316926 129
1627556700928 0.0003820564258529755 130
1627556701015 0.00038176529227868016 131
1627556701165 0.0003810656912609687 132
1627556701270 0.0003807579523759244 133
1627556701361 0.00038045109510236193 134
1627556701431 0.0003801694733808043 135
1627556701512 0.000379824011432198 136
1627556701593 0.00037951424018902683 137
1627556701689 0.00037911359013397916 138
1627556701779 0.0003787184417506349 139
1627556701858 0.00037842419106209175 140
1627556701951 0.00037792335375340337 141
1627556702030 0.00037761691129896787 142
1627556702107 0.0003773049730935341 143
1627556702190 0.0003769939951866964 144
1627556702286 0.00037664423796641153 145
1627556702367 0.0003763404971485517 146
1627556702463 0.00037606691894785275 147
1627556702546 0.00037579469351508985 148
1627556702611 0.0003755394047419138 149
1627556702674 0.0003752354957074795 150
1627556702730 0.00037500947464995464 151
1627556702818 0.00037472245904447986 152
1627556702894 0.00037439000589622686 153
1627556702981 0.00037395761732039094 154
1627556703073 0.00037365171197697837 155
1627556703172 0.00037329821409041623 156
1627556703256 0.00037302041858020923 157
1627556703322 0.0003727509437253175 158
1627556703419 0.00037233824948010145 159
1627556703503 0.0003720434415556276 160
1627556703593 0.00037177391028757366 161
1627556703676 0.0003714672176023606 162
1627556703768 0.0003710045561772548 163
1627556703846 0.0003707480074034185 164
1627556703951 0.00037027055712203456 165
1627556704018 0.0003699971329206281 166
1627556704102 0.00036963282574054305 167
1627556704189 0.00036929383477522163 168
1627556704258 0.0003690494739862775 169
1627556704346 0.0003687608676820962 170
1627556704424 0.0003684717760630768 171
1627556704502 0.00036820765004384737 172
1627556704576 0.00036796896062854436 173
1627556704638 0.00036774817837308794 174
1627556704696 0.00036752027831281174 175
1627556704795 0.0003670014171849751 176
1627556704879 0.00036674633424375576 177
1627556704941 0.00036650139746420817 178
1627556705021 0.0003662482374474156 179
1627556705106 0.00036590173739703706 180
1627556705173 0.00036564531976116747 181
1627556705246 0.0003653655223557451 182
1627556705319 0.0003651293675851577 183
1627556705410 0.00036476314219478507 184
1627556705499 0.00036451176692235 185
1627556705572 0.0003642695271098056 186
1627556705631 0.00036402406649281896 187
1627556705700 0.0003637627787499104 188
1627556705783 0.0003633972737286807 189
1627556705848 0.00036314040268197383 190
1627556705910 0.0003629098810332442 191
1627556705973 0.000362672668144638 192
1627556706044 0.0003624472171727374 193
1627556706117 0.00036219650427988647 194
1627556706197 0.00036197892517082943 195
1627556706298 0.0003617275267273136 196
1627556706388 0.00036151312301714047 197
1627556706464 0.0003612784784271159 198
1627556706529 0.00036103733683013104 199
1627556706607 0.0003608086762302204 200
1627556706699 0.00036046869125027606 201
1627556706773 0.0003602263820704356 202
1627556706842 0.0003599533913990989 203
1627556706905 0.0003597641736478201 204
1627556706982 0.00035955942903041435 205
1627556707071 0.0003593235738533197 206
1627556707154 0.00035899681945231025 207
1627556707218 0.00035876933103078465 208
1627556707277 0.0003585694611330468 209
1627556707357 0.0003583550858946865 210
1627556707427 0.00035815618868595135 211
1627556707517 0.0003579047248878844 212
1627556707582 0.00035771140284593367 213
1627556707647 0.00035750969762635143 214
1627556707745 0.00035706347984721396 215
1627556707814 0.00035686357722629033 216
1627556707881 0.00035664865747657144 217
1627556707951 0.00035640902271065613 218
1627556708012 0.0003561767421558002 219
1627556708101 0.0003558864921701246 220
1627556708188 0.0003556668421511172 221
1627556708258 0.0003554432666608123 222
1627556708328 0.0003552419056126533 223
1627556708390 0.000355046188245781 224
1627556708470 0.0003548588628391608 225
1627556708557 0.0003546514196274668 226
1627556708629 0.00035441355357569666 227
1627556708698 0.0003541919374938797 228
1627556708828 0.00035383581217990085 229
1627556708887 0.000353651426981073 230
1627556708955 0.00035343472783132577 231
1627556709110 0.0003530428504353896 232
1627556709185 0.0003528642639145929 233
1627556709257 0.0003526681822750787 234
1627556709322 0.0003524723666934388 235
1627556709390 0.00035229244790252695 236
1627556709471 0.0003520197973667416 237
1627556709553 0.000351747143112133 238
1627556709624 0.00035151321053658146 239
1627556709690 0.0003513298796281094 240
1627556709753 0.0003511106520177008 241
1627556709830 0.000350912702685459 242
1627556709922 0.0003505604089820593 243
1627556710007 0.00035034708722459277 244
1627556710078 0.0003501588369320898 245
1627556710189 0.00034988090163864705 246
1627556710266 0.00034967900710952443 247
1627556710380 0.00034949698202618165 248
1627556710446 0.0003493143367086806 249
1627556710530 0.0003490780199640577 250
1627556710636 0.0003488154910879784 251
1627556710726 0.0003486231007162562 252
1627556710812 0.00034840926741062873 253
1627556710914 0.0003482528266409683 254
1627556710984 0.00034807867501792603 255
1627556711045 0.00034788236406105755 256
1627556711128 0.00034769444294097563 257
1627556711218 0.00034751280009823264 258
1627556711282 0.0003473306296317551 259
1627556711355 0.00034707209726143466 260
1627556711431 0.0003468575379345886 261
1627556711504 0.0003466395508415129 262
1627556711581 0.00034643241345859606 263
1627556711641 0.000346269268479809 264
1627556711734 0.00034592840649716206 265
1627556711798 0.0003457312153556517 266
1627556711855 0.00034552640701335566 267
1627556711939 0.00034532027158612515 268
1627556712039 0.00034504482936260634 269
1627556712112 0.0003448601933430719 270
1627556712173 0.0003446984584480806 271
1627556712241 0.00034452784001727846 272
1627556712297 0.00034435720740050844 273
1627556712439 0.0003440629796649391 274
1627556712518 0.00034386349631364884 275
1627556712596 0.00034361005847889035 276
1627556712669 0.00034338755296658995 277
1627556712732 0.00034319166814400807 278
1627556712804 0.0003429951206032137 279
1627556712869 0.00034279405485031385 280
1627556712941 0.00034261039745205594 281
1627556713022 0.0003424266121407485 282
1627556713090 0.00034222719015076716 283
1627556713153 0.0003420470984845843 284
1627556713218 0.00034187746709389365 285
1627556713306 0.00034162716746949617 286
1627556713398 0.00034143961670403075 287
1627556713495 0.00034117854365791684 288
1627556713552 0.00034101670276197055 289
1627556713605 0.0003408620774469571 290
1627556713675 0.00034065067919720386 291
1627556713742 0.0003404745651369436 292
1627556713802 0.00034030618877406535 293
1627556713912 0.0003400593667419009 294
1627556714010 0.0003398245098822197 295
1627556714068 0.0003396295173352809 296
1627556714125 0.0003394505835245504 297
1627556714189 0.0003392901770857964 298
1627556714264 0.0003391125038538796 299
1627556714343 0.00033891372645600195 300
1627556714402 0.00033874886969311683 301
1627556714470 0.0003385609455336565 302
1627556714529 0.000338414376480537 303
1627556714601 0.00033821106989590486 304
1627556714670 0.0003380415824824588 305
1627556714738 0.00033785943301022553 306
1627556714797 0.0003377108634236929 307
1627556714861 0.0003375321508305047 308
1627556714950 0.0003372227185903637 309
1627556715006 0.0003370422870718693 310
1627556715068 0.00033688570670623475 311
1627556715128 0.000336707791146749 312
1627556715199 0.00033654808750858874 313
1627556715269 0.00033637545622326384 314
1627556715343 0.0003361897643823425 315
1627556715426 0.0003360199281564026 316
1627556715547 0.0003358284609297044 317
1627556715626 0.0003356408423606443 318
1627556715717 0.0003354514266375366 319
1627556715823 0.0003352601288690669 320
1627556715889 0.00033508098417731015 321
1627556715940 0.0003349350674742917 322
1627556715991 0.000334813637440861 323
1627556716052 0.0003346261924603959 324
1627556716134 0.0003344804293547577 325
1627556716203 0.00033429366195471857 326
1627556716269 0.0003341497639038871 327
1627556716323 0.00033398556145151117 328
1627556716426 0.0003337574490692049 329
1627556716511 0.0003335880892138356 330
1627556716581 0.0003334129374931192 331
1627556716647 0.0003332224594080336 332
1627556716731 0.0003330596883868881 333
1627556716795 0.00033290637976804335 334
1627556716847 0.00033274724405783356 335
1627556716913 0.00033257293259981123 336
1627556716980 0.00033239223925885685 337
1627556717036 0.0003322329821402816 338
1627556717113 0.00033203336264930243 339
1627556717176 0.000331870121406568 340
1627556717253 0.0003317151478092095 341
1627556717322 0.00033156024622439114 342
1627556717383 0.00033140181850910207 343
1627556717448 0.00033124286179876325 344
1627556717512 0.00033108353542909985 345
1627556717577 0.00033093003901117255 346
1627556717653 0.00033075376987317203 347
1627556717716 0.00033060432064454783 348
1627556717813 0.0003304106743556124 349
1627556717892 0.0003302892817652716 350
1627556717964 0.0003301402293352193 351
1627556718032 0.0003299839214782633 352
1627556718111 0.0003298171496136273 353
1627556718194 0.00032963952235723766 354
1627556718257 0.00032950970544144237 355
1627556718329 0.0003293473286896938 356
1627556718395 0.00032918372099267933 357
1627556718446 0.00032903878794966556 358
1627556718499 0.0003288956853578102 359
1627556718585 0.00032864401431175963 360
1627556718673 0.00032842766042956586 361
1627556718747 0.00032825285856143713 362
1627556718807 0.0003281136354816512 363
1627556718874 0.0003279667284049058 364
1627556718956 0.00032782270716903445 365
1627556719022 0.0003276492846818238 366
1627556719074 0.000327511240571618 367
1627556719178 0.00032733926115147176 368
1627556719242 0.0003271948600161926 369
1627556719300 0.00032706821815257887 370
1627556719356 0.00032694527324738146 371
1627556719425 0.0003267735975939219 372
1627556719491 0.0003266165503819365 373
1627556719567 0.00032648191984802636 374
1627556719643 0.00032635823079856077 375
1627556719731 0.0003262193774059492 376
1627556719784 0.0003260894830458884 377
1627556719858 0.0003259117432505828 378
1627556719921 0.0003257942649704748 379
1627556720018 0.0003255066903328792 380
1627556720093 0.0003253470093358569 381
1627556720154 0.0003251912494241205 382
1627556720213 0.00032504146695729253 383
1627556720304 0.0003248622722740841 384
1627556720369 0.00032472975587968843 385
1627556720443 0.0003245485411866717 386
1627556720515 0.00032440505707484463 387
1627556720566 0.00032425809034723025 388
1627556720645 0.00032409568034906413 389
1627556720728 0.00032398035484531754 390
1627556720834 0.0003238373181182416 391
1627556720935 0.0003236951246928438 392
1627556720990 0.00032354012937908414 393
1627556721079 0.0003233853079788463 394
1627556721167 0.00032323267668111025 395
1627556721226 0.0003230880323539357 396
1627556721321 0.00032280093269203606 397
1627556721412 0.00032264634785113516 398
1627556721474 0.0003225134081307917 399
1627556721533 0.00032236496720831567 400
1627556721600 0.00032219340785202556 401
1627556721659 0.0003220391546114342 402
1627556721721 0.0003218817618588394 403
1627556721796 0.0003216712719032795 404
1627556721862 0.00032151412425078307 405
1627556721930 0.0003213282139244888 406
1627556721988 0.0003211603449296586 407
1627556722109 0.0003208951619176681 408
1627556722192 0.00032075766660857885 409
1627556722285 0.0003206266662611124 410
1627556722371 0.00032048906982650116 411
1627556722446 0.0003203315042425428 412
1627556722505 0.0003201717648715992 413
1627556722580 0.0003199855943135012 414
1627556722639 0.0003198543459091276 415
1627556722704 0.00031970078964571445 416
1627556722769 0.00031956344026575785 417
1627556722826 0.00031943240988245044 418
1627556722914 0.00031924219518558126 419
1627556722974 0.0003191022661696639 420
1627556723031 0.0003189935610663406 421
1627556723120 0.0003188387397037936 422
1627556723191 0.00031868940073684744 423
1627556723245 0.0003185521548836973 424
1627556723316 0.000318432098458978 425
1627556723373 0.00031829197220022463 426
1627556723437 0.0003181531354931883 427
1627556723510 0.0003179829580517636 428
1627556723582 0.00031784410528018633 429
1627556723641 0.0003177185662653042 430
1627556723702 0.0003175540264529784 431
1627556723791 0.00031737050249564837 432
1627556723851 0.0003172330239849098 433
1627556723907 0.00031709166039053775 434
1627556723981 0.0003168976466800343 435
1627556724038 0.00031678313588914256 436
1627556724100 0.0003166375735113035 437
1627556724155 0.0003164969088938933 438
1627556724216 0.00031636009588586464 439
1627556724271 0.0003162324748095521 440
1627556724329 0.0003161148142962368 441
1627556724389 0.00031598235298260254 442
1627556724450 0.0003158338882883294 443
1627556724507 0.00031571119774728766 444
1627556724560 0.00031557208048145675 445
1627556724618 0.000315435438426029 446
1627556724692 0.00031530840604045504 447
1627556724752 0.00031515067836463464 448
1627556724810 0.0003150116380289247 449
1627556724882 0.00031489525631868637 450
1627556724936 0.000314794539714095 451
1627556725003 0.0003146566139060931 452
1627556725054 0.0003145461083470903 453
1627556725118 0.0003144312537747768 454
1627556725181 0.00031432074497025816 455
1627556725241 0.0003141779334356498 456
1627556725334 0.0003140332774744045 457
1627556725413 0.00031385855266770834 458
1627556725472 0.000313748881246817 459
1627556725538 0.0003136081906597313 460
1627556725600 0.00031347958827730157 461
1627556725695 0.000313350431455348 462
1627556725785 0.0003131906335905464 463
1627556725880 0.00031303583238290753 464
1627556725950 0.00031285800587583373 465
1627556726019 0.0003127431677896605 466
1627556726093 0.0003126300646590128 467
1627556726154 0.0003124921959985384 468
1627556726219 0.00031233660334304027 469
1627556726272 0.00031219476919582147 470
1627556726339 0.00031204995987739394 471
1627556726393 0.0003119245641220027 472
1627556726506 0.0003188387397037936 473
