1627556527210 0.5090369011199067 0
1627556527359 0.469731586092969 1
1627556527487 0.434957781011424 2
1627556527662 0.4044186372585342 3
1627556527811 0.377539906867124 4
1627556527943 0.35419961343551554 5
1627556528071 0.3337933344737633 6
1627556528198 0.3163579756587983 7
1627556528329 0.3012068016692657 8
1627556528450 0.28823280055527034 9
1627556528573 0.27703852244963195 10
1627556528702 0.26757346013395994 11
1627556528843 0.2593955023017899 12
1627556529008 0.25246123488287037 13
1627556529134 0.24646113501369082 14
1627556529285 0.24152885676972072 15
1627556529402 0.23722654049666805 16
1627556529568 0.23367468648431372 17
1627556529722 0.23058837023596165 18
1627556529870 0.22786667961304174 19
1627556530012 0.22551287615909574 20
1627556530122 0.22351554009038874 21
1627556530247 0.22182661938035492 22
1627556530345 0.22014882786039597 23
1627556530450 0.2187186976348468 24
1627556530554 0.2175435923427012 25
1627556530691 0.21642222092683516 26
1627556530791 0.21534985445446886 27
1627556530936 0.21428654302192213 28
1627556531046 0.21351991784718155 29
1627556531179 0.21276880941287682 30
1627556531290 0.2118057163598915 31
1627556531395 0.21118403900589602 32
1627556531523 0.21044101511502164 33
1627556531658 0.20977477520986199 34
1627556531792 0.20890709049566775 35
1627556531940 0.2080214602588536 36
1627556532087 0.2070893005232076 37
1627556532189 0.20650498799027192 38
1627556532288 0.205640015674863 39
1627556532386 0.20504705478214819 40
1627556532473 0.20432352740644863 41
1627556532575 0.20350563764307408 42
1627556532686 0.2030403139748321 43
1627556532828 0.20257447135215773 44
1627556532918 0.20225170883938434 45
1627556533036 0.20138019454086564 46
1627556533145 0.20039805843251052 47
1627556533250 0.20006776883363303 48
1627556533373 0.19967510907135094 49
1627556533513 0.1989761951095388 50
1627556533649 0.1985782141782746 51
1627556533751 0.19792998500583484 52
1627556533853 0.1972248679021619 53
1627556533953 0.19669451241542096 54
1627556534043 0.1963952755893599 55
1627556534160 0.19562351339676107 56
1627556534240 0.195318534101152 57
1627556534336 0.1950326907965147 58
1627556534427 0.1945760184343669 59
1627556534515 0.1942883006275035 60
1627556534628 0.1939066193763475 61
1627556534734 0.19348749590419942 62
1627556534825 0.19321739004161387 63
1627556534920 0.19294960305272693 64
1627556535021 0.1922730189814527 65
1627556535119 0.19198900198453195 66
1627556535247 0.19156917406657162 67
1627556535338 0.19132510499220115 68
1627556535463 0.1910819623966005 69
1627556535609 0.19081660678978987 70
1627556535770 0.19030537707041223 71
1627556535903 0.1900140145393298 72
1627556536009 0.18951124774048844 73
1627556536137 0.189250163796779 74
1627556536245 0.1889678191432958 75
1627556536343 0.18868145770669234 76
1627556536426 0.18846293785479676 77
1627556536511 0.18826738592611228 78
1627556536606 0.18793487088455912 79
1627556536704 0.18741475497745663 80
1627556536799 0.18717183707868676 81
1627556536902 0.1869552001504476 82
1627556536996 0.1866101751827832 83
1627556537091 0.18637224118780407 84
1627556537196 0.18607671580851853 85
1627556537290 0.18578904051032913 86
1627556537376 0.18558293859907674 87
1627556537457 0.18540542104470326 88
1627556537545 0.18520559381294344 89
1627556537677 0.18484554447267879 90
1627556537776 0.18464977950315556 91
1627556537867 0.18438730560051536 92
1627556537957 0.18404165332747038 93
1627556538035 0.183852293838156 94
1627556538126 0.18365027329131806 95
1627556538220 0.1834463192087485 96
1627556538315 0.18311312518938905 97
1627556538391 0.18294057081286885 98
1627556538479 0.18275562532009204 99
1627556538569 0.1825712175970775 100
1627556538673 0.18215281598643696 101
1627556538780 0.18169076889938734 102
1627556538864 0.1815089773925897 103
1627556538956 0.18133363102314973 104
1627556539033 0.18116103573317008 105
1627556539134 0.18097706359688429 106
1627556539264 0.18072095047840078 107
1627556539373 0.18054331320162273 108
1627556539505 0.18022114498723724 109
1627556539593 0.18005791776331379 110
1627556539672 0.1798826764234314 111
1627556539772 0.17972143545185743 112
1627556539881 0.17955019837867248 113
1627556539976 0.1793962103049844 114
1627556540067 0.17920408836096638 115
1627556540186 0.17904036651830604 116
1627556540277 0.17888136815358624 117
1627556540389 0.1786591441303578 118
1627556540468 0.17849427615704716 119
1627556540575 0.178342217254947 120
1627556540684 0.17803575897861895 121
1627556540766 0.17780337660322285 122
1627556540852 0.17765146518348357 123
1627556540931 0.17750254499333154 124
1627556541015 0.17735185506344445 125
1627556541107 0.17716841388516086 126
1627556541211 0.17692371144168564 127
1627556541308 0.17664688286568125 128
1627556541409 0.1765058609550724 129
1627556541512 0.17629997999850125 130
1627556541595 0.17617352986074647 131
1627556541719 0.17603027650327935 132
1627556541830 0.17585302760928778 133
1627556541929 0.17572933817233657 134
1627556542044 0.17557028214799264 135
1627556542152 0.17542229566373138 136
1627556542227 0.17526898561750628 137
1627556542318 0.1751161669150379 138
1627556542380 0.17497709885194535 139
1627556542457 0.17481574527211793 140
1627556542567 0.17451085149675402 141
1627556542633 0.1743880209417161 142
1627556542707 0.1742527162585863 143
1627556542795 0.17411091577874874 144
1627556542881 0.17396481712672163 145
1627556542953 0.17381614508891133 146
1627556543022 0.17368453057390962 147
1627556543103 0.17353260909770812 148
1627556543194 0.17336266103609493 149
1627556543298 0.17316034681679301 150
1627556543361 0.17304372880489563 151
1627556543434 0.17292115089716428 152
1627556543538 0.17278367441989098 153
1627556543681 0.17258001246421936 154
1627556543760 0.17246009782204083 155
1627556543833 0.17232326587514465 156
1627556543936 0.1720864955565158 157
1627556544009 0.17196044049498363 158
1627556544081 0.171842005873952 159
1627556544170 0.17170199892233207 160
1627556544247 0.1715839295681601 161
1627556544321 0.1714523290768801 162
1627556544405 0.17134355832024512 163
1627556544469 0.17120707473651348 164
1627556544527 0.1710928966396867 165
1627556544598 0.17096359753410237 166
1627556544674 0.17083837306094082 167
1627556544767 0.17064563954657783 168
1627556544832 0.1705221506956681 169
1627556544913 0.17038450405639669 170
1627556545009 0.17026249988418815 171
1627556545117 0.1700623530924673 172
1627556545189 0.16994637659277864 173
1627556545275 0.16982582013367847 174
1627556545361 0.1696938304020945 175
1627556545437 0.16956676474499824 176
1627556545537 0.16932784266729267 177
1627556545607 0.16919486524114702 178
1627556545665 0.16908432154970476 179
1627556545726 0.16896796999044558 180
1627556545781 0.16887064467302967 181
1627556545851 0.16876372892941893 182
1627556545952 0.16864885589950337 183
1627556546051 0.168549704617373 184
1627556546138 0.16845822836137295 185
1627556546207 0.1683513739637611 186
1627556546288 0.16822349759240735 187
1627556546401 0.16807693211682453 188
1627556546459 0.16797919797538968 189
1627556546518 0.1678881775713751 190
1627556546608 0.16768695603769201 191
1627556546690 0.16757112312508615 192
1627556546756 0.16746316626591895 193
1627556546831 0.16734507333404477 194
1627556546935 0.1671319266542232 195
1627556547009 0.16703645574109433 196
1627556547114 0.166833106731728 197
1627556547199 0.1667280556949074 198
1627556547299 0.16658780207861704 199
1627556547401 0.16647297108714537 200
1627556547479 0.16635195316744147 201
1627556547569 0.1662499101238962 202
1627556547633 0.16614109699054064 203
1627556547709 0.166045077905739 204
1627556547819 0.16589262081703318 205
1627556547876 0.16581139408365317 206
1627556547941 0.16571021393990928 207
1627556548009 0.16560787699196702 208
1627556548088 0.16549094958150373 209
1627556548159 0.16538065749484357 210
1627556548226 0.16524992588829424 211
1627556548310 0.16513278666117856 212
1627556548366 0.16504794016427077 213
1627556548441 0.16494133392670612 214
1627556548525 0.16483957712501215 215
1627556548604 0.16470574008868671 216
1627556548700 0.16456465452914792 217
1627556548777 0.1644654978940024 218
1627556548914 0.16430874837790313 219
1627556548997 0.16416317260962202 220
1627556549047 0.16408551079304148 221
1627556549121 0.1639757218881357 222
1627556549173 0.16390064380583974 223
1627556549232 0.16380617901113706 224
1627556549303 0.1637063369144284 225
1627556549371 0.1636144193809568 226
1627556549434 0.1635187469472373 227
1627556549509 0.16341409153119243 228
1627556549583 0.16331333144580143 229
1627556549643 0.16321658072615694 230
1627556549720 0.16310173095223746 231
1627556549803 0.163001615933411 232
1627556549858 0.16291347278264603 233
1627556549925 0.162820858763832 234
1627556549995 0.16272251245001487 235
1627556550065 0.16263546346706775 236
1627556550147 0.16252402580460149 237
1627556550222 0.1624266891071907 238
1627556550281 0.1623219847652146 239
1627556550350 0.162224901293249 240
1627556550422 0.16212649782285787 241
1627556550483 0.16203022718874657 242
1627556550567 0.16193463569048222 243
1627556550669 0.16183256021994602 244
1627556550735 0.16175729023481442 245
1627556550795 0.16166170899950638 246
1627556550866 0.16157260715663116 247
1627556550967 0.16148022875994658 248
1627556551050 0.16138968661582168 249
1627556551142 0.1612870664539885 250
1627556551209 0.161175904229513 251
1627556551286 0.16109277616812626 252
1627556551373 0.16096385458770454 253
1627556551487 0.16087307863673483 254
1627556551573 0.16078245259497906 255
1627556551647 0.16070513004927284 256
1627556551736 0.16062488517384133 257
1627556551809 0.1605226993642456 258
1627556551917 0.16037636197052302 259
1627556551979 0.16027583760429348 260
1627556552049 0.1601760573925573 261
1627556552112 0.16009226556372422 262
1627556552195 0.159955323231658 263
1627556552252 0.1598753622886213 264
1627556552342 0.1597520531911189 265
1627556552416 0.15965378422653925 266
1627556552489 0.15956272999045937 267
1627556552555 0.1594666795786329 268
1627556552619 0.1593683226753362 269
1627556552683 0.15928809712704786 270
1627556552753 0.15920372792173798 271
1627556552817 0.15912832378798666 272
1627556552870 0.15904833098468193 273
1627556552930 0.1589757913934184 274
1627556553022 0.15883056038379642 275
1627556553117 0.15873668786113962 276
1627556553193 0.15865462970071728 277
1627556553245 0.15857022177451963 278
1627556553329 0.15850566880469832 279
1627556553415 0.1584309026648272 280
1627556553492 0.1583432730763501 281
1627556553592 0.15826247959573203 282
1627556553683 0.15817653967766634 283
1627556553772 0.1580939198347458 284
1627556553862 0.15797073507344397 285
1627556553933 0.15788709477441734 286
1627556553993 0.1578077485096673 287
1627556554050 0.15771991744439787 288
1627556554098 0.15765227614538477 289
1627556554152 0.15756414664502608 290
1627556554223 0.157494026762664 291
1627556554294 0.15741103930122632 292
1627556554364 0.1573249879218144 293
1627556554418 0.1572583882344399 294
1627556554478 0.1571830367875589 295
1627556554528 0.15711048365896652 296
1627556554582 0.1570314635795593 297
1627556554654 0.15694481247621025 298
1627556554755 0.1568676457216336 299
1627556554867 0.15678799779582153 300
1627556554949 0.1566982208128919 301
1627556555011 0.15661609328772355 302
1627556555080 0.15653121453003288 303
1627556555146 0.15643932225867438 304
1627556555225 0.1563736207972867 305
1627556555335 0.15627390515882014 306
1627556555440 0.1561987528671984 307
1627556555529 0.15610135143825174 308
1627556555615 0.15603835812441771 309
1627556555672 0.15597214909117457 310
1627556555731 0.15589073722072683 311
1627556555815 0.15580763481910892 312
1627556555882 0.155731339219222 313
1627556555946 0.155655591323773 314
1627556556017 0.15558159417953976 315
1627556556097 0.1554770293544033 316
1627556556162 0.1553938188295794 317
1627556556226 0.15531524460809584 318
1627556556300 0.15524440282128998 319
1627556556367 0.1551599848125479 320
1627556556430 0.15507915831129482 321
1627556556507 0.15500190668101907 322
1627556556597 0.1549269828786754 323
1627556556673 0.15485122541825744 324
1627556556741 0.15476433909883022 325
1627556556821 0.15467735433586965 326
1627556556910 0.15460283883708323 327
1627556556992 0.15454233910606308 328
1627556557077 0.1544098007510768 329
1627556557140 0.15433102830172257 330
1627556557197 0.1542499848115815 331
1627556557277 0.15415180810072254 332
1627556557340 0.15407841901420602 333
1627556557398 0.1540005044909157 334
1627556557461 0.15392242855023613 335
1627556557513 0.1538544395040567 336
1627556557585 0.15378027806380765 337
1627556557666 0.1536723610494624 338
1627556557740 0.15359379046211782 339
1627556557793 0.15352668974147288 340
1627556557859 0.15345587689293919 341
1627556557930 0.153389031293438 342
1627556558001 0.15331754061159622 343
1627556558073 0.15324916636401942 344
1627556558147 0.1531688349349512 345
1627556558224 0.15308731786249216 346
1627556558292 0.15302119781197232 347
1627556558368 0.15295294869917986 348
1627556558470 0.15287357329495588 349
1627556558600 0.1527920817420771 350
1627556558702 0.15270990055432027 351
1627556558770 0.152648200624923 352
1627556558827 0.152570534586774 353
1627556558896 0.15248719375275419 354
1627556558959 0.15241398015249466 355
1627556559018 0.1523458216241708 356
1627556559092 0.15225990780559284 357
1627556559151 0.15218984749308143 358
1627556559215 0.15210967435705763 359
1627556559312 0.15198667407483718 360
1627556559381 0.15192104461899558 361
1627556559468 0.15185919216507407 362
1627556559549 0.15178386078346592 363
1627556559621 0.1517091653111984 364
1627556559702 0.15161686218283513 365
1627556559791 0.1515333290669308 366
1627556559874 0.15147219831192074 367
1627556559938 0.1514184655643467 368
1627556559996 0.15135887423200714 369
1627556560053 0.15130050849947077 370
1627556560105 0.15123743247038096 371
1627556560179 0.1511635246263416 372
1627556560231 0.15109741163611456 373
1627556560299 0.15103265640758012 374
1627556560379 0.15092266536609036 375
1627556560433 0.15085986519470354 376
1627556560485 0.15079975755729372 377
1627556560550 0.1507191311055843 378
1627556560611 0.15066613785091587 379
1627556560670 0.15060128797114167 380
1627556560747 0.1505153403812012 381
1627556560819 0.15044263090386023 382
1627556560892 0.15037248064628228 383
1627556560951 0.15030547522389592 384
1627556561044 0.1502300728084424 385
1627556561135 0.15015505778873345 386
1627556561210 0.1500742022674978 387
1627556561276 0.15000290943188854 388
1627556561341 0.14992919224917262 389
1627556561400 0.14985868844362063 390
1627556561474 0.14978569060080646 391
1627556561531 0.14971993713562262 392
1627556561584 0.14965439076146692 393
1627556561645 0.14959481146151926 394
1627556561699 0.14953943683518733 395
1627556561762 0.149454341857686 396
1627556561820 0.14938722985928432 397
1627556561890 0.1493070003345497 398
1627556561943 0.14925622035887254 399
1627556562008 0.14919024050620402 400
1627556562078 0.1491120069742745 401
1627556562147 0.14904307952681092 402
1627556562208 0.1489774793273335 403
1627556562269 0.14891542064196459 404
1627556562343 0.14884411816939733 405
1627556562420 0.1487762822589588 406
1627556562482 0.14870988788825978 407
1627556562564 0.1486170964945635 408
1627556562624 0.14855139524295996 409
1627556562701 0.1484794840870102 410
1627556562785 0.14840424081247253 411
1627556562857 0.1483346101613912 412
1627556562922 0.14826887539125727 413
1627556562998 0.14820728056699262 414
1627556563085 0.14813929095879375 415
1627556563154 0.14806975418927115 416
1627556563233 0.1479987922575492 417
1627556563325 0.1479309036566643 418
1627556563420 0.14786124238516896 419
1627556563488 0.1477872566910961 420
1627556563544 0.14772986431556917 421
1627556563638 0.14765363592085742 422
1627556563710 0.147596605147991 423
1627556563757 0.14753759662211335 424
1627556563818 0.14747321851247763 425
1627556563879 0.1474212152972108 426
1627556563949 0.1473632748012251 427
1627556564027 0.14729852448949757 428
1627556564087 0.14723209529627931 429
1627556564157 0.14716072637498656 430
1627556564215 0.14709537975209572 431
1627556564303 0.14700903578696972 432
1627556564360 0.14695668299651324 433
1627556564413 0.14689019785699314 434
1627556564507 0.14679072021225517 435
1627556564567 0.1467241097187213 436
1627556564621 0.14665854410621046 437
1627556564699 0.14658388918929216 438
1627556564775 0.1465336432317636 439
1627556564864 0.14646149381794804 440
1627556564931 0.1463968899743464 441
1627556565024 0.14633875051899006 442
1627556565085 0.14628311101826533 443
1627556565168 0.1462050229903398 444
1627556565243 0.14614690281329276 445
1627556565319 0.14608920627678945 446
1627556565391 0.14602842487472298 447
1627556565446 0.14595806893480903 448
1627556565501 0.14589200107621544 449
1627556565570 0.14583892856444544 450
1627556565639 0.14577983379978193 451
1627556565727 0.145691574018761 452
1627556565783 0.14562662343087163 453
1627556565855 0.14555616362915275 454
1627556565918 0.1454858562418755 455
1627556565996 0.14542020219172264 456
1627556566069 0.14537162884406873 457
1627556566131 0.14531078424443447 458
1627556566188 0.14525449165230547 459
1627556566294 0.14855139524295996 460
1627556570664 0.5083403381724322 0
1627556570807 0.4691346313100844 1
1627556570946 0.43451846840068387 2
1627556571087 0.4040825456675484 3
1627556571227 0.37734416647824554 4
1627556571361 0.3540491237770147 5
1627556571482 0.33372781434846566 6
1627556571613 0.3163597294605295 7
1627556571740 0.30122780301325786 8
1627556571864 0.2882763584071067 9
1627556571985 0.2771329862229421 10
1627556572108 0.26765960245335796 11
1627556572233 0.25953031758397077 12
1627556572365 0.2526223621353966 13
1627556572484 0.2466996392884536 14
1627556572610 0.24173781751987788 15
1627556572727 0.23747816694860485 16
1627556572864 0.2339859833464273 17
1627556572990 0.23086833287123446 18
1627556573106 0.22805899256279816 19
1627556573214 0.22572738430467654 20
1627556573328 0.22379506421048492 21
1627556573438 0.2220319257256619 22
1627556573543 0.22026598157422142 23
1627556573649 0.21888946871682677 24
1627556573751 0.21766515657572186 25
1627556573851 0.21651592182592788 26
1627556573952 0.2155312154222011 27
1627556574057 0.2145329819854228 28
1627556574161 0.21379065705464534 29
1627556574260 0.2128980043981987 30
1627556574373 0.21214188840799808 31
1627556574465 0.21133599992200156 32
1627556574563 0.21068082364909568 33
1627556574662 0.21007940982192522 34
1627556574757 0.2091780541444202 35
1627556574854 0.2082484080550845 36
1627556574954 0.2075531339356572 37
1627556575054 0.20696792628571584 38
1627556575156 0.20637269262526967 39
1627556575255 0.20592430952335963 40
1627556575352 0.20518884296393802 41
1627556575445 0.20443848193387354 42
1627556575539 0.20383829568961537 43
1627556575647 0.20308687965594435 44
1627556575746 0.20250465336700363 45
1627556575848 0.20180135855948225 46
1627556575960 0.20091864440669632 47
1627556576056 0.20061518627797972 48
1627556576167 0.19968564284901663 49
1627556576285 0.1990118258701771 50
1627556576379 0.19870681121144712 51
1627556576482 0.19834488079472137 52
1627556576583 0.19754469002061292 53
1627556576669 0.19725998982006468 54
1627556576757 0.19695141653155196 55
1627556576862 0.19662284103975372 56
1627556576943 0.196351266509782 57
1627556577034 0.19610211993397375 58
1627556577150 0.19559147354650344 59
1627556577248 0.19530376218202347 60
1627556577356 0.19455484330437117 61
1627556577483 0.19410855455921772 62
1627556577565 0.19384573138246564 63
1627556577685 0.19330885840909623 64
1627556577782 0.19304231410172062 65
1627556577872 0.19272512119009189 66
1627556577973 0.19224780650533824 67
1627556578079 0.1916001872624248 68
1627556578176 0.19137068312536426 69
1627556578272 0.1911662959697437 70
1627556578371 0.190916055651884 71
1627556578459 0.19068722672138566 72
1627556578562 0.19016540343807528 73
1627556578694 0.18979450469749476 74
1627556578858 0.1892939471688574 75
1627556578986 0.18904900270663985 76
1627556579079 0.1888374725097982 77
1627556579172 0.18846970083789494 78
1627556579268 0.18801377169244907 79
1627556579369 0.1876072232089637 80
1627556579458 0.18736758219003305 81
1627556579554 0.18716377044273538 82
1627556579640 0.18695147222697903 83
1627556579732 0.18667533856687998 84
1627556579829 0.1863789149995597 85
1627556579910 0.1861516258307585 86
1627556579998 0.18589214290292247 87
1627556580088 0.18568214832774657 88
1627556580179 0.18541842768678965 89
1627556580262 0.18522671151544398 90
1627556580335 0.18500794388405323 91
1627556580437 0.18478941040967264 92
1627556580545 0.18460078778210956 93
1627556580678 0.1843779775191334 94
1627556580807 0.18418136598431073 95
1627556580930 0.1837949465302752 96
1627556581023 0.18351164432881115 97
1627556581094 0.1833194469521514 98
1627556581191 0.1831182287060371 99
1627556581307 0.18269917895497648 100
1627556581397 0.1825062885849711 101
1627556581493 0.18219027713721903 102
1627556581596 0.18186438987032205 103
1627556581696 0.18158451998624753 104
1627556581799 0.18128715478441207 105
1627556581866 0.18111567065379658 106
1627556581947 0.1809582210960882 107
1627556582033 0.180787542761874 108
1627556582122 0.18062781026713703 109
1627556582207 0.1804485748886319 110
1627556582296 0.1802337906026839 111
1627556582381 0.18007445081025214 112
1627556582452 0.17991773760487817 113
1627556582558 0.1796895715819723 114
1627556582656 0.17952434537634077 115
1627556582734 0.1793627546548624 116
1627556582832 0.17911648906793692 117
1627556582916 0.1789565666920259 118
1627556583011 0.17873359585241258 119
1627556583118 0.17857700160739035 120
1627556583242 0.17839155914073251 121
1627556583352 0.17813218570069905 122
1627556583473 0.17798429309356484 123
1627556583587 0.17775167098985492 124
1627556583667 0.1775507524233251 125
1627556583728 0.17741970030759308 126
1627556583790 0.17728697092219878 127
1627556583893 0.17714606303604646 128
1627556583998 0.17698718106434919 129
1627556584087 0.17680319931524544 130
1627556584185 0.1765891488469727 131
1627556584272 0.17643274679916685 132
1627556584342 0.1762881232312544 133
1627556584443 0.1761355623023604 134
1627556584518 0.17597959850670614 135
1627556584587 0.17584542235854217 136
1627556584660 0.17569788445664428 137
1627556584736 0.1755643744682406 138
1627556584814 0.17541385735376325 139
1627556584886 0.1752687735170433 140
1627556585006 0.1749403402569918 141
1627556585082 0.17481824931554227 142
1627556585221 0.17461129552453736 143
1627556585340 0.1744751023148759 144
1627556585423 0.1743231321619127 145
1627556585533 0.17419164206171106 146
1627556585632 0.17392474911805686 147
1627556585718 0.1737848282652422 148
1627556585806 0.17363576064350555 149
1627556585910 0.1734960129751816 150
1627556585976 0.17336749377434646 151
1627556586081 0.17321839714863801 152
1627556586147 0.17310476371624614 153
1627556586221 0.17296931461122628 154
1627556586305 0.17284539205728766 155
1627556586384 0.1727207028641501 156
1627556586476 0.1725033525138474 157
1627556586565 0.17238091286757318 158
1627556586641 0.1722399410332821 159
1627556586753 0.17206395712955053 160
1627556586864 0.17196057235169473 161
1627556586989 0.17182126939371312 162
1627556587098 0.171702420188823 163
1627556587178 0.17157726618428412 164
1627556587244 0.17146019056761042 165
1627556587340 0.17133030401779178 166
1627556587411 0.17123437050525406 167
1627556587495 0.17112196896241869 168
1627556587575 0.17099462892108533 169
1627556587641 0.1708820478210584 170
1627556587709 0.17075745732263528 171
1627556587777 0.17065426667651695 172
1627556587852 0.17052945170332398 173
1627556587920 0.17042869028418997 174
1627556587994 0.1702783910723243 175
1627556588066 0.1701516423384914 176
1627556588147 0.17003736993865096 177
1627556588280 0.16981799434309963 178
1627556588355 0.16970504927684818 179
1627556588435 0.16957995506463777 180
1627556588512 0.1694527844500448 181
1627556588602 0.16927310069124366 182
1627556588693 0.16910656667890686 183
1627556588765 0.1689960755625072 184
1627556588837 0.16889739748219265 185
1627556588913 0.16877371759951093 186
1627556588985 0.16863935436526933 187
1627556589062 0.16853744023685427 188
1627556589147 0.1684070166592279 189
1627556589242 0.1682342176986325 190
1627556589311 0.16811140750929476 191
1627556589383 0.16799983631500504 192
1627556589452 0.16789068531408316 193
1627556589536 0.16771243618147402 194
1627556589593 0.1676230725912223 195
1627556589685 0.16752713895662724 196
1627556589751 0.16742598679867204 197
1627556589823 0.1673191804744655 198
1627556589903 0.16719941646105854 199
1627556590000 0.16702395893897656 200
1627556590098 0.1668206698557865 201
1627556590184 0.16671297104306765 202
1627556590265 0.1665921407001976 203
1627556590340 0.16649245681394095 204
1627556590445 0.1663216971663149 205
1627556590511 0.16622650278999207 206
1627556590599 0.16606523470195608 207
1627556590673 0.1659547805710403 208
1627556590763 0.16582653741318837 209
1627556590843 0.16572627436675874 210
1627556590942 0.16553533819929303 211
1627556591024 0.16542930547803172 212
1627556591112 0.1653287886714991 213
1627556591170 0.1652475703315691 214
1627556591237 0.16514608583900492 215
1627556591303 0.16504632219657941 216
1627556591370 0.16495098992507626 217
1627556591468 0.16479666855150812 218
1627556591542 0.1646919371924252 219
1627556591625 0.1645669007164601 220
1627556591705 0.1644676972515076 221
1627556591779 0.1643510172437041 222
1627556591872 0.16419907551105872 223
1627556591942 0.16409539007613136 224
1627556592025 0.1639988256263429 225
1627556592096 0.16390647038138442 226
1627556592187 0.16378653657840864 227
1627556592265 0.16369102379854644 228
1627556592345 0.16357675241622302 229
1627556592401 0.1634902098466084 230
1627556592467 0.16339563706603907 231
1627556592531 0.1633166870554864 232
1627556592590 0.16323284650758366 233
1627556592671 0.1631411761096355 234
1627556592746 0.16304294476376882 235
1627556592808 0.16295758042924643 236
1627556592870 0.1628624320687766 237
1627556592959 0.1627108527369532 238
1627556593021 0.16262254804163948 239
1627556593083 0.1625373573409464 240
1627556593151 0.1624401612117848 241
1627556593227 0.162331526815813 242
1627556593307 0.16222115766517328 243
1627556593373 0.16212964963415732 244
1627556593450 0.16204038638800625 245
1627556593519 0.16193139932033138 246
1627556593613 0.16179462783624554 247
1627556593674 0.16170660451224517 248
1627556593749 0.16162208913802384 249
1627556593835 0.1615216766465847 250
1627556593901 0.16141167012742924 251
1627556593965 0.1613313990233531 252
1627556594029 0.16124326771617578 253
1627556594114 0.16113419220465697 254
1627556594204 0.1609911471743425 255
1627556594268 0.16090165655762623 256
1627556594326 0.16082494146410461 257
1627556594390 0.16072921082150254 258
1627556594471 0.16063465814724476 259
1627556594554 0.16052886484214757 260
1627556594622 0.16042827393860037 261
1627556594695 0.1603478550708761 262
1627556594778 0.16023763114016149 263
1627556594859 0.16015062915575293 264
1627556594930 0.16005913701938612 265
1627556594997 0.15997610751967753 266
1627556595073 0.159879329243899 267
1627556595160 0.15976331155397602 268
1627556595234 0.15965481878823445 269
1627556595313 0.15955335802629783 270
1627556595409 0.15938817424424914 271
1627556595475 0.15929629251729016 272
1627556595528 0.1592203381854768 273
1627556595593 0.1591346851515753 274
1627556595652 0.15904882094534387 275
1627556595724 0.15896873397238379 276
1627556595821 0.15887340655667667 277
1627556595880 0.15878711386022712 278
1627556595943 0.158703622645346 279
1627556596024 0.15860251627022126 280
1627556596106 0.15849490914242098 281
1627556596173 0.15840834296296855 282
1627556596234 0.15832109002590825 283
1627556596315 0.15821549778373709 284
1627556596376 0.15812161629877503 285
1627556596432 0.15805309662448236 286
1627556596499 0.1579592161138732 287
1627556596572 0.15787066145053028 288
1627556596624 0.15779970329236456 289
1627556596692 0.1577252663266443 290
1627556596762 0.15764889230637882 291
1627556596826 0.1575578136159271 292
1627556596894 0.15748646567210445 293
1627556596971 0.15737808981313486 294
1627556597026 0.15729672506450676 295
1627556597077 0.15721019374848863 296
1627556597141 0.15712044234001582 297
1627556597223 0.1570337804864957 298
1627556597294 0.1569624760795467 299
1627556597385 0.156870547117257 300
1627556597444 0.15678640084204187 301
1627556597502 0.15670505783233774 302
1627556597561 0.15662963300221597 303
1627556597618 0.15656078078046132 304
1627556597687 0.15648132738703488 305
1627556597755 0.15639157364347692 306
1627556597819 0.15630512369487226 307
1627556597884 0.15622179445437007 308
1627556597965 0.15611368158367833 309
1627556598017 0.15604867591860327 310
1627556598112 0.1559241845279812 311
1627556598184 0.15583083141672502 312
1627556598251 0.15576323416168905 313
1627556598309 0.15568931503655545 314
1627556598368 0.15560924853581634 315
1627556598428 0.15552778240181325 316
1627556598510 0.15542464385784538 317
1627556598576 0.15534581960215363 318
1627556598638 0.1552682481605006 319
1627556598727 0.1551460789665929 320
1627556598777 0.1550701725417889 321
1627556598843 0.15498902620753452 322
1627556598900 0.15492059690016757 323
1627556598980 0.15481195816720986 324
1627556599052 0.15470614246456463 325
1627556599127 0.15460155539863826 326
1627556599196 0.15452176688680347 327
1627556599280 0.15444095405169203 328
1627556599350 0.15436202926691006 329
1627556599414 0.15428631075490595 330
1627556599471 0.15421789766857677 331
1627556599532 0.1541585157137654 332
1627556599597 0.15407557881889972 333
1627556599661 0.15399550410597637 334
1627556599717 0.15393575293998524 335
1627556599788 0.15385554496665882 336
1627556599852 0.15377795810524392 337
1627556599922 0.1537203895433924 338
1627556599986 0.15363995164677793 339
1627556600061 0.15355477269915307 340
1627556600152 0.15343382505482273 341
1627556600212 0.15336547828791164 342
1627556600274 0.1532832766930515 343
1627556600342 0.15321907597188933 344
1627556600417 0.15312335557614432 345
1627556600486 0.15304188254076398 346
1627556600542 0.1529608888083041 347
1627556600624 0.1528686600425196 348
1627556600699 0.1527855347543896 349
1627556600779 0.15271784470590857 350
1627556600836 0.15266268889079454 351
1627556600901 0.15258436408496448 352
1627556600972 0.15248858288878203 353
1627556601022 0.1524205185808934 354
1627556601099 0.1523479061497499 355
1627556601147 0.15228639745804773 356
1627556601211 0.1522091345720119 357
1627556601269 0.15215574340781546 358
1627556601334 0.15207300333380713 359
1627556601412 0.1519948661107167 360
1627556601470 0.15192922482500817 361
1627556601532 0.1518596196083105 362
1627556601591 0.1517835605816091 363
1627556601652 0.15170496271401118 364
1627556601704 0.15164647495546396 365
1627556601767 0.15157316537874388 366
1627556601827 0.151503148130042 367
1627556601880 0.15144464408419364 368
1627556601946 0.15137574774217039 369
1627556602049 0.15130105480514386 370
1627556602149 0.15119561927832997 371
1627556602236 0.15108721149809098 372
1627556602294 0.15102314878754028 373
1627556602357 0.15096410589714465 374
1627556602420 0.15089039526795864 375
1627556602484 0.15082556763560165 376
1627556602563 0.15072980197293054 377
1627556602619 0.15067225316436822 378
1627556602670 0.15061778158382827 379
1627556602740 0.15052775515871253 380
1627556602788 0.1504652767099142 381
1627556602845 0.15039576624977224 382
1627556602903 0.15033508507289828 383
1627556602963 0.15026188272567734 384
1627556603043 0.15017056850573474 385
1627556603118 0.15007737086868134 386
1627556603190 0.14999990677924466 387
1627556603247 0.1499240414894157 388
1627556603328 0.1498515075671761 389
1627556603390 0.14978668181052793 390
1627556603452 0.14971664595372103 391
1627556603520 0.1496454357306379 392
1627556603583 0.14957315006805622 393
1627556603658 0.1495060871097658 394
1627556603724 0.14943522552840335 395
1627556603785 0.14937525027545884 396
1627556603857 0.14930048085728562 397
1627556603923 0.14922837867852984 398
1627556604007 0.14915408112858228 399
1627556604081 0.1490799021802273 400
1627556604161 0.1489913383562797 401
1627556604210 0.14892342621397736 402
1627556604269 0.14884864334214032 403
1627556604336 0.14878921840154039 404
1627556604390 0.1487319596444315 405
1627556604463 0.14866026757985856 406
1627556604524 0.14859254707808292 407
1627556604590 0.14853613309138233 408
1627556604694 0.14846223588870439 409
1627556604749 0.1483936718121958 410
1627556604824 0.14832120255537223 411
1627556604902 0.14824619437850609 412
1627556604969 0.14816712729930612 413
1627556605056 0.14808134829645214 414
1627556605127 0.1480067647288548 415
1627556605200 0.14792512000487193 416
1627556605277 0.14785859910317556 417
1627556605345 0.1477864879769277 418
1627556605414 0.1477090923237554 419
1627556605476 0.14763167275454275 420
1627556605540 0.1475605543026017 421
1627556605604 0.14748787264732102 422
1627556605667 0.1474264960002066 423
1627556605738 0.14734740705509208 424
1627556605802 0.14728044946560306 425
1627556605865 0.14721042904424114 426
1627556605916 0.1471470023236606 427
1627556605977 0.14707455892208543 428
1627556606043 0.14700557521379287 429
1627556606107 0.14694165037835222 430
1627556606179 0.14686178424727722 431
1627556606280 0.1504652767099142 432
1627556610503 0.5090617789118443 0
1627556610650 0.4697599456150328 1
1627556610784 0.43501379372423077 2
1627556610918 0.40461185230596924 3
1627556611114 0.377865438176921 4
1627556611313 0.3545209538838871 5
1627556611442 0.3341535942114644 6
1627556611569 0.31674893926182585 7
1627556611713 0.3016006555279115 8
1627556611838 0.2885863407684041 9
1627556611962 0.2773551127459193 10
1627556612079 0.26780159932293796 11
1627556612199 0.25958999966551266 12
1627556612313 0.25267929473471373 13
1627556612433 0.24674343413343866 14
1627556612604 0.24178286320705378 15
1627556612714 0.23752212029452574 16
1627556612863 0.2339447149552623 17
1627556612985 0.23076904678073232 18
1627556613108 0.22810240698717324 19
1627556613210 0.22574212563360607 20
1627556613351 0.22368161504178383 21
1627556613454 0.22194367955078248 22
1627556613558 0.22032553418591488 23
1627556613676 0.2189374056165562 24
1627556613778 0.21773926948261874 25
1627556613882 0.2165131628967807 26
1627556613989 0.2155253734933925 27
1627556614136 0.21459408901336888 28
1627556614240 0.21374748425003604 29
1627556614360 0.21274505872143107 30
1627556614465 0.2118943239825701 31
1627556614563 0.21122239197951406 32
1627556614662 0.21039703887500824 33
1627556614760 0.20965785086515892 34
1627556614856 0.20880629097213688 35
1627556614953 0.2079400037819428 36
1627556615050 0.20713932194220963 37
1627556615150 0.20650549742326027 38
1627556615251 0.2059297518004165 39
1627556615347 0.20553647020598942 40
1627556615443 0.20470047129936617 41
1627556615570 0.20377773693990284 42
1627556615677 0.20294608638390385 43
1627556615824 0.20258150344578713 44
1627556615931 0.20221463915686289 45
1627556616036 0.20129940032463753 46
1627556616125 0.20091567523308945 47
1627556616225 0.20057361609466362 48
1627556616347 0.19988152758858183 49
1627556616485 0.19912940109989527 50
1627556616586 0.19879371129501353 51
1627556616709 0.198467469324593 52
1627556616822 0.19762267295765862 53
1627556616923 0.19735078738040998 54
1627556617003 0.19706284450094794 55
1627556617102 0.1967615819494536 56
1627556617208 0.1960545395615416 57
1627556617294 0.19578159139467324 58
1627556617388 0.19545766863681374 59
1627556617486 0.19521532082312124 60
1627556617627 0.19454252465200086 61
1627556617725 0.1942036568864322 62
1627556617847 0.19397274962598826 63
1627556617968 0.19338327751503187 64
1627556618086 0.1927295257256375 65
1627556618180 0.19247340805886426 66
1627556618277 0.19208512582888018 67
1627556618374 0.19154550647885682 68
1627556618464 0.19125265621785356 69
1627556618562 0.19098960378009425 70
1627556618656 0.1907364240199 71
1627556618750 0.19049390577994468 72
1627556618855 0.18999866582697914 73
1627556618946 0.18976204216733353 74
1627556619037 0.18944288190563163 75
1627556619136 0.18914130824405312 76
1627556619240 0.18878618141488418 77
1627556619324 0.18857397048233415 78
1627556619429 0.18837091817858828 79
1627556619544 0.18814440217899606 80
1627556619641 0.18793178574388453 81
1627556619735 0.18752674973188785 82
1627556619833 0.18707458947432282 83
1627556619932 0.18671577211746174 84
1627556620034 0.18651263464025186 85
1627556620120 0.18630567302037102 86
1627556620234 0.18609146760281348 87
1627556620351 0.18589221921877622 88
1627556620488 0.1856266177796366 89
1627556620583 0.18536200508257478 90
1627556620677 0.18509459247441343 91
1627556620772 0.18487679678670532 92
1627556620873 0.18455524189388423 93
1627556620980 0.18432608203473466 94
1627556621099 0.18407645549166754 95
1627556621197 0.1838796036592702 96
1627556621337 0.18369849356787024 97
1627556621449 0.18326954335319354 98
1627556621551 0.18305708194584674 99
1627556621696 0.18286680062199573 100
1627556621834 0.18265058245703553 101
1627556621961 0.18249216164227441 102
1627556622073 0.1821360829001933 103
1627556622172 0.18189765271368827 104
1627556622287 0.18167837477346965 105
1627556622368 0.18150665106178104 106
1627556622461 0.18123125921347094 107
1627556622541 0.1810711155493031 108
1627556622619 0.18082947220979248 109
1627556622721 0.18059138319212062 110
1627556622817 0.18040079502340517 111
1627556622954 0.18001514507075622 112
1627556623031 0.1798178897532129 113
1627556623127 0.17962924031838062 114
1627556623215 0.17943163840204693 115
1627556623314 0.17921504000938193 116
1627556623414 0.17893474680492313 117
1627556623472 0.17877861449461396 118
1627556623559 0.17862434447085931 119
1627556623656 0.1784489183033702 120
1627556623733 0.1782819264843871 121
1627556623816 0.17812089948171503 122
1627556623914 0.177960561779729 123
1627556624005 0.1777264386355272 124
1627556624090 0.17756872746267688 125
1627556624184 0.17741832513395442 126
1627556624249 0.17728930688671599 127
1627556624334 0.17714811020917431 128
1627556624484 0.17684466966741624 129
1627556624592 0.17670082815257418 130
1627556624666 0.17656500893228042 131
1627556624749 0.1764279807487791 132
1627556624860 0.17628417911222974 133
1627556624995 0.175997129405578 134
1627556625088 0.17583528901531356 135
1627556625155 0.17567188329460465 136
1627556625214 0.17554261402836585 137
1627556625292 0.17540289774969015 138
1627556625395 0.17514961526203568 139
1627556625472 0.1750048200583377 140
1627556625554 0.17485874872643284 141
1627556625656 0.17463329065159325 142
1627556625735 0.17449591624507016 143
1627556625822 0.1743112011598994 144
1627556625887 0.174178564070823 145
1627556625958 0.17404480773743675 146
1627556626041 0.17388013791417511 147
1627556626140 0.17374508063501232 148
1627556626231 0.17361731231474284 149
1627556626299 0.17350460940895848 150
1627556626352 0.17339141594013363 151
1627556626425 0.17326581514371156 152
1627556626508 0.17307323583786732 153
1627556626568 0.17296535301952196 154
1627556626648 0.17278998865793013 155
1627556626721 0.17267455364539563 156
1627556626801 0.17254671058481813 157
1627556626870 0.1724416277210764 158
1627556626943 0.17231101134494267 159
1627556627013 0.17218925592752057 160
1627556627069 0.17206380626283482 161
1627556627149 0.17193784574164522 162
1627556627252 0.17181694584645998 163
1627556627358 0.17166611359965162 164
1627556627487 0.171485340143442 165
1627556627580 0.1713568797511517 166
1627556627677 0.1712346671059046 167
1627556627746 0.1711194286478629 168
1627556627827 0.170973429158542 169
1627556627895 0.17086574704423602 170
1627556627965 0.17074730601326246 171
1627556628074 0.17050251577474154 172
1627556628158 0.17035241268982984 173
1627556628247 0.17018589432290043 174
1627556628323 0.17006782537709464 175
1627556628402 0.16994609370096586 176
1627556628467 0.16984300751462317 177
1627556628526 0.16975076889941385 178
1627556628601 0.16962946394656553 179
1627556628684 0.1695249350994022 180
1627556628745 0.16942834565451095 181
1627556628826 0.16924758602169757 182
1627556628909 0.16911507674827597 183
1627556628969 0.16900934460373274 184
1627556629062 0.16879805378379517 185
1627556629141 0.16868319932176115 186
1627556629230 0.16856228026457654 187
1627556629317 0.16842377640341363 188
1627556629376 0.16832670681367326 189
1627556629445 0.16821605313645338 190
1627556629533 0.16808300979753327 191
1627556629619 0.16797863147520484 192
1627556629714 0.1678683726204647 193
1627556629812 0.16775757949786022 194
1627556629923 0.16752479912020482 195
1627556630034 0.1674085662076024 196
1627556630112 0.16730477588840953 197
1627556630194 0.16715740000049636 198
1627556630277 0.16703327705610624 199
1627556630352 0.16695133762245132 200
1627556630427 0.16683993761009525 201
1627556630506 0.1667284942154845 202
1627556630581 0.16662959477830594 203
1627556630657 0.16651486817009287 204
1627556630720 0.1664201050620825 205
1627556630783 0.1663077739126624 206
1627556630845 0.16621753861340846 207
1627556630906 0.16610212025435062 208
1627556630974 0.16598681488379358 209
1627556631043 0.16589119800433832 210
1627556631126 0.16577636192528725 211
1627556631230 0.16559625072355796 212
1627556631303 0.16549322536444114 213
1627556631399 0.16538758286921815 214
1627556631493 0.16529124990680388 215
1627556631547 0.16520675987025274 216
1627556631606 0.1651182497896854 217
1627556631712 0.1650117654578967 218
1627556631778 0.1649049206132852 219
1627556631877 0.16480254685752024 220
1627556631964 0.16471908692291834 221
1627556632035 0.16461339173257564 222
1627556632119 0.16446984502135312 223
1627556632193 0.164371720571176 224
1627556632272 0.16427146223861824 225
1627556632343 0.16417559924775832 226
1627556632415 0.16403848071065194 227
1627556632486 0.16393169750261535 228
1627556632552 0.16384273275530908 229
1627556632603 0.16375934438430922 230
1627556632676 0.16365356522451033 231
1627556632799 0.16347925456464257 232
1627556632858 0.16340581972992224 233
1627556632928 0.16330892487989723 234
1627556632997 0.16321478715339272 235
1627556633067 0.1631259583931894 236
1627556633143 0.1630279171730088 237
1627556633219 0.162920157867 238
1627556633282 0.16282084399361285 239
1627556633349 0.16273111106785465 240
1627556633409 0.16262416884363584 241
1627556633473 0.16253203265967922 242
1627556633554 0.1624395876136718 243
1627556633629 0.16233964518800062 244
1627556633734 0.16224513433742532 245
1627556633809 0.1621497628974765 246
1627556633886 0.16204905898301328 247
1627556633961 0.16196038588375936 248
1627556634052 0.1618229861505586 249
1627556634119 0.16174115205881107 250
1627556634176 0.16164286268348946 251
1627556634241 0.161559409674679 252
1627556634305 0.16145679753032838 253
1627556634399 0.16136559208772372 254
1627556634499 0.1612679056029779 255
1627556634561 0.1611729123538004 256
1627556634628 0.16107733288578363 257
1627556634691 0.16098959209521066 258
1627556634818 0.16090252034064237 259
1627556634885 0.16082933527236412 260
1627556634995 0.16069214156031808 261
1627556635078 0.16055787501909524 262
1627556635146 0.16047385607266806 263
1627556635217 0.16038306333634555 264
1627556635333 0.16026915177908882 265
1627556635415 0.1601826896074595 266
1627556635485 0.1600847111895558 267
1627556635556 0.15998835349656362 268
1627556635620 0.15990327428005796 269
1627556635688 0.15981855868052985 270
1627556635758 0.15973267566720192 271
1627556635824 0.15964347273827972 272
1627556635901 0.1595557784216857 273
1627556635952 0.15947084964626837 274
1627556636035 0.15934081813513348 275
1627556636110 0.15925614845509603 276
1627556636168 0.15916098691926495 277
1627556636233 0.1590775044879021 278
1627556636301 0.15899621085701224 279
1627556636370 0.1588908494201869 280
1627556636440 0.1588041306685465 281
1627556636529 0.1586675433438225 282
1627556636615 0.15855395543728418 283
1627556636675 0.15846058531867305 284
1627556636750 0.15837055718132953 285
1627556636833 0.15825152169132606 286
1627556636903 0.1581598251501543 287
1627556636986 0.15808209032051218 288
1627556637061 0.15799450772028345 289
1627556637133 0.15792629521135046 290
1627556637226 0.15784834935105743 291
1627556637288 0.15777509280643187 292
1627556637381 0.15767430752111716 293
1627556637474 0.15758536883800217 294
1627556637555 0.15749352788742313 295
1627556637668 0.1573918942773853 296
1627556637755 0.15732244329581463 297
1627556637889 0.15719790688431987 298
1627556637950 0.1571156763413967 299
1627556638026 0.15704410291772933 300
1627556638078 0.15697246958276778 301
1627556638139 0.15689535167379853 302
1627556638204 0.15682088216785178 303
1627556638268 0.15674627516949372 304
1627556638329 0.1566660182330335 305
1627556638387 0.15658288798460326 306
1627556638466 0.1565014840635979 307
1627556638530 0.15642362727876524 308
1627556638623 0.15628604425366768 309
1627556638691 0.1561956039297195 310
1627556638768 0.1561045926173039 311
1627556638823 0.15603569585023974 312
1627556638900 0.1559723084266085 313
1627556638973 0.15588759590420867 314
1627556639078 0.15581024635010934 315
1627556639135 0.15573603727253008 316
1627556639197 0.15565421700398724 317
1627556639282 0.1555369451586586 318
1627556639377 0.15545135143989036 319
1627556639487 0.15536291052028 320
1627556639586 0.15528254316869455 321
1627556639677 0.1551962784317859 322
1627556639820 0.15506179883512664 323
1627556639910 0.15498334513212048 324
1627556640012 0.15490149479792004 325
1627556640067 0.15482337934165338 326
1627556640130 0.15475465234714142 327
1627556640201 0.15468231713820274 328
1627556640257 0.15460941083496452 329
1627556640321 0.15454073231138263 330
1627556640378 0.1544530906909558 331
1627556640454 0.15435907169031224 332
1627556640526 0.15427354801513002 333
1627556640602 0.15418235577183312 334
1627556640681 0.15410947616750637 335
1627556640744 0.15403463169256573 336
1627556640801 0.15396286593337274 337
1627556640865 0.1538926647800522 338
1627556640929 0.15381138655196405 339
1627556641003 0.15371643667829285 340
1627556641092 0.15365215253111553 341
1627556641209 0.153562138014931 342
1627556641285 0.15347961739996668 343
1627556641359 0.1534131839308188 344
1627556641460 0.15333373291148175 345
1627556641531 0.15325714689669478 346
1627556641589 0.15318086404313813 347
1627556641647 0.15310518718007896 348
1627556641705 0.15303357955426644 349
1627556641790 0.152955399149552 350
1627556641883 0.15283725732847991 351
1627556641938 0.1527726867721638 352
1627556642015 0.1526644239487331 353
1627556642075 0.15259062751709623 354
1627556642135 0.1525153713253582 355
1627556642201 0.15243698305630643 356
1627556642259 0.15236977241646465 357
1627556642325 0.1522902156902591 358
1627556642398 0.1522088872881292 359
1627556642495 0.1521380329457448 360
1627556642550 0.1520688836715604 361
1627556642606 0.15199854426789172 362
1627556642669 0.15192112607588082 363
1627556642744 0.15182691479321894 364
1627556642824 0.15588759590420867 365
1627556646917 0.5070852586809181 0
1627556647059 0.4680261599774253 1
1627556647193 0.4335127415659381 2
1627556647330 0.4031480866326464 3
1627556647468 0.3764692222661743 4
1627556647601 0.35325428658910635 5
1627556647732 0.33300614241865567 6
1627556647859 0.3156470944630576 7
1627556647983 0.3005805233761159 8
1627556648160 0.2877325304317538 9
1627556648285 0.2766510166456079 10
1627556648404 0.26719995675084074 11
1627556648559 0.2590988879549072 12
1627556648718 0.2521884340099376 13
1627556648842 0.24624858294852325 14
1627556648966 0.24134323047773792 15
1627556649088 0.23706973538276485 16
1627556649211 0.23355594766918364 17
1627556649328 0.2304191368822456 18
1627556649464 0.22774087647617325 19
1627556649572 0.22540779047652593 20
1627556649737 0.2234284864695354 21
1627556649914 0.2215134465580882 22
1627556650067 0.2200340335391651 23
1627556650209 0.21869094331796696 24
1627556650319 0.21729115840375712 25
1627556650423 0.21613714926878363 26
1627556650525 0.21499116656972983 27
1627556650639 0.21404402242496892 28
1627556650740 0.21321690826793396 29
1627556650844 0.21243781833083125 30
1627556650970 0.21160092643752762 31
1627556651069 0.21087741341341337 32
1627556651181 0.20994990651255668 33
1627556651276 0.20936056070538794 34
1627556651371 0.2083552829546852 35
1627556651480 0.20750498092434974 36
1627556651579 0.20686348466287255 37
1627556651683 0.20635623156073268 38
1627556651783 0.20548783062650652 39
1627556651882 0.2049650104789024 40
1627556651981 0.20416584074195543 41
1627556652084 0.20341970869337572 42
1627556652186 0.20297506575555457 43
1627556652292 0.20223928996865448 44
1627556652388 0.20191705510315963 45
1627556652496 0.2009599546054582 46
1627556652594 0.200324380221415 47
1627556652693 0.19996779726104985 48
1627556652800 0.19941841953952466 49
1627556652941 0.19872412253673327 50
1627556653064 0.19836855155580785 51
1627556653193 0.19805842546229369 52
1627556653309 0.19734941778312032 53
1627556653428 0.19668802848317707 54
1627556653535 0.19601386857649603 55
1627556653651 0.19569365422428753 56
1627556653763 0.19521473207545104 57
1627556653867 0.1949390850468487 58
1627556653959 0.19459078349559067 59
1627556654058 0.19403111042202373 60
1627556654153 0.19372838116315125 61
1627556654241 0.1934763187641122 62
1627556654348 0.19297019275747707 63
1627556654439 0.19241152746045267 64
1627556654561 0.19180683705815602 65
1627556654680 0.19154443185325523 66
1627556654795 0.19115925066389305 67
1627556654893 0.19089483140417735 68
1627556654989 0.1906742404247958 69
1627556655089 0.190423237771089 70
1627556655180 0.19015762874245923 71
1627556655291 0.18973551114619389 72
1627556655386 0.18934348660415176 73
1627556655469 0.18911761145746753 74
1627556655565 0.18890423687520055 75
1627556655661 0.18841622404655306 76
1627556655747 0.18817036775415819 77
1627556655841 0.1878870691979278 78
1627556655934 0.18768561454455499 79
1627556656021 0.18742652504125165 80
1627556656129 0.18691341511277454 81
1627556656228 0.18669966497497154 82
1627556656328 0.1863634018848119 83
1627556656432 0.1861668879654951 84
1627556656520 0.18593816066256655 85
1627556656601 0.18571934052955802 86
1627556656714 0.18528076757020823 87
1627556656808 0.18503109555892713 88
1627556656903 0.1847982219392907 89
1627556656979 0.18459657419063513 90
1627556657057 0.184421878238254 91
1627556657167 0.18410316817669736 92
1627556657247 0.18390589914299038 93
1627556657351 0.18359253824614602 94
1627556657435 0.18340923811884025 95
1627556657539 0.18301453023494327 96
1627556657628 0.18283322035304295 97
1627556657746 0.18263010796271836 98
1627556657872 0.18244870436487395 99
1627556657984 0.18207366413351256 100
1627556658074 0.18182934499642012 101
1627556658168 0.18157625707222927 102
1627556658248 0.181397140401399 103
1627556658333 0.18118494564140664 104
1627556658411 0.18100647244604348 105
1627556658502 0.18082421384912642 106
1627556658588 0.1805998362277365 107
1627556658686 0.18039148016544662 108
1627556658775 0.18020726940609114 109
1627556658864 0.18003781471039135 110
1627556658938 0.17987409076026628 111
1627556659026 0.17960302128625752 112
1627556659085 0.17944420086932658 113
1627556659185 0.1792672570418771 114
1627556659294 0.17907733765664924 115
1627556659375 0.17891558013695993 116
1627556659466 0.1787721745731594 117
1627556659548 0.1786182793577725 118
1627556659638 0.17835377384947138 119
1627556659708 0.1782198557838585 120
1627556659787 0.1780590213721809 121
1627556659874 0.17789733229954546 122
1627556659953 0.17774996793889142 123
1627556660044 0.1775134834274944 124
1627556660122 0.17736871476199798 125
1627556660223 0.17708174061894574 126
1627556660299 0.17691702527064992 127
1627556660371 0.1767690692201742 128
1627556660447 0.1766159524970935 129
1627556660524 0.17647956190856584 130
1627556660608 0.17633978210279225 131
1627556660691 0.176193186624707 132
1627556660767 0.17605279586798195 133
1627556660853 0.17592021430998056 134
1627556660925 0.17577496799586076 135
1627556661026 0.1755081959824765 136
1627556661130 0.17525275959188047 137
1627556661209 0.17510204510440813 138
1627556661317 0.17483561560022368 139
1627556661404 0.17467641029531897 140
1627556661486 0.17454150242384922 141
1627556661555 0.17440945624260676 142
1627556661664 0.1741823243269988 143
1627556661754 0.1740330288479309 144
1627556661835 0.17388384809801102 145
1627556661923 0.1737516747411653 146
1627556661997 0.1736150653758584 147
1627556662085 0.17346673803440513 148
1627556662149 0.1733502388927369 149
1627556662286 0.1731989604651195 150
1627556662350 0.17308061982657025 151
1627556662482 0.17293980190967406 152
1627556662580 0.17281345795058267 153
1627556662653 0.1726802912138273 154
1627556662730 0.17255621882947533 155
1627556662835 0.17230277235734676 156
1627556662908 0.17218173319666105 157
1627556662983 0.17206735891816247 158
1627556663061 0.17193483844208213 159
1627556663157 0.1716879484458591 160
1627556663213 0.17157405219877572 161
1627556663285 0.17143491338075498 162
1627556663381 0.17124267109541041 163
1627556663472 0.17103144960337 164
1627556663534 0.17090466137711904 165
1627556663622 0.17071679231352585 166
1627556663704 0.17060294163998369 167
1627556663776 0.17047543632166767 168
1627556663849 0.17034486602577284 169
1627556663910 0.17023444808828386 170
1627556663980 0.17010770654560597 171
1627556664068 0.1699776123669451 172
1627556664137 0.16986625923638643 173
1627556664221 0.16974029729365767 174
1627556664291 0.16961909799357283 175
1627556664366 0.16950055213862228 176
1627556664446 0.16936907763477746 177
1627556664537 0.16917877270005455 178
1627556664614 0.16905631403317542 179
1627556664693 0.16893546189789485 180
1627556664755 0.16881616661570084 181
1627556664828 0.16868693846955787 182
1627556664909 0.16855092603734756 183
1627556664981 0.16843413684453182 184
1627556665066 0.16831765662014128 185
1627556665122 0.1682038346982032 186
1627556665189 0.16808645598969862 187
1627556665252 0.16798740025320055 188
1627556665331 0.167868955089488 189
1627556665392 0.16775578196722699 190
1627556665448 0.1676617500799375 191
1627556665507 0.16754649494736681 192
1627556665575 0.16743930988390415 193
1627556665651 0.16731918737888024 194
1627556665720 0.16720824465759992 195
1627556665804 0.16709465626554387 196
1627556665885 0.1669943927127177 197
1627556665966 0.16688654166881187 198
1627556666029 0.16679757233049727 199
1627556666105 0.16670561705173656 200
1627556666182 0.16660261469846147 201
1627556666258 0.1664864640143602 202
1627556666330 0.16638463697556521 203
1627556666395 0.16629152165811859 204
1627556666471 0.16618167969826872 205
1627556666552 0.16608476446403617 206
1627556666629 0.16597128263982067 207
1627556666694 0.1658667768990043 208
1627556666754 0.1657569366267119 209
1627556666828 0.16565264401517593 210
1627556666923 0.1654803944915998 211
1627556666988 0.16539048637438564 212
1627556667047 0.16528656048998386 213
1627556667127 0.16518762004284107 214
1627556667195 0.16509221413832784 215
1627556667278 0.16495520167295652 216
1627556667337 0.16487206449569594 217
1627556667394 0.1647670271392748 218
1627556667462 0.16465899462364597 219
1627556667530 0.16457278540260434 220
1627556667605 0.16445584624513962 221
1627556667685 0.16434298932901928 222
1627556667747 0.16424949058757193 223
1627556667833 0.16416227014275256 224
1627556667903 0.16406060788984084 225
1627556668002 0.16389575211092697 226
1627556668071 0.1638018331323298 227
1627556668149 0.16369497672474392 228
1627556668262 0.16356700256449416 229
1627556668329 0.16346521343259032 230
1627556668383 0.16335919891694275 231
1627556668454 0.16327204758743832 232
1627556668533 0.16317344322327113 233
1627556668599 0.16309716250900325 234
1627556668681 0.162986609007244 235
1627556668736 0.1629073086201153 236
1627556668812 0.16277620503751178 237
1627556668911 0.16258737363719836 238
1627556668979 0.16248249776291537 239
1627556669034 0.16240547434737612 240
1627556669096 0.16231742133425087 241
1627556669156 0.16224112440344246 242
1627556669233 0.16214913784416338 243
1627556669315 0.1620257234708967 244
1627556669378 0.16194033542732236 245
1627556669465 0.16179769372243677 246
1627556669535 0.16169580852004378 247
1627556669621 0.1615665934550051 248
1627556669699 0.16146534374299923 249
1627556669774 0.16138328990588177 250
1627556669827 0.16130663070972515 251
1627556669890 0.16122716839711898 252
1627556669955 0.16114466183627735 253
1627556670055 0.16096970228161042 254
1627556670121 0.16088006291925017 255
1627556670192 0.16078600407502155 256
1627556670273 0.16064617131093326 257
1627556670349 0.160571809543884 258
1627556670410 0.16049827174785622 259
1627556670474 0.1604039914028615 260
1627556670570 0.16031805213545197 261
1627556670644 0.16022653788591742 262
1627556670716 0.16013034664425557 263
1627556670803 0.1600343729145929 264
1627556670878 0.15994336327189207 265
1627556670969 0.15979699883530446 266
1627556671029 0.15970672320508733 267
1627556671092 0.15962227270872184 268
1627556671164 0.15952532482980628 269
1627556671251 0.1594305867889301 270
1627556671335 0.15930764209390105 271
1627556671406 0.15922057487118227 272
1627556671479 0.1591308853975945 273
1627556671575 0.1589638396133149 274
1627556671629 0.15889396806963732 275
1627556671688 0.15881969881456645 276
1627556671771 0.15869386432847515 277
1627556671862 0.15859072904689483 278
1627556671958 0.15850569440504994 279
1627556672032 0.15842316029106251 280
1627556672110 0.15833858421228092 281
1627556672179 0.15826068725332207 282
1627556672245 0.15816482058636044 283
1627556672316 0.15807053086234682 284
1627556672374 0.15798851919942858 285
1627556672450 0.15788020923470694 286
1627556672503 0.15781134565731952 287
1627556672581 0.15772843098579994 288
1627556672643 0.15764365144190604 289
1627556672707 0.1575566001889808 290
1627556672790 0.1574596399608199 291
1627556672866 0.1573816594367231 292
1627556672932 0.15729842986457632 293
1627556672997 0.1572254699509578 294
1627556673067 0.1571390993995995 295
1627556673142 0.15705057088828886 296
1627556673199 0.15697172955024885 297
1627556673273 0.15688218553440306 298
1627556673332 0.156811323721835 299
1627556673409 0.15672842066575313 300
1627556673479 0.1566286510759008 301
1627556673548 0.15656014468816054 302
1627556673623 0.1564753248566237 303
1627556673692 0.15639056942602308 304
1627556673770 0.15630239364212103 305
1627556673846 0.15623711272116955 306
1627556673908 0.15616379097870425 307
1627556673985 0.15609212764405697 308
1627556674042 0.1560266209633452 309
1627556674123 0.15592095368820366 310
1627556674174 0.155855773318914 311
1627556674234 0.1557826162751948 312
1627556674290 0.15571542821217468 313
1627556674363 0.15562618632600728 314
1627556674418 0.1555476446747222 315
1627556674471 0.15546497814847415 316
1627556674524 0.15538852406502746 317
1627556674578 0.1553300273415908 318
1627556674654 0.15521941995152908 319
1627556674714 0.1551344884389298 320
1627556674785 0.15506065312475276 321
1627556674860 0.15497592894361917 322
1627556674923 0.1548989090610045 323
1627556674996 0.15482709582600396 324
1627556675063 0.15475888257500292 325
1627556675140 0.15465625662855606 326
1627556675209 0.15457582130935513 327
1627556675281 0.15450461167711355 328
1627556675343 0.1544347524834911 329
1627556675416 0.1543585646421389 330
1627556675494 0.15428026488304583 331
1627556675558 0.15420634809097536 332
1627556675610 0.15414333075917547 333
1627556675684 0.15405123183403832 334
1627556675743 0.15398247054201453 335
1627556675809 0.1538952747541223 336
1627556675878 0.15382060002600811 337
1627556675942 0.15374823762788334 338
1627556676001 0.15366532439006098 339
1627556676065 0.15360127039563223 340
1627556676140 0.15352338582042319 341
1627556676209 0.15343805418750256 342
1627556676261 0.15336959666074468 343
1627556676329 0.15329385993512265 344
1627556676405 0.15318553613213545 345
1627556676475 0.1530994054839734 346
1627556676541 0.15302461901006126 347
1627556676611 0.15293782181724586 348
1627556676676 0.15287086075426834 349
1627556676762 0.15278912084165913 350
1627556676838 0.15271851413326307 351
1627556676901 0.1526438831481266 352
1627556676957 0.1525806449079003 353
1627556677018 0.15252897288377354 354
1627556677071 0.1524741128408833 355
1627556677139 0.15239850437602886 356
1627556677196 0.1523337968809082 357
1627556677258 0.15228013578876085 358
1627556677331 0.15219941544072882 359
1627556677409 0.15212674275760749 360
1627556677487 0.15205041809943776 361
1627556677558 0.15197867554560193 362
1627556677626 0.1519002307584633 363
1627556677689 0.15181973138997104 364
1627556677757 0.151752432107192 365
1627556677817 0.1516727456915289 366
1627556677890 0.15160327437449028 367
1627556677969 0.15150202659193035 368
1627556678058 0.1514454361610707 369
1627556678117 0.1513785816750203 370
1627556678204 0.15127889432826153 371
1627556678268 0.15121309054025564 372
1627556678343 0.15114293794935035 373
1627556678421 0.15107580494707304 374
1627556678488 0.1510080506135614 375
1627556678552 0.15093296316722257 376
1627556678606 0.1508581866109811 377
1627556678683 0.15079207531648367 378
1627556678807 0.15070492488180648 379
1627556678872 0.15063591559005723 380
1627556679011 0.15050619519296995 381
1627556679107 0.15042811580935858 382
1627556679201 0.15035310843199146 383
1627556679293 0.15027162820985582 384
1627556679354 0.15020378558477784 385
1627556679414 0.15013576237565093 386
1627556679502 0.1500656002852881 387
1627556679551 0.14999221499973686 388
1627556679612 0.14992670448231485 389
1627556679687 0.1498660615009745 390
1627556679749 0.14979468517358097 391
1627556679839 0.14967833328430458 392
1627556679900 0.14960626746829242 393
1627556680021 0.14951534087771365 394
1627556680071 0.14944925615754057 395
1627556680142 0.1493689718860116 396
1627556680199 0.14931487949030897 397
1627556680294 0.14919063063276394 398
1627556680360 0.14911443688233314 399
1627556680429 0.14904531223832407 400
1627556680484 0.1489834439168887 401
1627556680552 0.14891602960155992 402
1627556680606 0.14886651277189308 403
1627556680659 0.14880525577119466 404
1627556680734 0.14872708561117112 405
1627556680826 0.14864800573866543 406
1627556680887 0.14858664431605836 407
1627556680945 0.148539989415923 408
1627556681008 0.14848883153027198 409
1627556681066 0.14842266442549182 410
1627556681133 0.14835388513814488 411
1627556681209 0.1482718349624242 412
1627556681271 0.1481994981521661 413
1627556681334 0.1481358645867754 414
1627556681402 0.14806183830964031 415
1627556681467 0.1479860601929027 416
1627556681524 0.14792996489300325 417
1627556681580 0.14787731641840296 418
1627556681640 0.1478092684425302 419
1627556681701 0.14774327232154774 420
1627556681763 0.14768537312800342 421
1627556681841 0.14759994063062262 422
1627556681905 0.14754167382753564 423
1627556681979 0.14745919454334705 424
1627556682044 0.14738655303779338 425
1627556682121 0.1473279148101739 426
1627556682194 0.1472548067720947 427
1627556682257 0.14718507066624895 428
1627556682314 0.14711955739533197 429
1627556682381 0.147053845308298 430
1627556682443 0.14698442482797344 431
1627556682501 0.1469192387922815 432
1627556682606 0.15042811580935858 433
1627556686922 0.5098658920102007 0
1627556687071 0.4705255428179543 1
1627556687263 0.43575799955970457 2
1627556687394 0.40517424987866624 3
1627556687552 0.37829590324049267 4
1627556687686 0.3549248424861698 5
1627556687813 0.3345339222665374 6
1627556687940 0.3170478523248456 7
1627556688072 0.301838622817045 8
1627556688202 0.2888955774831217 9
1627556688330 0.2776943402662154 10
1627556688462 0.2682032146060895 11
1627556688580 0.2600591445624331 12
1627556688701 0.2531376635470293 13
1627556688817 0.24716228803237747 14
1627556688943 0.24218440827695348 15
1627556689061 0.23792867064081258 16
1627556689191 0.23437843197676228 17
1627556689321 0.23126600115157608 18
1627556689433 0.2285162192170954 19
1627556689541 0.2261799294124251 20
1627556689645 0.2241526151849723 21
1627556689759 0.22241034273735133 22
1627556689874 0.22074126624010643 23
1627556689995 0.21939647165188766 24
1627556690099 0.21806908586375812 25
1627556690201 0.21692816650380647 26
1627556690305 0.21588135331364108 27
1627556690406 0.21486689982950033 28
1627556690509 0.21387723714801934 29
1627556690605 0.21296758583593928 30
1627556690710 0.2122310740541975 31
1627556690815 0.2114080749889752 32
1627556690916 0.2105868864899898 33
1627556691014 0.20995384060530312 34
1627556691131 0.20895751542665378 35
1627556691229 0.20813009617358835 36
1627556691345 0.20736056118718976 37
1627556691454 0.2069109804567563 38
1627556691559 0.20619724316195104 39
1627556691665 0.20581524108753793 40
1627556691775 0.20487702809771513 41
1627556691905 0.2044614076087363 42
1627556692090 0.20330306477968968 43
1627556692262 0.20279739622084145 44
1627556692374 0.20247394450005296 45
1627556692545 0.20155628154321042 46
1627556692690 0.20121474992967853 47
1627556692790 0.2009122615239604 48
1627556692893 0.200520345593917 49
1627556693006 0.1998418280109515 50
1627556693102 0.19921578831526454 51
1627556693193 0.1988285781230048 52
1627556693300 0.19800368126375867 53
1627556693414 0.19749581050187492 54
1627556693512 0.19716855325028923 55
1627556693627 0.1964720003537048 56
1627556693718 0.19615764413695969 57
1627556693848 0.19581605798927196 58
1627556693946 0.19549278652012692 59
1627556694055 0.19497403332227556 60
1627556694152 0.1947059297565247 61
1627556694262 0.19433505820328464 62
1627556694377 0.19385920628958864 63
1627556694464 0.19350460010701015 64
1627556694557 0.19312707647270497 65
1627556694645 0.1928920857867366 66
1627556694751 0.19246522998832252 67
1627556694861 0.19181478296526663 68
1627556694956 0.1915265387986814 69
1627556695039 0.1912704400330848 70
1627556695121 0.19101723423824166 71
1627556695248 0.19076642486985668 72
1627556695411 0.1902298235240407 73
1627556695509 0.18999064935326923 74
1627556695610 0.1897183985170329 75
1627556695717 0.18947397290161427 76
1627556695830 0.1889450062299272 77
1627556695931 0.18873192117503568 78
1627556696025 0.18847128920605183 79
1627556696142 0.18826000983019014 80
1627556696252 0.18793387532782568 81
1627556696378 0.1875692794950189 82
1627556696481 0.1872259963091014 83
1627556696569 0.1870041387407556 84
1627556696674 0.18654615042468625 85
1627556696760 0.18632655964231173 86
1627556696842 0.18612458025899492 87
1627556696930 0.18584057362470338 88
1627556697018 0.18562526353040687 89
1627556697099 0.18542176227752183 90
1627556697184 0.18522318731244564 91
1627556697305 0.18490449101288134 92
1627556697433 0.1845200800606585 93
1627556697523 0.18431860048593213 94
1627556697629 0.18408049980195523 95
1627556697754 0.18389988703681856 96
1627556697836 0.18373936311713704 97
1627556697958 0.18332651683668963 98
1627556698049 0.18315039855349263 99
1627556698139 0.18297968909361473 100
1627556698239 0.18270042521277055 101
1627556698327 0.1825273116816061 102
1627556698405 0.18232905345338898 103
1627556698491 0.18216147242976663 104
1627556698570 0.18196926250199605 105
1627556698655 0.18180741108286627 106
1627556698731 0.1816500596132684 107
1627556698818 0.1814775392943078 108
1627556698931 0.18131762554634137 109
1627556699057 0.18109344705866048 110
1627556699193 0.1808538268404979 111
1627556699347 0.18051453147325164 112
1627556699491 0.18022005092456864 113
1627556699576 0.1800552740400175 114
1627556699651 0.17988938688625594 115
1627556699733 0.17973414360374032 116
1627556699810 0.17957088859645262 117
1627556699898 0.17936608143403485 118
1627556699974 0.17921540805627376 119
1627556700065 0.17905756891680397 120
1627556700143 0.1789083138436214 121
1627556700230 0.17876495613607776 122
1627556700320 0.17856152028062627 123
1627556700417 0.1782274847114639 124
1627556700493 0.17807918792678665 125
1627556700588 0.17777566707046386 126
1627556700660 0.17765719966645074 127
1627556700759 0.17738021634065718 128
1627556700841 0.1772200069845821 129
1627556700928 0.17703660164256987 130
1627556701015 0.1769016967039261 131
1627556701165 0.17657751687527556 132
1627556701270 0.17643491739827516 133
1627556701361 0.17629272644111804 134
1627556701431 0.17616222908774656 135
1627556701512 0.17600214956750312 136
1627556701593 0.17585860834066297 137
1627556701689 0.17567295585687218 138
1627556701779 0.17548985272794185 139
1627556701858 0.17535350338660396 140
1627556701951 0.17512142631851027 141
1627556702030 0.1749794275790816 142
1627556702107 0.1748348822290124 143
1627556702190 0.17469078186016418 144
1627556702286 0.1745287120044959 145
1627556702367 0.17438796514434168 146
1627556702463 0.17426119498249049 147
1627556702546 0.17413505166358365 148
1627556702611 0.17401675642315076 149
1627556702674 0.17387593161589388 150
1627556702730 0.17377119839514002 151
1627556702818 0.1736382016333965 152
1627556702894 0.17348415010718898 153
1627556702981 0.17328379068684574 154
1627556703073 0.17314204083316956 155
1627556703172 0.17297823763453765 156
1627556703256 0.17284951326361464 157
1627556703322 0.17272464450244396 158
1627556703419 0.17253341100473465 159
1627556703503 0.1723968034524341 160
1627556703593 0.1722719085508252 161
1627556703676 0.17212979386037344 162
1627556703768 0.17191540666258856 163
1627556703846 0.17179652756542585 164
1627556703951 0.17157528753505052 165
1627556704018 0.1714485887330685 166
1627556704102 0.1712797767439245 167
1627556704189 0.17112269573596062 168
1627556704258 0.17100946428468627 169
1627556704346 0.1708757304282782 170
1627556704424 0.17074177168738214 171
1627556704502 0.17061938145991126 172
1627556704576 0.17050877799914715 173
1627556704638 0.17040647232497153 174
1627556704696 0.17030086841555409 175
1627556704795 0.17006043950314512 176
1627556704879 0.16994223964013583 177
1627556704941 0.1698287412871417 178
1627556705021 0.16971143246530593 179
1627556705106 0.16955087191114446 180
1627556705173 0.16943205358003108 181
1627556705246 0.16930240157449822 182
1627556705319 0.16919297261271865 183
1627556705410 0.16902327176717408 184
1627556705499 0.16890678995702899 185
1627556705572 0.16879454131966032 186
1627556705631 0.16868080023173881 187
1627556705700 0.1685597251997491 188
1627556705783 0.16839035815745323 189
1627556705848 0.16827132972559622 190
1627556705910 0.16816451102914 191
1627556705973 0.16805459175862902 192
1627556706044 0.1679501227028434 193
1627556706117 0.1678339478248929 194
1627556706197 0.16773312641889013 195
1627556706298 0.16761663387183226 196
1627556706388 0.16751728387589318 197
1627556706464 0.16740855469902935 198
1627556706529 0.16729681495071863 199
1627556706607 0.16719085862403402 200
1627556706699 0.16703331701144938 201
1627556706773 0.16692103623108945 202
1627556706842 0.16679453831714397 203
1627556706905 0.16670685894496548 204
1627556706982 0.16661198476182157 205
1627556707071 0.16650269462515385 206
1627556707154 0.16635128377388692 207
1627556707218 0.16624587060912588 208
1627556707277 0.16615325526451638 209
1627556707357 0.16605391846219683 210
1627556707427 0.16596175384056405 211
1627556707517 0.16584523100974427 212
1627556707582 0.16575564979858623 213
1627556707647 0.1656621840061599 214
1627556707745 0.16545541643487277 215
1627556707814 0.16536278592711662 216
1627556707881 0.16526319680984664 217
1627556707951 0.16515215529460364 218
1627556708012 0.16504452155982732 219
1627556708101 0.16491002605698674 220
1627556708188 0.164808245036317 221
1627556708258 0.16470464503839538 222
1627556708328 0.1646113387274129 223
1627556708390 0.16452064757526966 224
1627556708470 0.16443384507378708 225
1627556708557 0.16433772042107256 226
1627556708629 0.16422749848891582 227
1627556708698 0.16412480643787888 228
1627556708828 0.16395978574700357 229
1627556708887 0.16387434567378809 230
1627556708955 0.16377393202170187 231
1627556709110 0.1635923445969854 232
1627556709185 0.16350959150437164 233
1627556709257 0.16341873155593453 234
1627556709322 0.163327994893209 235
1627556709390 0.16324462445560198 236
1627556709471 0.16311828415339658 237
1627556709553 0.16299194212798188 238
1627556709624 0.16288354288295886 239
1627556709690 0.16279859134477012 240
1627556709753 0.16269700605915818 241
1627556709830 0.16260528066271704 242
1627556709922 0.16244203545632802 243
1627556710007 0.16234318681384619 244
1627556710078 0.16225595574044693 245
1627556710189 0.16212716659700846 246
1627556710266 0.16203361308260583 247
1627556710380 0.16194926663548975 248
1627556710446 0.16186463278531202 249
1627556710530 0.16175512876833625 250
1627556710636 0.16163347862214583 251
1627556710726 0.16154432912672073 252
1627556710812 0.16144524344417116 253
1627556710914 0.16137275220919914 254
1627556710984 0.16129205415139827 255
1627556711045 0.16120108794246701 256
1627556711128 0.1611140094005882 257
1627556711218 0.16102984007527685 258
1627556711282 0.16094542626081645 259
1627556711355 0.1608256280081941 260
1627556711431 0.16072620590326026 261
1627556711504 0.16062519544629586 262
1627556711581 0.1605292125079858 263
1627556711641 0.16045361468881975 264
1627556711734 0.1602956666920699 265
1627556711798 0.1602042926250274 266
1627556711855 0.16010938891329568 267
1627556711939 0.1600138702593029 268
1627556712039 0.1598862363500621 269
1627556712112 0.15980068005195458 270
1627556712173 0.15972573563484618 271
1627556712241 0.1596466747812787 272
1627556712297 0.15956760735409356 273
1627556712439 0.15943126864873008 274
1627556712518 0.15933883242167643 275
1627556712596 0.15922139486529477 276
1627556712669 0.15911829067150815 277
1627556712732 0.1590275219238181 278
1627556712804 0.15893644608690724 279
1627556712869 0.15884327660936148 280
1627556712941 0.15875817378307525 281
1627556713022 0.1586730116846598 282
1627556713090 0.15858060389083703 283
1627556713153 0.158497153346686 284
1627556713218 0.1584185498659895 285
1627556713306 0.15830256648797433 286
1627556713398 0.15821565956018915 287
1627556713495 0.1580946840135131 288
1627556713552 0.1580196904776661 289
1627556713605 0.15794804048428804 290
1627556713675 0.15785008315303087 291
1627556713742 0.15776847574469421 292
1627556713802 0.15769045381652236 293
1627556713912 0.1575760818788053 294
1627556714010 0.15746725434047731 295
1627556714068 0.15737689905386298 296
1627556714125 0.15729398503465358 297
1627556714189 0.1572196561951121 298
1627556714264 0.15713732630055008 299
1627556714343 0.15704521719683182 300
1627556714402 0.15696882617410732 301
1627556714470 0.15688174622385412 302
1627556714529 0.15681382932628865 303
1627556714601 0.1567196214962519 304
1627556714670 0.15664108473128863 305
1627556714738 0.1565566806452202 306
1627556714797 0.1564878367442365 307
1627556714861 0.15640502523250546 308
1627556714950 0.1562616410919727 309
1627556715006 0.15617803306785188 310
1627556715068 0.1561054771469517 311
1627556715128 0.15602303496345765 312
1627556715199 0.15594903178643513 313
1627556715269 0.15586903822006545 314
1627556715343 0.15578299267750345 315
1627556715426 0.15570429428039662 316
1627556715547 0.15561557255021283 317
1627556715626 0.15552863420382934 318
1627556715717 0.15544086309547436 319
1627556715823 0.1553522198885529 320
1627556715889 0.15526920815162945 321
1627556715940 0.155201593538822 322
1627556715991 0.15514532551396523 323
1627556716052 0.15505846760475683 324
1627556716134 0.15499092416581428 325
1627556716203 0.15490438023248576 326
1627556716269 0.15483770101906438 327
1627556716323 0.15476161318959408 328
1627556716426 0.1546559108948292 329
1627556716511 0.15457743323741532 330
1627556716581 0.15449627175638722 331
1627556716647 0.15440800837268473 332
1627556716731 0.15433258383716383 333
1627556716795 0.15426154397233513 334
1627556716847 0.1541878039605112 335
1627556716913 0.1541070318386868 336
1627556716980 0.15402330249171503 337
1627556717036 0.1539495062218206 338
1627556717113 0.15385700691041063 339
1627556717176 0.15378136448442137 340
1627556717253 0.15370955310477552 341
1627556717322 0.15363777509412485 342
1627556717383 0.1535643631518537 343
1627556717448 0.1534907060848028 344
1627556717512 0.15341687772574422 345
1627556717577 0.15334575083863203 346
1627556717653 0.15326407157057712 347
1627556717716 0.15319482006298354 348
1627556717813 0.15310508860277622 349
1627556717892 0.15304883792822815 350
1627556717964 0.1529797702883263 351
1627556718032 0.15290734064197334 352
1627556718111 0.152830062202865 353
1627556718194 0.15274775361252857 354
1627556718257 0.15268759928975387 355
1627556718329 0.15261235745013627 356
1627556718395 0.15253654521755927 357
1627556718446 0.15246938641141214 358
1627556718499 0.15240307579632803 359
1627556718585 0.1522864569316221 360
1627556718673 0.15218620326891616 361
1627556718747 0.1521052039015628 362
1627556718807 0.15204069096778033 363
1627556718874 0.1519726174376316 364
1627556718956 0.15190588114318912 365
1627556719022 0.1518255209511017 366
1627556719074 0.15176155432604277 367
1627556719178 0.15168186281961338 368
1627556719242 0.15161495048783616 369
1627556719300 0.15155626741501804 370
1627556719356 0.15149929743169727 371
1627556719425 0.15141974668418856 372
1627556719491 0.151346974436738 373
1627556719567 0.1512845895883605 374
1627556719643 0.15122727478470252 375
1627556719731 0.15116293315596244 376
1627556719784 0.15110274294698495 377
1627556719858 0.15102038220859088 378
1627556719921 0.15096594533991547 379
1627556720018 0.1508326895348407 380
1627556720093 0.15075869684904306 381
1627556720154 0.15068652110873687 382
1627556720213 0.1506171151856459 383
1627556720304 0.1505340802839075 384
1627556720369 0.15047267508172532 385
1627556720443 0.15038870415182404 386
1627556720515 0.15032221674859583 387
1627556720566 0.15025411557769808 388
1627556720645 0.1501788583324496 389
1627556720728 0.15012541901327864 390
1627556720834 0.150059138918435 391
1627556720935 0.14999324959125013 392
1627556720990 0.14992142814867246 393
1627556721079 0.14984968729418607 394
1627556721167 0.14977896128508117 395
1627556721226 0.14971193626379564 396
1627556721321 0.14957890055224124 397
1627556721412 0.14950726931388514 398
1627556721474 0.1494456679514472 399
1627556721533 0.1493768836704714 400
1627556721600 0.14929738681251503 401
1627556721659 0.14922590923037085 402
1627556721721 0.14915297686700066 403
1627556721796 0.1490554404195426 404
1627556721862 0.14898262163016426 405
1627556721930 0.1488964748462181 406
1627556721988 0.14881868802137546 407
1627556722109 0.1486958080064162 408
1627556722192 0.1486320956838999 409
1627556722285 0.14857139298464334 410
1627556722371 0.1485076338027268 411
1627556722446 0.14843462135298544 412
1627556722505 0.148360601617957 413
1627556722580 0.14827433424807931 414
1627556722639 0.14821351660468343 415
1627556722704 0.1481423619867697 416
1627556722769 0.148078717284333 417
1627556722826 0.14801800066698037 418
1627556722914 0.1479298593317895 419
1627556722974 0.14786501928260912 420
1627556723031 0.1478146477125454 421
1627556723120 0.1477429068753759 422
1627556723191 0.14767370646038133 423
1627556723245 0.14761010973017508 424
1627556723316 0.1475544782055549 425
1627556723373 0.14748954675810072 426
1627556723437 0.1474252128609295 427
1627556723510 0.14734635635199617 428
1627556723582 0.14728201501108104 429
1627556723641 0.14722384297416535 430
1627556723702 0.14714759881962114 431
1627556723791 0.14706255782671332 432
1627556723851 0.14699885328812765 433
1627556723907 0.14693334848654066 434
1627556723981 0.14684344677147837 435
1627556724038 0.14679038497261962 436
1627556724100 0.14672293454647264 437
1627556724155 0.14665775363543576 438
1627556724216 0.1465943574762578 439
1627556724271 0.14653522065753505 440
1627556724329 0.14648069934607777 441
1627556724389 0.14641931966714847 442
1627556724450 0.14635052437115495 443
1627556724507 0.1462936722546803 444
1627556724560 0.1462292083526692 445
1627556724618 0.146165891409094 446
1627556724692 0.14610702737667478 447
1627556724752 0.14603393981719942 448
1627556724810 0.1459695115628769 449
1627556724882 0.14591558282054845 450
1627556724936 0.14586891294618215 451
1627556725003 0.145805001139728 452
1627556725054 0.14575379527779084 453
1627556725118 0.14570057417791546 454
1627556725181 0.1456493668119375 455
1627556725241 0.14558319106657563 456
1627556725334 0.1455161606542611 457
1627556725413 0.14543519699559682 458
1627556725472 0.1453843776549632 459
1627556725538 0.14531918471047459 460
1627556725600 0.1452595931756265 461
1627556725695 0.1451997447255368 462
1627556725785 0.14512569788585544 463
1627556725880 0.1450539663879413 464
1627556725950 0.14497156546923076 465
1627556726019 0.14491835200866016 466
1627556726093 0.14486594248859144 467
1627556726154 0.144802057162963 468
1627556726219 0.14472995892546608 469
1627556726272 0.1446642360800107 470
1627556726339 0.14459713460524998 471
1627556726393 0.14453902895156465 472
1627556726506 0.1477429068753759 473
