1627561470229 0.5087591275763884 0
1627561470361 0.4692625209168306 1
1627561470491 0.4342507981351991 2
1627561470622 0.4034813945119467 3
1627561470775 0.37643515248894316 4
1627561470928 0.35291096803371735 5
1627561471108 0.33254180474336337 6
1627561471237 0.31492852857953973 7
1627561471417 0.2997748025102669 8
1627561471567 0.28660885499180555 9
1627561471698 0.2752479333723607 10
1627561471826 0.2655510283090646 11
1627561471948 0.257180408569918 12
1627561472068 0.25010918383402764 13
1627561472181 0.24401000813481746 14
1627561472318 0.23892084536638206 15
1627561472449 0.23455460757607552 16
1627561472571 0.23092287292503225 17
1627561472688 0.22779373859752283 18
1627561472800 0.2249843330032065 19
1627561472900 0.22254699481892085 20
1627561473042 0.22051061367098737 21
1627561473180 0.21871262617830453 22
1627561473323 0.21711316461649796 23
1627561473447 0.21541452714729212 24
1627561473551 0.21415648633531362 25
1627561473662 0.2128559735904458 26
1627561473785 0.21166553915224595 27
1627561473893 0.21056030460236638 28
1627561473999 0.20945219740589763 29
1627561474105 0.2084679933015032 30
1627561474217 0.20775153168316732 31
1627561474333 0.20692687373673754 32
1627561474434 0.20617583705762593 33
1627561474535 0.2055166404800033 34
1627561474633 0.2048675593228436 35
1627561474736 0.20370403699786938 36
1627561474844 0.20273728033179747 37
1627561474944 0.20213244359133825 38
1627561475050 0.20096737482117796 39
1627561475146 0.20033925552206253 40
1627561475268 0.19965720309724969 41
1627561475363 0.19920712772065818 42
1627561475465 0.1982099801459056 43
1627561475584 0.19759071038044704 44
1627561475712 0.1971692325743796 45
1627561475839 0.19677664492016314 46
1627561475964 0.19577469922158572 47
1627561476080 0.19482435712455273 48
1627561476175 0.1944665043183886 49
1627561476290 0.19361710820434 50
1627561476377 0.19330043765250013 51
1627561476483 0.19268986600504706 52
1627561476580 0.19230138847235628 53
1627561476677 0.19157929436952642 54
1627561476828 0.19077612260952212 55
1627561476964 0.19006145829231624 56
1627561477064 0.1897163334478381 57
1627561477170 0.1891139128004171 58
1627561477262 0.18878154220413562 59
1627561477357 0.18845728306578335 60
1627561477454 0.1881394186629197 61
1627561477597 0.18755178298299516 62
1627561477691 0.18726338956634922 63
1627561477828 0.18654335449521017 64
1627561477924 0.18625432234648326 65
1627561478019 0.18597906687206525 66
1627561478103 0.1857194712973098 67
1627561478196 0.18537814993783094 68
1627561478305 0.18500137865214078 69
1627561478405 0.18473348859076213 70
1627561478492 0.1844623597471701 71
1627561478592 0.18405500052661217 72
1627561478687 0.18371179316133399 73
1627561478802 0.18310426987900344 74
1627561478897 0.18285356022615887 75
1627561478992 0.18259380288191057 76
1627561479088 0.18231069226238186 77
1627561479174 0.18205641306074288 78
1627561479286 0.18150351415109592 79
1627561479380 0.1812063995253973 80
1627561479471 0.18098946884549832 81
1627561479563 0.18073429788542353 82
1627561479667 0.18050141254641155 83
1627561479778 0.18027629056656058 84
1627561479903 0.17981300908000977 85
1627561479991 0.17953436322943309 86
1627561480088 0.17930913604812818 87
1627561480194 0.1788970650770908 88
1627561480279 0.1786573225879319 89
1627561480358 0.17843224455251663 90
1627561480450 0.17821119130097518 91
1627561480550 0.17783419521415728 92
1627561480632 0.17760860270389656 93
1627561480717 0.17731256154537287 94
1627561480822 0.1769057205815541 95
1627561480913 0.1766855799024578 96
1627561481005 0.17636111330402948 97
1627561481097 0.1761345658190017 98
1627561481196 0.17591838973965704 99
1627561481300 0.17570663410137252 100
1627561481419 0.175496350623826 101
1627561481540 0.1752844249604988 102
1627561481622 0.17507372692956275 103
1627561481728 0.1748688201498478 104
1627561481821 0.17456415509945347 105
1627561481950 0.17435079809884674 106
1627561482095 0.17405370439310558 107
1627561482195 0.17385139428738525 108
1627561482289 0.17366681058806518 109
1627561482380 0.17346710550173672 110
1627561482464 0.17326661143887592 111
1627561482578 0.17296611609251777 112
1627561482694 0.1727864797571209 113
1627561482831 0.17259539950233135 114
1627561482965 0.17240279590065102 115
1627561483062 0.17222917820119615 116
1627561483217 0.1718669691315796 117
1627561483306 0.17167974257179772 118
1627561483400 0.17144465568966613 119
1627561483501 0.17114863517436193 120
1627561483577 0.17097203605099398 121
1627561483664 0.17078217504529625 122
1627561483756 0.17061063757315073 123
1627561483843 0.17036374388411743 124
1627561483929 0.17018506920601403 125
1627561484006 0.17002035116755362 126
1627561484104 0.16978120725153323 127
1627561484189 0.16962548564939103 128
1627561484324 0.16944871054289712 129
1627561484406 0.16928937122070323 130
1627561484488 0.16913475411374895 131
1627561484576 0.16895910581505882 132
1627561484660 0.16877737723094316 133
1627561484755 0.16860251581702074 134
1627561484838 0.16843106634071597 135
1627561484913 0.16827043317899001 136
1627561485043 0.16799565970957733 137
1627561485111 0.1678296208822603 138
1627561485201 0.16766158531326583 139
1627561485276 0.16750083639701033 140
1627561485358 0.16735703853566253 141
1627561485430 0.16719492788764378 142
1627561485506 0.16703040701496785 143
1627561485584 0.16687195429032126 144
1627561485662 0.16670837089088017 145
1627561485747 0.16655179145999613 146
1627561485877 0.1662867662939128 147
1627561485963 0.16612293120082378 148
1627561486055 0.16594348181686464 149
1627561486166 0.16578340794519597 150
1627561486274 0.16553105228685072 151
1627561486357 0.16537699552993565 152
1627561486443 0.16518208470936932 153
1627561486547 0.16503216391401057 154
1627561486636 0.16488929537099006 155
1627561486716 0.16474068193436842 156
1627561486803 0.1646025107329522 157
1627561486889 0.16446085540940414 158
1627561486969 0.16429741470358533 159
1627561487040 0.164155861776462 160
1627561487142 0.1639112797965568 161
1627561487218 0.1637867730018193 162
1627561487297 0.16365027190696088 163
1627561487376 0.16350675243575452 164
1627561487451 0.1633594549259081 165
1627561487527 0.16320896842428173 166
1627561487613 0.16304078645790154 167
1627561487690 0.1629160839760196 168
1627561487763 0.16277820666756282 169
1627561487867 0.16263638891614599 170
1627561487943 0.16249703708114993 171
1627561488023 0.1623708414031454 172
1627561488127 0.16224041852849416 173
1627561488229 0.16212124639106473 174
1627561488337 0.1620047810898388 175
1627561488457 0.1618603597484931 176
1627561488549 0.1617089328125325 177
1627561488614 0.16157239318281968 178
1627561488711 0.1614319384095247 179
1627561488789 0.16128807793442176 180
1627561488905 0.1611364689671818 181
1627561488985 0.16097921696802023 182
1627561489104 0.16084508515446447 183
1627561489184 0.16070373670206337 184
1627561489277 0.16058470838102998 185
1627561489347 0.16044262262059242 186
1627561489423 0.16030417023053645 187
1627561489514 0.16018610511322967 188
1627561489624 0.16004871115058 189
1627561489725 0.15990860194568432 190
1627561489809 0.1597964218304669 191
1627561489873 0.1596796101339711 192
1627561489957 0.15955277745816168 193
1627561490044 0.15940863436546115 194
1627561490126 0.1592856481964633 195
1627561490183 0.15916435790286224 196
1627561490245 0.1590608663004283 197
1627561490319 0.1589434772326711 198
1627561490422 0.15883685633430286 199
1627561490534 0.15872744292348287 200
1627561490627 0.15854295923919803 201
1627561490702 0.1584212599083364 202
1627561490765 0.15829756808796563 203
1627561490850 0.15814055400343308 204
1627561490952 0.15802340196175083 205
1627561491073 0.1578958669042046 206
1627561491165 0.15778630323442255 207
1627561491272 0.1575614870113449 208
1627561491369 0.1574303469896714 209
1627561491436 0.15729654307518073 210
1627561491524 0.15715893757600652 211
1627561491602 0.15703789024171982 212
1627561491664 0.15692289181620583 213
1627561491747 0.15680045806080578 214
1627561491825 0.15668507006885474 215
1627561491901 0.15656268950853533 216
1627561491972 0.1564566103111957 217
1627561492033 0.15634354638908143 218
1627561492097 0.15622238049986165 219
1627561492190 0.15608188965066927 220
1627561492270 0.15597085203715458 221
1627561492344 0.15587194090048598 222
1627561492435 0.15576470075210286 223
1627561492535 0.15566129746752905 224
1627561492656 0.15555312142500666 225
1627561492752 0.1554201764080661 226
1627561492828 0.15529998087850921 227
1627561492930 0.15517252732563094 228
1627561493020 0.15506478232464535 229
1627561493093 0.15494560303630944 230
1627561493213 0.15482195295397816 231
1627561493349 0.15469861942756985 232
1627561493492 0.15453093368690993 233
1627561493598 0.1544280248286558 234
1627561493674 0.15431246237115512 235
1627561493751 0.15420549152153143 236
1627561493872 0.15410312370954654 237
1627561493957 0.1539981475432534 238
1627561494061 0.15388981054911482 239
1627561494197 0.15377298552910143 240
1627561494251 0.1536559115524959 241
1627561494380 0.15354186120835728 242
1627561494454 0.15342189649353025 243
1627561494519 0.15331376045582218 244
1627561494599 0.1532029304720416 245
1627561494693 0.15308054984642336 246
1627561494766 0.1529776324349555 247
1627561494839 0.15288806521477022 248
1627561494910 0.15278218664818483 249
1627561494974 0.15268608153099153 250
1627561495037 0.15257880765683277 251
1627561495098 0.15246868500186822 252
1627561495160 0.15237206567945424 253
1627561495239 0.15227284336904384 254
1627561495316 0.1521634377627343 255
1627561495376 0.15206008062834628 256
1627561495453 0.15195879363342985 257
1627561495528 0.15183693426576464 258
1627561495598 0.15174139367395367 259
1627561495686 0.15162745287702742 260
1627561495793 0.15153209996295874 261
1627561495874 0.15715893757600652 262
1627561499939 0.5080535802767658 0
1627561500072 0.4686646830495555 1
1627561500205 0.43382636945738284 2
1627561500345 0.40315742788780445 3
1627561500470 0.3762328133070906 4
1627561500598 0.35279351139174986 5
1627561500719 0.332495507074807 6
1627561500843 0.31493783567175193 7
1627561500968 0.2998528259454958 8
1627561501086 0.2867506742579076 9
1627561501209 0.27544305497768184 10
1627561501354 0.2657779646756647 11
1627561501526 0.2574951255987596 12
1627561501647 0.25050268375239876 13
1627561501832 0.2444959182714644 14
1627561501949 0.23942973207645518 15
1627561502065 0.23495581389578782 16
1627561502189 0.23134233924093214 17
1627561502314 0.22820264530443943 18
1627561502425 0.22532778699814254 19
1627561502526 0.22287030918487208 20
1627561502634 0.22088060720456637 21
1627561502745 0.21912841840914837 22
1627561502851 0.21734974206738036 23
1627561503018 0.21572368641915715 24
1627561503129 0.21451853916939453 25
1627561503279 0.21330360199906898 26
1627561503407 0.21219169491893905 27
1627561503519 0.21090619775210098 28
1627561503622 0.21003809739481666 29
1627561503717 0.20905787734497283 30
1627561503821 0.2083395680554563 31
1627561503956 0.20747741618506013 32
1627561504096 0.20674299340164173 33
1627561504193 0.2060436934681572 34
1627561504317 0.2053213259767427 35
1627561504425 0.20461759605929236 36
1627561504541 0.20355618261708824 37
1627561504640 0.20298433948571193 38
1627561504771 0.20190320316693391 39
1627561504882 0.2013583139219402 40
1627561504985 0.20054933402884684 41
1627561505092 0.19956870982962982 42
1627561505203 0.19868443446981676 43
1627561505301 0.19821076072556237 44
1627561505399 0.19786944813770777 45
1627561505517 0.1972772799463886 46
1627561505623 0.19649889026181475 47
1627561505721 0.19595741546058948 48
1627561505830 0.19557440914008498 49
1627561505963 0.19466723304472686 50
1627561506062 0.1943417131665475 51
1627561506182 0.19398560539020263 52
1627561506290 0.19334385877910143 53
1627561506386 0.1930318427919482 54
1627561506511 0.19198782571631035 55
1627561506627 0.19129805767350747 56
1627561506717 0.19099811898569835 57
1627561506809 0.1906464918965238 58
1627561506903 0.19030843893109006 59
1627561507044 0.1899926061180354 60
1627561507253 0.18901991214920724 61
1627561507355 0.18874746138528214 62
1627561507491 0.18847703776776714 63
1627561507645 0.18772345481694291 64
1627561507835 0.1869318257002221 65
1627561507933 0.18660299427895832 66
1627561508036 0.1861961320584158 67
1627561508145 0.185470931042935 68
1627561508239 0.18507830501139552 69
1627561508328 0.18481371861201584 70
1627561508423 0.1845024246520906 71
1627561508511 0.1842328376933857 72
1627561508676 0.18391705304609623 73
1627561508838 0.18361763266792488 74
1627561508975 0.1833493943066628 75
1627561509065 0.18304383319954248 76
1627561509144 0.18281324358323647 77
1627561509228 0.1825757988660494 78
1627561509329 0.18233186524490524 79
1627561509428 0.18206124510500563 80
1627561509536 0.18183614238439524 81
1627561509637 0.1815407371838366 82
1627561509758 0.1810424143182786 83
1627561509849 0.18080641914891965 84
1627561509986 0.1802566689282553 85
1627561510075 0.18000511592772914 86
1627561510179 0.17976457172046698 87
1627561510282 0.1795355505004006 88
1627561510371 0.1793066939643419 89
1627561510456 0.17907965210843865 90
1627561510563 0.17855840282951546 91
1627561510657 0.17813873117280918 92
1627561510786 0.17784219150967404 93
1627561510883 0.17756477951876237 94
1627561510988 0.17714682635101053 95
1627561511061 0.1769373303736659 96
1627561511164 0.17671453375582732 97
1627561511273 0.17650564110888134 98
1627561511382 0.1762727934394656 99
1627561511496 0.17605650321933683 100
1627561511614 0.17565364586889776 101
1627561511736 0.17521456238125668 102
1627561511830 0.17502002450996096 103
1627561511961 0.17482425379081723 104
1627561512113 0.17462371314381153 105
1627561512252 0.1743080436026333 106
1627561512337 0.1741149170391328 107
1627561512479 0.17392259223101572 108
1627561512633 0.17357882788031614 109
1627561512721 0.17334185734360175 110
1627561512799 0.17314182699166353 111
1627561512880 0.1729598497831293 112
1627561512965 0.1727686826918844 113
1627561513073 0.17257070864966725 114
1627561513210 0.17234348393355522 115
1627561513317 0.17216604041553707 116
1627561513409 0.17195132386145934 117
1627561513524 0.17176202886716133 118
1627561513632 0.17158643941530297 119
1627561513733 0.17140184284176002 120
1627561513848 0.17122467198576644 121
1627561513911 0.17106064312029132 122
1627561514011 0.1708775537820867 123
1627561514106 0.17062441102098008 124
1627561514227 0.17034193220256869 125
1627561514310 0.17016654603983844 126
1627561514406 0.16993211654976015 127
1627561514521 0.16965795376812592 128
1627561514605 0.16948830185183958 129
1627561514709 0.16930154935050157 130
1627561514787 0.16914106488830133 131
1627561514901 0.16885480883319734 132
1627561514985 0.16868143671279498 133
1627561515081 0.16852120883807958 134
1627561515145 0.16837402263178167 135
1627561515229 0.16819567156317497 136
1627561515308 0.16803926076455183 137
1627561515381 0.16787830189157635 138
1627561515464 0.16770590005038363 139
1627561515540 0.16754921242702894 140
1627561515634 0.16731180262774092 141
1627561515704 0.16715525113690125 142
1627561515797 0.1670130015013627 143
1627561515915 0.1668534105351877 144
1627561516009 0.16668885384060123 145
1627561516139 0.16652739474703812 146
1627561516263 0.1662533462272095 147
1627561516347 0.16609655031912984 148
1627561516432 0.16594089665226203 149
1627561516503 0.1657961840654232 150
1627561516587 0.16563341605488802 151
1627561516655 0.1655019385136753 152
1627561516734 0.1653535527938525 153
1627561516815 0.1652027381658357 154
1627561516890 0.16505526164060266 155
1627561516964 0.16490275226920914 156
1627561517042 0.1647411698791305 157
1627561517141 0.16459928676441257 158
1627561517198 0.16447019137517463 159
1627561517278 0.16433503842731498 160
1627561517345 0.16420205100949523 161
1627561517452 0.1639745265422059 162
1627561517541 0.1637937161135769 163
1627561517622 0.16365770338070168 164
1627561517684 0.1635262878660806 165
1627561517758 0.16338725679766236 166
1627561517840 0.16322812554569585 167
1627561517912 0.1631033986090969 168
1627561517981 0.1629583667516419 169
1627561518066 0.16280264662612562 170
1627561518144 0.1626526620559343 171
1627561518229 0.16252004416840776 172
1627561518314 0.1623673172126236 173
1627561518392 0.162213348160754 174
1627561518478 0.16206866635857564 175
1627561518578 0.1618711428987649 176
1627561518652 0.16173109381605413 177
1627561518730 0.1616154558076255 178
1627561518806 0.16146734849766964 179
1627561518883 0.16131773132276075 180
1627561518956 0.16119067088713146 181
1627561519027 0.16108237247764048 182
1627561519100 0.16094640494617368 183
1627561519173 0.16080772741877083 184
1627561519242 0.16067218373587255 185
1627561519311 0.16053726463352913 186
1627561519416 0.16039519665201693 187
1627561519501 0.1602752006858081 188
1627561519579 0.16015192651138221 189
1627561519644 0.16002158734604102 190
1627561519732 0.15991874762651903 191
1627561519823 0.15974772844241342 192
1627561519893 0.1596278054687826 193
1627561519965 0.15949999380456756 194
1627561520046 0.15934178593439188 195
1627561520118 0.15922748017026583 196
1627561520182 0.15911774467172524 197
1627561520279 0.1589750069639709 198
1627561520342 0.15887573738145291 199
1627561520424 0.1587405443632065 200
1627561520515 0.15860597674338162 201
1627561520578 0.15848787140070544 202
1627561520656 0.15835872719094804 203
1627561520750 0.15818269839835766 204
1627561520817 0.15806306121360614 205
1627561520901 0.15794243888138332 206
1627561520987 0.15781963370493926 207
1627561521093 0.15762794712161585 208
1627561521172 0.15749365054760386 209
1627561521238 0.15737118287852048 210
1627561521302 0.15726360475777523 211
1627561521374 0.15714105593907382 212
1627561521461 0.15699914660185751 213
1627561521529 0.15687465175691206 214
1627561521605 0.15675255911661834 215
1627561521665 0.15664514106193717 216
1627561521740 0.1565366183242353 217
1627561521806 0.15641727547303869 218
1627561521865 0.156298966178867 219
1627561521965 0.15612146128944962 220
1627561522032 0.15601076917914947 221
1627561522094 0.1559010033836965 222
1627561522218 0.15574191856842365 223
1627561522293 0.1556330918169021 224
1627561522373 0.15552227226791926 225
1627561522453 0.15541294992682206 226
1627561522534 0.15527566054513622 227
1627561522600 0.15516099842759354 228
1627561522676 0.15504736996393528 229
1627561522745 0.15492901314226268 230
1627561522814 0.15481829843986705 231
1627561522888 0.15471673786708917 232
1627561522969 0.15460603530660497 233
1627561523050 0.15448682373973815 234
1627561523119 0.1543696461647666 235
1627561523193 0.15424171612747045 236
1627561523273 0.15412720312756217 237
1627561523351 0.15402582258455524 238
1627561523417 0.15391191207490076 239
1627561523499 0.15379217126363584 240
1627561523563 0.15368220968688412 241
1627561523623 0.1535841216945614 242
1627561523702 0.1534762647366617 243
1627561523774 0.1533761447620094 244
1627561523883 0.1532662361896851 245
1627561523956 0.15316063730012686 246
1627561524018 0.1530551831593268 247
1627561524099 0.1529364513024739 248
1627561524175 0.1528397428543344 249
1627561524239 0.1527390845497321 250
1627561524329 0.152642726446065 251
1627561524391 0.1525332810719703 252
1627561524468 0.15241303726518352 253
1627561524536 0.1522983607196104 254
1627561524599 0.15218787149184826 255
1627561524677 0.15206993500377416 256
1627561524750 0.1519571237561642 257
1627561524819 0.1518489005585581 258
1627561524889 0.1517445246314065 259
1627561524949 0.1516397562506701 260
1627561525023 0.1515430298799534 261
1627561525089 0.15144315432746633 262
1627561525150 0.151356207595935 263
1627561525229 0.15124203253179141 264
1627561525300 0.1511315889363411 265
1627561525365 0.1510520903345343 266
1627561525440 0.15093405867481052 267
1627561525505 0.15082901393031778 268
1627561525566 0.15072464299589172 269
1627561525629 0.1506408271723325 270
1627561525693 0.15055490820962406 271
1627561525755 0.15046478468027089 272
1627561525814 0.15036324738887072 273
1627561525886 0.15026890644790625 274
1627561525984 0.15013183332097457 275
1627561526047 0.1500456045199415 276
1627561526123 0.14993465910077367 277
1627561526185 0.14983250630694733 278
1627561526244 0.14975242340427242 279
1627561526314 0.1496523181444811 280
1627561526406 0.14955130037313533 281
1627561526469 0.14946283215174766 282
1627561526540 0.14937396645176598 283
1627561526606 0.14927696943607 284
1627561526670 0.1491838998500121 285
1627561526732 0.14908725118284474 286
1627561526792 0.14897891377966666 287
1627561526910 0.14887742852887623 288
1627561526980 0.14877938683547795 289
1627561527052 0.14868667133727978 290
1627561527127 0.14858230598641547 291
1627561527208 0.14848144255242596 292
1627561527281 0.14838026371469476 293
1627561527346 0.14827727425193987 294
1627561527413 0.14817817624752402 295
1627561527480 0.14808013821138644 296
1627561527555 0.14797267712386028 297
1627561527628 0.1478759130540888 298
1627561527701 0.1477713957964819 299
1627561527771 0.14767884898690328 300
1627561527829 0.1475847521339198 301
1627561527888 0.14749073822485492 302
1627561527965 0.14739707724195406 303
1627561528025 0.14730003114451087 304
1627561528081 0.14721328631039288 305
1627561528144 0.14711448946934186 306
1627561528202 0.14703649727965423 307
1627561528272 0.14693481605680525 308
1627561528344 0.14683548360036638 309
1627561528415 0.1467425597252202 310
1627561528493 0.14665703497461763 311
1627561528554 0.14658521662942872 312
1627561528627 0.14648234541129396 313
1627561528700 0.14638232133668025 314
1627561528789 0.14623571020890364 315
1627561528850 0.1461296849591057 316
1627561528907 0.1460358678919723 317
1627561528977 0.1459499680317852 318
1627561529066 0.14585253429365397 319
1627561529127 0.14575795546053133 320
1627561529192 0.1456629656883744 321
1627561529252 0.14556170161301948 322
1627561529348 0.14541957870791863 323
1627561529415 0.14532375494166536 324
1627561529483 0.14523720007607402 325
1627561529544 0.1451471169267655 326
1627561529638 0.14501556516997405 327
1627561529696 0.14493258605682274 328
1627561529801 0.14483885981235675 329
1627561529867 0.14475851445255347 330
1627561529961 0.14466589482684872 331
1627561530064 0.14955130037313533 332
1627561534101 0.508757739994146 0
1627561534237 0.4692531079901275 1
1627561534365 0.43424878823741153 2
1627561534494 0.40352343654667067 3
1627561534633 0.37656353095400735 4
1627561534857 0.3530266457593704 5
1627561535033 0.3327149247992807 6
1627561535168 0.3151442639287668 7
1627561535318 0.300009519106785 8
1627561535469 0.2869814786327369 9
1627561535588 0.275624881203187 10
1627561535709 0.2660015794425202 11
1627561535832 0.25762327280511094 12
1627561535956 0.25051310287578504 13
1627561536091 0.24445689640179297 14
1627561536239 0.23928431985650434 15
1627561536365 0.2349037007185786 16
1627561536506 0.23127896615132548 17
1627561536622 0.22805949658994573 18
1627561536731 0.22520198946227388 19
1627561536834 0.22277722374936593 20
1627561536948 0.22067400463756365 21
1627561537063 0.21883661247929398 22
1627561537167 0.21715070182086235 23
1627561537278 0.2156745797785589 24
1627561537382 0.21446508907872147 25
1627561537486 0.21319854048177864 26
1627561537589 0.2121422429560731 27
1627561537701 0.21112992485846482 28
1627561537807 0.20997918608637828 29
1627561537908 0.20911245450634527 30
1627561538041 0.20830974292223348 31
1627561538142 0.2073920724895363 32
1627561538251 0.20644256150481968 33
1627561538350 0.2057922790353048 34
1627561538466 0.20509316301681463 35
1627561538577 0.20399308954469936 36
1627561538697 0.2030605031920363 37
1627561538793 0.20244871715612253 38
1627561538888 0.20165540523618727 39
1627561538985 0.2011791497852708 40
1627561539077 0.20036135266389857 41
1627561539174 0.19984831810789733 42
1627561539279 0.19888908663772964 43
1627561539388 0.19828065341759496 44
1627561539526 0.19768527558740479 45
1627561539687 0.19728778632788 46
1627561539797 0.19619488584435488 47
1627561539910 0.19571644793051482 48
1627561540004 0.19533247308121396 49
1627561540156 0.19416923684948373 50
1627561540264 0.19376937342269027 51
1627561540360 0.1934455585582 52
1627561540471 0.19231367178877162 53
1627561540562 0.19192077930798565 54
1627561540674 0.19113453453095208 55
1627561540784 0.19066981085296042 56
1627561540886 0.19035629080942398 57
1627561541059 0.18959840929328636 58
1627561541157 0.1892436375757746 59
1627561541243 0.18892363484329938 60
1627561541428 0.18822660033933095 61
1627561541603 0.18772110001076997 62
1627561541703 0.18743424658807753 63
1627561541817 0.18677878413977445 64
1627561541910 0.18644958710068124 65
1627561541999 0.18615669011142597 66
1627561542093 0.1858614819116254 67
1627561542180 0.18557302302535406 68
1627561542274 0.18530685688587317 69
1627561542382 0.18489877148536732 70
1627561542464 0.18462758801848617 71
1627561542561 0.18430250181640173 72
1627561542657 0.1838954371003255 73
1627561542749 0.18357365416372376 74
1627561542838 0.18328571714890868 75
1627561542934 0.18292003842836366 76
1627561543025 0.1826646746738598 77
1627561543156 0.18223152937094272 78
1627561543261 0.18198176588677742 79
1627561543376 0.18140515664807408 80
1627561543484 0.1808638650459864 81
1627561543582 0.1806223684508138 82
1627561543707 0.18039227015122067 83
1627561543801 0.18013450100986292 84
1627561543911 0.17966221662327658 85
1627561543993 0.1794406898811979 86
1627561544087 0.1791989297947547 87
1627561544209 0.17885015904435556 88
1627561544292 0.17862010549537788 89
1627561544384 0.1783207699417332 90
1627561544488 0.1780691859988149 91
1627561544583 0.1778561524257055 92
1627561544670 0.17762931817793573 93
1627561544752 0.17733178649822132 94
1627561544852 0.17704802561673533 95
1627561544948 0.17673557730816572 96
1627561545033 0.17651501740901077 97
1627561545110 0.17631747191670746 98
1627561545198 0.17611708675204568 99
1627561545319 0.17589236284719847 100
1627561545488 0.17547178990891674 101
1627561545603 0.1751222213641907 102
1627561545676 0.1749193245556257 103
1627561545746 0.174729645138975 104
1627561545830 0.17452027621124924 105
1627561545918 0.17431029413903998 106
1627561545980 0.1741259989528794 107
1627561546078 0.1738422358855414 108
1627561546167 0.1736431767344373 109
1627561546276 0.17326927466222433 110
1627561546355 0.17306774063551147 111
1627561546428 0.17289132251829867 112
1627561546508 0.17269799911935743 113
1627561546596 0.17252282610476652 114
1627561546697 0.17233219981359824 115
1627561546765 0.17216799227147708 116
1627561546855 0.17199578226233836 117
1627561546932 0.17182850842260775 118
1627561547031 0.17154566067116883 119
1627561547192 0.1712347883552932 120
1627561547312 0.1710629341873317 121
1627561547440 0.17088237518548782 122
1627561547577 0.17072416513217387 123
1627561547660 0.17050231473145838 124
1627561547738 0.1703379502691602 125
1627561547819 0.1701847142591731 126
1627561547907 0.16999293132355164 127
1627561547985 0.1698302836271854 128
1627561548068 0.16965420989034663 129
1627561548210 0.16941967929896978 130
1627561548285 0.16926177237498807 131
1627561548362 0.16908440537526787 132
1627561548439 0.16891541670114324 133
1627561548522 0.16874349132238306 134
1627561548593 0.16858297298356922 135
1627561548677 0.1684036456580597 136
1627561548759 0.16820840380736227 137
1627561548891 0.1680067394691832 138
1627561548990 0.1678422231528881 139
1627561549064 0.16768834354068848 140
1627561549137 0.16755364263791755 141
1627561549204 0.16740967584553515 142
1627561549295 0.16720090244948546 143
1627561549366 0.16705343897834324 144
1627561549447 0.1668774386885235 145
1627561549535 0.16672968698546153 146
1627561549638 0.16648369494570578 147
1627561549703 0.1663353277203191 148
1627561549788 0.16618813314923886 149
1627561549851 0.16603110505017424 150
1627561549914 0.1658958282366582 151
1627561550020 0.16558380498165576 152
1627561550112 0.16539744104741025 153
1627561550179 0.16525074097516812 154
1627561550271 0.16507028715907426 155
1627561550372 0.16491457380207164 156
1627561550483 0.16476473872001327 157
1627561550613 0.16463420574216533 158
1627561550745 0.16448929221273362 159
1627561550864 0.16431468466311827 160
1627561550939 0.16418246106003317 161
1627561551003 0.16405332750201185 162
1627561551151 0.16384376789939326 163
1627561551229 0.1637051254637991 164
1627561551300 0.16355754636280867 165
1627561551363 0.16342467306273478 166
1627561551443 0.163299950964367 167
1627561551513 0.1631662269802037 168
1627561551573 0.16304160671679643 169
1627561551633 0.16291157711478724 170
1627561551715 0.16276740618482494 171
1627561551794 0.1626325296214912 172
1627561551865 0.1624862865098306 173
1627561551930 0.16234082355494864 174
1627561552008 0.1621745842656467 175
1627561552123 0.16204262526354396 176
1627561552215 0.16191454367764305 177
1627561552275 0.1617883756703014 178
1627561552383 0.16164239963968885 179
1627561552453 0.16149290058187324 180
1627561552540 0.16135073221014617 181
1627561552633 0.1611693808814385 182
1627561552708 0.161019866521455 183
1627561552768 0.160888017528959 184
1627561552847 0.16076409326940308 185
1627561552910 0.16064247119872002 186
1627561552985 0.1605106712727127 187
1627561553068 0.16035443478904748 188
1627561553157 0.16019466658556153 189
1627561553237 0.1600773915967261 190
1627561553303 0.15996477990953098 191
1627561553379 0.1598306710788239 192
1627561553465 0.15969076330438162 193
1627561553541 0.15956143431129755 194
1627561553649 0.15943842523143853 195
1627561553752 0.15930270893855847 196
1627561553835 0.15915724718013674 197
1627561553924 0.15902872307599647 198
1627561554004 0.158894728573807 199
1627561554081 0.158766706655699 200
1627561554161 0.1586438661672088 201
1627561554260 0.15846706118367324 202
1627561554325 0.1583396443604295 203
1627561554395 0.15822519721294465 204
1627561554466 0.15809871167562853 205
1627561554543 0.15797787043725517 206
1627561554619 0.15785211755559406 207
1627561554688 0.15775234470952204 208
1627561554751 0.15764690630333114 209
1627561554821 0.15752537137851902 210
1627561554902 0.15739973882771308 211
1627561554963 0.15727303624072803 212
1627561555050 0.157149667191977 213
1627561555109 0.15702737075666537 214
1627561555180 0.15691447188160507 215
1627561555277 0.15672069351190995 216
1627561555368 0.15651224201258174 217
1627561555436 0.1563986318548571 218
1627561555509 0.15627475594600015 219
1627561555594 0.15612032638650786 220
1627561555667 0.15600407815500217 221
1627561555748 0.1558827583264484 222
1627561555853 0.1557441969802204 223
1627561555945 0.15563458982842712 224
1627561556025 0.15550387701483287 225
1627561556102 0.15539113258417941 226
1627561556159 0.15529253531322182 227
1627561556232 0.1551701186275166 228
1627561556319 0.15505136231817043 229
1627561556381 0.15494466369767018 230
1627561556448 0.15483505184633634 231
1627561556535 0.15472048170430933 232
1627561556597 0.15462330689195636 233
1627561556687 0.1544499583041461 234
1627561556752 0.15434356001609495 235
1627561556821 0.15424627281943734 236
1627561556900 0.1541216010969273 237
1627561556980 0.15402228596819972 238
1627561557038 0.1539174783165867 239
1627561557103 0.15381932560761785 240
1627561557193 0.1537033655904649 241
1627561557300 0.15360803796450795 242
1627561557358 0.15351744220705857 243
1627561557421 0.15340687336651887 244
1627561557493 0.15328955586756698 245
1627561557555 0.15318172212797107 246
1627561557619 0.1530822890678464 247
1627561557702 0.15296971079357738 248
1627561557764 0.15286459696734148 249
1627561557842 0.15275725043671798 250
1627561557913 0.1526467903261276 251
1627561557977 0.15253499795527561 252
1627561558041 0.1524236706650255 253
1627561558132 0.1522767400901333 254
1627561558197 0.15217028741057226 255
1627561558259 0.15206559579861184 256
1627561558331 0.1519676692731004 257
1627561558394 0.15186705962803818 258
1627561558456 0.15177109750553197 259
1627561558533 0.15164952036918794 260
1627561558640 0.15154191312636167 261
1627561558714 0.15144535310783713 262
1627561558805 0.15134296805108607 263
1627561558890 0.15122969496030084 264
1627561558975 0.15109055388441436 265
1627561559056 0.15095817108959653 266
1627561559150 0.15080753488503748 267
1627561559221 0.15070432181999263 268
1627561559329 0.1505938728838527 269
1627561559442 0.15050094841228712 270
1627561559546 0.1504012077619799 271
1627561559608 0.15029175192144179 272
1627561559671 0.15019444385725542 273
1627561559748 0.15009327926321844 274
1627561559838 0.14998212416328346 275
1627561559911 0.14988848401085256 276
1627561559993 0.14977605646023298 277
1627561560062 0.14967894052975533 278
1627561560123 0.14958881428716306 279
1627561560187 0.14948250149667835 280
1627561560265 0.14938398443199197 281
1627561560327 0.1492831624752877 282
1627561560384 0.14918454236043432 283
1627561560458 0.14907768481413644 284
1627561560521 0.1489759417730249 285
1627561560599 0.14886121608641323 286
1627561560663 0.1487581583689869 287
1627561560732 0.1486573458091998 288
1627561560797 0.1485722691045879 289
1627561560884 0.14845732384990792 290
1627561560969 0.148351609392736 291
1627561561030 0.14825374915180212 292
1627561561112 0.1481590254561388 293
1627561561175 0.14806389256591077 294
1627561561241 0.14795953822165794 295
1627561561305 0.14787165592540072 296
1627561561372 0.14776630063337562 297
1627561561438 0.14768543290146888 298
1627561561509 0.14760049568697198 299
1627561561585 0.14751474394629732 300
1627561561647 0.14741824561613032 301
1627561561716 0.1473171533780848 302
1627561561788 0.1472270051511564 303
1627561561870 0.14710594857976853 304
1627561561941 0.1470190338915139 305
1627561562008 0.146921633398503 306
1627561562081 0.14682733547893306 307
1627561562160 0.14671437670026968 308
1627561562220 0.1466389747434865 309
1627561562279 0.14654173719511646 310
1627561562344 0.1464382120167046 311
1627561562420 0.14634678833975093 312
1627561562494 0.1462448814769147 313
1627561562551 0.1461551704123952 314
1627561562634 0.1460639144484172 315
1627561562695 0.14596494901910634 316
1627561562755 0.14586968998411212 317
1627561562864 0.15080753488503748 318
1627561566885 0.5068196405577845 0
1627561567020 0.4676032867700108 1
1627561567154 0.432859852102264 2
1627561567289 0.4023696445780397 3
1627561567417 0.3754497513478143 4
1627561567591 0.3520250656036398 5
1627561567723 0.3317675140661871 6
1627561567859 0.3142359108250869 7
1627561567990 0.2991393017145165 8
1627561568112 0.286075229194807 9
1627561568270 0.27483034596017686 10
1627561568477 0.2651887575523198 11
1627561568595 0.25688917347137513 12
1627561568713 0.2499128424336446 13
1627561568826 0.2438950021538454 14
1627561569010 0.23885464801329392 15
1627561569119 0.23448653307333672 16
1627561569259 0.23089296684225416 17
1627561569385 0.22781391287248715 18
1627561569498 0.22494746342779146 19
1627561569607 0.2224118791752244 20
1627561569714 0.22034926825157056 21
1627561569882 0.21847101407253405 22
1627561570014 0.21675413663774587 23
1627561570175 0.21528862474453028 24
1627561570287 0.21414557386385022 25
1627561570389 0.21288123192493263 26
1627561570491 0.21181219375480598 27
1627561570598 0.21064369049019763 28
1627561570695 0.2096258624147439 29
1627561570792 0.2086457887526609 30
1627561570899 0.2079264148992218 31
1627561571008 0.20700479179617567 32
1627561571113 0.205939775877314 33
1627561571210 0.2053774471294848 34
1627561571302 0.204461986346705 35
1627561571408 0.20327560126226166 36
1627561571523 0.20240024958951577 37
1627561571672 0.2017425363525469 38
1627561571784 0.20108754737307852 39
1627561571881 0.20055498669369445 40
1627561571979 0.19969731485872122 41
1627561572074 0.19888663036868362 42
1627561572177 0.19824517658658164 43
1627561572281 0.19770705658727278 44
1627561572419 0.19730976563570912 45
1627561572594 0.19646922488247673 46
1627561572763 0.1957901220084187 47
1627561572884 0.19486032061426256 48
1627561573022 0.1945262098897525 49
1627561573161 0.19341499385727767 50
1627561573264 0.19306452639386826 51
1627561573383 0.19254066288111313 52
1627561573516 0.1917877769963125 53
1627561573604 0.19136725767931803 54
1627561573718 0.19091137605224265 55
1627561573825 0.19055182972244372 56
1627561573934 0.19024830454925892 57
1627561574110 0.18966077801908843 58
1627561574255 0.1892355929405945 59
1627561574364 0.18892133679269874 60
1627561574457 0.18859739273769377 61
1627561574607 0.18790602873954745 62
1627561574702 0.18762376832989097 63
1627561574801 0.18735382269105122 64
1627561574896 0.1870617740060049 65
1627561575041 0.18675838343414763 66
1627561575180 0.18644662307433782 67
1627561575359 0.18575183409669507 68
1627561575466 0.18528979740315638 69
1627561575574 0.18491136740676242 70
1627561575669 0.18463684520196752 71
1627561575782 0.18416144887889638 72
1627561575881 0.18388083937860625 73
1627561575976 0.18357200502172688 74
1627561576088 0.18331654398380992 75
1627561576190 0.18305661715803986 76
1627561576281 0.1827903099120709 77
1627561576373 0.1824550026313984 78
1627561576472 0.1819207168551066 79
1627561576571 0.1816685044359402 80
1627561576679 0.181146779859744 81
1627561576772 0.18088397822265997 82
1627561576918 0.18039290561031704 83
1627561577009 0.18016602408516807 84
1627561577122 0.17990790498434625 85
1627561577214 0.179671207567437 86
1627561577310 0.17943907564072176 87
1627561577406 0.17921153259435818 88
1627561577490 0.17897098764098796 89
1627561577575 0.17868188952773173 90
1627561577663 0.17841480665578413 91
1627561577759 0.1781806405753698 92
1627561577853 0.1778381513800538 93
1627561577943 0.17760569264560983 94
1627561578047 0.17733707537732346 95
1627561578131 0.17712840393441842 96
1627561578283 0.1768260066020029 97
1627561578367 0.17661458995079707 98
1627561578478 0.17640645779062356 99
1627561578600 0.17619683542448936 100
1627561578706 0.17586329370246506 101
1627561578828 0.17544954703645832 102
1627561578903 0.1752534188599705 103
1627561578979 0.1750461010288907 104
1627561579068 0.17484720963891276 105
1627561579148 0.1746458448961428 106
1627561579247 0.17441602696845435 107
1627561579343 0.17422116083343428 108
1627561579447 0.17383607813963256 109
1627561579606 0.17348411437754738 110
1627561579694 0.1732612112498496 111
1627561579828 0.17307110792026745 112
1627561579915 0.17287423838966148 113
1627561580038 0.17268634908335292 114
1627561580132 0.1724688884417484 115
1627561580217 0.1722807346391484 116
1627561580314 0.17203351611025453 117
1627561580399 0.1718372172511563 118
1627561580496 0.1716220722092215 119
1627561580598 0.17137177215705857 120
1627561580689 0.17116163064937745 121
1627561580762 0.17098172727329003 122
1627561580844 0.17080612627621516 123
1627561580950 0.17046946823165793 124
1627561581075 0.17029010073658007 125
1627561581217 0.1701164632582161 126
1627561581392 0.16988809966569657 127
1627561581521 0.1697195480923262 128
1627561581647 0.16955209829367782 129
1627561581768 0.16940131916292767 130
1627561581838 0.16925541394199733 131
1627561581926 0.16902020683221775 132
1627561582038 0.16884850156963643 133
1627561582133 0.1686878744198427 134
1627561582211 0.16851445803398582 135
1627561582287 0.16834056033534814 136
1627561582367 0.16817754728018713 137
1627561582452 0.1680027534927788 138
1627561582548 0.16785367054103797 139
1627561582622 0.16771185177218798 140
1627561582714 0.16743489389797644 141
1627561582788 0.16727958767477988 142
1627561582867 0.16711474600667453 143
1627561582933 0.16696878220761516 144
1627561583006 0.16680598091612342 145
1627561583092 0.16664918637809453 146
1627561583210 0.16642212808676782 147
1627561583320 0.16627371968287638 148
1627561583404 0.16611945947622966 149
1627561583469 0.16597150157117818 150
1627561583594 0.1656828593244123 151
1627561583676 0.1655272020087413 152
1627561583771 0.1653747235075916 153
1627561583837 0.16522967226328653 154
1627561583932 0.16505591932480676 155
1627561584013 0.16491976838836414 156
1627561584086 0.16476727083794449 157
1627561584170 0.1646411969079478 158
1627561584245 0.1644931110164691 159
1627561584326 0.1643509959384223 160
1627561584401 0.16418191066122645 161
1627561584472 0.16406372419398024 162
1627561584565 0.1638951207798249 163
1627561584699 0.1637381263736131 164
1627561584808 0.1635823303169207 165
1627561584871 0.1634487415671467 166
1627561584951 0.16330034324845616 167
1627561585069 0.1631690668642353 168
1627561585148 0.16302422415518228 169
1627561585221 0.16288686515251707 170
1627561585292 0.16274015869918187 171
1627561585357 0.16259691868796014 172
1627561585425 0.16245288250401152 173
1627561585497 0.16230948167632508 174
1627561585575 0.16215544304292012 175
1627561585653 0.16202795749210788 176
1627561585749 0.16181181689646493 177
1627561585827 0.16167440479098885 178
1627561585908 0.16151284297381246 179
1627561585989 0.1613726360615607 180
1627561586060 0.16123818852991148 181
1627561586136 0.16108446683161184 182
1627561586203 0.1609647945414469 183
1627561586278 0.16082573324332447 184
1627561586361 0.16063526844798406 185
1627561586423 0.16051559018475064 186
1627561586489 0.16038743969473288 187
1627561586571 0.16025958074479743 188
1627561586662 0.16013263317089851 189
1627561586743 0.16000279539550782 190
1627561586813 0.1598846476307281 191
1627561586877 0.15975609159173199 192
1627561586967 0.1596149276405084 193
1627561587029 0.15947415535229803 194
1627561587102 0.15935697778950303 195
1627561587165 0.15923603732387218 196
1627561587250 0.1590908207663353 197
1627561587320 0.15897685777680526 198
1627561587390 0.15886169498809188 199
1627561587480 0.15871942965485478 200
1627561587556 0.15858171287510311 201
1627561587642 0.15840840316700833 202
1627561587734 0.15828473241607777 203
1627561587829 0.15815252274415215 204
1627561587898 0.15802768322297758 205
1627561588011 0.1579034456740813 206
1627561588157 0.15772723271368047 207
1627561588229 0.1576162572936856 208
1627561588313 0.157486188218122 209
1627561588384 0.15736359370307879 210
1627561588454 0.15724759057599325 211
1627561588532 0.15711254743543795 212
1627561588614 0.15699711609419748 213
1627561588698 0.1568681204588625 214
1627561588787 0.15675870099318476 215
1627561588866 0.15661821419562885 216
1627561588949 0.1564760776480895 217
1627561589030 0.15635185936092105 218
1627561589096 0.15624551440518672 219
1627561589201 0.15604711697206924 220
1627561589278 0.15591858638402945 221
1627561589358 0.1558086235330239 222
1627561589466 0.15569742770077352 223
1627561589554 0.15558382029394108 224
1627561589625 0.1554764669491658 225
1627561589738 0.15536448122145455 226
1627561589836 0.15524537003425856 227
1627561589910 0.1551284683851932 228
1627561590028 0.15501175198836156 229
1627561590119 0.15489701729231867 230
1627561590207 0.1547946538341456 231
1627561590273 0.15470174772126996 232
1627561590362 0.15457984583417927 233
1627561590446 0.15447884135573403 234
1627561590538 0.15436294043751064 235
1627561590629 0.15423839068132267 236
1627561590717 0.15411669349387647 237
1627561590799 0.15400570594992075 238
1627561590877 0.1538824317793655 239
1627561590957 0.15376337366495338 240
1627561591021 0.1536533172056565 241
1627561591086 0.15355169184046671 242
1627561591171 0.15341103227926703 243
1627561591233 0.15329130377817776 244
1627561591310 0.15318215921416062 245
1627561591408 0.1530554062986255 246
1627561591480 0.15295171180553557 247
1627561591548 0.15285000763150688 248
1627561591653 0.15275581198318125 249
1627561591781 0.15263880792920637 250
1627561591859 0.15252600269121802 251
1627561591938 0.1524215806899818 252
1627561592007 0.1522986833027369 253
1627561592093 0.1521850562637482 254
1627561592162 0.15207675433005766 255
1627561592237 0.15195656902718 256
1627561592322 0.15182963963064947 257
1627561592398 0.15170184802800052 258
1627561592465 0.1516005709637469 259
1627561592526 0.15150390587866885 260
1627561592601 0.1513910209238794 261
1627561592675 0.1512839700767718 262
1627561592745 0.1511861356023904 263
1627561592804 0.15107717073950702 264
1627561592903 0.1509644273605548 265
1627561592967 0.15087835314282905 266
1627561593040 0.15077400682084413 267
1627561593109 0.15066803323968136 268
1627561593196 0.1505532849817442 269
1627561593289 0.1504609042822627 270
1627561593363 0.15036401639245256 271
1627561593426 0.1502617062211342 272
1627561593491 0.15015140733479826 273
1627561593576 0.15569742770077352 274
1627561597700 0.5095869156078348 0
1627561597830 0.47001246025497895 1
1627561597962 0.43497706908229433 2
1627561598091 0.404247626193354 3
1627561598221 0.37716233334879684 4
1627561598358 0.3535891453742617 5
1627561598484 0.33315896406436424 6
1627561598615 0.3154558006324194 7
1627561598795 0.30021843494561345 8
1627561598928 0.28709279707069246 9
1627561599050 0.27572984616684065 10
1627561599173 0.2660371179826443 11
1627561599293 0.25768484133491987 12
1627561599415 0.2506591624642469 13
1627561599539 0.24460062448569062 14
1627561599658 0.2394698268971125 15
1627561599777 0.23506715396186748 16
1627561599907 0.23140823636144767 17
1627561600022 0.22830390184230334 18
1627561600132 0.22546444769976637 19
1627561600243 0.2230845547608003 20
1627561600355 0.22102999506326498 21
1627561600473 0.2191835415517789 22
1627561600586 0.21757769809427438 23
1627561600698 0.21602975912289946 24
1627561600803 0.21471472688819088 25
1627561600909 0.2133715633250385 26
1627561601009 0.21227353305079838 27
1627561601112 0.21112252240338727 28
1627561601221 0.2101451449222334 29
1627561601322 0.2092855445395783 30
1627561601426 0.20857016325414657 31
1627561601534 0.2077846126708584 32
1627561601639 0.20673486954217338 33
1627561601732 0.20594858498606317 34
1627561601832 0.20494692873296091 35
1627561601932 0.2038134303272309 36
1627561602034 0.2028409835384665 37
1627561602135 0.2019467444110408 38
1627561602233 0.20124685469510134 39
1627561602325 0.20067466829182173 40
1627561602411 0.19999455223361134 41
1627561602503 0.19916407546622927 42
1627561602601 0.19865607291935897 43
1627561602713 0.19800340822762635 44
1627561602814 0.19747838528687234 45
1627561602920 0.1970312332591892 46
1627561603010 0.19648560299291923 47
1627561603125 0.19557320586899252 48
1627561603222 0.19521945348333866 49
1627561603330 0.1941695550765264 50
1627561603416 0.19381414849542522 51
1627561603518 0.19319303415782973 52
1627561603628 0.19217160085975077 53
1627561603735 0.19153053900425146 54
1627561603835 0.19105705624955382 55
1627561603934 0.1906336300103502 56
1627561604012 0.190310546342228 57
1627561604113 0.18974228338237825 58
1627561604205 0.1894096040888623 59
1627561604295 0.18908395237110742 60
1627561604403 0.18863013479557747 61
1627561604496 0.18834223133181546 62
1627561604580 0.18802144790596562 63
1627561604681 0.18752031573986858 64
1627561604778 0.18714863248437288 65
1627561604862 0.18685702008608437 66
1627561604953 0.18647741017304323 67
1627561605053 0.18591143961159423 68
1627561605147 0.18553767608132116 69
1627561605243 0.1852370189118303 70
1627561605332 0.18491358994654375 71
1627561605427 0.1846339201541422 72
1627561605565 0.18435885269669003 73
1627561605661 0.18409055772184546 74
1627561605774 0.18377361586379196 75
1627561605894 0.1831017389519807 76
1627561606008 0.18284082760959255 77
1627561606121 0.18259729461182952 78
1627561606239 0.182111643288295 79
1627561606338 0.18184500477490656 80
1627561606418 0.18162045157437803 81
1627561606517 0.18109702862436775 82
1627561606608 0.18074617085310044 83
1627561606714 0.1805100556819422 84
1627561606814 0.1802802913929094 85
1627561606908 0.18006720882961538 86
1627561607083 0.1795702225838256 87
1627561607205 0.17929191587103455 88
1627561607296 0.17905378428048396 89
1627561607416 0.1788320017988349 90
1627561607533 0.17858538151919962 91
1627561607671 0.17808650648793217 92
1627561607758 0.17787179032955064 93
1627561607847 0.17766346399568358 94
1627561607947 0.17728277704180498 95
1627561608024 0.17707807349905447 96
1627561608122 0.17678707121404147 97
1627561608218 0.1765696344986573 98
1627561608309 0.17635756231206715 99
1627561608417 0.17595318960578132 100
1627561608494 0.17576071052475203 101
1627561608603 0.17534589067520354 102
1627561608679 0.17514274355987938 103
1627561608759 0.17493677974727845 104
1627561608847 0.17474409416741185 105
1627561608935 0.17447910182983895 106
1627561609022 0.17429041880279428 107
1627561609122 0.17393567217538605 108
1627561609217 0.17375137648890615 109
1627561609349 0.173365870862695 110
1627561609442 0.17317534258174525 111
1627561609556 0.17293643842024495 112
1627561609641 0.17274487643423123 113
1627561609729 0.1725310701579673 114
1627561609817 0.1723429954748532 115
1627561609898 0.17216189726871348 116
1627561609976 0.17198562488955235 117
1627561610053 0.17180421878107452 118
1627561610144 0.17157312261028845 119
1627561610233 0.17139025821763312 120
1627561610303 0.17120890560240767 121
1627561610377 0.17102321912766463 122
1627561610471 0.17083354795385475 123
1627561610557 0.17064699350449777 124
1627561610646 0.17043057643737308 125
1627561610715 0.170266249369535 126
1627561610815 0.1700659731232667 127
1627561610891 0.16989619911459794 128
1627561610980 0.16972110291444076 129
1627561611087 0.1694788762686351 130
1627561611167 0.1693179624502975 131
1627561611262 0.16914291141141496 132
1627561611338 0.16897929468295955 133
1627561611417 0.16880205326225614 134
1627561611490 0.1686425017522734 135
1627561611570 0.1684693171304761 136
1627561611650 0.16831175949037971 137
1627561611726 0.16814157676345956 138
1627561611812 0.16795769891662155 139
1627561611916 0.167799394937498 140
1627561611991 0.16765501830799495 141
1627561612068 0.16750360193556918 142
1627561612154 0.16733880530819176 143
1627561612236 0.16717459076817792 144
1627561612311 0.16701660561396178 145
1627561612385 0.1668458544963109 146
1627561612453 0.16670194715066325 147
1627561612531 0.1665426606684766 148
1627561612607 0.1663895465811962 149
1627561612671 0.16624847018612943 150
1627561612749 0.16609378972245642 151
1627561612830 0.16595118869559328 152
1627561612906 0.16579484694164506 153
1627561612982 0.16563076761045437 154
1627561613051 0.16546406781199197 155
1627561613134 0.1653110154037559 156
1627561613213 0.16515860042588065 157
1627561613285 0.1650228067628125 158
1627561613376 0.16486990400958554 159
1627561613468 0.16461426976107252 160
1627561613548 0.16449152453219298 161
1627561613632 0.16436081451310625 162
1627561613707 0.16423766129208123 163
1627561613800 0.16403835781453444 164
1627561613887 0.16388022760774598 165
1627561613956 0.16373226987375508 166
1627561614031 0.16357998939734802 167
1627561614105 0.16344124748057498 168
1627561614189 0.16329860881982633 169
1627561614274 0.16314638109473867 170
1627561614360 0.16299317498244068 171
1627561614460 0.16277998957021816 172
1627561614525 0.16264535237733568 173
1627561614587 0.16251027023231407 174
1627561614657 0.1623819355408782 175
1627561614731 0.16223766935206216 176
1627561614801 0.16211633241320994 177
1627561614884 0.16197415857074782 178
1627561614954 0.16186070559700472 179
1627561615033 0.16171895301031702 180
1627561615118 0.16157806879612718 181
1627561615204 0.1614434871857788 182
1627561615290 0.16131474020975703 183
1627561615352 0.1611964700580857 184
1627561615426 0.1610708341585305 185
1627561615496 0.16093001502538093 186
1627561615568 0.16079381931050377 187
1627561615636 0.1606645162154019 188
1627561615720 0.16049033837240395 189
1627561615782 0.1603675722224254 190
1627561615859 0.1602429373175722 191
1627561615938 0.16009415878709354 192
1627561616018 0.15996595971056046 193
1627561616082 0.15983677607597363 194
1627561616162 0.15971648432048777 195
1627561616238 0.1595949544960262 196
1627561616331 0.15939201267743527 197
1627561616400 0.1592646956579833 198
1627561616465 0.15916985289560406 199
1627561616538 0.15904769471018557 200
1627561616618 0.15890688693582 201
1627561616717 0.1587014731343618 202
1627561616779 0.15858075163860333 203
1627561616857 0.15846202400500656 204
1627561616931 0.15832554519789746 205
1627561617005 0.15820377365066207 206
1627561617094 0.15806387936729732 207
1627561617170 0.15792211840139944 208
1627561617239 0.15780661542709434 209
1627561617301 0.15768171447280144 210
1627561617390 0.15749692272734972 211
1627561617454 0.15737532810503754 212
1627561617532 0.15724807637071594 213
1627561617595 0.15715185850485902 214
1627561617672 0.15703004538017903 215
1627561617758 0.15687508075638762 216
1627561617830 0.15676166951632284 217
1627561617909 0.15663166711810603 218
1627561617983 0.15651098235061955 219
1627561618078 0.15632947761137111 220
1627561618151 0.15620788740107835 221
1627561618212 0.15609924930905053 222
1627561618280 0.1559942591764211 223
1627561618364 0.1558421560839705 224
1627561618440 0.15573185748542792 225
1627561618527 0.15559307230373826 226
1627561618594 0.15547372316942604 227
1627561618655 0.15536776776942263 228
1627561618716 0.15526471586914328 229
1627561618786 0.15513877445306712 230
1627561618850 0.1550289142672635 231
1627561618919 0.15492702647518686 232
1627561618988 0.15481277370659915 233
1627561619068 0.15470107424653992 234
1627561619129 0.1545904258069373 235
1627561619205 0.15446632433756421 236
1627561619271 0.15436977402168942 237
1627561619356 0.15425223295270515 238
1627561619415 0.15414251169024518 239
1627561619485 0.15403855499128072 240
1627561619548 0.1539215182070371 241
1627561619664 0.15381158276308046 242
1627561619739 0.1537050215351816 243
1627561619840 0.1535893610923271 244
1627561619941 0.15348348734997289 245
1627561620008 0.15337833221330713 246
1627561620071 0.15326428413985232 247
1627561620137 0.15316757703238304 248
1627561620198 0.15307460076628288 249
1627561620267 0.15296644240185672 250
1627561620335 0.15284856359289015 251
1627561620405 0.1527349119376677 252
1627561620474 0.15262566112393453 253
1627561620544 0.15251980780762803 254
1627561620607 0.1524117098441831 255
1627561620672 0.15229632872128282 256
1627561620740 0.1522019247290745 257
1627561620802 0.15208741718514973 258
1627561620868 0.15199153171487426 259
1627561620949 0.1518602564408502 260
1627561621026 0.15175328364958224 261
1627561621095 0.1516467527483972 262
1627561621167 0.15153242824850702 263
1627561621234 0.15142412549028555 264
1627561621312 0.15130962528852865 265
1627561621383 0.151207101766546 266
1627561621454 0.15111397486486683 267
1627561621524 0.15100920311378724 268
1627561621588 0.1509081647567754 269
1627561621647 0.15080348520679657 270
1627561621715 0.15071007454789223 271
1627561621804 0.15058942060820427 272
1627561621870 0.1504861870273292 273
1627561621952 0.15038314878549455 274
1627561622045 0.15025122721250284 275
1627561622112 0.15014294325326405 276
1627561622174 0.15004188310547045 277
1627561622260 0.15547372316942604 278
