1627552766550 0.509044440316615 0
1627552766723 0.4695283593837584 1
1627552766876 0.4348907153226312 2
1627552767033 0.4043374539632173 3
1627552767204 0.37763483002002907 4
1627552767438 0.35433022934693803 5
1627552767614 0.3341876206883037 6
1627552767770 0.31677737702829134 7
1627552767921 0.301801681760542 8
1627552768064 0.2887682651198095 9
1627552768214 0.2776493553466326 10
1627552768366 0.26818902025470936 11
1627552768505 0.26001006782047326 12
1627552768665 0.25310028117988337 13
1627552768810 0.2472067756934398 14
1627552768979 0.24214566053870054 15
1627552769112 0.23779917810642048 16
1627552769261 0.23413000665939576 17
1627552769396 0.2310478371049599 18
1627552769529 0.22841742488521435 19
1627552769657 0.22609959643385755 20
1627552769789 0.2239703254711265 21
1627552769927 0.22220011461867528 22
1627552770057 0.22068639879371496 23
1627552770189 0.21921327540534408 24
1627552770365 0.21789031192567088 25
1627552770502 0.21682366466974076 26
1627552770647 0.21591783558913694 27
1627552770830 0.21503077306467708 28
1627552770960 0.21409289526238656 29
1627552771071 0.2132537191728306 30
1627552771195 0.21257209128362753 31
1627552771331 0.21174531351042428 32
1627552771454 0.2110500115198371 33
1627552771561 0.2103098550591256 34
1627552771658 0.20961239897214837 35
1627552771771 0.20872343591179549 36
1627552771927 0.2081782376959794 37
1627552772059 0.20753045917905144 38
1627552772221 0.20709091537157412 39
1627552772335 0.20630237905888138 40
1627552772439 0.20592423398428808 41
1627552772568 0.2051830025818248 42
1627552772699 0.20410880278080645 43
1627552772818 0.2035409933481964 44
1627552772929 0.20298053521316284 45
1627552773043 0.20258309877982023 46
1627552773152 0.20226631011896692 47
1627552773272 0.20178905914914425 48
1627552773384 0.201273164921677 49
1627552773521 0.2006025207626657 50
1627552773672 0.2003462717518645 51
1627552773772 0.19996742956651192 52
1627552773880 0.19970077469015043 53
1627552773999 0.1989600147006536 54
1627552774105 0.19842437836512186 55
1627552774224 0.19775551911902609 56
1627552774328 0.1974744366074675 57
1627552774468 0.19693565132811403 58
1627552774576 0.196644972703209 59
1627552774700 0.1961086181887153 60
1627552774843 0.1958085238581079 61
1627552774953 0.19550909698743282 62
1627552775083 0.19518798079054486 63
1627552775207 0.19453129037882624 64
1627552775340 0.1941143770468682 65
1627552775440 0.19383858288267802 66
1627552775634 0.1932149821330491 67
1627552775754 0.19292663448773958 68
1627552775846 0.1927019563759852 69
1627552775946 0.1924583400154118 70
1627552776055 0.19211989055091158 71
1627552776156 0.19187842011749012 72
1627552776287 0.19127607078894543 73
1627552776423 0.19078500295233292 74
1627552776523 0.19055970855606932 75
1627552776615 0.19034451329496851 76
1627552776713 0.19014893736144034 77
1627552776819 0.18990240327255004 78
1627552776918 0.18972277355898462 79
1627552777051 0.1895164016004325 80
1627552777189 0.18908944445531228 81
1627552777314 0.18874389213667195 82
1627552777422 0.18855044461489776 83
1627552777522 0.1883446294015976 84
1627552777605 0.18814333557756482 85
1627552777706 0.18793714237699854 86
1627552777858 0.1875338399746282 87
1627552777953 0.187349659349639 88
1627552778054 0.18716362790240598 89
1627552778208 0.1868035745263614 90
1627552778327 0.1864171948673219 91
1627552778438 0.1861456620869668 92
1627552778549 0.185888139347333 93
1627552778667 0.18553369095132155 94
1627552778777 0.18529269401959664 95
1627552778876 0.18511476614364422 96
1627552778977 0.18493359557521435 97
1627552779077 0.184759390213232 98
1627552779228 0.18442951374884214 99
1627552779348 0.18410989927378357 100
1627552779452 0.18390937146177028 101
1627552779558 0.18363381655400693 102
1627552779656 0.18348436485269884 103
1627552779757 0.18332475157944952 104
1627552779856 0.18314164836886776 105
1627552779965 0.18295850540674563 106
1627552780068 0.18277305312464498 107
1627552780149 0.18261595912825473 108
1627552780278 0.18245815150087774 109
1627552780358 0.18228709818241218 110
1627552780467 0.18212807650170287 111
1627552780567 0.18179640142359627 112
1627552780660 0.18162618560156535 113
1627552780743 0.18148364352731877 114
1627552780876 0.18124441142702838 115
1627552780970 0.1811051793509217 116
1627552781071 0.1809460662166458 117
1627552781155 0.18079189584131708 118
1627552781265 0.18059270568046965 119
1627552781359 0.18043391469679573 120
1627552781442 0.18027820808701817 121
1627552781537 0.18013114099134211 122
1627552781660 0.17997382387153474 123
1627552781821 0.17967044339632662 124
1627552781903 0.17953104990198962 125
1627552781999 0.17938765890079617 126
1627552782099 0.17916531667078 127
1627552782195 0.17903520876995627 128
1627552782271 0.17889253636968697 129
1627552782351 0.17876553194836117 130
1627552782443 0.17862766819069745 131
1627552782536 0.17848094700721126 132
1627552782625 0.1783181121922105 133
1627552782710 0.1781552725673867 134
1627552782794 0.17801457336970344 135
1627552782888 0.17788011223144073 136
1627552782976 0.17772780312408948 137
1627552783080 0.17759060216984873 138
1627552783201 0.17745483246174792 139
1627552783295 0.1773186325929385 140
1627552783411 0.1771811046647586 141
1627552783529 0.17706040929111255 142
1627552783631 0.17694770430238904 143
1627552783752 0.17681416472915587 144
1627552783858 0.1766861957448618 145
1627552783983 0.1764037804452702 146
1627552784127 0.17627461399073832 147
1627552784219 0.17613261226459603 148
1627552784325 0.17587425591772665 149
1627552784417 0.17576727044205387 150
1627552784512 0.17562738634518327 151
1627552784607 0.17551740821620965 152
1627552784715 0.1753746010678099 153
1627552784786 0.1752537065438516 154
1627552784874 0.17514745199384446 155
1627552784967 0.1750178431655769 156
1627552785032 0.17490796945762463 157
1627552785141 0.1747931679542279 158
1627552785266 0.1746502173198925 159
1627552785406 0.17451679363098757 160
1627552785570 0.174204499468718 161
1627552785681 0.17408913434709072 162
1627552785807 0.17397057365304877 163
1627552785907 0.17378594132164088 164
1627552786011 0.1736531864932515 165
1627552786089 0.17354221678264076 166
1627552786183 0.1734408998380963 167
1627552786270 0.17332091274041575 168
1627552786364 0.17321136088010525 169
1627552786517 0.17303767372283954 170
1627552786582 0.17293666547124856 171
1627552786655 0.17280340418154339 172
1627552786767 0.1726670230596691 173
1627552786864 0.1725745604517948 174
1627552786993 0.17233544229369002 175
1627552787077 0.17222645346596774 176
1627552787171 0.1721081802178421 177
1627552787271 0.1719876934532492 178
1627552787365 0.17187369793385773 179
1627552787478 0.17174083389296116 180
1627552787542 0.17164820799498462 181
1627552787629 0.17153239326927586 182
1627552787720 0.17142921221349944 183
1627552787809 0.17132355797262047 184
1627552787882 0.17122695872092616 185
1627552787955 0.17112132534152769 186
1627552788053 0.1710166241279019 187
1627552788123 0.1709252133119187 188
1627552788209 0.17083273288477357 189
1627552788327 0.17073800475966863 190
1627552788426 0.17063664203094595 191
1627552788525 0.17053646699999728 192
1627552788639 0.17042375319752065 193
1627552788729 0.17033647629518497 194
1627552788852 0.17022948383145198 195
1627552788969 0.1701229804261927 196
1627552789085 0.17001696697559932 197
1627552789168 0.16990012142646133 198
1627552789254 0.16979432014020004 199
1627552789354 0.16968439383676223 200
1627552789412 0.16959145416725002 201
1627552789489 0.1695012880415261 202
1627552789579 0.16940229208124521 203
1627552789712 0.16929564276098868 204
1627552789785 0.16919608269095499 205
1627552789879 0.16905312538006495 206
1627552789953 0.1689496305904569 207
1627552790027 0.16884587674640994 208
1627552790091 0.16875692543435683 209
1627552790182 0.16862322505416402 210
1627552790268 0.16850671566328393 211
1627552790335 0.16841328943043654 212
1627552790442 0.16823955939661667 213
1627552790538 0.16806869058122598 214
1627552790610 0.1679651871278074 215
1627552790685 0.16787211070863947 216
1627552790764 0.16776172258149677 217
1627552790865 0.16764616836668625 218
1627552790938 0.16754838499289076 219
1627552791013 0.1674476485167469 220
1627552791105 0.16735085100238517 221
1627552791177 0.16726241575349066 222
1627552791254 0.16718405004202375 223
1627552791338 0.16709992046197858 224
1627552791405 0.1670185849068137 225
1627552791464 0.16694084583246296 226
1627552791529 0.1668514611588894 227
1627552791596 0.16676115271598746 228
1627552791711 0.16654501137157982 229
1627552791789 0.16644968457553788 230
1627552791867 0.16636054026902683 231
1627552791939 0.1662756899511638 232
1627552792020 0.16618325850240662 233
1627552792099 0.16609021613013172 234
1627552792170 0.16599497222622903 235
1627552792277 0.16585773043096058 236
1627552792359 0.1657671123616593 237
1627552792434 0.16568303379880925 238
1627552792506 0.1655971298757981 239
1627552792566 0.16552243335383646 240
1627552792633 0.16543994651926808 241
1627552792710 0.16534710111405354 242
1627552792790 0.16525117255537655 243
1627552792890 0.1651690438201332 244
1627552793030 0.16495346253030713 245
1627552793089 0.16487434858173647 246
1627552793154 0.1647912969156625 247
1627552793246 0.1647003734347442 248
1627552793352 0.16460941775263374 249
1627552793461 0.16452384099688777 250
1627552793534 0.16443863548456839 251
1627552793613 0.16435228459893836 252
1627552793719 0.16426592379169344 253
1627552793803 0.16415660513919766 254
1627552793886 0.16407367035873308 255
1627552793957 0.16397804968294974 256
1627552794025 0.16389010966922585 257
1627552794110 0.16379541423249716 258
1627552794171 0.16371603133784515 259
1627552794244 0.16362838567565635 260
1627552794315 0.16354271111979035 261
1627552794443 0.163398157782586 262
1627552794536 0.1633138941654006 263
1627552794617 0.1632195022015123 264
1627552794717 0.16312888506618828 265
1627552794790 0.16304236814602102 266
1627552794871 0.16295657538891686 267
1627552794966 0.1628579234847241 268
1627552795030 0.16278168684798952 269
1627552795113 0.1627029332401154 270
1627552795190 0.16261789098647939 271
1627552795251 0.16252792370755537 272
1627552795329 0.16244692759205784 273
1627552795391 0.16237105113050948 274
1627552795476 0.16226128644558366 275
1627552795554 0.16218053965591875 276
1627552795613 0.1621098230075986 277
1627552795675 0.16203229658011298 278
1627552795732 0.1619583274565248 279
1627552795806 0.16188051266291129 280
1627552795931 0.1617603001685058 281
1627552796052 0.16166070738493346 282
1627552796131 0.16157934273247673 283
1627552796196 0.1614987182991312 284
1627552796286 0.1614256661487255 285
1627552796380 0.16135202783801608 286
1627552796472 0.16127335223774172 287
1627552796580 0.16109767528085123 288
1627552796660 0.16101090229530288 289
1627552796748 0.16092349259637326 290
1627552796857 0.160834623421437 291
1627552796988 0.16072266853132716 292
1627552797132 0.16060209587676466 293
1627552797204 0.16051992620209915 294
1627552797298 0.16044204792461778 295
1627552797370 0.16036983293611606 296
1627552797441 0.16028996690745342 297
1627552797506 0.16021908639528293 298
1627552797590 0.16013233999012066 299
1627552797674 0.16005036275808662 300
1627552797754 0.15997005914541718 301
1627552797847 0.1598618658332275 302
1627552797910 0.15978432822860447 303
1627552797981 0.15971008010665666 304
1627552798089 0.15961656730256465 305
1627552798170 0.1595331495307614 306
1627552798237 0.15945727008231164 307
1627552798327 0.1593790956991918 308
1627552798396 0.1593111095092243 309
1627552798466 0.15921564835322913 310
1627552798530 0.15914269859733543 311
1627552798600 0.15905989483538321 312
1627552798659 0.1589874523646868 313
1627552798741 0.15891730554589914 314
1627552798806 0.15884559260351103 315
1627552798887 0.15876999012542833 316
1627552798962 0.15869824354617001 317
1627552799031 0.1586231916588303 318
1627552799102 0.1585417725190943 319
1627552799167 0.1584696979884282 320
1627552799245 0.15839252990433225 321
1627552799319 0.15831410947723307 322
1627552799426 0.15822068633516845 323
1627552799491 0.15815500433058183 324
1627552799543 0.1580916184617411 325
1627552799609 0.15801986695004305 326
1627552799729 0.1578824666022631 327
1627552799838 0.15779950614331503 328
1627552799958 0.15768070708887727 329
1627552800054 0.1575873416478779 330
1627552800121 0.15751110014018066 331
1627552800204 0.15742790489078956 332
1627552800278 0.15735013728555414 333
1627552800392 0.15725814979135136 334
1627552800460 0.157182446885512 335
1627552800537 0.1571008696278959 336
1627552800614 0.15702490349380277 337
1627552800698 0.15692350148815942 338
1627552800766 0.1568499683545552 339
1627552800850 0.15675107629024365 340
1627552800964 0.15667865550997728 341
1627552801024 0.15661086457806675 342
1627552801102 0.15653382798525217 343
1627552801166 0.15646783256514335 344
1627552801244 0.15639064915729578 345
1627552801321 0.1563145247529819 346
1627552801377 0.15625284922387048 347
1627552801434 0.15618997995655473 348
1627552801498 0.15611903041206887 349
1627552801574 0.1560426210348518 350
1627552801653 0.15596611281551756 351
1627552801729 0.15589158442412784 352
1627552801790 0.15582905971791042 353
1627552801854 0.15575699852459926 354
1627552801905 0.15570163843430834 355
1627552801972 0.15961656730256465 356
1627552806170 0.5083471625280853 0
1627552806336 0.46900136699269845 1
1627552806484 0.4345302187923899 2
1627552806711 0.4040560904517713 3
1627552806907 0.3774931870838172 4
1627552807081 0.3542624892989665 5
1627552807255 0.3341423858859795 6
1627552807406 0.3168345545865837 7
1627552807566 0.30186516895363125 8
1627552807718 0.2889312859835795 9
1627552807869 0.27789083232091444 10
1627552808020 0.2685763781667464 11
1627552808159 0.26050339533872796 12
1627552808302 0.2536267702082255 13
1627552808444 0.24773374474757073 14
1627552808589 0.24271711704375162 15
1627552808730 0.23835903612430034 16
1627552808881 0.2346585322147893 17
1627552809019 0.2315153191141291 18
1627552809151 0.22882300736194056 19
1627552809275 0.22649795071225548 20
1627552809396 0.22447466853588016 21
1627552809524 0.22268600866337426 22
1627552809646 0.2211188479214144 23
1627552809773 0.2196969811978661 24
1627552809889 0.21830458693807137 25
1627552810004 0.2171611856619625 26
1627552810125 0.216135049704056 27
1627552810269 0.21516866567539808 28
1627552810426 0.21429294127549073 29
1627552810548 0.21351758196528853 30
1627552810696 0.21269037940411392 31
1627552810809 0.2119570972314163 32
1627552810919 0.21102492294283975 33
1627552811023 0.21020655169673302 34
1627552811126 0.2095841319574615 35
1627552811241 0.20898355668946345 36
1627552811359 0.2084576348583158 37
1627552811513 0.20751178724755995 38
1627552811621 0.20666620813923306 39
1627552811739 0.20592305665745692 40
1627552811861 0.20552538215465446 41
1627552811962 0.20517210715729756 42
1627552812094 0.20458354572845444 43
1627552812226 0.20417159736079127 44
1627552812329 0.20348421348662624 45
1627552812451 0.20263579749617255 46
1627552812558 0.20234206738644872 47
1627552812683 0.20150222462250975 48
1627552812808 0.20062936122457042 49
1627552812959 0.20014025040058386 50
1627552813063 0.19984513519515346 51
1627552813215 0.19911143396763242 52
1627552813317 0.1988572029466714 53
1627552813415 0.19861244119017582 54
1627552813541 0.19830156352335365 55
1627552813682 0.19771057648152693 56
1627552813782 0.19737204387697513 57
1627552813901 0.19714673717294617 58
1627552814022 0.19651677929549924 59
1627552814129 0.19625900170519367 60
1627552814265 0.19556103866261143 61
1627552814376 0.19528315736048682 62
1627552814497 0.19472574703812456 63
1627552814601 0.19443992794748194 64
1627552814719 0.19417618134057216 65
1627552814828 0.19383709668122864 66
1627552814935 0.19349976532840923 67
1627552815041 0.19325587072538353 68
1627552815167 0.1926671807164747 69
1627552815268 0.19241961281210837 70
1627552815359 0.19220499729599347 71
1627552815507 0.1917646029909069 72
1627552815636 0.1913113006723406 73
1627552815795 0.19085914612728982 74
1627552815948 0.1905703795333202 75
1627552816047 0.19036290566751246 76
1627552816144 0.19015033439105733 77
1627552816224 0.18995244100188988 78
1627552816328 0.1897443467413425 79
1627552816452 0.18921119294912206 80
1627552816576 0.18880822159118324 81
1627552816675 0.18861230113396762 82
1627552816763 0.18844715309644725 83
1627552816876 0.18823911604301738 84
1627552816968 0.18804984052368998 85
1627552817068 0.18778372359579365 86
1627552817147 0.1876060268655026 87
1627552817237 0.18742050489086123 88
1627552817343 0.18723204825020465 89
1627552817486 0.18677592504184096 90
1627552817586 0.18646953026550572 91
1627552817687 0.18623867993082877 92
1627552817772 0.1860522249633361 93
1627552817858 0.18587139573690792 94
1627552817963 0.1856704309373974 95
1627552818093 0.1853271917833675 96
1627552818211 0.18493672644627213 97
1627552818299 0.18475711572008793 98
1627552818428 0.18438673210087145 99
1627552818562 0.18419068748804093 100
1627552818666 0.1839570420705649 101
1627552818810 0.18378178550957155 102
1627552818920 0.18357558239293517 103
1627552819051 0.18329671089416952 104
1627552819133 0.18314079100952077 105
1627552819226 0.1829519353613549 106
1627552819346 0.18258745666436707 107
1627552819460 0.18233999716768884 108
1627552819572 0.1820361749569043 109
1627552819644 0.18188546651779003 110
1627552819736 0.18170768904282364 111
1627552819832 0.18153206285786946 112
1627552819930 0.18136793086181588 113
1627552820017 0.18120835979280062 114
1627552820126 0.1810579836910928 115
1627552820239 0.18089865626394314 116
1627552820363 0.18068645442910894 117
1627552820443 0.18053515931316166 118
1627552820574 0.18035915252495013 119
1627552820641 0.18022863042523282 120
1627552820728 0.18009390637890765 121
1627552820795 0.17996876978820836 122
1627552820896 0.17981604525539327 123
1627552820987 0.1796765538438086 124
1627552821097 0.1795210864899098 125
1627552821245 0.17935045295830432 126
1627552821337 0.1792232741104124 127
1627552821458 0.17907716722224976 128
1627552821555 0.17893245349462186 129
1627552821635 0.17878534453672537 130
1627552821704 0.1786593830476387 131
1627552821790 0.17852918903362708 132
1627552821875 0.1783768053207139 133
1627552821979 0.17814479907992717 134
1627552822050 0.17801520863623793 135
1627552822111 0.1778937985120848 136
1627552822203 0.17771397468781777 137
1627552822277 0.1775819875579324 138
1627552822375 0.1774022644667139 139
1627552822436 0.17728744226484183 140
1627552822525 0.17714233030371146 141
1627552822590 0.17701262574456975 142
1627552822678 0.17688225900350352 143
1627552822770 0.1767116733503716 144
1627552822861 0.17657637327176715 145
1627552822956 0.1764466596762503 146
1627552823031 0.1763174101459159 147
1627552823118 0.17620532350209384 148
1627552823234 0.17605049031585507 149
1627552823315 0.1759369430473252 150
1627552823409 0.17577618879492785 151
1627552823522 0.17565209226002865 152
1627552823617 0.17552627652217123 153
1627552823723 0.17539024687863858 154
1627552823866 0.17518293961027936 155
1627552823973 0.1750572301665235 156
1627552824048 0.17493588499617616 157
1627552824171 0.1746698848110023 158
1627552824272 0.17446815152853953 159
1627552824381 0.17431588441754628 160
1627552824468 0.17417311068141098 161
1627552824554 0.17406693895750464 162
1627552824656 0.17388041219055284 163
1627552824734 0.17376903497473517 164
1627552824794 0.1736626176653954 165
1627552824875 0.17354296100065147 166
1627552824962 0.1734317413570194 167
1627552825057 0.1732667458423034 168
1627552825139 0.17314817527611182 169
1627552825214 0.17302871681610085 170
1627552825305 0.17290790884747942 171
1627552825375 0.17280042702837714 172
1627552825455 0.17268318347478084 173
1627552825516 0.17258364771864987 174
1627552825595 0.17247370662600076 175
1627552825664 0.17237093266521103 176
1627552825758 0.17225611882894193 177
1627552825874 0.17211811592546736 178
1627552825990 0.17196072596518708 179
1627552826070 0.17185959079984908 180
1627552826145 0.17174791665685296 181
1627552826235 0.17163069682728604 182
1627552826312 0.1715167761044658 183
1627552826396 0.17140797725235238 184
1627552826480 0.17131434442785268 185
1627552826561 0.17120041013476894 186
1627552826631 0.171102160390888 187
1627552826708 0.17099553979021265 188
1627552826780 0.17089158725748405 189
1627552826862 0.17078095769765078 190
1627552826923 0.17068556112414734 191
1627552826992 0.1705902850686657 192
1627552827097 0.17041072725258166 193
1627552827167 0.1703055934765124 194
1627552827260 0.17019936631119773 195
1627552827353 0.17008299930616846 196
1627552827458 0.16997587865343702 197
1627552827534 0.16985384799343903 198
1627552827609 0.1697525217565379 199
1627552827690 0.16964058780302133 200
1627552827808 0.16945261602820172 201
1627552827904 0.16935123921636872 202
1627552827968 0.1692597703039093 203
1627552828082 0.16915644254216938 204
1627552828147 0.16906233556901956 205
1627552828243 0.16896127300190453 206
1627552828329 0.16883940978079373 207
1627552828431 0.16866500033821807 208
1627552828497 0.16857205718613388 209
1627552828561 0.1684825605153636 210
1627552828651 0.16837403647206592 211
1627552828753 0.1682064939933234 212
1627552828870 0.16807145166785253 213
1627552829002 0.1679398116265457 214
1627552829058 0.16784932447015266 215
1627552829136 0.16775009338754915 216
1627552829238 0.16764857435241337 217
1627552829363 0.1674979486451411 218
1627552829431 0.16741077466824203 219
1627552829512 0.1673147212602964 220
1627552829622 0.16716960207053252 221
1627552829710 0.16706299392658316 222
1627552829802 0.16696430629434533 223
1627552829912 0.16685318603828334 224
1627552829965 0.16677245525051587 225
1627552830041 0.16669071937630775 226
1627552830110 0.16659381907685944 227
1627552830187 0.16649574982954116 228
1627552830272 0.1663987107197683 229
1627552830343 0.16630899506561314 230
1627552830439 0.1662132140216352 231
1627552830533 0.16611893931790778 232
1627552830607 0.16602933920397941 233
1627552830688 0.16594133767397395 234
1627552830761 0.16585607091301685 235
1627552830890 0.16572206858586083 236
1627552830978 0.16562105266959326 237
1627552831044 0.16553811871418853 238
1627552831114 0.1654523108346396 239
1627552831170 0.16536698379683007 240
1627552831247 0.16528267692777873 241
1627552831353 0.1651547812303124 242
1627552831444 0.16503331524500808 243
1627552831514 0.16495132905924767 244
1627552831626 0.16476090246891972 245
1627552831693 0.16467470642118023 246
1627552831774 0.16457445913986277 247
1627552831843 0.1644860864073659 248
1627552831956 0.16427688724500747 249
1627552832042 0.16418900092766878 250
1627552832120 0.16411134084962312 251
1627552832186 0.16403221382865704 252
1627552832250 0.16395763133504807 253
1627552832346 0.1638593545045208 254
1627552832427 0.16376500462918317 255
1627552832550 0.1635999548417552 256
1627552832631 0.1635065484095133 257
1627552832724 0.1634247856623515 258
1627552832812 0.16333552592497527 259
1627552832865 0.16325800575276228 260
1627552832922 0.16317224038640135 261
1627552833001 0.1630866148679579 262
1627552833068 0.16301355181186192 263
1627552833132 0.16293294806596323 264
1627552833204 0.16282864592217058 265
1627552833304 0.16272217929296015 266
1627552833370 0.16264352712382907 267
1627552833513 0.16253492703397662 268
1627552833603 0.16246607247931746 269
1627552833716 0.16238180198295074 270
1627552833826 0.1622902486485293 271
1627552833900 0.16219882996092472 272
1627552833995 0.16211214323325907 273
1627552834096 0.16202511609052966 274
1627552834172 0.16194224052857198 275
1627552834325 0.16175462676482258 276
1627552834387 0.16167426317033615 277
1627552834450 0.16159187526866617 278
1627552834525 0.16150878829674337 279
1627552834587 0.16143311100014068 280
1627552834688 0.16127675327656946 281
1627552834760 0.1611944558160246 282
1627552834827 0.1611128256687842 283
1627552834895 0.1610281804873954 284
1627552834958 0.16094294464872888 285
1627552835037 0.16085443666641555 286
1627552835118 0.1607538653165095 287
1627552835177 0.16067681523410796 288
1627552835243 0.1606002482934322 289
1627552835339 0.1605170537804795 290
1627552835456 0.16039697898668578 291
1627552835522 0.16031936628076787 292
1627552835592 0.16024405771154918 293
1627552835701 0.1601406949953052 294
1627552835776 0.1600543291974189 295
1627552835846 0.1599765689888362 296
1627552835919 0.1598980936291495 297
1627552835987 0.1598224421999392 298
1627552836070 0.15974116803848382 299
1627552836156 0.15965759188192094 300
1627552836216 0.15957885898819843 301
1627552836309 0.15947697287431487 302
1627552836381 0.15939268706368748 303
1627552836441 0.15932029825813632 304
1627552836530 0.15923404134379476 305
1627552836605 0.15914882609668096 306
1627552836690 0.15907070379154808 307
1627552836758 0.1589947469649524 308
1627552836839 0.15890477136623563 309
1627552836904 0.15883067383789212 310
1627552837002 0.15874837439498532 311
1627552837087 0.15867448895286487 312
1627552837171 0.15860491342914337 313
1627552837257 0.1585359204527006 314
1627552837346 0.15845997936728273 315
1627552837442 0.15838296662850096 316
1627552837497 0.15831523311535675 317
1627552837583 0.15822738235184483 318
1627552837648 0.15815822903282686 319
1627552837713 0.1580825752800039 320
1627552837776 0.15800618060110194 321
1627552837858 0.15792288570143734 322
1627552837916 0.1578519343904212 323
1627552837991 0.15777107031213017 324
1627552838057 0.15770781655992114 325
1627552838139 0.15762427092343498 326
1627552838233 0.15754006791524447 327
1627552838308 0.15746989953373094 328
1627552838384 0.15739761316737055 329
1627552838456 0.15732293354655866 330
1627552838564 0.15724623892406664 331
1627552838667 0.15716340096034254 332
1627552838747 0.15708694831426975 333
1627552838829 0.15701098475911188 334
1627552838943 0.15693672292348418 335
1627552839020 0.15686151940587528 336
1627552839111 0.15678188349672353 337
1627552839234 0.1566425507388426 338
1627552839311 0.15657018294982564 339
1627552839402 0.15646656389579378 340
1627552839502 0.15637072737104837 341
1627552839586 0.15628986933535496 342
1627552839654 0.16031936628076787 343
1627552843709 0.5091596307557986 0
1627552843882 0.4698176855597752 1
1627552844045 0.4353436875774705 2
1627552844196 0.4048843945396887 3
1627552844354 0.37836158151927424 4
1627552844513 0.35510671425529416 5
1627552844688 0.3348783385744568 6
1627552844857 0.317401606806395 7
1627552845012 0.30242539189928197 8
1627552845157 0.28937844757278663 9
1627552845303 0.27823633995748115 10
1627552845450 0.26872643526127704 11
1627552845596 0.26056804891974966 12
1627552845746 0.2535941442190751 13
1627552845889 0.24768085410207058 14
1627552846032 0.24255798870251227 15
1627552846172 0.23816422293416242 16
1627552846309 0.2344616030022042 17
1627552846466 0.23132271269294782 18
1627552846626 0.2285711753216776 19
1627552846751 0.22615157613874579 20
1627552846879 0.22413533441831418 21
1627552847010 0.22243539140231805 22
1627552847129 0.22074252290504645 23
1627552847267 0.21940689291994322 24
1627552847389 0.21814855483706722 25
1627552847538 0.21710822486202572 26
1627552847669 0.21600989726692918 27
1627552847806 0.21497048535349655 28
1627552847925 0.21411769762283678 29
1627552848047 0.21311643795300286 30
1627552848171 0.21230600755097953 31
1627552848287 0.2115845366558316 32
1627552848403 0.21064539471104415 33
1627552848517 0.21005245325493424 34
1627552848629 0.20907434772933423 35
1627552848742 0.20825422739340518 36
1627552848864 0.2077831091315244 37
1627552848989 0.20682655116083723 38
1627552849099 0.2059960068309751 39
1627552849214 0.2054865757192212 40
1627552849321 0.20506271431923148 41
1627552849426 0.2045541264109763 42
1627552849549 0.20406638917279984 43
1627552849672 0.20310461649660222 44
1627552849782 0.20252155491115395 45
1627552849909 0.20180608384838025 46
1627552850022 0.20100901329718748 47
1627552850185 0.20051570769254592 48
1627552850307 0.2000315932756661 49
1627552850483 0.19922523185000823 50
1627552850591 0.19891121775796777 51
1627552850696 0.1986310765462324 52
1627552850802 0.1982505277014576 53
1627552850927 0.19756950946429983 54
1627552851026 0.19730835341892247 55
1627552851158 0.19672609555465623 56
1627552851266 0.19634504357876814 57
1627552851386 0.19593434340724425 58
1627552851502 0.19565708590675285 59
1627552851630 0.19510655024532206 60
1627552851793 0.19458772713720948 61
1627552851946 0.19402304463077805 62
1627552852062 0.19382318164986728 63
1627552852168 0.19361665847831788 64
1627552852262 0.19331003115833925 65
1627552852362 0.19303120783607638 66
1627552852483 0.19260890414807627 67
1627552852601 0.19205525567718854 68
1627552852706 0.1917117331989108 69
1627552852826 0.19148213547712298 70
1627552852974 0.19116011167877112 71
1627552853080 0.19093060822715482 72
1627552853190 0.19068068124844675 73
1627552853281 0.1904659251030687 74
1627552853428 0.1900221214345238 75
1627552853571 0.18979484417581968 76
1627552853670 0.1894116025264798 77
1627552853796 0.18919620265674503 78
1627552853963 0.18871309398121802 79
1627552854107 0.18842408872223362 80
1627552854234 0.18821408340667242 81
1627552854362 0.18793781989754718 82
1627552854472 0.1877544369897751 83
1627552854590 0.1875812453006871 84
1627552854677 0.18735681131034426 85
1627552854765 0.18713267597304173 86
1627552854859 0.1869512114971572 87
1627552854948 0.18675885529295308 88
1627552855036 0.18657139531549102 89
1627552855159 0.18624593823116511 90
1627552855265 0.1860681060851399 91
1627552855414 0.18585507472211116 92
1627552855530 0.18569938688709137 93
1627552855654 0.18541275830714504 94
1627552855763 0.18509892534563951 95
1627552855911 0.18478878264783222 96
1627552856043 0.18456888316732425 97
1627552856162 0.18439618396612473 98
1627552856290 0.18420167998270412 99
1627552856432 0.18403901236996761 100
1627552856586 0.1838268435306167 101
1627552856755 0.18350176177594915 102
1627552856862 0.18330403214720642 103
1627552856998 0.1831279733393284 104
1627552857086 0.18296600747325092 105
1627552857184 0.18279771801619507 106
1627552857293 0.1825623127447244 107
1627552857410 0.18225963859376876 108
1627552857524 0.18199163556781506 109
1627552857617 0.18183429575835364 110
1627552857712 0.1816812792709321 111
1627552857808 0.1815163515460074 112
1627552857921 0.181226354887164 113
1627552857993 0.1810725096122268 114
1627552858082 0.18092699622749842 115
1627552858168 0.1807807825521836 116
1627552858290 0.180627530706732 117
1627552858388 0.18048840729410906 118
1627552858493 0.18034143190726942 119
1627552858580 0.18020319839652843 120
1627552858667 0.18006881551666742 121
1627552858790 0.17984772294646617 122
1627552858903 0.17965242033669906 123
1627552858977 0.17951815831190585 124
1627552859054 0.17938885725556009 125
1627552859152 0.1792372668466394 126
1627552859252 0.1791046637021535 127
1627552859339 0.17894189313113246 128
1627552859423 0.17880738035349988 129
1627552859530 0.1786103469348982 130
1627552859617 0.17843738503107706 131
1627552859705 0.17830511072575364 132
1627552859788 0.1781759340789781 133
1627552859888 0.17797335801949163 134
1627552859950 0.17784937568251222 135
1627552860037 0.17771826700992902 136
1627552860126 0.17759555389454235 137
1627552860218 0.1774623697957499 138
1627552860304 0.1773170258907934 139
1627552860383 0.17718158832140904 140
1627552860496 0.17691418822410654 141
1627552860582 0.17678603501820828 142
1627552860667 0.17666581687870372 143
1627552860751 0.17654230418296282 144
1627552860861 0.1763389324193084 145
1627552860958 0.17616365598686962 146
1627552861054 0.17603821296463704 147
1627552861168 0.17586458644153305 148
1627552861299 0.1757269918813715 149
1627552861393 0.1755968664718397 150
1627552861506 0.1754764937266696 151
1627552861627 0.17536163911455901 152
1627552861724 0.17525104701334313 153
1627552861798 0.17514275732515228 154
1627552861871 0.17503452666986202 155
1627552861992 0.17491452915503936 156
1627552862085 0.17478461070271842 157
1627552862162 0.1746570352228425 158
1627552862276 0.17440923113240986 159
1627552862368 0.1742851797692674 160
1627552862481 0.17415394485477853 161
1627552862544 0.17405070093952227 162
1627552862608 0.17392661224746792 163
1627552862677 0.17381966143477864 164
1627552862784 0.17366177998098759 165
1627552862880 0.17351041619047636 166
1627552862974 0.1733398719668177 167
1627552863050 0.17322964462081353 168
1627552863154 0.17311224298838432 169
1627552863299 0.17295384187077525 170
1627552863409 0.17282540660233908 171
1627552863524 0.17271186785774056 172
1627552863617 0.17260169732969044 173
1627552863720 0.172460228248603 174
1627552863814 0.17233125248389766 175
1627552863905 0.17221490576618087 176
1627552863978 0.1720997701313325 177
1627552864072 0.17198667026210257 178
1627552864155 0.17186776911581392 179
1627552864227 0.17176412076273112 180
1627552864313 0.1716511597875588 181
1627552864457 0.17146395898748504 182
1627552864568 0.1713572368062807 183
1627552864653 0.17126013549170604 184
1627552864724 0.17116704674901528 185
1627552864790 0.17106693594395103 186
1627552864889 0.17096552873971338 187
1627552864981 0.1708734719471565 188
1627552865120 0.17075805052648788 189
1627552865212 0.17063384159153136 190
1627552865281 0.17053680310707786 191
1627552865384 0.17034672269924894 192
1627552865503 0.17014315075130437 193
1627552865613 0.17003867514994797 194
1627552865756 0.16992640648191223 195
1627552865881 0.16981343413805897 196
1627552865977 0.16966150576343733 197
1627552866072 0.16951102818640953 198
1627552866151 0.16940418936496945 199
1627552866233 0.16932000068645772 200
1627552866307 0.16923138654863168 201
1627552866388 0.16912740206044224 202
1627552866451 0.16902799087297782 203
1627552866531 0.1689043283925973 204
1627552866598 0.16881048496617335 205
1627552866666 0.16871839813713824 206
1627552866752 0.16861660278698318 207
1627552866835 0.16849847055526565 208
1627552866922 0.16839556690582275 209
1627552867006 0.16829179516337997 210
1627552867103 0.1681910373793537 211
1627552867216 0.1680528762041935 212
1627552867321 0.16789911953577077 213
1627552867424 0.1677418594745947 214
1627552867532 0.16764482655304785 215
1627552867599 0.16755878510320985 216
1627552867662 0.16746526825579722 217
1627552867818 0.16726060313852836 218
1627552867904 0.16717070723358912 219
1627552867995 0.16706213654012583 220
1627552868113 0.16684014159047655 221
1627552868193 0.16674339581353695 222
1627552868275 0.16665190593968077 223
1627552868335 0.1665733405131379 224
1627552868417 0.1664859577164148 225
1627552868488 0.16639671822626248 226
1627552868549 0.16631128908926504 227
1627552868639 0.1662150790526115 228
1627552868761 0.16611680411138935 229
1627552868837 0.16601107454368622 230
1627552868940 0.1659178323883604 231
1627552869032 0.16582372469344717 232
1627552869100 0.16575661518103532 233
1627552869165 0.1656652075089562 234
1627552869249 0.16556680308130922 235
1627552869328 0.1654661334482964 236
1627552869419 0.1653713736593586 237
1627552869488 0.16528303346556888 238
1627552869578 0.16516785022427957 239
1627552869638 0.1650773658718736 240
1627552869708 0.1649986117809917 241
1627552869792 0.16490588295267827 242
1627552869867 0.16480318226425528 243
1627552869938 0.1647234675062649 244
1627552870054 0.16462039943520249 245
1627552870119 0.16453189805387516 246
1627552870229 0.16444339727486654 247
1627552870293 0.16436655620706783 248
1627552870408 0.1642625660820286 249
1627552870499 0.1641840775552517 250
1627552870566 0.1641073171857 251
1627552870634 0.16402303369582993 252
1627552870716 0.16393116432353586 253
1627552870800 0.16383815994842452 254
1627552870879 0.16375031930472794 255
1627552870960 0.16365143924485726 256
1627552871022 0.16356773288649562 257
1627552871100 0.16347324701868785 258
1627552871156 0.16339898920061766 259
1627552871226 0.16331281363191102 260
1627552871311 0.16322387128153681 261
1627552871369 0.1631518686753013 262
1627552871456 0.16304354460251175 263
1627552871532 0.16296608516166877 264
1627552871607 0.1628751585112157 265
1627552871695 0.16279044845681592 266
1627552871760 0.1627020437598032 267
1627552871817 0.16262261735266093 268
1627552871897 0.16252613798909055 269
1627552871958 0.16245204523781337 270
1627552872025 0.16238017081314818 271
1627552872099 0.16230091604804112 272
1627552872177 0.16220861479644566 273
1627552872257 0.16212724966287023 274
1627552872339 0.16203256339112118 275
1627552872491 0.1618512709524169 276
1627552872582 0.16177796520430948 277
1627552872684 0.16170208337088368 278
1627552872742 0.16162841129707217 279
1627552872802 0.16154626810195502 280
1627552872852 0.16601107454368622 281
1627552876847 0.5072045559341214 0
1627552877002 0.4680181741951214 1
1627552877158 0.43377810345497625 2
1627552877316 0.4034519922080365 3
1627552877472 0.37709099683147457 4
1627552877626 0.3539888792539169 5
1627552877778 0.3338326639965232 6
1627552877929 0.31641168744691667 7
1627552878119 0.3014279614807484 8
1627552878268 0.2885323313049196 9
1627552878414 0.2774778269680313 10
1627552878560 0.26799119909917934 11
1627552878698 0.2598497064119409 12
1627552878884 0.25292046891270065 13
1627552879072 0.24706943273493984 14
1627552879212 0.2421151957459603 15
1627552879352 0.23786368252279605 16
1627552879486 0.2342325025580002 17
1627552879627 0.2311682699647372 18
1627552879762 0.228409662197178 19
1627552879885 0.22613353966057467 20
1627552880013 0.22408961017487983 21
1627552880144 0.22229075479982074 22
1627552880306 0.2206032846490116 23
1627552880441 0.21909741947129135 24
1627552880597 0.217822566371103 25
1627552880718 0.21671592901370898 26
1627552880875 0.21571479788383172 27
1627552881021 0.21472779443969206 28
1627552881135 0.21388971472239635 29
1627552881251 0.21294934862229822 30
1627552881379 0.21221291975971912 31
1627552881493 0.21148136643870064 32
1627552881672 0.2106454806786237 33
1627552881833 0.20978901527241275 34
1627552881974 0.20917238211395087 35
1627552882122 0.20818613660688062 36
1627552882235 0.20763646435292266 37
1627552882347 0.2068084371846169 38
1627552882456 0.2062654303550747 39
1627552882562 0.2058577864513218 40
1627552882672 0.20508665987618038 41
1627552882785 0.20448435303616413 42
1627552882930 0.20342998076372898 43
1627552883033 0.20306077877569104 44
1627552883139 0.20237159770025104 45
1627552883268 0.20195363616179055 46
1627552883395 0.20118433446218023 47
1627552883518 0.20078273100364524 48
1627552883644 0.2004927907723523 49
1627552883798 0.1997397020032071 50
1627552883925 0.19922062137853916 51
1627552884068 0.19893932164726322 52
1627552884207 0.19817667007305842 53
1627552884313 0.19774475649286005 54
1627552884429 0.1973164740665642 55
1627552884548 0.19690975383775922 56
1627552884647 0.196663305737652 57
1627552884772 0.19603465663385425 58
1627552884927 0.19556018281140009 59
1627552885089 0.1950881273244659 60
1627552885220 0.19468214704469197 61
1627552885342 0.19428905710754008 62
1627552885458 0.19379995948745793 63
1627552885558 0.19353900028550577 64
1627552885698 0.1932228494639825 65
1627552885805 0.19298196657228378 66
1627552885908 0.19276449272601676 67
1627552886029 0.1922269044722123 68
1627552886131 0.19194672896753584 69
1627552886231 0.191725897811992 70
1627552886336 0.19146788087308936 71
1627552886511 0.19096808742943042 72
1627552886630 0.19073855657085242 73
1627552886783 0.19053996467207632 74
1627552886953 0.19031274168892004 75
1627552887082 0.19006659571611487 76
1627552887190 0.18989159007687773 77
1627552887317 0.18968364567238727 78
1627552887428 0.18948210104513047 79
1627552887552 0.18920385968549405 80
1627552887679 0.1890155920311182 81
1627552887768 0.18883253000235906 82
1627552887886 0.18841357962814895 83
1627552887987 0.18818050973962766 84
1627552888074 0.18798494736664903 85
1627552888165 0.18778999930654067 86
1627552888291 0.1873548651930146 87
1627552888405 0.18696999682204174 88
1627552888500 0.18676689418280415 89
1627552888624 0.18639610152854094 90
1627552888725 0.18619798575685625 91
1627552888837 0.18586713267129112 92
1627552888961 0.18568342189375953 93
1627552889084 0.1853560100159413 94
1627552889239 0.18500030573801549 95
1627552889366 0.18458060716413952 96
1627552889479 0.18440071967289445 97
1627552889585 0.18418114310747466 98
1627552889692 0.18389420459026593 99
1627552889821 0.18355123847757335 100
1627552889927 0.18338745990251737 101
1627552890047 0.18321810053319423 102
1627552890117 0.18307516147423317 103
1627552890234 0.18291129823023647 104
1627552890343 0.18270691272193412 105
1627552890444 0.18254752478790284 106
1627552890551 0.18236712438884325 107
1627552890689 0.1821391149529279 108
1627552890823 0.18197514349096994 109
1627552890901 0.18179998248228357 110
1627552891004 0.18161996705671085 111
1627552891097 0.1814692579809006 112
1627552891207 0.1812692753436045 113
1627552891306 0.18110757515257636 114
1627552891383 0.18097647407620093 115
1627552891472 0.18082366025277818 116
1627552891568 0.18055049430507097 117
1627552891662 0.18040233491242752 118
1627552891768 0.18026265104312134 119
1627552891885 0.180107258172486 120
1627552891958 0.17996685992505973 121
1627552892055 0.17982557276698952 122
1627552892183 0.17966812497349222 123
1627552892272 0.17948701593922445 124
1627552892372 0.17934746330504106 125
1627552892441 0.17921408293635097 126
1627552892536 0.17908375079486089 127
1627552892614 0.17892563945477477 128
1627552892681 0.1788029978532244 129
1627552892757 0.17867865634881197 130
1627552892827 0.178551142937828 131
1627552892950 0.17839471432028792 132
1627552893053 0.17826376603764427 133
1627552893160 0.1779970866274236 134
1627552893233 0.1778732192048084 135
1627552893334 0.17774834317519286 136
1627552893500 0.17752423102273646 137
1627552893597 0.17740730643246339 138
1627552893743 0.1771875212882062 139
1627552893830 0.1770635434368685 140
1627552893950 0.17690797733267163 141
1627552894053 0.176782428520221 142
1627552894163 0.17662454471931616 143
1627552894306 0.1763880953732539 144
1627552894406 0.17618224527764062 145
1627552894494 0.17605758639333438 146
1627552894564 0.1759468883245315 147
1627552894651 0.17582583359821474 148
1627552894743 0.17570434452834677 149
1627552894839 0.17558280056099346 150
1627552894938 0.17545631401159023 151
1627552895030 0.17532506674537812 152
1627552895108 0.17521629526351842 153
1627552895201 0.17507808902383565 154
1627552895269 0.1749643057222812 155
1627552895338 0.17485433930730132 156
1627552895412 0.17473590858074137 157
1627552895545 0.17461690804415547 158
1627552895658 0.17445315098755246 159
1627552895744 0.17432528163339064 160
1627552895865 0.1742080664550614 161
1627552895939 0.1741013170145469 162
1627552896006 0.1739933942431855 163
1627552896073 0.17389371311449564 164
1627552896153 0.17379033401564356 165
1627552896270 0.17366769529413645 166
1627552896359 0.1735490866544107 167
1627552896448 0.1734369379502059 168
1627552896546 0.17332243057618313 169
1627552896619 0.17321692525813057 170
1627552896730 0.17309608454216915 171
1627552896854 0.1729878796606382 172
1627552896962 0.1728180371049944 173
1627552897051 0.17269651596042507 174
1627552897138 0.17257790251852537 175
1627552897227 0.17246253650896606 176
1627552897311 0.17235804860110351 177
1627552897382 0.1722484453475324 178
1627552897484 0.17214193753671012 179
1627552897570 0.17202821088089332 180
1627552897640 0.17192248637750945 181
1627552897712 0.17182161362165008 182
1627552897798 0.17170535544585291 183
1627552897877 0.17161027951873573 184
1627552897974 0.17148761202233426 185
1627552898049 0.17138033044588608 186
1627552898146 0.17126784377824122 187
1627552898245 0.1711082438101451 188
1627552898323 0.17098742103019665 189
1627552898444 0.17075347051077827 190
1627552898517 0.17064773902234417 191
1627552898584 0.1705543535345786 192
1627552898678 0.17039124810687198 193
1627552898746 0.170306644819183 194
1627552898851 0.17019649462027417 195
1627552898945 0.17008717483840333 196
1627552899069 0.16993517542508824 197
1627552899224 0.16966012971429553 198
1627552899305 0.1695535490917443 199
1627552899396 0.16944218296851707 200
1627552899466 0.16933999521433135 201
1627552899595 0.16914603007690898 202
1627552899701 0.16903753765786228 203
1627552899825 0.16892125758253912 204
1627552899893 0.16882814160003076 205
1627552899984 0.16872350600300332 206
1627552900089 0.16862337671981864 207
1627552900161 0.16853225683926865 208
1627552900266 0.16842852296645877 209
1627552900347 0.16833872793435542 210
1627552900424 0.16823920723123298 211
1627552900518 0.16814415604259736 212
1627552900584 0.16806265412207744 213
1627552900668 0.16796151632912565 214
1627552900769 0.16783278233959784 215
1627552900855 0.16773797975933705 216
1627552900956 0.167636466550817 217
1627552901032 0.16754266125894687 218
1627552901103 0.16744290976210927 219
1627552901206 0.1673289429481423 220
1627552901343 0.1672110550635725 221
1627552901514 0.1670253441580645 222
1627552901664 0.1668652617514359 223
1627552901758 0.16675808305395592 224
1627552901849 0.1666634747685543 225
1627552901945 0.1665427020649134 226
1627552902012 0.1664526140777005 227
1627552902107 0.16636381668908204 228
1627552902233 0.16613515111628538 229
1627552902316 0.1660239407903038 230
1627552902387 0.16593513294081444 231
1627552902470 0.16584848288089069 232
1627552902556 0.1657570897757358 233
1627552902623 0.16567238473326332 234
1627552902710 0.16557664898840993 235
1627552902786 0.16548483982227333 236
1627552902879 0.16539379893555442 237
1627552902964 0.16528557782363096 238
1627552903038 0.1651952609438389 239
1627552903116 0.16511622720933947 240
1627552903216 0.16501390365434357 241
1627552903316 0.16486784067186594 242
1627552903393 0.16477465237519767 243
1627552903468 0.16468537616514575 244
1627552903527 0.16461303139044314 245
1627552903594 0.16452761443781297 246
1627552903670 0.16445656335886916 247
1627552903741 0.1643768599200007 248
1627552903822 0.16428608700514458 249
1627552903916 0.16420025680202172 250
1627552903981 0.1641134207896598 251
1627552904065 0.1640078877505225 252
1627552904161 0.16389826705426624 253
1627552904240 0.16381276761174213 254
1627552904341 0.1636791286330932 255
1627552904434 0.16358000661424954 256
1627552904523 0.16349428004727604 257
1627552904609 0.16341445735999544 258
1627552904691 0.16333578134850266 259
1627552904763 0.16326066778182657 260
1627552904852 0.16317719154939145 261
1627552904929 0.1631024324132041 262
1627552905028 0.16294911743904958 263
1627552905106 0.16286184394266642 264
1627552905178 0.1627819451724336 265
1627552905237 0.1627099976619415 266
1627552905306 0.16263904877234656 267
1627552905364 0.16255278042686755 268
1627552905446 0.16246083677458437 269
1627552905510 0.16237877562847036 270
1627552905573 0.1622987343147627 271
1627552905644 0.16221401790208897 272
1627552905730 0.162128412164861 273
1627552905808 0.16204195425009968 274
1627552905883 0.1619616730419196 275
1627552905961 0.16188034214558264 276
1627552906049 0.16179519706541995 277
1627552906157 0.16170517095506493 278
1627552906235 0.16161946478182884 279
1627552906300 0.16154172652159415 280
1627552906363 0.16146806757027535 281
1627552906486 0.16137734836744536 282
1627552906616 0.1612401265540988 283
1627552906673 0.16116461075127705 284
1627552906752 0.16106747795730061 285
1627552906814 0.1609906561672329 286
1627552906877 0.1609175525107931 287
1627552906953 0.1608268871065628 288
1627552907025 0.16074783956134236 289
1627552907085 0.16068113317092803 290
1627552907156 0.16060373464192407 291
1627552907233 0.1605222096180526 292
1627552907288 0.16486784067186594 293
1627552911488 0.5099051729792473 0
1627552911691 0.47038753214268914 1
1627552911857 0.435857123856743 2
1627552912088 0.40525347389417354 3
1627552912244 0.3786099249009278 4
1627552912446 0.3553056586606456 5
1627552912621 0.3350439384753993 6
1627552912777 0.3176253427405624 7
1627552912950 0.3025990934556764 8
1627552913092 0.28962657528501323 9
1627552913238 0.2784578281273356 10
1627552913389 0.2689016815541404 11
1627552913536 0.2607513249823733 12
1627552913689 0.2538037094747416 13
1627552913841 0.24792626791480943 14
1627552914029 0.24280787246493402 15
1627552914167 0.23847885369735913 16
1627552914302 0.2348493492578708 17
1627552914461 0.23170811212792736 18
1627552914609 0.22900733453963962 19
1627552914733 0.22660077166980916 20
1627552914858 0.22459836773465014 21
1627552914988 0.22285453647857528 22
1627552915110 0.22121457082106846 23
1627552915241 0.21987714721237395 24
1627552915361 0.21856784599417003 25
1627552915481 0.21738340816070423 26
1627552915602 0.216342334506052 27
1627552915717 0.21527133053918449 28
1627552915836 0.2141827759418911 29
1627552915976 0.21340140568632238 30
1627552916087 0.21276150493005871 31
1627552916215 0.21214816108252485 32
1627552916355 0.21120858203248885 33
1627552916524 0.21025931218250116 34
1627552916668 0.20965787041599424 35
1627552916792 0.2092046437614939 36
1627552916929 0.20851444852102732 37
1627552917052 0.20753366560199882 38
1627552917170 0.2065088338726904 39
1627552917290 0.20567586868903298 40
1627552917418 0.20489655139540056 41
1627552917533 0.20454572728717185 42
1627552917660 0.20363608913573705 43
1627552917801 0.20312976452073042 44
1627552917902 0.20278634358132172 45
1627552918067 0.20213820039637206 46
1627552918166 0.20181829386116232 47
1627552918276 0.20142429002647075 48
1627552918382 0.20110211119429236 49
1627552918501 0.20062809607409118 50
1627552918599 0.2003737189823849 51
1627552918730 0.1995764731809116 52
1627552918825 0.19934410532277821 53
1627552918951 0.19859731993877147 54
1627552919051 0.1982837636711778 55
1627552919176 0.19775339795849303 56
1627552919285 0.19749468777076162 57
1627552919413 0.1968878141808474 58
1627552919522 0.19664922753437963 59
1627552919636 0.19639931341777694 60
1627552919770 0.195708749672791 61
1627552919893 0.1951087818484321 62
1627552920003 0.19470269548876473 63
1627552920110 0.19435852202589043 64
1627552920217 0.19407766620702613 65
1627552920317 0.19385391124077653 66
1627552920505 0.19341301228367833 67
1627552920655 0.19289101667784742 68
1627552920775 0.1926531466211959 69
1627552920879 0.19242796072641033 70
1627552921017 0.1919316751553065 71
1627552921120 0.19168476548908692 72
1627552921247 0.19118757673044381 73
1627552921393 0.1909190484984552 74
1627552921536 0.19067985325106343 75
1627552921684 0.19012200536586546 76
1627552921783 0.1899303334487227 77
1627552921884 0.18971336190367022 78
1627552921973 0.18953047266510598 79
1627552922081 0.18915619374256856 80
1627552922195 0.18878480781688753 81
1627552922313 0.18855456913022192 82
1627552922399 0.18838736650847618 83
1627552922501 0.18818188653936135 84
1627552922613 0.18795590598850706 85
1627552922740 0.1876453871500667 86
1627552922852 0.18745574501908235 87
1627552922982 0.18724652643011072 88
1627552923081 0.1870429968081397 89
1627552923162 0.18686117992454365 90
1627552923281 0.1866727633750101 91
1627552923406 0.18646953372783595 92
1627552923506 0.18627397205922172 93
1627552923613 0.18609484877075325 94
1627552923736 0.18581003839864318 95
1627552923842 0.1854853781776891 96
1627552923960 0.18530728794619863 97
1627552924053 0.1851235305201701 98
1627552924170 0.18492439182025036 99
1627552924293 0.18460138486421823 100
1627552924397 0.18434153752088503 101
1627552924507 0.1841410312893653 102
1627552924595 0.18399136990230158 103
1627552924713 0.18362269785900212 104
1627552924808 0.18344452439571624 105
1627552924896 0.18330262573960496 106
1627552925001 0.18305179141258449 107
1627552925087 0.18289022346681108 108
1627552925173 0.18274751339168796 109
1627552925265 0.18258995827714936 110
1627552925351 0.18244072463343003 111
1627552925448 0.18216439936742415 112
1627552925551 0.18200610818014343 113
1627552925636 0.18185449450017788 114
1627552925710 0.1817123278903848 115
1627552925803 0.1815494320021539 116
1627552925927 0.1812079247014838 117
1627552926028 0.1809684969819825 118
1627552926138 0.1808032526880852 119
1627552926227 0.18067401751967158 120
1627552926317 0.18051325963499865 121
1627552926417 0.18036531260682215 122
1627552926520 0.18005951164083256 123
1627552926627 0.17988469379060576 124
1627552926716 0.17974970419845035 125
1627552926848 0.17951957709442615 126
1627552926957 0.17926419303739297 127
1627552927057 0.17911642521597698 128
1627552927150 0.17897393655757762 129
1627552927246 0.17884207744505523 130
1627552927334 0.17871845112244245 131
1627552927444 0.1785227899595513 132
1627552927538 0.1784020422299325 133
1627552927630 0.17824912073452187 134
1627552927715 0.17813929286840646 135
1627552927799 0.17800880094997162 136
1627552927894 0.17788294290044906 137
1627552927992 0.1777392423405122 138
1627552928106 0.17761183083019735 139
1627552928184 0.17749178567252735 140
1627552928283 0.17728514025138686 141
1627552928415 0.1770359577005911 142
1627552928505 0.17689872798260933 143
1627552928577 0.17678007582519728 144
1627552928661 0.17664191178609934 145
1627552928763 0.17643341622256353 146
1627552928847 0.17631700060977906 147
1627552928927 0.17620506080084414 148
1627552929028 0.1759893491055199 149
1627552929118 0.17586672302308148 150
1627552929225 0.1756907446023755 151
1627552929336 0.17546229107297998 152
1627552929446 0.17527565850954746 153
1627552929532 0.1751559030871546 154
1627552929625 0.1750008979633899 155
1627552929715 0.17486825821956373 156
1627552929826 0.17465981465958674 157
1627552929917 0.17453733312252537 158
1627552930005 0.17441594423005177 159
1627552930101 0.1742863270747252 160
1627552930221 0.17413248334151307 161
1627552930290 0.1740166353762065 162
1627552930371 0.1738972913970756 163
1627552930444 0.17379426261675202 164
1627552930543 0.17364496252664066 165
1627552930634 0.17348078182662308 166
1627552930718 0.17336397476602056 167
1627552930785 0.17326050617883976 168
1627552930877 0.1731414154301646 169
1627552930963 0.17302957813291506 170
1627552931039 0.1729162541417567 171
1627552931104 0.17281254288125716 172
1627552931196 0.17267970604967842 173
1627552931260 0.17258396684754349 174
1627552931391 0.17235519458722193 175
1627552931501 0.17218849564569305 176
1627552931580 0.1720824144647777 177
1627552931663 0.17197883032055536 178
1627552931756 0.17183827071191624 179
1627552931847 0.17170908421196673 180
1627552931944 0.17156982310735014 181
1627552932033 0.17146625034068838 182
1627552932099 0.17135455401577057 183
1627552932174 0.17124273708323165 184
1627552932238 0.1711520524223228 185
1627552932328 0.1710281962917015 186
1627552932419 0.17090269411083323 187
1627552932506 0.1707901043108488 188
1627552932588 0.17068203990815226 189
1627552932683 0.17058028737717645 190
1627552932747 0.1704913453790718 191
1627552932836 0.17037766995861323 192
1627552932922 0.1702555857015892 193
1627552933000 0.17015387570608495 194
1627552933109 0.1699444109238358 195
1627552933217 0.16974896707111406 196
1627552933319 0.1695968713451265 197
1627552933421 0.16948265342954538 198
1627552933501 0.16938477330540455 199
1627552933583 0.16928934404628843 200
1627552933644 0.16919718989394555 201
1627552933724 0.16909201557449255 202
1627552933819 0.16898101763116896 203
1627552933889 0.16890089761910732 204
1627552933981 0.1687597821656712 205
1627552934049 0.1686696909769772 206
1627552934147 0.1685449859485512 207
1627552934257 0.16844923253228497 208
1627552934331 0.16835099755570013 209
1627552934409 0.16825889005559258 210
1627552934502 0.16817059100704002 211
1627552934568 0.1680886148346884 212
1627552934676 0.16788317051375437 213
1627552934775 0.16777708703165112 214
1627552934860 0.167685133226269 215
1627552934936 0.16758605258175582 216
1627552935001 0.16749590599288305 217
1627552935066 0.16740572018881267 218
1627552935144 0.1673111468232294 219
1627552935226 0.16722216676158883 220
1627552935318 0.16710894185062322 221
1627552935384 0.16701200391451115 222
1627552935452 0.16692378977107025 223
1627552935535 0.16682208169791213 224
1627552935619 0.16671115591635316 225
1627552935692 0.16661492656108504 226
1627552935754 0.16653343183478672 227
1627552935833 0.16644188460650866 228
1627552935922 0.16630677587918036 229
1627552936001 0.1662181705765558 230
1627552936060 0.16614340570471442 231
1627552936150 0.16602622626890468 232
1627552936261 0.16586070709407852 233
1627552936335 0.16576736958469343 234
1627552936405 0.16567705463494964 235
1627552936469 0.16559953110308037 236
1627552936528 0.16552710232689882 237
1627552936616 0.16543001475808974 238
1627552936677 0.16534897190081296 239
1627552936767 0.1652598796779575 240
1627552936890 0.1651645402315722 241
1627552936969 0.16508501671018036 242
1627552937080 0.16496418820044242 243
1627552937135 0.16488553257366298 244
1627552937212 0.16479765713632474 245
1627552937269 0.1647207393737493 246
1627552937343 0.16463216161490157 247
1627552937405 0.1645491540237134 248
1627552937495 0.16445742136107033 249
1627552937570 0.16437320416602838 250
1627552937649 0.16427022226987253 251
1627552937714 0.16418046422719362 252
1627552937772 0.16409806900372267 253
1627552937855 0.16400856142905293 254
1627552937921 0.16392699099339253 255
1627552938010 0.16385271687114483 256
1627552938101 0.16377847626542236 257
1627552938187 0.1636906758877757 258
1627552938279 0.16356923986118524 259
1627552938345 0.16348566593639832 260
1627552938410 0.1634094391054616 261
1627552938482 0.16333098651388672 262
1627552938565 0.16324527400055133 263
1627552938644 0.16315938215756187 264
1627552938755 0.1630717870951399 265
1627552938857 0.16299513848501213 266
1627552938923 0.1629138886676619 267
1627552938985 0.16284148350234492 268
1627552939068 0.16275253526015762 269
1627552939182 0.16266203471503923 270
1627552939264 0.1625807751308042 271
1627552939335 0.16249513693735687 272
1627552939406 0.1624123639206148 273
1627552939556 0.16227114607732174 274
1627552939623 0.16218662172229859 275
1627552939710 0.16210276232589985 276
1627552939776 0.1620266943611386 277
1627552939831 0.16195458690197362 278
1627552939897 0.1618767636245697 279
1627552939980 0.1617940289539938 280
1627552940093 0.16159928028294085 281
1627552940160 0.16151728438569854 282
1627552940224 0.1614391879466813 283
1627552940295 0.16136340536955357 284
1627552940363 0.16129227564651716 285
1627552940440 0.1612112493509987 286
1627552940548 0.1610878741818036 287
1627552940631 0.1610064373066768 288
1627552940697 0.16093032467830934 289
1627552940790 0.16085203085074787 290
1627552940872 0.16077377416291863 291
1627552940946 0.16069163597138605 292
1627552941024 0.16061190149149027 293
1627552941100 0.16053232034248316 294
1627552941163 0.16045938316366318 295
1627552941273 0.16034580608508703 296
1627552941372 0.16027180915913602 297
1627552941496 0.16018313161852843 298
1627552941594 0.1601095851241762 299
1627552941714 0.16002946641636692 300
1627552941779 0.15995779467254392 301
1627552941852 0.15987779323936466 302
1627552941947 0.15976550233178888 303
1627552942024 0.15968440210756557 304
1627552942106 0.15960057152395032 305
1627552942172 0.15952193123238792 306
1627552942238 0.15943791338672694 307
1627552942297 0.15936627044017168 308
1627552942385 0.1592909762059343 309
1627552942454 0.15921496212539032 310
1627552942564 0.15914103984733666 311
1627552942630 0.15906253223517605 312
1627552942694 0.15899078015811619 313
1627552942761 0.1589212231253337 314
1627552942832 0.1588565465105024 315
1627552942935 0.1587751222953901 316
1627552942998 0.15871147219627915 317
1627552943085 0.15862907180361246 318
1627552943214 0.15853154475385867 319
1627552943267 0.15846205554519174 320
1627552943337 0.15838865857285792 321
1627552943399 0.15832091677334562 322
1627552943479 0.15824785680548312 323
1627552943545 0.15817327789913996 324
1627552943639 0.15808940746889907 325
1627552943700 0.15802388956762406 326
1627552943793 0.1578906305771262 327
1627552943856 0.15781058359134953 328
1627552943924 0.15774521174680525 329
1627552944025 0.15766790861869667 330
1627552944100 0.15759743613199906 331
1627552944193 0.15751723279780339 332
1627552944261 0.15744898321745443 333
1627552944321 0.15737988615486753 334
1627552944426 0.15729075564625036 335
1627552944495 0.15721385947165262 336
1627552944628 0.1570670170983309 337
1627552944705 0.1569995597406674 338
1627552944766 0.15693369769100454 339
1627552944837 0.1568598354284722 340
1627552944911 0.15677624419097713 341
1627552945017 0.15669752947053542 342
1627552945110 0.15663398431380984 343
1627552945170 0.1565839833646726 344
1627552945230 0.15651137055576533 345
1627552945330 0.15643523296338713 346
1627552945428 0.1563701979269006 347
1627552945508 0.156289843939692 348
1627552945578 0.15622206289833376 349
1627552945669 0.1561578694769981 350
1627552945761 0.15610337222989842 351
1627552945916 0.15600114686797928 352
1627552946025 0.15594553952908735 353
1627552946101 0.1558680542343872 354
1627552946240 0.15577453952352777 355
1627552946330 0.15571120665781016 356
1627552946418 0.15563182540874027 357
1627552946488 0.15555631368611617 358
1627552946548 0.15548620405896058 359
1627552946635 0.15539822495186958 360
1627552946692 0.1553314033521905 361
1627552946764 0.1552644480609325 362
1627552946838 0.15518420446686976 363
1627552946917 0.15511201550935935 364
1627552946988 0.15503737832780368 365
1627552947059 0.15496678914268452 366
1627552947117 0.15489715449699926 367
1627552947179 0.15482868677617162 368
1627552947248 0.1547607688073574 369
1627552947316 0.15468840510448578 370
1627552947374 0.15462222638474404 371
1627552947493 0.15451567787198883 372
1627552947619 0.15443056293006852 373
1627552947725 0.15436199805220446 374
1627552947813 0.15428895180386346 375
1627552947901 0.1542156621337481 376
1627552948004 0.15409566732406924 377
1627552948077 0.15402926153354957 378
1627552948160 0.15394331016037288 379
1627552948238 0.15387479447986202 380
1627552948318 0.1538093812939968 381
1627552948387 0.15373409584463524 382
1627552948482 0.15365608247553644 383
1627552948564 0.15357345145695242 384
1627552948651 0.153478715492053 385
1627552948764 0.15338779547929984 386
1627552948842 0.15332044787998006 387
1627552948915 0.1570670170983309 388
