1627552766550 0.0010990762832271503 0
1627552766723 0.0010137572345924205 1
1627552766876 0.0009389712039791037 2
1627552767033 0.0008730037514809063 3
1627552767204 0.0008153501983661238 4
1627552767438 0.000765033306827755 5
1627552767614 0.0007215434625036768 6
1627552767770 0.0006839530590354678 7
1627552767921 0.0006516190814980882 8
1627552768064 0.0006234786717745451 9
1627552768214 0.0005994718679283023 10
1627552768366 0.0005790460875676945 11
1627552768505 0.0005613869365578897 12
1627552768665 0.0005464680375020094 13
1627552768810 0.0005337433879563995 14
1627552768979 0.0005228159498111681 15
1627552769112 0.0005134314729784164 16
1627552769261 0.000505509376206343 17
1627552769396 0.0004988546734146455 18
1627552769529 0.0004931753584908377 19
1627552769657 0.0004881709422162598 20
1627552769789 0.0004835736398379968 21
1627552769927 0.0004797515830391278 22
1627552770057 0.00047648332386519967 23
1627552770189 0.0004733027076939381 24
1627552770365 0.0004704463013198846 25
1627552770502 0.0004681433065141684 26
1627552770647 0.0004661875337374833 27
1627552770830 0.0004642722797730648 28
1627552770960 0.0004622473106981972 29
1627552771071 0.0004604354481913059 30
1627552771195 0.00045896374751601665 31
1627552771331 0.0004571786541711459 32
1627552771454 0.0004556774297859888 33
1627552771561 0.0004540793602508005 34
1627552771658 0.0004525734849604961 35
1627552771771 0.00045065412755474746 36
1627552771927 0.00044947699176739936 37
1627552772059 0.0004480783751673104 38
1627552772221 0.00044712935748719923 39
1627552772335 0.0004454268311612091 40
1627552772439 0.0004446103792963643 41
1627552772568 0.00044300998885872165 42
1627552772699 0.000440690687377742 43
1627552772818 0.0004394647317806033 44
1627552772929 0.00043825464834946045 45
1627552773043 0.00043739654456994827 46
1627552773152 0.0004367125671505259 47
1627552773272 0.00043568213605246314 48
1627552773384 0.00043456827041673114 49
1627552773521 0.0004331202846777814 50
1627552773672 0.00043256701822868475 51
1627552773772 0.00043174906123372457 52
1627552773880 0.0004311733275118409 53
1627552773999 0.0004295739548989323 54
1627552774105 0.00042841746413649774 55
1627552774224 0.0004269733321987848 56
1627552774328 0.00042636644781453124 57
1627552774468 0.00042520315817651895 58
1627552774576 0.00042457555485181863 59
1627552774700 0.00042341751347140915 60
1627552774843 0.00042276958072651633 61
1627552774953 0.00042212308909370794 62
1627552775083 0.0004214297681026535 63
1627552775207 0.00042001190985766634 64
1627552775340 0.00041911175356740233 65
1627552775440 0.0004185162872374941 66
1627552775634 0.00041716987277960933 67
1627552775754 0.00041654730226787514 68
1627552775846 0.00041606220045055874 69
1627552775946 0.00041553620911805196 70
1627552776055 0.00041480546392233845 71
1627552776156 0.0004142841058534774 72
1627552776287 0.00041298357527503243 73
1627552776423 0.000411923312221005 74
1627552776523 0.0004114368797851987 75
1627552776615 0.0004109722523607134 76
1627552776713 0.0004105499849663283 77
1627552776819 0.0004100176939728529 78
1627552776918 0.0004096298560109945 79
1627552777051 0.00040918427895148555 80
1627552777189 0.0004082624370939856 81
1627552777314 0.0004075163561468426 82
1627552777422 0.00040709868419930685 83
1627552777522 0.00040665430920636586 84
1627552777605 0.0004062196963303714 85
1627552777706 0.0004057745052252161 86
1627552777858 0.0004049037362519296 87
1627552777953 0.000404506072431988 88
1627552778054 0.0004041044125070984 89
1627552778208 0.00040332702237262245 90
1627552778327 0.0004024927912410723 91
1627552778438 0.00040190652565151027 92
1627552778549 0.0004013505090969206 93
1627552778667 0.0004005852206567655 94
1627552778777 0.0004000648849233976 95
1627552778876 0.0003996807213947042 96
1627552778977 0.00039928955657812294 97
1627552779077 0.0003989134303174423 98
1627552779228 0.0003982011950590552 99
1627552779348 0.00039751111643110355 100
1627552779452 0.0003970781574506607 101
1627552779558 0.00039648320769809195 102
1627552779656 0.0003961605269897732 103
1627552779757 0.0003958159064633523 104
1627552779856 0.00039542056888623977 105
1627552779965 0.0003950251454806044 106
1627552780068 0.00039462473602956417 107
1627552780149 0.00039428555486509427 108
1627552780278 0.00039394483290223 109
1627552780358 0.00039357551220919586 110
1627552780467 0.0003932321689892673 111
1627552780567 0.000392516050350651 112
1627552780660 0.0003921485378934918 113
1627552780743 0.00039184077574018505 114
1627552780876 0.00039132425044848045 115
1627552780970 0.00039102363490271433 116
1627552781071 0.00039068009422439957 117
1627552781155 0.0003903472254429095 118
1627552781265 0.0003899171545812405 119
1627552781359 0.00038957430945667454 120
1627552781442 0.00038923812379474776 121
1627552781537 0.00038892059168063283 122
1627552781660 0.0003885809287720113 123
1627552781821 0.0003879259009218099 124
1627552781903 0.0003876249368572983 125
1627552781999 0.0003873153417883113 126
1627552782099 0.00038683528336426806 127
1627552782195 0.0003865543677970484 128
1627552782271 0.0003862463242569157 129
1627552782351 0.00038597210940118223 130
1627552782443 0.00038567444818633144 131
1627552782536 0.00038535766293152783 132
1627552782625 0.0003850060867844757 133
1627552782710 0.00038465450025411207 134
1627552782794 0.0003843507170502081 135
1627552782888 0.0003840604024195012 136
1627552782976 0.0003837315522942577 137
1627552783080 0.00038343532213645825 138
1627552783201 0.0003831421821773858 139
1627552783295 0.00038284811345945595 140
1627552783411 0.00038255117733426903 141
1627552783529 0.0003822905843249634 142
1627552783631 0.0003820472433310113 143
1627552783752 0.00038175891844994045 144
1627552783858 0.00038148262101032584 145
1627552783983 0.0003808728590074877 146
1627552784127 0.0003805939761132798 147
1627552784219 0.00038028738062322086 148
1627552784325 0.00037972956423132007 149
1627552784417 0.0003794985722207418 150
1627552784512 0.0003791965488988336 151
1627552784607 0.0003789590954598958 152
1627552784715 0.0003786507609851038 153
1627552784786 0.000378389737990391 154
1627552784874 0.0003781603241195466 155
1627552784967 0.0003778804860973075 156
1627552785032 0.00037764325811272454 157
1627552785141 0.00037739539054049874 158
1627552785266 0.000377086746265244 159
1627552785406 0.0003767986715899397 160
1627552785570 0.0003761243982266521 161
1627552785681 0.00037587531374707185 162
1627552785807 0.00037561932971838367 163
1627552785907 0.0003752206906203149 164
1627552786011 0.00037493406007992384 165
1627552786089 0.0003746944657196669 166
1627552786183 0.00037447571261679574 167
1627552786270 0.0003742166488439631 168
1627552786364 0.0003739801157597172 169
1627552786517 0.00037360510835341614 170
1627552786582 0.0003733870217493229 171
1627552786655 0.00037309929770974396 172
1627552786767 0.0003728048376496006 173
1627552786864 0.00037260520191801754 174
1627552786993 0.0003720889226399318 175
1627552787077 0.0003718536051978312 176
1627552787171 0.00037159824179192665 177
1627552787271 0.0003713380991897336 178
1627552787365 0.0003710919718149927 179
1627552787478 0.00037080510547323603 180
1627552787542 0.00037060511718276727 181
1627552787629 0.00037035506196476025 182
1627552787720 0.00037013228406517716 183
1627552787809 0.00036990416631930924 184
1627552787882 0.0003696955991733831 185
1627552787955 0.00036946752646952743 186
1627552788053 0.00036924146640134845 187
1627552788123 0.00036904410159070776 188
1627552788209 0.0003688444273853529 189
1627552788327 0.00036863990018246544 190
1627552788426 0.00036842104822693944 191
1627552788525 0.0003682047606268107 192
1627552788639 0.0003679614006032487 193
1627552788729 0.0003677729613117477 194
1627552788852 0.00036754195421336944 195
1627552788969 0.000367312003039039 196
1627552789085 0.00036708310972365863 197
1627552789168 0.000366830828858661 198
1627552789254 0.00036660239362664083 199
1627552789354 0.00036636505208365104 200
1627552789412 0.0003661643863294935 201
1627552789489 0.000365969708925368 202
1627552789579 0.000365755967052422 203
1627552789712 0.00036552570083325114 204
1627552789785 0.00036531074099261415 205
1627552789879 0.00036500208230262366 206
1627552789953 0.0003647786270210546 207
1627552790027 0.0003645546124158169 208
1627552790091 0.00036436255791225266 209
1627552790182 0.0003640738858327382 210
1627552790268 0.0003638223307653096 211
1627552790335 0.0003636206144738606 212
1627552790442 0.00036324551449299004 213
1627552790538 0.0003628765921606484 214
1627552790610 0.00036265311817334226 215
1627552790685 0.00036245215716311925 216
1627552790764 0.0003622138184978125 217
1627552790865 0.0003619643257485178 218
1627552790938 0.0003617532019672781 219
1627552791013 0.00036153570215200436 220
1627552791105 0.00036132670693614095 221
1627552791177 0.00036113576666209037 222
1627552791254 0.00036096656749560704 223
1627552791338 0.0003607849235779819 224
1627552791405 0.00036060931223163276 225
1627552791464 0.000360441466035827 226
1627552791529 0.0003602484758629704 227
1627552791596 0.00036005349118221013 228
1627552791711 0.00035958682107064085 229
1627552791789 0.00035938100127887 230
1627552791867 0.0003591885300813381 231
1627552791939 0.00035900533002121226 232
1627552792020 0.0003588057615649574 233
1627552792099 0.00035860487406610156 234
1627552792170 0.000358399233246573 235
1627552792277 0.0003581029149089712 236
1627552792359 0.0003579072617154036 237
1627552792434 0.0003577257279496814 238
1627552792506 0.00035754025305399686 239
1627552792566 0.00035737897602350794 240
1627552792633 0.00035720087895300295 241
1627552792710 0.0003570004167247074 242
1627552792790 0.0003567932976697636 243
1627552792890 0.00035661597377041783 244
1627552793030 0.0003561505128719847 245
1627552793089 0.0003559796981892309 246
1627552793154 0.00035580038159212804 247
1627552793246 0.00035560406898435906 248
1627552793352 0.00035540768685063346 249
1627552793461 0.0003552229183412921 250
1627552793534 0.0003550389513823049 251
1627552793613 0.0003548525114516917 252
1627552793719 0.00035466605009881904 253
1627552793803 0.00035443002053284336 254
1627552793886 0.0003542509563031761 255
1627552793957 0.00035404450199634204 256
1627552794025 0.00035385463098321665 257
1627552794110 0.0003536501743573918 258
1627552794171 0.0003534787789940472 259
1627552794244 0.00035328954351428296 260
1627552794315 0.0003531045638441286 261
1627552794443 0.000352792459179692 262
1627552794536 0.0003526105258639864 263
1627552794617 0.000352406724465482 264
1627552794717 0.0003522110732881085 265
1627552794790 0.0003520242748718092 266
1627552794871 0.00035183903999448776 267
1627552794966 0.00035162604097177405 268
1627552795030 0.00035146143868405166 269
1627552795113 0.0003512914020118927 270
1627552795190 0.0003511077875437036 271
1627552795251 0.0003509135394690017 272
1627552795329 0.0003507386610054034 273
1627552795391 0.00035057483637122264 274
1627552795476 0.0003503378437781798 275
1627552795554 0.000350163503633717 276
1627552795613 0.0003500108195363138 277
1627552795675 0.0003498434324662444 278
1627552795732 0.000349683725959326 279
1627552795806 0.0003495157162788864 280
1627552795931 0.00034925616585224024 281
1627552796052 0.0003490411353799903 282
1627552796131 0.0003488654612096189 283
1627552796196 0.0003486913852441378 284
1627552796286 0.0003485336585714858 285
1627552796380 0.0003483746663218286 286
1627552796472 0.0003482047980758817 287
1627552796580 0.0003478254944992499 288
1627552796660 0.0003476381432135796 289
1627552796748 0.0003474494172024426 290
1627552796857 0.00034725754004056046 291
1627552796988 0.0003470158185817688 292
1627552797132 0.0003467554905344082 293
1627552797204 0.0003465780782426644 294
1627552797298 0.00034640993149384055 295
1627552797370 0.000346254012334561 296
1627552797441 0.0003460815738380206 297
1627552797506 0.0003459285359422466 298
1627552797590 0.00034574124204634477 299
1627552797674 0.000345564245257397 300
1627552797754 0.00034539086197415855 301
1627552797847 0.0003451572621270063 302
1627552797910 0.0003449898509237908 303
1627552797981 0.00034482954203213483 304
1627552798089 0.00034462763882511414 305
1627552798170 0.0003444475317706118 306
1627552798237 0.00034428370068763565 307
1627552798327 0.0003441149146177269 308
1627552798396 0.000343968125844475 309
1627552798466 0.00034376201595619546 310
1627552798530 0.00034360451036275565 311
1627552798600 0.00034342572901583263 312
1627552798659 0.00034326931870048863 313
1627552798741 0.00034311786491974676 314
1627552798806 0.00034296302972726525 315
1627552798887 0.0003427997966495304 316
1627552798962 0.000342644888831503 317
1627552799031 0.00034248284453323725 318
1627552799102 0.0003423070527189342 319
1627552799167 0.00034215143682170474 320
1627552799245 0.0003419848234493044 321
1627552799319 0.00034181550614636905 322
1627552799426 0.0003416137965283474 323
1627552799491 0.00034147198271492456 324
1627552799543 0.00034133512648142533 325
1627552799609 0.00034118020801368994 326
1627552799729 0.00034088354734581916 327
1627552799838 0.00034070442767399257 328
1627552799958 0.00034044792900137855 329
1627552800054 0.0003402463439653913 330
1627552800121 0.00034008173116111467 331
1627552800204 0.0003399021045546271 332
1627552800278 0.0003397341967573714 333
1627552800392 0.00033953558684175224 334
1627552800460 0.0003393721369312842 335
1627552800537 0.00033919600372571456 336
1627552800614 0.0003390319854798835 337
1627552800698 0.000338813048722335 338
1627552800766 0.0003386542835596656 339
1627552800850 0.00033844076600820394 340
1627552800964 0.0003382844025242231 341
1627552801024 0.00033813803533168244 342
1627552801102 0.0003379717058612862 343
1627552801166 0.0003378292153530986 344
1627552801244 0.0003376625688948983 345
1627552801321 0.0003374982089278395 346
1627552801377 0.0003373650454832769 347
1627552801434 0.000337229304641994 348
1627552801498 0.0003370761176992251 349
1627552801574 0.00033691114244849084 350
1627552801653 0.0003367459537882802 351
1627552801729 0.00033658503976771796 352
1627552801790 0.0003364500428677858 353
1627552801854 0.0003362944557672005 354
1627552801905 0.00033617492796751155 355
1627552801972 0.00034462763882511414 356
1627552806170 0.0010989690357404737 0
1627552806336 0.0010139094265389818 1
1627552806484 0.0009393880614309517 2
1627552806711 0.0008735076436538461 3
1627552806907 0.0008160826977513454 4
1627552807081 0.0007658614721139673 5
1627552807255 0.0007223648771119132 6
1627552807406 0.0006849479855081697 7
1627552807566 0.0006525864567878044 8
1627552807718 0.0006246253743879727 9
1627552807869 0.0006007575973735077 10
1627552808020 0.0005806211680708924 11
1627552808159 0.0005631686104300697 12
1627552808302 0.0005483023956724784 13
1627552808444 0.0005355625733883768 14
1627552808589 0.0005247173893813073 15
1627552808730 0.000515295883084335 16
1627552808881 0.0005072959579954887 17
1627552809019 0.0005005008106466601 18
1627552809151 0.0004946804432430547 19
1627552809275 0.000489654025364102 20
1627552809396 0.0004852799978707396 21
1627552809524 0.000481413188016632 22
1627552809646 0.0004780252255009287 23
1627552809773 0.0004749513664936371 24
1627552809889 0.0004719412224603833 25
1627552810004 0.0004694693632828157 26
1627552810125 0.00046725101383914783 27
1627552810269 0.00046516183895355627 28
1627552810426 0.0004632686563573659 29
1627552810548 0.0004615924477806138 30
1627552810696 0.0004598041620017494 31
1627552810809 0.00045821891778020593 32
1627552810919 0.00045620369913755294 33
1627552811023 0.00045443450531774525 34
1627552811126 0.00045308892877151183 35
1627552811241 0.00045179057664257417 36
1627552811359 0.00045065361385504847 37
1627552811513 0.00044860883557456844 38
1627552811621 0.00044678082250423267 39
1627552811739 0.00044517424233878804 40
1627552811861 0.0004443145307144214 41
1627552811962 0.00044355080404850336 42
1627552812094 0.00044227842400188086 43
1627552812226 0.00044138785445837494 44
1627552812329 0.0004399018353581799 45
1627552812451 0.00043806768938292124 46
1627552812558 0.00043743268968605053 47
1627552812683 0.00043561707771767384 48
1627552812808 0.0004337300801757608 49
1627552812959 0.00043267269717187323 50
1627552813063 0.0004320347031077761 51
1627552813215 0.00043044855295247504 52
1627552813317 0.0004298989442613503 53
1627552813415 0.0004293698066721003 54
1627552813541 0.00042869773656872395 55
1627552813682 0.0004274201127174198 56
1627552813782 0.00042668825685615125 57
1627552813901 0.0004262011781263669 58
1627552814022 0.0004248393052734838 59
1627552814129 0.00042428202943726307 60
1627552814265 0.0004227731397884723 61
1627552814376 0.00042217240279363445 62
1627552814497 0.0004209673666893924 63
1627552814601 0.000420349469407368 64
1627552814719 0.0004197792894685445 65
1627552814828 0.0004190462401494544 66
1627552814935 0.00041831698121163854 67
1627552815041 0.0004177897182775011 68
1627552815167 0.0004165170602608213 69
1627552815268 0.00041598185620990723 70
1627552815359 0.00041551789019717646 71
1627552815507 0.0004145658248766186 72
1627552815636 0.00041358585439989974 73
1627552815795 0.0004126083652332736 74
1627552815948 0.00041198409589739056 75
1627552816047 0.0004115355690423868 76
1627552816144 0.0004110760223626911 77
1627552816224 0.00041064820703640197 78
1627552816328 0.0004101983389824643 79
1627552816452 0.00040904574179888563 80
1627552816576 0.0004081745791825758 81
1627552816675 0.000407751029035562 82
1627552816763 0.00040739400416486723 83
1627552816876 0.0004069442597837886 84
1627552816968 0.000406535074977835 85
1627552817068 0.00040595977076607136 86
1627552817147 0.0004055756175356169 87
1627552817237 0.00040517454732251 88
1627552817343 0.0004047671328071377 89
1627552817486 0.0004037810639960399 90
1627552817586 0.00040311868521876215 91
1627552817687 0.00040261962200316805 92
1627552817772 0.00040221653480066263 93
1627552817858 0.0004018256095918558 94
1627552817963 0.0004013911543455494 95
1627552818093 0.00040064912364350157 96
1627552818211 0.000399804997136788 97
1627552818299 0.0003994167061396452 98
1627552818428 0.00039861599324384725 99
1627552818562 0.0003981921746915816 100
1627552818666 0.0003976870689338482 101
1627552818810 0.00039730819097809984 102
1627552818920 0.0003968624112893852 103
1627552819051 0.0003962595336405268 104
1627552819133 0.0003959224586306051 105
1627552819226 0.00039551418152220354 106
1627552819346 0.00039472623416861313 107
1627552819460 0.00039419126447759505 108
1627552819572 0.0003935344471944572 109
1627552819644 0.0003932086385342341 110
1627552819736 0.0003928243107466079 111
1627552819832 0.0003924446337204702 112
1627552819930 0.00039208980537759657 113
1627552820017 0.0003917448370626868 114
1627552820126 0.00039141974686552293 115
1627552820239 0.00039107530526767036 116
1627552820363 0.00039061655726565397 117
1627552820443 0.0003902894802998066 118
1627552820574 0.0003899089804676377 119
1627552820641 0.0003896268115945004 120
1627552820728 0.00038933555875453834 121
1627552820795 0.0003890650325311929 122
1627552820896 0.0003887348653840269 123
1627552820987 0.00038843330622617217 124
1627552821097 0.00038809720951861313 125
1627552821245 0.0003877283258471936 126
1627552821337 0.00038745338457504326 127
1627552821458 0.0003871375237663335 128
1627552821555 0.00038682467475843155 129
1627552821635 0.0003865066476281132 130
1627552821704 0.00038623433809980635 131
1627552821790 0.0003859528784985012 132
1627552821875 0.0003856234481520927 133
1627552821979 0.00038512188604313224 134
1627552822050 0.00038484173126759414 135
1627552822111 0.0003845792610963682 136
1627552822203 0.00038419050941462124 137
1627552822277 0.0003839051733694852 138
1627552822375 0.00038351663945693053 139
1627552822436 0.0003832684113689136 140
1627552822525 0.0003829547014407795 141
1627552822590 0.00038267429996495674 142
1627552822678 0.0003823924669538795 143
1627552822770 0.00038202368678806435 144
1627552822861 0.00038173118865346856 145
1627552822956 0.00038145076764341344 146
1627552823031 0.0003811713498715374 147
1627552823118 0.00038092903564176906 148
1627552823234 0.0003805943099070816 149
1627552823315 0.0003803488380304023 150
1627552823409 0.00038000131185413245 151
1627552823522 0.00037973303407278197 152
1627552823617 0.00037946103963596193 153
1627552823723 0.00037916696429373444 154
1627552823866 0.00037871879759630313 155
1627552823973 0.0003784470329519078 156
1627552824048 0.0003781847032000726 157
1627552824171 0.0003776096513682359 158
1627552824272 0.00037717353477867486 159
1627552824381 0.00037684435650846325 160
1627552824468 0.0003765357014663611 161
1627552824554 0.00037630617439179254 162
1627552824656 0.0003759029319700528 163
1627552824734 0.0003756621514150277 164
1627552824794 0.0003754320934222551 165
1627552824875 0.000375173413963125 166
1627552824962 0.0003749329740560047 167
1627552825057 0.00037457627891748313 168
1627552825139 0.0003743199474369242 169
1627552825214 0.00037406169646540626 170
1627552825305 0.0003738005280620532 171
1627552825375 0.00037356816876189466 172
1627552825455 0.0003733147060800303 173
1627552825516 0.0003730995249564768 174
1627552825595 0.0003728618490824853 175
1627552825664 0.00037263966745449914 176
1627552825758 0.00037239145745084757 177
1627552825874 0.00037209311622083254 178
1627552825990 0.00037175286313035 179
1627552826070 0.00037153422432753124 180
1627552826145 0.0003712928018616599 181
1627552826235 0.00037103939046814527 182
1627552826312 0.0003707931112395906 183
1627552826396 0.00037055790471503833 184
1627552826480 0.00037035548482929444 185
1627552826561 0.0003701091762646516 186
1627552826631 0.00036989677530311883 187
1627552826708 0.00036966627782568465 188
1627552826780 0.0003694415483033403 189
1627552826862 0.0003692023840673119 190
1627552826923 0.0003689961512246142 191
1627552826992 0.0003687901789240394 192
1627552827097 0.00036840200231085717 193
1627552827167 0.00036817471912079154 194
1627552827260 0.0003679450721909371 195
1627552827353 0.0003676935044732934 196
1627552827458 0.00036746192595964443 197
1627552827534 0.00036719811428429395 198
1627552827609 0.0003669790624130797 199
1627552827690 0.0003667370782767568 200
1627552827808 0.00036633071196798077 201
1627552827904 0.00036611155076232774 202
1627552827968 0.00036591380892385427 203
1627552828082 0.00036569043006207157 204
1627552828147 0.00036548698513894247 205
1627552828243 0.0003652685032822922 206
1627552828329 0.0003650050535846513 207
1627552828431 0.0003646280069697183 208
1627552828497 0.00036442707805061004 209
1627552828561 0.000364233599898259 210
1627552828651 0.00036399898746727866 211
1627552828753 0.0003636367861805514 212
1627552828870 0.00036334484526889875 213
1627552829002 0.0003630602595758105 214
1627552829058 0.00036286464014433664 215
1627552829136 0.00036265011767833355 216
1627552829238 0.00036243064900687636 217
1627552829363 0.00036210501920052305 218
1627552829431 0.0003619165623584974 219
1627552829512 0.00036170890953986674 220
1627552829622 0.0003613951839846111 221
1627552829710 0.0003611647134365864 222
1627552829802 0.0003609513658272589 223
1627552829912 0.0003607111407811555 224
1627552829965 0.00036053661313078817 225
1627552830041 0.0003603599126370377 226
1627552830110 0.0003601504289684229 227
1627552830187 0.0003599384182126417 228
1627552830272 0.0003597286344569994 229
1627552830343 0.00035953468289538944 230
1627552830439 0.00035932761888583564 231
1627552830533 0.00035912381135488544 232
1627552830607 0.00035893010957420337 233
1627552830688 0.00035873986368741364 234
1627552830761 0.0003585555299547242 235
1627552830890 0.00035826583736019434 236
1627552830978 0.00035804745635551307 237
1627552831044 0.0003578681657929126 238
1627552831114 0.00035768266224414365 239
1627552831170 0.0003574981982023808 240
1627552831247 0.00035731593961009424 241
1627552831353 0.00035703944861857666 242
1627552831444 0.0003567768576839671 243
1627552831514 0.00035659961605433404 244
1627552831626 0.0003561879428091532 245
1627552831693 0.0003560016001005127 246
1627552831774 0.00035578488076717257 247
1627552831843 0.0003555938323973793 248
1627552831956 0.00035514157571471224 249
1627552832042 0.00035495157890081113 250
1627552832120 0.00035478368965654445 251
1627552832186 0.00035461262910502195 252
1627552832250 0.0003544513931283624 253
1627552832346 0.0003542389336093008 254
1627552832427 0.00035403496356902137 255
1627552832550 0.0003536781511010108 256
1627552832631 0.00035347622064034223 257
1627552832724 0.00035329946205136804 258
1627552832812 0.00035310649611263866 259
1627552832865 0.00035293890932298953 260
1627552832922 0.0003527534976811521 261
1627552833001 0.0003525683883698936 262
1627552833068 0.0003524104371861051 263
1627552833132 0.0003522361841808605 264
1627552833204 0.0003520106988537637 265
1627552833304 0.0003517805342389849 266
1627552833370 0.00035161050024548536 267
1627552833513 0.0003513757234143628 268
1627552833603 0.0003512268703685672 269
1627552833716 0.00035104469040813605 270
1627552833826 0.0003508467660624596 271
1627552833900 0.00035064913280238137 272
1627552833995 0.00035046172931830534 273
1627552834096 0.00035027358990875304 274
1627552834172 0.0003500944255836255 275
1627552834325 0.0003496888332391324 276
1627552834387 0.00034951509940424287 277
1627552834450 0.0003493369893256266 278
1627552834525 0.0003491573679643357 279
1627552834587 0.00034899376519038634 280
1627552834688 0.000348655743638794 281
1627552834760 0.0003484778290802624 282
1627552834827 0.00034830135715257794 283
1627552834895 0.000348118367179629 284
1627552834958 0.00034793410029611 285
1627552835037 0.000347742759536887 286
1627552835118 0.0003475253396171189 287
1627552835177 0.00034735876909027864 288
1627552835243 0.0003471932430416549 289
1627552835339 0.0003470133891928112 290
1627552835456 0.0003467538058017804 291
1627552835522 0.00034658601896877546 292
1627552835592 0.00034642321332756416 293
1627552835701 0.0003461997588996162 294
1627552835776 0.0003460130492165708 295
1627552835846 0.0003458449435046955 296
1627552835919 0.00034567529174548746 297
1627552835987 0.0003455117448933439 298
1627552836070 0.00034533604255160126 299
1627552836156 0.0003451553636468783 300
1627552836216 0.0003449851551386127 301
1627552836309 0.00034476489289930875 302
1627552836381 0.00034458267983202907 303
1627552836441 0.00034442618627457974 304
1627552836530 0.00034423971198085354 305
1627552836605 0.00034405548961269854 306
1627552836690 0.00034388660110422207 307
1627552836758 0.00034372239402931756 308
1627552836839 0.00034352788050822535 309
1627552836904 0.0003433676929529073 310
1627552837002 0.00034318977410941235 311
1627552837087 0.0003430300450523758 312
1627552837171 0.0003428796333818931 313
1627552837257 0.00034273048108924924 314
1627552837346 0.0003425663080448998 315
1627552837442 0.0003423998182497218 316
1627552837497 0.00034225338872479144 317
1627552837583 0.00034206346877282116 318
1627552837648 0.00034191396984423157 319
1627552837713 0.00034175041796873144 320
1627552837776 0.00034158526432430164 321
1627552837858 0.00034140519345508927 322
1627552837916 0.0003412518075417209 323
1627552837991 0.00034107699173742737 324
1627552838057 0.0003409402467727242 325
1627552838139 0.00034075963384879934 326
1627552838233 0.0003405775997874266 327
1627552838308 0.00034042590644876955 328
1627552838384 0.00034026963434918253 329
1627552838456 0.00034010818839826676 330
1627552838564 0.00033994238632156895 331
1627552838667 0.000339763303277593 332
1627552838747 0.00033959802431696444 333
1627552838829 0.00033943380269565266 334
1627552838943 0.0003392732599327079 335
1627552839020 0.0003391106813972252 336
1627552839111 0.00033893852070746423 337
1627552839234 0.00033863730453541666 338
1627552839311 0.0003384808564125789 339
1627552839402 0.0003382568478211293 340
1627552839502 0.0003380496638711171 341
1627552839586 0.00033787486112977236 342
1627552839654 0.00034658601896877546 343
1627552843709 0.0011000534304679232 0
1627552843882 0.0010150540723768016 1
1627552844045 0.0009405720485416102 2
1627552844196 0.0008747639055301116 3
1627552844354 0.0008174606362143366 4
1627552844513 0.000767217853864811 5
1627552844688 0.0007235138900855762 6
1627552844857 0.0006857549288927877 7
1627552845012 0.0006533984033807281 8
1627552845157 0.0006252101201792266 9
1627552845303 0.0006011372892499755 10
1627552845450 0.0005805908777627469 11
1627552845596 0.000562964458968157 12
1627552845746 0.0005478971454396469 13
1627552845889 0.0005351213189840709 14
1627552846032 0.0005240532269427759 15
1627552846172 0.0005145603747716137 16
1627552846309 0.0005065607622494741 17
1627552846466 0.0004997791031327645 18
1627552846626 0.0004938343307237475 19
1627552846751 0.0004886067199285781 20
1627552846879 0.00048425057406229746 21
1627552847010 0.00048057780027264865 22
1627552847129 0.0004769203111757085 23
1627552847267 0.0004740346457419785 24
1627552847389 0.0004713159715955022 25
1627552847538 0.00046906830998166745 26
1627552847669 0.0004666953429051064 27
1627552847806 0.00046444966478652533 28
1627552847925 0.0004626071933657307 29
1627552848047 0.000460443944222006 30
1627552848171 0.0004586929869786648 31
1627552848287 0.0004571342292029921 32
1627552848403 0.00045510518711845373 33
1627552848517 0.0004538241207448829 34
1627552848629 0.00045171089676656023 35
1627552848742 0.00044993900415067953 36
1627552848864 0.0004489211401456828 37
1627552848989 0.00044685447025712973 38
1627552849099 0.0004450600563157858 39
1627552849214 0.00044395941634368436 40
1627552849321 0.00044304365209591265 41
1627552849426 0.0004419448338871162 42
1627552849549 0.0004408910641270993 43
1627552849672 0.00043881312772222486 44
1627552849782 0.0004375534070778298 45
1627552849909 0.0004360076121060275 46
1627552850022 0.0004342855191869551 47
1627552850185 0.00043321971881730916 48
1627552850307 0.000432173776263429 49
1627552850483 0.00043043161015368767 50
1627552850591 0.00042975317404368176 51
1627552850696 0.0004291479212261244 52
1627552850802 0.00042832573494781714 53
1627552850927 0.0004268543762559194 54
1627552851026 0.0004262901414157472 55
1627552851158 0.000425032157235511 56
1627552851266 0.0004242088839281278 57
1627552851386 0.00042332155487706904 58
1627552851502 0.000422722532396154 59
1627552851630 0.0004215330849095331 60
1627552851793 0.0004204121532700657 61
1627552851946 0.00041919214113360484 62
1627552852062 0.00041876033164889174 63
1627552852168 0.0004183141326373294 64
1627552852262 0.0004176516558526751 65
1627552852362 0.00041704925036990586 66
1627552852483 0.0004161368515991492 67
1627552852601 0.0004149406788016305 68
1627552852706 0.00041419848901066725 69
1627552852826 0.00041370243679825724 70
1627552852974 0.00041300669549650885 71
1627552853080 0.00041251084695569524 72
1627552853190 0.0004119708728227127 73
1627552853281 0.000411506886245614 74
1627552853428 0.0004105480361746919 75
1627552853571 0.00041005699738507845 76
1627552853670 0.0004092289932266917 77
1627552853796 0.00040876361586835407 78
1627552853963 0.00040771984624584783 79
1627552854107 0.0004070954424101712 80
1627552854234 0.0004066417201305597 81
1627552854362 0.00040604484519676185 82
1627552854472 0.00040564864136466547 83
1627552854590 0.00040527445594363697 84
1627552854677 0.0004047895601158458 85
1627552854765 0.0004043053095360211 86
1627552854859 0.00040391325052868747 87
1627552854948 0.0004034976596428053 88
1627552855036 0.0004030926471905082 89
1627552855159 0.00040238948817962337 90
1627552855265 0.00040200527692145683 91
1627552855414 0.0004015450167849542 92
1627552855530 0.00040120864892042397 93
1627552855654 0.0004005893799647841 94
1627552855763 0.0003999113351929801 95
1627552855911 0.0003992412633369339 96
1627552856043 0.00039876616444089834 97
1627552856162 0.00039839304305192615 98
1627552856290 0.00039797281183115337 99
1627552856432 0.00039762136396676647 100
1627552856586 0.00039716296733692015 101
1627552856755 0.0003964606192367149 102
1627552856862 0.0003960334189175722 103
1627552856998 0.000395653039004837 104
1627552857086 0.00039530310728251003 105
1627552857184 0.00039493951326806354 106
1627552857293 0.00039443091368464365 107
1627552857410 0.0003937769778307647 108
1627552857524 0.0003931979498992784 109
1627552857617 0.00039285801290099955 110
1627552857712 0.0003925274165592275 111
1627552857808 0.0003921710856595794 112
1627552857921 0.00039154453987747683 113
1627552857993 0.0003912121529168761 114
1627552858082 0.00039089776723612594 115
1627552858168 0.00039058186855622416 116
1627552858290 0.00039025076371611723 117
1627552858388 0.0003899501837441667 118
1627552858493 0.0003896326393658334 119
1627552858580 0.00038933398205104824 120
1627552858667 0.0003890436441318647 121
1627552858790 0.00038856596753380514 122
1627552858903 0.00038814401085735586 123
1627552858977 0.0003878539340482938 124
1627552859054 0.0003875745755481372 125
1627552859152 0.0003872470602872933 126
1627552859252 0.00038696056753508023 127
1627552859339 0.00038660889722524 128
1627552859423 0.00038631827865818276 129
1627552859530 0.00038589258251985607 130
1627552859617 0.00038551889355432445 131
1627552859705 0.00038523311126974024 132
1627552859788 0.00038495402156063003 133
1627552859888 0.00038451635039412377 134
1627552859950 0.00038424848313463566 135
1627552860037 0.0003839652192293503 136
1627552860126 0.00038370009415772204 137
1627552860218 0.000383412346237495 138
1627552860304 0.0003830983267212208 139
1627552860383 0.000382805710115899 140
1627552860496 0.0003822279848277652 141
1627552860582 0.00038195110629060707 142
1627552860667 0.0003816913716839412 143
1627552860751 0.00038142451909768866 144
1627552860861 0.000380985128791232 145
1627552860958 0.00038060643922328504 146
1627552861054 0.0003803354161132301 147
1627552861168 0.0003799602912196299 148
1627552861299 0.0003796630143753374 149
1627552861393 0.00037938187483787633 150
1627552861506 0.0003791218062006469 151
1627552861627 0.00037887365964142054 152
1627552861724 0.00037863472235544145 153
1627552861798 0.0003784007594952059 154
1627552861871 0.0003781669241779401 155
1627552861992 0.0003779076662365826 156
1627552862085 0.0003776269738354819 157
1627552862162 0.00037735134349164723 158
1627552862276 0.00037681595591741203 159
1627552862368 0.0003765479395259568 160
1627552862481 0.0003762644028729422 161
1627552862544 0.00037604134154499923 162
1627552862608 0.0003757732445017118 163
1627552862677 0.0003755421743198213 164
1627552862784 0.0003752010670823737 165
1627552862880 0.00037487404143748905 166
1627552862974 0.00037450557593680494 167
1627552863050 0.000374267426715051 168
1627552863154 0.000374013777248372 169
1627552863299 0.00037367154726360884 170
1627552863409 0.0003733940593222997 171
1627552863524 0.00037314875573265344 172
1627552863617 0.00037291072926827506 173
1627552863720 0.00037260508141482597 174
1627552863814 0.00037232642571705983 175
1627552863905 0.0003720750554236041 176
1627552863978 0.00037182630170801937 177
1627552864072 0.0003715819463195911 178
1627552864155 0.00037132505711256596 179
1627552864227 0.00037110112198467706 180
1627552864313 0.0003708570666811777 181
1627552864457 0.00037045261418774917 182
1627552864568 0.0003702220379706873 183
1627552864653 0.0003700122479015578 184
1627552864724 0.0003698111271040436 185
1627552864790 0.0003695948349474683 186
1627552864889 0.00036937574188532555 187
1627552864981 0.00036917685064511747 188
1627552865120 0.00036892747948143813 189
1627552865212 0.000368659122650837 190
1627552865281 0.00036844946832793413 191
1627552865384 0.00036803879436252514 192
1627552865503 0.00036759897155234277 193
1627552865613 0.00036737324913374846 194
1627552865756 0.00036713068957918115 195
1627552865881 0.000366886609713069 196
1627552865977 0.0003665583642681614 197
1627552866072 0.00036623325331132785 198
1627552866151 0.0003660024250891176 199
1627552866233 0.00036582053312530106 200
1627552866307 0.00036562907983629704 201
1627552866388 0.00036540441848057463 202
1627552866451 0.0003651896378669082 203
1627552866531 0.0003649224616667571 204
1627552866598 0.0003647197103546632 205
1627552866666 0.00036452075421986756 206
1627552866752 0.00036430082255782905 207
1627552866835 0.00036404559461250964 208
1627552866922 0.00036382326843845987 209
1627552867006 0.0003635990667263947 210
1627552867103 0.00036338137675332 211
1627552867216 0.00036308287572311477 212
1627552867321 0.0003627506801988693 213
1627552867424 0.0003624109154985536 214
1627552867532 0.00036220127319409493 215
1627552867599 0.0003620153782680751 216
1627552867662 0.0003618133325394318 217
1627552867818 0.00036137114790613665 218
1627552867904 0.0003611769253231571 219
1627552867995 0.00036094235534414815 220
1627552868113 0.0003604627291295694 221
1627552868193 0.0003602537072095297 222
1627552868275 0.00036005604081300465 223
1627552868335 0.00035988629804145086 224
1627552868417 0.00035969750509808426 225
1627552868488 0.00035950470071751165 226
1627552868549 0.0003593201287102323 227
1627552868639 0.00035911226427195276 228
1627552868761 0.00035889993854984454 229
1627552868837 0.00035867150690110873 230
1627552868940 0.0003584700546521482 231
1627552869032 0.00035826673238102533 232
1627552869100 0.00035812174042819183 233
1627552869165 0.00035792425163057973 234
1627552869249 0.00035771164614947147 235
1627552869328 0.000357494146630461 236
1627552869419 0.0003572894154917599 237
1627552869488 0.00035709855406540437 238
1627552869578 0.0003568496974949921 239
1627552869638 0.0003566542035547833 240
1627552869708 0.0003564840531686504 241
1627552869792 0.00035628370997650233 242
1627552869867 0.0003560618223061194 243
1627552869938 0.0003558895963717203 244
1627552870054 0.00035566691496060883 245
1627552870119 0.00035547570528425164 246
1627552870229 0.00035528449690895374 247
1627552870293 0.0003551184796622047 248
1627552870408 0.0003548938061279259 249
1627552870499 0.0003547242295004127 250
1627552870566 0.0003545583866041386 251
1627552870634 0.000354376289798772 252
1627552870716 0.0003541778034851196 253
1627552870800 0.0003539768649658174 254
1627552870879 0.0003537870828315473 255
1627552870960 0.000353573449733262 256
1627552871022 0.00035339259983626015 257
1627552871100 0.0003531884605119298 258
1627552871156 0.0003530280244475625 259
1627552871226 0.0003528418397533077 260
1627552871311 0.0003526496773518072 261
1627552871369 0.00035249411373461685 262
1627552871456 0.00035226007658725587 263
1627552871532 0.00035209272332807027 264
1627552871607 0.00035189627379082213 265
1627552871695 0.0003517132553810108 266
1627552871760 0.00035152225459425497 267
1627552871817 0.00035135065165060306 268
1627552871897 0.00035114220532308723 269
1627552871958 0.00035098212588989335 270
1627552872025 0.0003508268392123781 271
1627552872099 0.00035065560710631087 272
1627552872177 0.00035045618770569476 273
1627552872257 0.00035028039608926275 274
1627552872339 0.00035007582378672903 275
1627552872491 0.00034968413647050504 276
1627552872582 0.00034952575737964804 277
1627552872684 0.0003493618125849776 278
1627552872742 0.0003492026420365525 279
1627552872802 0.0003490251693974693 280
1627552872852 0.00035867150690110873 281
1627552876847 0.0010975830132136813 0
1627552877002 0.0010127842738499211 1
1627552877158 0.0009386892769387236 2
1627552877316 0.0008730640293579345 3
1627552877472 0.0008160192327591469 4
1627552877626 0.0007660265985795861 5
1627552877778 0.0007224088525906985 6
1627552877929 0.0006847101219316298 7
1627552878119 0.0006522855647980782 8
1627552878268 0.00062437961548098 9
1627552878414 0.0006004578347258093 10
1627552878560 0.0005799289150165726 11
1627552878698 0.0005623108475606083 12
1627552878884 0.0005473160820603939 13
1627552879072 0.0005346545279699893 14
1627552879212 0.0005239336338053064 15
1627552879352 0.0005147334232760976 16
1627552879486 0.0005068756045665823 17
1627552879627 0.0005002446514280355 18
1627552879762 0.0004942750658086687 19
1627552879885 0.0004893495709562271 20
1627552880013 0.0004849265383572633 21
1627552880144 0.0004810338424405094 22
1627552880306 0.00047738218246934957 23
1627552880441 0.00047412351292350327 24
1627552880597 0.0004713647500323183 25
1627552880718 0.00046897000347238045 26
1627552880875 0.00046680357079858034 27
1627552881021 0.0004646677102241238 28
1627552881135 0.000462854118351847 29
1627552881251 0.0004608191802864378 30
1627552881379 0.0004592255593270511 31
1627552881493 0.000457642488968847 32
1627552881672 0.00045583364478522304 33
1627552881833 0.00045398026655486443 34
1627552881974 0.00045264588169610176 35
1627552882122 0.00045051166128414524 36
1627552882235 0.0004493221788143146 37
1627552882347 0.00044753034050588365 38
1627552882456 0.0004463552819134547 39
1627552882562 0.00044547314665048776 40
1627552882672 0.0004438044403648311 41
1627552882785 0.0004425010574418428 42
1627552882930 0.000440219411737608 43
1627552883033 0.00043942046420157555 44
1627552883139 0.0004379290867438827 45
1627552883268 0.0004370246242766402 46
1627552883395 0.00043535986699308476 47
1627552883518 0.0004344908031623378 48
1627552883644 0.0004338633768724171 49
1627552883798 0.0004322337041268303 50
1627552883925 0.0004311104214798973 51
1627552884068 0.0004305016931019913 52
1627552884207 0.00042885132659274526 53
1627552884313 0.0004279166721170046 54
1627552884429 0.0004269898754026137 55
1627552884548 0.0004261097389582644 56
1627552884647 0.00042557642898565895 57
1627552884772 0.0004242160418027172 58
1627552884927 0.00042318928760383975 59
1627552885089 0.0004221677666462467 60
1627552885220 0.0004212892314408512 61
1627552885342 0.0004204385907418638 62
1627552885458 0.00041938019086468724 63
1627552885558 0.00041881547908470686 64
1627552885698 0.00041813133347280484 65
1627552885805 0.0004176100665268162 66
1627552885908 0.00041713945640211425 67
1627552886029 0.0004159761235238334 68
1627552886131 0.0004153698279559368 69
1627552886231 0.00041489195266332466 70
1627552886336 0.00041433360789414563 71
1627552886511 0.0004132520624152821 72
1627552886630 0.00041275536109750406 73
1627552886783 0.00041232561122145936 74
1627552886953 0.00041183390411013253 75
1627552887082 0.0004113012479356769 76
1627552887190 0.0004109225383710098 77
1627552887317 0.0004104725498140451 78
1627552887428 0.0004100364102795667 79
1627552887552 0.0004094343001725397 80
1627552887679 0.00040902689180700443 81
1627552887768 0.0004086307483378795 82
1627552887886 0.00040772414604234265 83
1627552887987 0.00040721978631719577 84
1627552888074 0.0004067965922892077 85
1627552888165 0.0004063747276259187 86
1627552888291 0.00040543310396275927 87
1627552888405 0.00040460025461044484 88
1627552888500 0.0004041607435611181 89
1627552888624 0.00040335835384655886 90
1627552888725 0.0004029296343032343 91
1627552888837 0.0004022136732123376 92
1627552888961 0.0004018161258588753 93
1627552889084 0.0004011076114899284 94
1627552889239 0.0004003378727934347 95
1627552889366 0.00039942965140615783 96
1627552889479 0.0003990403775860859 97
1627552889585 0.0003985652172088185 98
1627552889692 0.0003979442865823783 99
1627552889821 0.00039720211308444706 100
1627552889927 0.0003968476987186013 101
1627552890047 0.00039648120759676065 102
1627552890117 0.00039617188962770707 103
1627552890234 0.0003958172920381124 104
1627552890343 0.00039537500487887725 105
1627552890444 0.0003950300917929341 106
1627552890551 0.00039463970804866713 107
1627552890689 0.0003941462990672787 108
1627552890823 0.0003937914672960346 109
1627552890901 0.00039341242151463303 110
1627552891004 0.0003930228708451041 111
1627552891097 0.0003926967386767939 112
1627552891207 0.0003922639792635011 113
1627552891306 0.0003919140624876904 114
1627552891383 0.000391630361735793 115
1627552891472 0.00039129967492634263 116
1627552891568 0.00039070854793322866 117
1627552891662 0.0003903879332396395 118
1627552891768 0.0003900856594520101 119
1627552891885 0.0003897493916217745 120
1627552891958 0.0003894455719303489 121
1627552892055 0.0003891398286505398 122
1627552892183 0.00038879911399893416 123
1627552892272 0.00038840719677850556 124
1627552892372 0.0003881052069824522 125
1627552892441 0.0003878165738749507 126
1627552892536 0.00038753453708544804 127
1627552892614 0.00038719238652945044 128
1627552892681 0.00038692699195304136 129
1627552892757 0.00038665791881131923 130
1627552892827 0.00038638198171105087 131
1627552892950 0.00038604347254074094 132
1627552893053 0.00038576010243114757 133
1627552893160 0.00038518301220765935 134
1627552893233 0.0003849149649724524 135
1627552893334 0.00038464473512691834 136
1627552893500 0.0003841597598068816 137
1627552893597 0.000383906736755752 138
1627552893743 0.00038343112501641367 139
1627552893830 0.0003831628388154622 140
1627552893950 0.0003828261961116193 141
1627552894053 0.0003825545103742921 142
1627552894163 0.00038221285220863704 143
1627552894306 0.000381701179388627 144
1627552894406 0.00038125572288453695 145
1627552894494 0.0003809859629378444 146
1627552894564 0.00038074641398592654 147
1627552894651 0.0003804844533825597 148
1627552894743 0.0003802215528672908 149
1627552894839 0.0003799585335535955 150
1627552894938 0.0003796848185670158 151
1627552895030 0.0003794008014621309 152
1627552895108 0.0003791654216142439 153
1627552895201 0.0003788663453947742 154
1627552895269 0.0003786201200449365 155
1627552895338 0.00037838215438028435 156
1627552895412 0.000378125872073925 157
1627552895545 0.00037786835670668395 158
1627552895658 0.00037751398890533094 159
1627552895744 0.00037723728155102316 160
1627552895865 0.0003769836296718923 161
1627552895939 0.0003767526254925636 162
1627552896006 0.00037651908224240344 163
1627552896073 0.0003763033737826586 164
1627552896153 0.0003760796629716788 165
1627552896270 0.0003758142746264997 166
1627552896359 0.00037555760731775305 167
1627552896448 0.000375314919212304 168
1627552896546 0.00037506712698128874 169
1627552896619 0.0003748388150641526 170
1627552896730 0.00037457731757624033 171
1627552896854 0.00037434316384318074 172
1627552896962 0.00037397562711304413 173
1627552897051 0.00037371265718846945 174
1627552897138 0.0003734559794886983 175
1627552897227 0.00037320632918328735 176
1627552897311 0.00037298021892572436 177
1627552897382 0.000372743039137107 178
1627552897484 0.00037251255783984206 179
1627552897570 0.0003722664550713787 180
1627552897640 0.00037203766883968674 181
1627552897712 0.0003718193817163591 182
1627552897798 0.0003715678007760624 183
1627552897877 0.0003713620579033729 184
1627552897974 0.0003710966072897902 185
1627552898049 0.0003708644515760139 186
1627552898146 0.0003706210321228504 187
1627552898245 0.0003702756601979735 188
1627552898323 0.00037001420152428445 189
1627552898444 0.0003695079361271313 190
1627552898517 0.00036927913478057605 191
1627552898584 0.0003690770499931484 192
1627552898678 0.0003687240923063875 193
1627552898746 0.0003685410120674771 194
1627552898851 0.00036830264869714395 195
1627552898945 0.0003680660823376251 196
1627552899069 0.00036773715789822486 197
1627552899224 0.00036714196312609057 198
1627552899305 0.00036691132426570536 199
1627552899396 0.00036667032965368004 200
1627552899466 0.0003664491968939099 201
1627552899595 0.0003660294592606029 202
1627552899701 0.00036579468330191414 203
1627552899825 0.00036554305497171015 204
1627552899893 0.0003653415533894821 205
1627552899984 0.00036511512353410233 206
1627552900089 0.0003648984452744906 207
1627552900161 0.00036470126322725563 208
1627552900266 0.00036447678469020113 209
1627552900347 0.0003642824695943073 210
1627552900424 0.00036406710829255644 211
1627552900518 0.0003638614189535124 212
1627552900584 0.000363685050026361 213
1627552900668 0.00036346618936681667 214
1627552900769 0.00036318761095373265 215
1627552900855 0.0003629824595983539 216
1627552900956 0.00036276278654456476 217
1627552901032 0.00036255979330663635 218
1627552901103 0.0003623439325707987 219
1627552901206 0.00036209731010322047 220
1627552901343 0.000361842202498205 221
1627552901514 0.0003614403268975064 222
1627552901664 0.0003610939109830994 223
1627552901758 0.0003608619778978724 224
1627552901849 0.00036065724699430886 225
1627552901945 0.00036039589668413835 226
1627552902012 0.0003602009476376015 227
1627552902107 0.0003600087914271007 228
1627552902233 0.00035951396257506604 229
1627552902316 0.00035927330510640906 230
1627552902387 0.0003590811262590453 231
1627552902470 0.0003588936168355452 232
1627552902556 0.0003586958435333073 233
1627552902623 0.00035851254309790813 234
1627552902710 0.00035830537238901866 235
1627552902786 0.00035810669873770015 236
1627552902879 0.00035790968763145926 237
1627552902964 0.00035767549877690666 238
1627552903038 0.000357480054410061 239
1627552903116 0.0003573090266008053 240
1627552903216 0.00035708759997016233 241
1627552903316 0.0003567715218776249 242
1627552903393 0.00035656986380827935 243
1627552903468 0.00035637667143472254 244
1627552903527 0.0003562201184328802 245
1627552903594 0.0003560352774348435 246
1627552903670 0.0003558815239714592 247
1627552903741 0.000355709046931543 248
1627552903822 0.00035551261571216256 249
1627552903916 0.0003553268804470085 250
1627552903981 0.0003551389686260578 251
1627552904065 0.00035491059672012346 252
1627552904161 0.0003546733791860645 253
1627552904240 0.0003544883596814811 254
1627552904341 0.00035419916694585224 255
1627552904434 0.0003539846683909675 256
1627552904523 0.0003537991573926332 257
1627552904609 0.00035362642230103453 258
1627552904691 0.0003534561685978765 259
1627552904763 0.000353293623972175 260
1627552904852 0.0003531129826634357 261
1627552904929 0.00035295120501959186 262
1627552905028 0.0003526194337264089 263
1627552905106 0.0003524305751958755 264
1627552905178 0.0003522576754615637 265
1627552905237 0.0003521019821339784 266
1627552905306 0.0003519484498064172 267
1627552905364 0.00035176176640753197 268
1627552905446 0.0003515628017296531 269
1627552905510 0.0003513852226465201 270
1627552905573 0.00035121201445022893 271
1627552905644 0.0003510286894106209 272
1627552905730 0.0003508434398858099 273
1627552905808 0.0003506563462609968 274
1627552905883 0.0003504826189365861 275
1627552905961 0.0003503066201021621 276
1627552906049 0.00035012236743233355 277
1627552906157 0.00034992755228638333 278
1627552906235 0.000349742085419234 279
1627552906300 0.0003495738609962674 280
1627552906363 0.00034941446413591247 281
1627552906486 0.00034921814914838173 282
1627552906616 0.000348921203212721 283
1627552906673 0.00034875778815426076 284
1627552906752 0.0003485475942529268 285
1627552906814 0.00034838135305752184 286
1627552906877 0.0003482231578473016 287
1627552906953 0.0003480269592795695 288
1627552907025 0.00034785590158407015 289
1627552907085 0.00034771154996078265 290
1627552907156 0.00034754406071075145 291
1627552907233 0.0003473676417879023 292
1627552907288 0.0003567715218776249 293
1627552911488 0.001100408311873014 0
1627552911691 0.0010151266894334065 1
1627552911857 0.0009406078370919747 2
1627552912088 0.0008745631829488304 3
1627552912244 0.0008170646825953628 4
1627552912446 0.000766772570185764 5
1627552912621 0.0007230464687607102 6
1627552912777 0.0006854560136077901 7
1627552912950 0.0006530283966852999 8
1627552913092 0.0006250328642115722 9
1627552913238 0.0006009299861480153 10
1627552913389 0.0005803072043454567 11
1627552913536 0.0005627182082027529 12
1627552913689 0.0005477248049948188 13
1627552913841 0.0005350409063211896 14
1627552914029 0.0005239950782023934 15
1627552914167 0.0005146527759732285 16
1627552914302 0.0005068200708641549 17
1627552914461 0.0005000410781626602 18
1627552914609 0.0004942126256121036 19
1627552914733 0.0004890191074345748 20
1627552914858 0.00048469779035438044 21
1627552914988 0.0004809344898232808 22
1627552915110 0.00047739533796512136 23
1627552915241 0.00047450909139840416 24
1627552915361 0.0004716835347676504 25
1627552915481 0.0004691274413899612 26
1627552915602 0.0004668807371731625 27
1627552915717 0.0004645694414056104 28
1627552915836 0.00046222027024601193 29
1627552915976 0.0004605340227464813 30
1627552916087 0.00045915307556661705 31
1627552916215 0.00045782943991158474 32
1627552916355 0.00045580176760967025 33
1627552916524 0.0004537531819351626 34
1627552916668 0.0004524552317388166 35
1627552916792 0.0004514771393336379 36
1627552916929 0.0004499876534066123 37
1627552917052 0.0004478710604921564 38
1627552917170 0.00044565940739709257 39
1627552917290 0.0004438618147056385 40
1627552917418 0.0004421799976277702 41
1627552917533 0.0004414228965344063 42
1627552917660 0.000439459838625186 43
1627552917801 0.0004383671573911779 44
1627552917902 0.000437626032813924 45
1627552918067 0.0004362272979402496 46
1627552918166 0.00043553691896674774 47
1627552918276 0.00043468663323161893 48
1627552918382 0.00043399135049383556 49
1627552918501 0.00043296839523504076 50
1627552918599 0.00043241943303445413 51
1627552918730 0.00043069892507850515 52
1627552918825 0.00043019746022732495 53
1627552918951 0.00042858584911205345 54
1627552919051 0.0004279091744262725 55
1627552919176 0.00042676461094742047 56
1627552919285 0.0004262062976456923 57
1627552919413 0.0004248966252243271 58
1627552919522 0.000424381739826705 59
1627552919636 0.0004238424090149242 60
1627552919770 0.00042235212783183705 61
1627552919893 0.00042105735849982614 62
1627552920003 0.0004201809978949034 63
1627552920110 0.0004194382493216654 64
1627552920217 0.0004188321443177433 65
1627552920317 0.00041834926664284527 66
1627552920505 0.0004173977782036006 67
1627552920655 0.00041627127795633233 68
1627552920775 0.000415757939003769 69
1627552920879 0.00041527197329245774 70
1627552921017 0.0004142009569615483 71
1627552921120 0.000413668109947509 72
1627552921247 0.00041259514447932437 73
1627552921393 0.0004120156432032392 74
1627552921536 0.00041149944440328377 75
1627552921684 0.00041029557262174915 76
1627552921783 0.00040988193224029615 77
1627552921884 0.0004094136936266813 78
1627552921973 0.00040901900683287546 79
1627552922081 0.00040821128873363163 80
1627552922195 0.0004074098139085621 81
1627552922313 0.00040691294394592386 82
1627552922399 0.00040655210988415307 83
1627552922501 0.00040610867083377977 84
1627552922613 0.0004056209902023815 85
1627552922740 0.0004049508704847553 86
1627552922852 0.00040454161051171867 87
1627552922982 0.00040409010327807323 88
1627552923081 0.00040365087320235577 89
1627552923162 0.0004032585006194607 90
1627552923281 0.0004028518855324769 91
1627552923406 0.0004024133028216613 92
1627552923506 0.00040199126810417084 93
1627552923613 0.00040160470847270695 94
1627552923736 0.00040099006928658276 95
1627552923842 0.00040028943155145626 96
1627552923960 0.0003999051013247502 97
1627552924053 0.0003995085409255864 98
1627552924170 0.00039907878674321336 99
1627552924293 0.0003983817168607007 100
1627552924397 0.00039782094950244326 101
1627552924507 0.0003973882440988218 102
1627552924595 0.00039706526515499154 103
1627552924713 0.0003962696470650068 104
1627552924808 0.00039588513721878344 105
1627552924896 0.00039557891074830327 106
1627552925001 0.00039503759406271904 107
1627552925087 0.00039468891999529736 108
1627552925173 0.00039438094243159587 109
1627552925265 0.00039404092831398966 110
1627552925351 0.00039371887246787544 111
1627552925448 0.0003931225446878557 112
1627552925551 0.00039278094207938967 113
1627552925636 0.00039245374996104473 114
1627552925710 0.0003921469452314137 115
1627552925803 0.0003917954053796054 116
1627552925927 0.0003910584105577748 117
1627552926028 0.00039054171006694394 118
1627552926138 0.0003901851022033975 119
1627552926227 0.0003899062043596398 120
1627552926317 0.0003895592784559886 121
1627552926417 0.0003892399992103196 122
1627552926520 0.0003885800609649871 123
1627552926627 0.00038820279274745154 124
1627552926716 0.00038791147648486253 125
1627552926848 0.00038741484732437217 126
1627552926957 0.0003868637120277239 127
1627552927057 0.00038654481952059906 128
1627552927150 0.00038623731978882346 129
1627552927246 0.00038595275930365517 130
1627552927334 0.0003856859657114915 131
1627552927444 0.0003852637162794756 132
1627552927538 0.00038500313487648 133
1627552927630 0.0003846731204081963 134
1627552927715 0.0003844361047767731 135
1627552927799 0.00038415449478461253 136
1627552927894 0.0003838828849811427 137
1627552927992 0.000383572769886518 138
1627552928106 0.0003832978076138194 139
1627552928184 0.00038303874240637465 140
1627552928283 0.00038259278823532815 141
1627552928415 0.0003820550361878499 142
1627552928505 0.0003817588855895978 143
1627552928577 0.0003815028265684916 144
1627552928661 0.0003812046596445945 145
1627552928763 0.00038075471274583736 146
1627552928847 0.0003805034803305928 147
1627552928927 0.0003802619069903737 148
1627552929028 0.0003797963872141438 149
1627552929118 0.00037953175220371556 150
1627552929225 0.00037915197940056265 151
1627552929336 0.0003786589619223647 152
1627552929446 0.0003782561967905947 153
1627552929532 0.0003779977568510161 154
1627552929625 0.0003776632457784269 155
1627552929715 0.0003773770006406625 156
1627552929826 0.00037692716596900714 157
1627552929917 0.00037666284289761585 158
1627552930005 0.00037640087782362595 159
1627552930101 0.0003761211556284804 160
1627552930221 0.00037578915091136404 161
1627552930290 0.00037553914351697953 162
1627552930371 0.00037528159149928595 163
1627552930444 0.00037505924873360995 164
1627552930543 0.0003747370494920221 165
1627552930634 0.00037438273693250003 166
1627552930718 0.00037413065974790304 167
1627552930785 0.00037390736785080796 168
1627552930877 0.0003736503623201024 169
1627552930963 0.0003734090102061307 170
1627552931039 0.0003731644497105594 171
1627552931104 0.0003729406341086207 172
1627552931196 0.0003726539636427971 173
1627552931260 0.000372447352258415 174
1627552931391 0.00037195364693853243 175
1627552931501 0.0003715938998509041 176
1627552931580 0.000371364969808182 177
1627552931663 0.00037114142853164974 178
1627552931756 0.00037083809181393706 179
1627552931847 0.0003705592989997352 180
1627552931944 0.00037025876453740126 181
1627552932033 0.0003700352478138371 182
1627552932099 0.0003697941999273682 183
1627552932174 0.000369552891761706 184
1627552932238 0.0003693571884037193 185
1627552932328 0.00036908989887031007 186
1627552932419 0.00036881905705492653 187
1627552932506 0.0003685760809910274 188
1627552932588 0.00036834287102768397 189
1627552932683 0.0003681232824910976 190
1627552932747 0.00036793133991175797 191
1627552932836 0.0003676860210097617 192
1627552932922 0.00036742255529434144 193
1627552933000 0.0003672030585520049 194
1627552933109 0.0003667510200166241 195
1627552933217 0.00036632923955411475 196
1627552933319 0.00036600100714898656 197
1627552933421 0.00036575451750676534 198
1627552933501 0.0003655432858740048 199
1627552933583 0.00036533734336687836 200
1627552933644 0.0003651384687515301 201
1627552933724 0.00036491149577435683 202
1627552933819 0.0003646719550401412 203
1627552933889 0.00036449905087729273 204
1627552933981 0.00036419451461008797 205
1627552934049 0.00036400009200445794 206
1627552934147 0.00036373097049607894 207
1627552934257 0.00036352432843647203 208
1627552934331 0.0003633123310097345 209
1627552934409 0.00036311355707300294 210
1627552934502 0.00036292300202009256 211
1627552934568 0.00036274609214339654 212
1627552934676 0.00036230273002307216 213
1627552934775 0.00036207379501390066 214
1627552934860 0.00036187535276006216 215
1627552934936 0.00036166153032687166 216
1627552935001 0.0003614669881637498 217
1627552935066 0.00036127236137113673 218
1627552935144 0.0003610682659373537 219
1627552935226 0.00036087624121447005 220
1627552935318 0.0003606318945405573 221
1627552935384 0.00036042269621059243 222
1627552935452 0.0003602323243883356 223
1627552935535 0.0003600128317943429 224
1627552935619 0.00035977344679027174 225
1627552935692 0.0003595657776237931 226
1627552935754 0.00035938990673928944 227
1627552935833 0.00035919234190555843 228
1627552935922 0.00035890076854195354 229
1627552936001 0.00035870955257303943 230
1627552936060 0.00035854820514967533 231
1627552936150 0.00035829532435539975 232
1627552936261 0.00035793812328110914 233
1627552936335 0.0003577366949047911 234
1627552936405 0.00035754178940781186 235
1627552936469 0.00035737448861654136 236
1627552936528 0.00035721818263781386 237
1627552936616 0.0003570086613908869 238
1627552936677 0.0003568337656682569 239
1627552936767 0.00035664149889436846 240
1627552936890 0.00035643575020912605 241
1627552936969 0.000356264133311537 242
1627552937080 0.0003560033775808 243
1627552937135 0.00035583363365622033 244
1627552937212 0.00035564399278382335 245
1627552937269 0.0003554779992819581 246
1627552937343 0.00035528684275486406 247
1627552937405 0.0003551077070096754 248
1627552937495 0.0003549097419962034 249
1627552937570 0.00035472799584765813 250
1627552937649 0.00035450575426065537 251
1627552937714 0.00035431205060497466 252
1627552937772 0.0003541342363884152 253
1627552937855 0.0003539410732590051 254
1627552937921 0.0003537650389875239 255
1627552938010 0.00035360475063261405 256
1627552938101 0.0003534445346085552 257
1627552938187 0.00035325505572030225 258
1627552938279 0.0003529929889280437 259
1627552938345 0.00035281263099810553 260
1627552938410 0.0003526481285713257 261
1627552938482 0.0003524788228087555 262
1627552938565 0.000352293849667022 263
1627552938644 0.000352108489520705 264
1627552938755 0.0003519194537155711 265
1627552938857 0.00035175404106151136 266
1627552938923 0.0003515786987054308 267
1627552938985 0.0003514224436801017 268
1627552939068 0.0003512304876259621 269
1627552939182 0.00035103518160166375 270
1627552939264 0.0003508598181681225 271
1627552939335 0.00035067500541299124 272
1627552939406 0.0003504963758944132 273
1627552939556 0.00035019161866393564 274
1627552939623 0.0003500092096442133 275
1627552939710 0.00034982823564814363 276
1627552939776 0.0003496640760647777 277
1627552939831 0.00034950846350838933 278
1627552939897 0.0003493405158469655 279
1627552939980 0.00034916196908134486 280
1627552940093 0.0003487416888653633 281
1627552940160 0.0003485647364213344 282
1627552940224 0.0003483961992595708 283
1627552940295 0.000348232655561737 284
1627552940363 0.00034807915302350055 285
1627552940440 0.00034790429304242524 286
1627552940548 0.00034763804145584076 287
1627552940631 0.00034746229541728654 288
1627552940697 0.00034729803944689937 289
1627552940790 0.00034712907630769806 290
1627552940872 0.0003469601933190816 291
1627552940946 0.0003467829337943855 292
1627552941024 0.0003466108616346403 293
1627552941100 0.0003464391203725682 294
1627552941163 0.00034628171722802343 295
1627552941273 0.00034603661055369086 296
1627552941372 0.0003458769204060544 297
1627552941496 0.0003456855485424823 298
1627552941594 0.0003455268304552926 299
1627552941714 0.0003453539291070534 300
1627552941779 0.00034519925685237875 301
1627552941852 0.00034502660859014823 302
1627552941947 0.00034478427755586756 303
1627552942024 0.0003446092580321828 304
1627552942106 0.00034442834621605276 305
1627552942172 0.00034425863538473453 306
1627552942238 0.00034407731944518556 307
1627552942297 0.00034392270933733 308
1627552942385 0.00034376021951447824 309
1627552942454 0.00034359617621670615 310
1627552942564 0.0003434366471641003 311
1627552942630 0.0003432672226639878 312
1627552942694 0.0003431123770455756 313
1627552942761 0.0003429622684742349 314
1627552942832 0.00034282269216034304 315
1627552942935 0.00034264697344269635 316
1627552942998 0.0003425096124156949 317
1627552943085 0.0003423317870442623 318
1627552943214 0.0003421213173689051 319
1627552943267 0.00034197135516685295 320
1627552943337 0.00034181295975797317 321
1627552943399 0.0003416667685773166 322
1627552943479 0.0003415091004461301 323
1627552943545 0.0003413481543476386 324
1627552943639 0.00034116715654004164 325
1627552943700 0.0003410257646760533 326
1627552943793 0.00034073818316328927 327
1627552943856 0.0003405654365963595 328
1627552943924 0.0003404243599315166 329
1627552944025 0.00034025753478591277 330
1627552944100 0.0003401054506059263 331
1627552944193 0.0003399323666276245 332
1627552944261 0.00033978507962291633 333
1627552944321 0.00033963596369753266 334
1627552944426 0.00033944361430000543 335
1627552944495 0.0003392776673868936 336
1627552944628 0.0003389607720574817 337
1627552944705 0.00033881519472067227 338
1627552944766 0.00033867306016171453 339
1627552944837 0.0003385136606260104 340
1627552944911 0.0003383332653344254 341
1627552945017 0.0003381633938819078 342
1627552945110 0.00033802625932796644 343
1627552945170 0.0003379183540484032 344
1627552945230 0.00033776165091512335 345
1627552945330 0.00033759734107128604 346
1627552945428 0.0003374569912604705 347
1627552945508 0.0003372835821637728 348
1627552945578 0.0003371373062965504 349
1627552945669 0.00033699877274554185 350
1627552945761 0.0003368811641641677 351
1627552945916 0.00033666055522662034 352
1627552946025 0.00033654055099513366 353
1627552946101 0.00033637333272278633 354
1627552946240 0.00033617152193446463 355
1627552946330 0.0003360348455182026 356
1627552946418 0.00033586353565380814 357
1627552946488 0.0003357005764774656 358
1627552946548 0.0003355492753720405 359
1627552946635 0.00033535941077467895 360
1627552946692 0.0003352152054450168 361
1627552946764 0.00033507071160070444 362
1627552946838 0.0003348975407395694 363
1627552946917 0.0003347417523041835 364
1627552946988 0.00033458068044376016 365
1627552947059 0.00033442834442139245 366
1627552947117 0.00033427806835647475 367
1627552947179 0.0003341303105905249 368
1627552947248 0.00033398373922470943 369
1627552947316 0.00033382757367774124 370
1627552947374 0.0003336847557240857 371
1627552947493 0.0003334548171487485 372
1627552947619 0.00033327113360407404 373
1627552947725 0.00033312316616742883 374
1627552947813 0.00033296552764363517 375
1627552947901 0.00033280736380047495 376
1627552948004 0.00033254840724742166 377
1627552948077 0.0003324050992606402 378
1627552948160 0.0003322196106433944 379
1627552948238 0.00033207174937784106 380
1627552948318 0.0003319305834959288 381
1627552948387 0.0003317681126314371 382
1627552948482 0.00033159975474025556 383
1627552948564 0.0003314214316629259 384
1627552948651 0.00033121698532916977 385
1627552948764 0.00033102077406644756 386
1627552948842 0.0003308754335952099 387
1627552948915 0.0003389607720574817 388
