1627559173762 0.5089481182596695 0
1627559173889 0.469611580740376 1
1627559173993 0.4347959489784843 2
1627559174096 0.40414173260434716 3
1627559174207 0.3772325786335067 4
1627559174314 0.3538606327365314 5
1627559174417 0.33361720332083156 6
1627559174516 0.3161692850707072 7
1627559174644 0.30111623918217884 8
1627559174742 0.2880998823860323 9
1627559174843 0.2768890433301384 10
1627559174943 0.26724925965033125 11
1627559175043 0.25904937728934774 12
1627559175173 0.25210907217156175 13
1627559175266 0.24609675348787138 14
1627559175365 0.24095745824545697 15
1627559175467 0.23657848522066377 16
1627559175571 0.2329675525496062 17
1627559175675 0.229896785621744 18
1627559175781 0.22708534221290885 19
1627559175878 0.22472015219690394 20
1627559175974 0.2227081057515438 21
1627559176082 0.2209332941023957 22
1627559176184 0.21920962364734015 23
1627559176288 0.21760168708558672 24
1627559176390 0.21643974247194117 25
1627559176485 0.21514099582268087 26
1627559176569 0.21407286178976087 27
1627559176662 0.21319843315882975 28
1627559176746 0.2122966240725621 29
1627559176830 0.2113986953049723 30
1627559176915 0.21070200550608345 31
1627559177010 0.20990931947776817 32
1627559177096 0.20911322418500225 33
1627559177181 0.2085486746750686 34
1627559177264 0.2079183684585359 35
1627559177351 0.2072715501632508 36
1627559177440 0.2063440281979389 37
1627559177526 0.20586810747356324 38
1627559177624 0.20484907038216874 39
1627559177704 0.20436129220980576 40
1627559177789 0.20355315443208494 41
1627559177876 0.2027585018568425 42
1627559177963 0.20208951536021155 43
1627559178050 0.20154807698607505 44
1627559178122 0.20118822828293145 45
1627559178210 0.20020538605888022 46
1627559178289 0.19953262399650692 47
1627559178366 0.1990726999096872 48
1627559178447 0.19873822323401197 49
1627559178539 0.1978663205005141 50
1627559178616 0.19756836105696193 51
1627559178693 0.19710000758365287 52
1627559178777 0.19643232156962617 53
1627559178847 0.1961162632698332 54
1627559178927 0.19559180570766294 55
1627559179005 0.19526479905781396 56
1627559179081 0.1947056579466128 57
1627559179166 0.19442276372080622 58
1627559179276 0.1941282488551953 59
1627559179348 0.1938651693200605 60
1627559179443 0.19306939017545405 61
1627559179517 0.192817425514271 62
1627559179587 0.192572640273664 63
1627559179674 0.19213752922928704 64
1627559179758 0.19147632490081215 65
1627559179831 0.19122945738256822 66
1627559179919 0.1907021347432748 67
1627559179996 0.190354332277262 68
1627559180086 0.18988311149734144 69
1627559180167 0.18952615439630408 70
1627559180242 0.1892777255603665 71
1627559180317 0.18904943337266744 72
1627559180400 0.18878576705674502 73
1627559180492 0.18821240508134424 74
1627559180575 0.18774505056355023 75
1627559180660 0.18719160098843518 76
1627559180731 0.1869213765979997 77
1627559180800 0.18669492763281997 78
1627559180881 0.18647203564285475 79
1627559180961 0.18611939723454865 80
1627559181036 0.18590086066013697 81
1627559181111 0.18569274267279798 82
1627559181182 0.18549904135885484 83
1627559181264 0.18511773482343466 84
1627559181337 0.18490533974741677 85
1627559181408 0.1846854224121403 86
1627559181484 0.18447298312994906 87
1627559181570 0.18402526181925818 88
1627559181654 0.18381621102537107 89
1627559181725 0.18357849545097515 90
1627559181821 0.18309189337248385 91
1627559181908 0.18278220048457955 92
1627559181976 0.1825490161981803 93
1627559182070 0.1821419452535355 94
1627559182158 0.18189957545558888 95
1627559182239 0.18166369177118208 96
1627559182313 0.1814784472336791 97
1627559182378 0.18131257953258728 98
1627559182454 0.18110527271381371 99
1627559182534 0.1809148504705283 100
1627559182603 0.18072911359278312 101
1627559182672 0.18053595295368935 102
1627559182747 0.18036580967116955 103
1627559182815 0.18019589150161705 104
1627559182901 0.17992545983769664 105
1627559182977 0.1797489631024362 106
1627559183068 0.17944654020702458 107
1627559183154 0.17917800137244894 108
1627559183239 0.17901801388943667 109
1627559183352 0.17884138889843 110
1627559183413 0.1786706027176788 111
1627559183481 0.17851683753858888 112
1627559183552 0.1783455038028358 113
1627559183631 0.1781110534513639 114
1627559183707 0.17781671599309587 115
1627559183765 0.17766058268540647 116
1627559183849 0.17730735109920182 117
1627559183911 0.17714612360458368 118
1627559183982 0.17698600125000402 119
1627559184060 0.17681095640151281 120
1627559184120 0.1766534101788234 121
1627559184189 0.17650572652224844 122
1627559184268 0.1762797565121246 123
1627559184333 0.1761151777805467 124
1627559184413 0.17596514111169656 125
1627559184481 0.1758208716817398 126
1627559184554 0.17564333263105586 127
1627559184616 0.17549306810347923 128
1627559184678 0.175343592959532 129
1627559184753 0.1751439699686336 130
1627559184824 0.17500379091806859 131
1627559184885 0.17486715717298396 132
1627559184950 0.1747148918904273 133
1627559185019 0.1745748853117372 134
1627559185083 0.17443010018324212 135
1627559185149 0.17427698277497827 136
1627559185242 0.17414828396103355 137
1627559185337 0.17399590410894955 138
1627559185400 0.1738451812724809 139
1627559185464 0.17370083198562458 140
1627559185525 0.17356433248142014 141
1627559185584 0.17343093585017666 142
1627559185647 0.173286472680777 143
1627559185731 0.1731487401994191 144
1627559185811 0.17301091244346736 145
1627559185897 0.172831913834581 146
1627559185970 0.1726659692524033 147
1627559186034 0.17252940747186643 148
1627559186105 0.17238198714169714 149
1627559186165 0.17223475496135632 150
1627559186243 0.17210000929740213 151
1627559186309 0.17195953136935893 152
1627559186395 0.1718262898184591 153
1627559186456 0.17170337366915578 154
1627559186521 0.17156973419915053 155
1627559186592 0.1714405714003898 156
1627559186655 0.17130928499734768 157
1627559186754 0.17105079498909834 158
1627559186874 0.1708118742496947 159
1627559186953 0.17060706605285084 160
1627559187037 0.1703428484674371 161
1627559187109 0.17021063827976524 162
1627559187182 0.1700607364777453 163
1627559187252 0.16994547516062014 164
1627559187330 0.16980685291330574 165
1627559187413 0.16967769076946662 166
1627559187477 0.16954003893800748 167
1627559187541 0.16941789294491733 168
1627559187597 0.16930030496492096 169
1627559187681 0.16902733720606752 170
1627559187754 0.16890257152921326 171
1627559187826 0.16877720211305722 172
1627559187879 0.16865993780825264 173
1627559187937 0.1685443321013456 174
1627559187997 0.16842327467580984 175
1627559188065 0.16829343386125337 176
1627559188130 0.16817388865745306 177
1627559188192 0.16805538111797733 178
1627559188247 0.16793372084337296 179
1627559188309 0.16782292717800062 180
1627559188383 0.16769089265095038 181
1627559188422 0.17500379091806859 182
1627559192550 0.5082229773747958 0
1627559192707 0.46903122708872547 1
1627559192873 0.43437193867723906 2
1627559192985 0.4038829338487603 3
1627559193097 0.37709143578422033 4
1627559193241 0.35373206357901804 5
1627559193348 0.3335200281027947 6
1627559193449 0.31607947062676106 7
1627559193550 0.3010205126429911 8
1627559193648 0.2880466568108536 9
1627559193745 0.27683800358702154 10
1627559193844 0.2672961234243872 11
1627559193945 0.2591154750319765 12
1627559194045 0.25223137978294985 13
1627559194148 0.246248149112569 14
1627559194252 0.24119102916166624 15
1627559194353 0.23684904825012887 16
1627559194469 0.23327204289936485 17
1627559194577 0.23023525439157017 18
1627559194698 0.2274600659415459 19
1627559194803 0.22508243030470054 20
1627559194895 0.22313725339600202 21
1627559194990 0.22133820026956974 22
1627559195083 0.21951805488066564 23
1627559195171 0.21792942098936502 24
1627559195256 0.21674511202437205 25
1627559195349 0.21554053563441797 26
1627559195436 0.21456210532131262 27
1627559195529 0.21365211832307252 28
1627559195614 0.21270728431839223 29
1627559195696 0.21181749623158644 30
1627559195794 0.2111932570462028 31
1627559195888 0.21035284889724917 32
1627559195977 0.20963303202565792 33
1627559196051 0.2089593091839849 34
1627559196126 0.20834429636895183 35
1627559196208 0.20739327779879074 36
1627559196294 0.20651540175717686 37
1627559196371 0.20584976830128057 38
1627559196450 0.2050513497653701 39
1627559196526 0.2044993746791177 40
1627559196609 0.20368845452765819 41
1627559196689 0.20308947415678383 42
1627559196779 0.20231031943252223 43
1627559196865 0.20153207362941214 44
1627559196942 0.2012240423815411 45
1627559197033 0.2003675011024927 46
1627559197119 0.19959842149824544 47
1627559197203 0.19925886240452148 48
1627559197281 0.19891883242188005 49
1627559197371 0.19804193700362324 50
1627559197443 0.19774880261917935 51
1627559197524 0.19733835361699906 52
1627559197615 0.19638372058577197 53
1627559197683 0.19607584106825302 54
1627559197759 0.19558391746581355 55
1627559197835 0.1952702506129482 56
1627559197909 0.1950059006126285 57
1627559197991 0.19430617743612622 58
1627559198080 0.19362295147515143 59
1627559198154 0.193339330855598 60
1627559198241 0.19292528129099126 61
1627559198316 0.19267966997680602 62
1627559198388 0.19229749120330983 63
1627559198474 0.19169777629506654 64
1627559198555 0.19140279058608575 65
1627559198658 0.19114815836714166 66
1627559198742 0.19076584076953743 67
1627559198828 0.19034362035907332 68
1627559198917 0.1898375070789949 69
1627559198991 0.1895913783217868 70
1627559199076 0.1891846791093406 71
1627559199149 0.18895931759806883 72
1627559199225 0.1885002731351722 73
1627559199300 0.1882522108759639 74
1627559199381 0.1878127360670935 75
1627559199457 0.18757719213361015 76
1627559199526 0.18732414853189178 77
1627559199602 0.18708565668505603 78
1627559199692 0.1865044789618805 79
1627559199769 0.18619010490504895 80
1627559199848 0.1859499407421633 81
1627559199926 0.1857255027533935 82
1627559200000 0.1853219908932435 83
1627559200076 0.18511814541846472 84
1627559200149 0.18489790863160327 85
1627559200216 0.18469785514539264 86
1627559200311 0.18435270351517563 87
1627559200404 0.183935917790488 88
1627559200482 0.18372859722468846 89
1627559200578 0.1835411005518359 90
1627559200656 0.1833544309724027 91
1627559200743 0.18316231053327808 92
1627559200841 0.18297087719824476 93
1627559200967 0.18257990485505068 94
1627559201039 0.1823647405767393 95
1627559201119 0.182194196738804 96
1627559201204 0.18179932912373195 97
1627559201271 0.1816141934393362 98
1627559201345 0.1814004032560221 99
1627559201426 0.1812082248717086 100
1627559201512 0.18083266780509671 101
1627559201589 0.18063574911230432 102
1627559201658 0.18048614552809888 103
1627559201726 0.1802915344666961 104
1627559201804 0.18000867058751466 105
1627559201873 0.1798039608523642 106
1627559201944 0.17964324352528496 107
1627559202029 0.17941433426149825 108
1627559202119 0.17909464003083822 109
1627559202207 0.17867702392329224 110
1627559202274 0.1785149065279719 111
1627559202358 0.1782182052059538 112
1627559202423 0.17804895861096948 113
1627559202507 0.17782643784468505 114
1627559202575 0.17763415915944725 115
1627559202646 0.177471437620799 116
1627559202753 0.17731997891601714 117
1627559202851 0.17716041658888154 118
1627559202982 0.1768952546744666 119
1627559203107 0.17668796218283914 120
1627559203205 0.17651745625558532 121
1627559203290 0.17636870988069997 122
1627559203410 0.17619710544656414 123
1627559203524 0.17602206475316193 124
1627559203596 0.1758579067443936 125
1627559203660 0.17570780041534706 126
1627559203775 0.1754809199844657 127
1627559203862 0.17533293733061464 128
1627559203926 0.17517927260714486 129
1627559204026 0.1750248152154612 130
1627559204094 0.17487296929435486 131
1627559204176 0.17469644891470706 132
1627559204234 0.17455989984454273 133
1627559204306 0.17440382302673024 134
1627559204359 0.17426988685250017 135
1627559204424 0.1741225033800337 136
1627559204497 0.17389712486712428 137
1627559204562 0.17374100504239837 138
1627559204634 0.17356911648895312 139
1627559204724 0.17340838408828851 140
1627559204824 0.17327194600813536 141
1627559204899 0.1731337892339201 142
1627559204959 0.17299837833884904 143
1627559205038 0.1728579651874771 144
1627559205145 0.17271366462260648 145
1627559205220 0.17257050872408927 146
1627559205297 0.1724322755632734 147
1627559205356 0.17229326533284975 148
1627559205434 0.17214510033720523 149
1627559205491 0.1720217891741916 150
1627559205565 0.1718679609462107 151
1627559205630 0.17172887428547504 152
1627559205713 0.1715868393218278 153
1627559205763 0.17147609877479092 154
1627559205836 0.17131004514661735 155
1627559205895 0.1711837137661219 156
1627559205952 0.17105104038527866 157
1627559206015 0.17093250778013683 158
1627559206078 0.17081115327434804 159
1627559206138 0.17068378997881395 160
1627559206205 0.17054982370164518 161
1627559206303 0.17042516298808413 162
1627559206398 0.17030224921201068 163
1627559206457 0.17019691565106962 164
1627559206521 0.17004512938110483 165
1627559206570 0.1699363854466198 166
1627559206653 0.16966575322176042 167
1627559206728 0.16955095055717434 168
1627559206784 0.16943931717166016 169
1627559206859 0.16926484578131687 170
1627559206915 0.16915783916895644 171
1627559206993 0.16904065714750677 172
1627559207049 0.16891334114737439 173
1627559207153 0.1687838423059544 174
1627559207230 0.1686699581438304 175
1627559207279 0.16855960495666733 176
1627559207351 0.16837100284818898 177
1627559207433 0.16825219718897647 178
1627559207510 0.1681391668712813 179
1627559207584 0.16801895842209777 180
1627559207655 0.16789920416658646 181
1627559207722 0.16775760165166775 182
1627559207779 0.16763950417775772 183
1627559207839 0.16751574747749853 184
1627559207911 0.16734230804319164 185
1627559207973 0.16722394184368639 186
1627559208038 0.16710138741359185 187
1627559208100 0.16698392081513305 188
1627559208174 0.16683606252210018 189
1627559208232 0.16671831744097212 190
1627559208316 0.16649744197132677 191
1627559208379 0.1663764455443092 192
1627559208442 0.16624884679369997 193
1627559208496 0.16612758238741834 194
1627559208568 0.16599780366588615 195
1627559208644 0.16586435188051943 196
1627559208714 0.16571208353692798 197
1627559208789 0.16560942131947298 198
1627559208854 0.16549562651618133 199
1627559208919 0.1653861688539707 200
1627559208986 0.1652773962578241 201
1627559209035 0.16517493819072585 202
1627559209091 0.16506750573455609 203
1627559209169 0.1649107961188547 204
1627559209230 0.1648035411116761 205
1627559209310 0.16469179738029358 206
1627559209373 0.16458617459295513 207
1627559209447 0.16447701481705734 208
1627559209516 0.16437572229827682 209
1627559209581 0.1642626924979721 210
1627559209661 0.16416453191298117 211
1627559209712 0.16406213336030834 212
1627559209764 0.1639740292220511 213
1627559209830 0.16383253946791188 214
1627559209896 0.16372488440107288 215
1627559209946 0.1636229645087425 216
1627559210006 0.1635046383179286 217
1627559210058 0.16340308660583583 218
1627559210110 0.16330077368270673 219
1627559210162 0.16319113425024448 220
1627559210227 0.16309667338739592 221
1627559210314 0.16294787273801 222
1627559210398 0.16285089511187545 223
1627559210486 0.16275878266984325 224
1627559210583 0.1626381709732992 225
1627559210641 0.162535551858802 226
1627559210706 0.1624311244815944 227
1627559210793 0.16223832528530963 228
1627559210867 0.16206408113657375 229
1627559210927 0.16196090618315398 230
1627559210991 0.16186160490342408 231
1627559211059 0.1617366913305902 232
1627559211134 0.1616274956375562 233
1627559211205 0.16152415661523697 234
1627559211272 0.16141238458635998 235
1627559211331 0.1613147086805216 236
1627559211381 0.16121010044733408 237
1627559211445 0.16110765798168936 238
1627559211519 0.16095276496067573 239
1627559211579 0.1608528133885281 240
1627559211628 0.1607524321481975 241
1627559211687 0.1606571935293879 242
1627559211755 0.1605656141002218 243
1627559211821 0.16045236891609363 244
1627559211882 0.16035317081407907 245
1627559211934 0.16025594029162452 246
1627559211987 0.1601649293957225 247
1627559212038 0.16008719412038894 248
1627559212099 0.1599937730324804 249
1627559212157 0.15989735597691973 250
1627559212207 0.15979867720722105 251
1627559212266 0.15970009487978895 252
1627559212320 0.15961142826922697 253
1627559212380 0.15952144057280998 254
1627559212432 0.15941967847993083 255
1627559212482 0.1593214408412564 256
1627559212557 0.159200946570698 257
1627559212616 0.15911219542366337 258
1627559212671 0.15902282852776484 259
1627559212731 0.15892242249906696 260
1627559212788 0.15883360227931442 261
1627559212855 0.1587265680363347 262
1627559212922 0.15861547267267034 263
1627559212976 0.1585277915479875 264
1627559213037 0.15842621000505133 265
1627559213104 0.15833423459182033 266
1627559213156 0.15824165647006766 267
1627559213219 0.15814715558257075 268
1627559213272 0.15806181223399526 269
1627559213340 0.15795813776192635 270
1627559213423 0.15785477839616432 271
1627559213526 0.15770923308612708 272
1627559213574 0.15762708752181967 273
1627559213628 0.15753622573443393 274
1627559213713 0.15744734886184372 275
1627559213793 0.15735827057486232 276
1627559213844 0.15727097488086422 277
1627559213899 0.15718560246620286 278
1627559213956 0.15710189309195122 279
1627559214013 0.15700122756061827 280
1627559214070 0.15691594179066626 281
1627559214137 0.15681944430628905 282
1627559214194 0.1567240635612 283
1627559214252 0.15662741805964167 284
1627559214304 0.1565422575428127 285
1627559214358 0.1564663452423531 286
1627559214412 0.15636949450414217 287
1627559214470 0.15628064655919333 288
1627559214527 0.15619797428406276 289
1627559214575 0.15611886890345644 290
1627559214630 0.1560420088274078 291
1627559214693 0.15594726412409107 292
1627559214752 0.15585918101371835 293
1627559214809 0.15576384312362945 294
1627559214864 0.15567245798910595 295
1627559214922 0.15558721758562533 296
1627559214987 0.15549410575178935 297
1627559215060 0.15540740047905566 298
1627559215157 0.1553226729784399 299
1627559215273 0.15524027955509467 300
1627559215349 0.1551668906888771 301
1627559215407 0.15509063513712906 302
1627559215467 0.15501386364313302 303
1627559215523 0.15492747828078893 304
1627559215607 0.15481942333126048 305
1627559215680 0.15472976987246068 306
1627559215777 0.15460897197495774 307
1627559215826 0.15453750348030917 308
1627559215884 0.15445134253244525 309
1627559215941 0.1543661909441437 310
1627559216022 0.15429194610162067 311
1627559216108 0.15421331108859734 312
1627559216204 0.15413456305053078 313
1627559216279 0.15405209715945942 314
1627559216397 0.15391978885164037 315
1627559216461 0.15383956171034116 316
1627559216540 0.15833423459182033 317
1627559220558 0.5089522285626281 0
1627559220690 0.46963829592726164 1
1627559220803 0.4347930824213142 2
1627559220921 0.4042221281537489 3
1627559221022 0.37734206419840416 4
1627559221133 0.3539910098088119 5
1627559221262 0.3337948785223456 6
1627559221373 0.31638265698617846 7
1627559221501 0.301387662009622 8
1627559221630 0.288423823403104 9
1627559221737 0.2771370625941125 10
1627559221835 0.26756054549016123 11
1627559221931 0.2592497736525141 12
1627559222027 0.2522947297603144 13
1627559222119 0.2462656069269763 14
1627559222213 0.2411397362674489 15
1627559222309 0.23675585538271632 16
1627559222406 0.23319645228109367 17
1627559222537 0.23012230676888246 18
1627559222631 0.22729501287572715 19
1627559222770 0.2248827947944636 20
1627559222860 0.2228665836097615 21
1627559222951 0.22119197673674273 22
1627559223036 0.21944419368071552 23
1627559223125 0.2180271418813783 24
1627559223207 0.21684021269138334 25
1627559223294 0.21561514362412412 26
1627559223381 0.21448243831502556 27
1627559223468 0.21352924149045832 28
1627559223548 0.212470622527901 29
1627559223631 0.21152107838103576 30
1627559223740 0.21085772076495338 31
1627559223824 0.20998318975120248 32
1627559223905 0.20906461201515106 33
1627559224016 0.20857070241287956 34
1627559224140 0.20788620483884535 35
1627559224236 0.2071618438522755 36
1627559224338 0.20649754359516706 37
1627559224416 0.20593088758808648 38
1627559224495 0.20509199374399678 39
1627559224574 0.20436962829095587 40
1627559224655 0.20347162534008897 41
1627559224731 0.2027435319921047 42
1627559224808 0.20213356381258502 43
1627559224899 0.20153729945007845 44
1627559224972 0.20119724245802276 45
1627559225058 0.20037809475440774 46
1627559225137 0.199842049383994 47
1627559225219 0.19901303671415946 48
1627559225297 0.19865956233592505 49
1627559225390 0.19793704093410744 50
1627559225465 0.19761277863588747 51
1627559225543 0.19719917301905868 52
1627559225629 0.19662410833011548 53
1627559225702 0.1963234383922687 54
1627559225788 0.19549399655422414 55
1627559225884 0.1948789385772909 56
1627559225952 0.19462288495242153 57
1627559226033 0.19431462466355828 58
1627559226112 0.19398137525333073 59
1627559226190 0.19369435084448047 60
1627559226275 0.19292066407424258 61
1627559226361 0.19231658339298105 62
1627559226433 0.19206925571024513 63
1627559226512 0.1918271304115855 64
1627559226594 0.1914542782986579 65
1627559226676 0.19109936765418195 66
1627559226755 0.19061386810723863 67
1627559226837 0.19028199814599997 68
1627559226963 0.1896645395576671 69
1627559227057 0.18942302871068303 70
1627559227129 0.1891696292858776 71
1627559227261 0.18864541932434614 72
1627559227385 0.18843252783108055 73
1627559227465 0.1881102220024774 74
1627559227544 0.18787280461005115 75
1627559227619 0.18753957080736425 76
1627559227695 0.18731487398918578 77
1627559227779 0.18688697334750598 78
1627559227855 0.18664652717246255 79
1627559227938 0.18634257796366416 80
1627559228005 0.18613087956757535 81
1627559228090 0.18589645503575225 82
1627559228169 0.18549092884185975 83
1627559228243 0.18526322377050922 84
1627559228325 0.18481697606622546 85
1627559228394 0.18460656487060298 86
1627559228481 0.18418342667341955 87
1627559228555 0.18398667359688362 88
1627559228628 0.1837722225040262 89
1627559228697 0.18357261656800955 90
1627559228791 0.18312150882414058 91
1627559228862 0.1829330661541626 92
1627559228945 0.18274880280126737 93
1627559229022 0.18246200319680936 94
1627559229106 0.18215426420481093 95
1627559229181 0.1819706363290792 96
1627559229256 0.1817411766357176 97
1627559229319 0.1815665382247877 98
1627559229398 0.1813757182485311 99
1627559229473 0.18118177399170374 100
1627559229539 0.18100291688974826 101
1627559229605 0.18082118341358364 102
1627559229667 0.1806610213248113 103
1627559229738 0.18047577787954278 104
1627559229813 0.1802967213536281 105
1627559229882 0.18012013842533467 106
1627559229979 0.1799573752491024 107
1627559230099 0.17978851108760774 108
1627559230217 0.17946376067865727 109
1627559230338 0.17910892185148547 110
1627559230427 0.17894099518695647 111
1627559230508 0.1785839873566749 112
1627559230571 0.17843303454894324 113
1627559230645 0.17823632346292162 114
1627559230730 0.1780408477850853 115
1627559230788 0.17788611845290148 116
1627559230869 0.1775900455025477 117
1627559230939 0.17742939321731457 118
1627559231012 0.17720151637387002 119
1627559231089 0.17694130937453872 120
1627559231153 0.17677266016975002 121
1627559231220 0.17661935627335054 122
1627559231296 0.17646811358013453 123
1627559231356 0.1763198542272341 124
1627559231433 0.17616751265210698 125
1627559231493 0.17602218626427993 126
1627559231568 0.17588501381813956 127
1627559231653 0.1757292138028869 128
1627559231725 0.17556736674336107 129
1627559231808 0.17538984579353953 130
1627559231891 0.17511407006924504 131
1627559231951 0.17498337688860172 132
1627559232019 0.17483831649960377 133
1627559232085 0.1746956658431329 134
1627559232137 0.17456721278341228 135
1627559232185 0.17444182168229705 136
1627559232265 0.17421858314327107 137
1627559232328 0.17407475695888958 138
1627559232382 0.17394526720368228 139
1627559232442 0.1738031656947971 140
1627559232514 0.17365845067785274 141
1627559232562 0.17351503714702776 142
1627559232632 0.17337665388841753 143
1627559232695 0.17323710672441175 144
1627559232749 0.1731077084672976 145
1627559232818 0.1729620267408436 146
1627559232883 0.17280072701250418 147
1627559232952 0.17265208195833023 148
1627559233025 0.17250762284577642 149
1627559233094 0.17235293683402 150
1627559233192 0.17221788874990143 151
1627559233304 0.17205514456839505 152
1627559233413 0.1719234897626451 153
1627559233508 0.1717787142752922 154
1627559233577 0.17163595030733708 155
1627559233645 0.17150415945486155 156
1627559233706 0.17136923395479484 157
1627559233779 0.17117631826412724 158
1627559233838 0.17104975213846194 159
1627559233913 0.17091228464245636 160
1627559233994 0.1706604960059138 161
1627559234071 0.17047384766544646 162
1627559234126 0.17036570026199382 163
1627559234187 0.170257023070042 164
1627559234248 0.17012354596025162 165
1627559234332 0.16999810838655702 166
1627559234411 0.16985671740936506 167
1627559234486 0.16966130817383546 168
1627559234536 0.1695523916518442 169
1627559234624 0.16931863675326245 170
1627559234687 0.16919353941990017 171
1627559234772 0.16897884509731348 172
1627559234842 0.16885119853919056 173
1627559234899 0.16874650015261483 174
1627559234957 0.168627905500116 175
1627559235020 0.16851000797561688 176
1627559235070 0.16840714155158357 177
1627559235137 0.16827989701893162 178
1627559235211 0.16815995213267035 179
1627559235272 0.16804204553095273 180
1627559235355 0.16792308662232747 181
1627559235450 0.16775472137817707 182
1627559235533 0.16762247224455237 183
1627559235604 0.16747267627356408 184
1627559235682 0.16728290424301223 185
1627559235732 0.16716981808943435 186
1627559235792 0.16705101377788373 187
1627559235859 0.16693677620318734 188
1627559235925 0.16679224979578444 189
1627559236008 0.16668225975039694 190
1627559236097 0.1665679328418574 191
1627559236147 0.16646143211749787 192
1627559236223 0.16632393767200765 193
1627559236286 0.16621263560752766 194
1627559236342 0.16611218988801935 195
1627559236403 0.16600350299132105 196
1627559236471 0.16589164928477307 197
1627559236529 0.1657819213308645 198
1627559236593 0.16563547490765504 199
1627559236653 0.16553906322241835 200
1627559236721 0.1653878253786733 201
1627559236786 0.16526642038311226 202
1627559236840 0.16516003847262795 203
1627559236893 0.16505115902368214 204
1627559236952 0.16494194407660775 205
1627559237019 0.1648223621510408 206
1627559237077 0.16469762939164362 207
1627559237142 0.1645945703957188 208
1627559237206 0.1644724188017001 209
1627559237264 0.16436186403146383 210
1627559237333 0.16417340805943567 211
1627559237396 0.16406917188691936 212
1627559237451 0.16396866411908453 213
1627559237510 0.16385976490322093 214
1627559237569 0.16376587370853787 215
1627559237632 0.16366836236426022 216
1627559237696 0.16355120358293332 217
1627559237743 0.1634505568819432 218
1627559237805 0.1633371257222989 219
1627559237872 0.16319570973402064 220
1627559237935 0.1630728085428063 221
1627559237993 0.16298762325294516 222
1627559238054 0.16287424650360224 223
1627559238106 0.16277693562934611 224
1627559238174 0.16266659403518338 225
1627559238231 0.1625469909045744 226
1627559238286 0.1624470155592755 227
1627559238348 0.16234639652856553 228
1627559238405 0.1622431406033376 229
1627559238461 0.1621363183392076 230
1627559238517 0.16204155903609777 231
1627559238576 0.1619398112444304 232
1627559238637 0.16184652838766014 233
1627559238742 0.16174174016324142 234
1627559238798 0.1616462241643793 235
1627559238863 0.16155013921167474 236
1627559238917 0.16147089898169903 237
1627559239008 0.1613743908267313 238
1627559239095 0.16128303178832798 239
1627559239177 0.16110956496728968 240
1627559239232 0.16101678682406972 241
1627559239323 0.16091463972960915 242
1627559239406 0.1608228064009884 243
1627559239493 0.16072614448042427 244
1627559239584 0.1605983954094829 245
1627559239642 0.16049119220571165 246
1627559239693 0.16039685747365434 247
1627559239757 0.160295790633302 248
1627559239824 0.16020110183518657 249
1627559239891 0.16009186071745 250
1627559239950 0.15998866879758566 251
1627559240003 0.15989459273940293 252
1627559240067 0.15978979190233197 253
1627559240136 0.15967202429769606 254
1627559240202 0.15956711170950305 255
1627559240261 0.15947238745140743 256
1627559240335 0.15938040840434858 257
1627559240387 0.15928648178349983 258
1627559240436 0.15921344221108633 259
1627559240491 0.1591176069760772 260
1627559240554 0.1590400452154148 261
1627559240604 0.15895577157305557 262
1627559240662 0.15887074246650335 263
1627559240718 0.15878072552386188 264
1627559240788 0.15869087833443107 265
1627559240869 0.158598231830221 266
1627559240959 0.15850409884064262 267
1627559241014 0.15841745525756382 268
1627559241062 0.15832136216533313 269
1627559241144 0.15823507408946827 270
1627559241219 0.15813924389673364 271
1627559241280 0.15805000291302426 272
1627559241333 0.15795863092107174 273
1627559241404 0.16287424650360224 274
1627559245529 0.5069714476450443 0
1627559245642 0.46790574070956004 1
1627559245752 0.43336985640162434 2
1627559245864 0.40300480002996464 3
1627559245977 0.3763493681359613 4
1627559246083 0.3531624024095452 5
1627559246192 0.3331133322971878 6
1627559246307 0.31591404653293054 7
1627559246420 0.3009820014655343 8
1627559246525 0.28815169319211864 9
1627559246635 0.27693392988026133 10
1627559246744 0.267318301611812 11
1627559246869 0.2590382412402071 12
1627559246991 0.2520709113766044 13
1627559247121 0.24600187548563984 14
1627559247261 0.24095427067691705 15
1627559247358 0.23663497450846627 16
1627559247463 0.23301826716826485 17
1627559247561 0.229908017390426 18
1627559247650 0.22714213195168526 19
1627559247736 0.22473955784419566 20
1627559247826 0.22265291855078556 21
1627559247925 0.22090464838061893 22
1627559248015 0.21928881208117926 23
1627559248098 0.21775582204031987 24
1627559248184 0.2166273864884577 25
1627559248275 0.2155849594836976 26
1627559248363 0.21459467380764252 27
1627559248451 0.2135689831135047 28
1627559248533 0.21270802877149927 29
1627559248614 0.21184421697683486 30
1627559248695 0.2111286231289153 31
1627559248782 0.21034674112274127 32
1627559248865 0.20943123715362186 33
1627559248945 0.20881700687750296 34
1627559249026 0.20812097841247942 35
1627559249113 0.20705326972814073 36
1627559249209 0.2060595636756815 37
1627559249300 0.2054598807647853 38
1627559249396 0.20451499677604468 39
1627559249515 0.20406671131663603 40
1627559249600 0.20327679381148855 41
1627559249689 0.2024092828599599 42
1627559249801 0.20151081078776098 43
1627559249898 0.20102608066156585 44
1627559249969 0.20071217929839222 45
1627559250052 0.20032118847514685 46
1627559250122 0.19993811222299676 47
1627559250207 0.19954295963640184 48
1627559250294 0.19908191779167508 49
1627559250381 0.19838061496046475 50
1627559250481 0.19805269463696276 51
1627559250581 0.19767690368739124 52
1627559250669 0.19697231203614726 53
1627559250754 0.19656702381670746 54
1627559250847 0.1957501186677849 55
1627559250949 0.19483043292886584 56
1627559251045 0.19450918600280281 57
1627559251190 0.1938099819699722 58
1627559251298 0.1934835331009947 59
1627559251369 0.19321567147129204 60
1627559251446 0.19291739744672284 61
1627559251529 0.19249821968876424 62
1627559251601 0.1922474300094703 63
1627559251679 0.192002061507412 64
1627559251765 0.19133033436882083 65
1627559251836 0.19108173085256008 66
1627559251912 0.19069717698248473 67
1627559252008 0.1900175869858442 68
1627559252091 0.18972659633758737 69
1627559252176 0.18944482842447272 70
1627559252246 0.18919840113916125 71
1627559252326 0.18894678884441737 72
1627559252402 0.18864790175818558 73
1627559252480 0.18841726421317948 74
1627559252568 0.18776078325019255 75
1627559252648 0.18748853883435637 76
1627559252717 0.1872488991661292 77
1627559252787 0.18702470652161177 78
1627559252862 0.18672418466121868 79
1627559252956 0.18652320637378292 80
1627559253049 0.1859371177582047 81
1627559253124 0.1856573438297457 82
1627559253204 0.18544869873847608 83
1627559253279 0.18522232012316028 84
1627559253350 0.1850065718327215 85
1627559253419 0.18478105210316698 86
1627559253505 0.1843800979828131 87
1627559253586 0.1841697290663036 88
1627559253660 0.1839362452663263 89
1627559253731 0.18373920837201108 90
1627559253799 0.18351120532953444 91
1627559253874 0.18331137505908676 92
1627559253946 0.18303803720465037 93
1627559254023 0.18266184058193038 94
1627559254103 0.18232865783227253 95
1627559254179 0.18212085229506814 96
1627559254275 0.18170282308178576 97
1627559254344 0.18152705033923927 98
1627559254422 0.18133376983541985 99
1627559254500 0.18112019807093954 100
1627559254578 0.18088307300017076 101
1627559254656 0.18058775162758145 102
1627559254727 0.18027606296328383 103
1627559254794 0.18010080693460906 104
1627559254874 0.17990859123836486 105
1627559254945 0.1797087151814372 106
1627559255007 0.1795510852126903 107
1627559255095 0.17938270185962835 108
1627559255203 0.17921725844883632 109
1627559255289 0.17901359520330218 110
1627559255357 0.17883776013051605 111
1627559255439 0.17849159286487076 112
1627559255506 0.17832757474714409 113
1627559255574 0.17810884173021496 114
1627559255647 0.17790504373308594 115
1627559255716 0.17773459717985576 116
1627559255792 0.17756968641246607 117
1627559255862 0.1773980010255685 118
1627559255932 0.177252483275508 119
1627559256022 0.17686887906458376 120
1627559256101 0.17668378151249797 121
1627559256223 0.1764608506991134 122
1627559256297 0.17629245165989063 123
1627559256363 0.17612395936246836 124
1627559256427 0.17595445505379395 125
1627559256493 0.175804809057467 126
1627559256577 0.17558311778105584 127
1627559256641 0.17543599868888396 128
1627559256708 0.1752889347344927 129
1627559256786 0.17512664926135177 130
1627559256870 0.1748284942246981 131
1627559256955 0.17458728059638587 132
1627559257022 0.17444230575348918 133
1627559257093 0.17425758851265702 134
1627559257165 0.17410285257095376 135
1627559257237 0.17394682652811974 136
1627559257314 0.17380510689435064 137
1627559257383 0.17366106102774348 138
1627559257446 0.17352668004871707 139
1627559257507 0.1733812556926872 140
1627559257563 0.17323819634561113 141
1627559257635 0.17309633727419999 142
1627559257738 0.17294959232795942 143
1627559257826 0.17281423634157603 144
1627559257919 0.17266191016078375 145
1627559257998 0.17252310136582186 146
1627559258075 0.17229790515358204 147
1627559258149 0.1721544714507135 148
1627559258228 0.1719275487538578 149
1627559258292 0.17179487453087985 150
1627559258354 0.1716822983565849 151
1627559258438 0.1714858950011771 152
1627559258513 0.17134962241010054 153
1627559258567 0.17122525660195576 154
1627559258643 0.1710952227041088 155
1627559258715 0.17096443572172837 156
1627559258784 0.17083034346597165 157
1627559258865 0.1707064697892313 158
1627559258920 0.17058825093897825 159
1627559258993 0.17045965471827346 160
1627559259078 0.1702196566145709 161
1627559259150 0.1700820603277175 162
1627559259217 0.16994169506532453 163
1627559259296 0.16980234112085318 164
1627559259362 0.16967223320502448 165
1627559259427 0.16953454728619824 166
1627559259494 0.16940733996357338 167
1627559259563 0.16928273295267401 168
1627559259615 0.16916745779585812 169
1627559259685 0.16904224964953066 170
1627559259742 0.1689243442502227 171
1627559259815 0.16879437476588638 172
1627559259873 0.16866808482161394 173
1627559259950 0.1685566141369265 174
1627559260033 0.16844202236202638 175
1627559260096 0.1683211446155242 176
1627559260185 0.16818865327816104 177
1627559260277 0.16807612519794163 178
1627559260351 0.1679381108153669 179
1627559260405 0.1678205065937621 180
1627559260482 0.16767063565595383 181
1627559260544 0.1675210384727535 182
1627559260605 0.16739718709276888 183
1627559260669 0.16727450428378354 184
1627559260740 0.1671579177496085 185
1627559260802 0.16703527298838775 186
1627559260869 0.16689880955060643 187
1627559260925 0.1667968834712148 188
1627559261000 0.16665980167144462 189
1627559261070 0.1665489824910446 190
1627559261140 0.16641043847479062 191
1627559261197 0.16629546492216032 192
1627559261269 0.1661302723382812 193
1627559261321 0.16601997524412634 194
1627559261378 0.16590311397225688 195
1627559261447 0.1657556155247733 196
1627559261506 0.16564789916359848 197
1627559261581 0.16544443402301243 198
1627559261649 0.16532783170009782 199
1627559261716 0.16517976384405467 200
1627559261769 0.16507858051366794 201
1627559261831 0.1649727881746447 202
1627559261892 0.164867576613632 203
1627559261943 0.16477596888720208 204
1627559261994 0.16466486878232897 205
1627559262051 0.16455909715466033 206
1627559262116 0.16444902521332344 207
1627559262171 0.16434666210143012 208
1627559262242 0.16424098702533854 209
1627559262297 0.16413611256055305 210
1627559262359 0.1640203233017788 211
1627559262417 0.1639149384729389 212
1627559262471 0.16382882277229954 213
1627559262544 0.16369852779568317 214
1627559262623 0.1636003240454304 215
1627559262719 0.16350081149193102 216
1627559262807 0.16339196878965354 217
1627559262875 0.163295857887379 218
1627559262939 0.16319935661887064 219
1627559263012 0.16309412150669525 220
1627559263083 0.1629946578425652 221
1627559263155 0.1628846311535567 222
1627559263231 0.16275510708425794 223
1627559263279 0.1626701449110571 224
1627559263334 0.16256389390800574 225
1627559263434 0.16240095901273835 226
1627559263511 0.16230859598309663 227
1627559263571 0.16220485993513775 228
1627559263628 0.16210407043002567 229
1627559263676 0.16200636779271127 230
1627559263729 0.1619016259793325 231
1627559263776 0.16181831550681788 232
1627559263835 0.16172819777979916 233
1627559263899 0.1616167572839947 234
1627559263959 0.16151817255013537 235
1627559264029 0.1614164838099814 236
1627559264078 0.16133505246562604 237
1627559264141 0.1612355831334305 238
1627559264202 0.1611450297138789 239
1627559264279 0.1609655132764116 240
1627559264341 0.16085626260957958 241
1627559264404 0.16072504874048255 242
1627559264467 0.16060882658401074 243
1627559264518 0.1605093365882026 244
1627559264579 0.16041566375294086 245
1627559264635 0.16030567429288456 246
1627559264686 0.16021333295513254 247
1627559264735 0.1601348550255713 248
1627559264790 0.16005318390684348 249
1627559264839 0.15997408349478062 250
1627559264889 0.159877602268573 251
1627559264949 0.1597683710840927 252
1627559265002 0.1596647128898918 253
1627559265051 0.15959085625762118 254
1627559265104 0.15949752254508362 255
1627559265178 0.15940504246048529 256
1627559265264 0.1593124541333427 257
1627559265320 0.15921383408326423 258
1627559265379 0.15912162682701253 259
1627559265450 0.15901181826671457 260
1627559265540 0.15890426841344713 261
1627559265595 0.1588096707055433 262
1627559265654 0.1587066258278147 263
1627559265720 0.1586022226988035 264
1627559265776 0.15850287721561773 265
1627559265835 0.1584148872859716 266
1627559265905 0.15830423553244133 267
1627559265956 0.1582143224017618 268
1627559266011 0.15812422132717904 269
1627559266072 0.158040906751483 270
1627559266145 0.1579649170518222 271
1627559266218 0.15788256805104295 272
1627559266274 0.15778128710352668 273
1627559266336 0.15769188126973535 274
1627559266396 0.1575972746708745 275
1627559266469 0.15749526817415008 276
1627559266534 0.15740097021430946 277
1627559266600 0.157299097809485 278
1627559266685 0.15718507395472803 279
1627559266757 0.157086082348331 280
1627559266847 0.15699842710385847 281
1627559266939 0.15691313248660002 282
1627559266987 0.1568439080447348 283
1627559267055 0.15675573812520496 284
1627559267119 0.15666085208986144 285
1627559267189 0.1565362229746975 286
1627559267241 0.15643610650676834 287
1627559267298 0.15634317967624808 288
1627559267371 0.15618210712229588 289
1627559267431 0.15608598497466578 290
1627559267499 0.15596704880707812 291
1627559267560 0.15586240565196618 292
1627559267635 0.155713314893278 293
1627559267701 0.15561773198270554 294
1627559267760 0.15553165613394526 295
1627559267826 0.1554399809006395 296
1627559267890 0.15535710460110524 297
1627559267962 0.15527328551782 298
1627559268024 0.15518559849983762 299
1627559268100 0.15507937418330803 300
1627559268154 0.15499024274177622 301
1627559268209 0.15490405972968307 302
1627559268276 0.15479704184594767 303
1627559268348 0.15470421470438164 304
1627559268416 0.15460888405664258 305
1627559268469 0.15452539942028048 306
1627559268555 0.15444013224911665 307
1627559268659 0.15435231860910006 308
1627559268719 0.15426524875897812 309
1627559268773 0.1541691820161955 310
1627559268833 0.15409232330467254 311
1627559268885 0.15401773579169736 312
1627559268943 0.15393196414565713 313
1627559268997 0.15385040602117328 314
1627559269053 0.15377369744102137 315
1627559269109 0.15368466637845124 316
1627559269164 0.15359659182247043 317
1627559269221 0.1535064124983951 318
1627559269277 0.1534133745299162 319
1627559269338 0.1533262807969304 320
1627559269434 0.15318909778928952 321
1627559269482 0.15310512978282542 322
1627559269533 0.15302540979024548 323
1627559269591 0.15294284861812185 324
1627559269654 0.15285689515053205 325
1627559269712 0.1527745612223215 326
1627559269764 0.15270417920546978 327
1627559269822 0.15263209179780543 328
1627559269873 0.15256430310281124 329
1627559269941 0.15244916291890323 330
1627559269990 0.1523701677421391 331
1627559270039 0.1522922964621254 332
1627559270095 0.15220865767558867 333
1627559270151 0.15212682574163622 334
1627559270219 0.15204180060135608 335
1627559270271 0.1519615448408842 336
1627559270348 0.15188158572443616 337
1627559270399 0.15180774713030332 338
1627559270460 0.1517362959146098 339
1627559270522 0.1516550849398184 340
1627559270594 0.1515394596679241 341
1627559270670 0.15142461143146974 342
1627559270727 0.15134310889320488 343
1627559270814 0.15127987143889673 344
1627559270896 0.15120217226328644 345
1627559270965 0.15111696781906903 346
1627559271017 0.15104066522777704 347
1627559271094 0.15095926174565147 348
1627559271173 0.15087806484047955 349
1627559271253 0.15079428896464228 350
1627559271315 0.15071549895034653 351
1627559271386 0.15063341589750934 352
1627559271438 0.1505506684318004 353
1627559271493 0.15047691712067973 354
1627559271564 0.15040243822800128 355
1627559271638 0.15032473562429707 356
1627559271709 0.1502227665700948 357
1627559271782 0.15013964802255642 358
1627559271851 0.15006711649440121 359
1627559271917 0.14998824247869813 360
1627559271979 0.14991290135875063 361
1627559272073 0.15409232330467254 362
1627559276200 0.5097772808993397 0
1627559276377 0.47041365660115425 1
1627559276564 0.43562091568267636 2
1627559276736 0.4050266609039907 3
1627559276847 0.37816001454573894 4
1627559277002 0.3546950848411419 5
1627559277149 0.334349212916611 6
1627559277301 0.3168360639376618 7
1627559277423 0.30174599059371576 8
1627559277535 0.2886925746769349 9
1627559277638 0.2774155942968351 10
1627559277744 0.26778928013382336 11
1627559277848 0.2594733938583581 12
1627559277952 0.2525175763872949 13
1627559278054 0.24656115975943232 14
1627559278154 0.2414508333559456 15
1627559278252 0.23707425018774872 16
1627559278361 0.23349245260233453 17
1627559278495 0.23041157817508995 18
1627559278592 0.22756527779455896 19
1627559278722 0.22520941587364615 20
1627559278878 0.2231487494039688 21
1627559278979 0.2213112323350985 22
1627559279118 0.21977148859342394 23
1627559279219 0.21845125429547224 24
1627559279353 0.21733489260087654 25
1627559279461 0.2161838599591413 26
1627559279557 0.21512686834922037 27
1627559279660 0.21416596948302555 28
1627559279748 0.21327530993352356 29
1627559279834 0.21226802116216745 30
1627559279927 0.21144765864513826 31
1627559280022 0.21062593695246634 32
1627559280151 0.2097754674470937 33
1627559280236 0.20927674380393924 34
1627559280336 0.2085369196320105 35
1627559280445 0.20802030702061597 36
1627559280532 0.20679000360662655 37
1627559280629 0.20599626086384448 38
1627559280763 0.205086377405135 39
1627559280899 0.20435944562440947 40
1627559280989 0.2038918789622235 41
1627559281119 0.20322007829655472 42
1627559281205 0.20256799797328778 43
1627559281293 0.2020979068851532 44
1627559281387 0.20152738538792553 45
1627559281485 0.2005718735672839 46
1627559281566 0.20009797026786266 47
1627559281651 0.19960943325853914 48
1627559281737 0.19907851839674823 49
1627559281834 0.19807769111626233 50
1627559281915 0.19773146700476432 51
1627559282008 0.19686484434746204 52
1627559282104 0.19622171400484725 53
1627559282208 0.19590613864763573 54
1627559282292 0.19562447662605245 55
1627559282421 0.19512500741442082 56
1627559282512 0.19486658767571988 57
1627559282605 0.19435893691147266 58
1627559282697 0.19399474804623407 59
1627559282787 0.19372590015506483 60
1627559282891 0.19294936106004854 61
1627559283026 0.19239176940720215 62
1627559283099 0.19213333398154764 63
1627559283194 0.19154606344754538 64
1627559283281 0.19086204561138487 65
1627559283365 0.19053117234376687 66
1627559283441 0.19027895309852186 67
1627559283531 0.18980293905338785 68
1627559283612 0.18953424996608373 69
1627559283730 0.18926710722351803 70
1627559283838 0.1890419243515871 71
1627559283918 0.1887306840982081 72
1627559284051 0.18838960828808018 73
1627559284140 0.1881201199308472 74
1627559284234 0.18784260371176287 75
1627559284406 0.18723906490621428 76
1627559284513 0.18702775971115157 77
1627559284596 0.1868363085766622 78
1627559284689 0.18657874826129392 79
1627559284782 0.18626835278072412 80
1627559284909 0.18577437490601834 81
1627559285005 0.1854730567956396 82
1627559285113 0.18527483403944267 83
1627559285245 0.18506143798772842 84
1627559285381 0.18481491006802475 85
1627559285457 0.18461726517724922 86
1627559285541 0.1842705667801664 87
1627559285623 0.18402217893906767 88
1627559285698 0.1838240038174441 89
1627559285766 0.1836410599569977 90
1627559285845 0.18343565181822827 91
1627559285918 0.1832532068970627 92
1627559285992 0.18307309357640827 93
1627559286081 0.18288237225229023 94
1627559286160 0.18262336976218926 95
1627559286234 0.18242774278970364 96
1627559286317 0.18214397504050958 97
1627559286397 0.1819576732345076 98
1627559286522 0.18176716603217527 99
1627559286603 0.18158003486706054 100
1627559286708 0.18133679078883377 101
1627559286818 0.18094133170492827 102
1627559286904 0.1805978979003525 103
1627559286971 0.1804328567301763 104
1627559287095 0.18025143668018634 105
1627559287172 0.18007824764981667 106
1627559287235 0.179936502898319 107
1627559287314 0.17973467193708356 108
1627559287370 0.17957584075083666 109
1627559287464 0.17919127592489184 110
1627559287536 0.1790277888271957 111
1627559287624 0.17868846983882827 112
1627559287694 0.17853213358365194 113
1627559287763 0.1783550469466362 114
1627559287849 0.17808327356742934 115
1627559287916 0.17787440002745325 116
1627559287994 0.17769983018940205 117
1627559288048 0.1775353493941193 118
1627559288138 0.17736346258998759 119
1627559288213 0.17715997645021217 120
1627559288283 0.17698951235352625 121
1627559288353 0.17684121663590247 122
1627559288432 0.17667672468541598 123
1627559288539 0.1764452436359583 124
1627559288628 0.17628735205054802 125
1627559288705 0.17613316634268034 126
1627559288782 0.1758857010608666 127
1627559288874 0.17572992754748953 128
1627559288935 0.17558910994154267 129
1627559289047 0.17529448917633428 130
1627559289088 0.1751019499272484 131
1627559289126 0.17494765535637086 132
1627559289162 0.1748032208409591 133
1627559289213 0.17459083477072446 134
1627559289245 0.1744384909944912 135
1627559289276 0.17429729838809557 136
1627559289318 0.17415191128329638 137
1627559289343 0.17402169854094893 138
1627559289376 0.1738862633817404 139
1627559289413 0.17374669320498537 140
1627559289460 0.17350862791713792 141
1627559289495 0.17336985201545904 142
1627559289538 0.17323940919754977 143
1627559289579 0.1730739922159093 144
1627559289605 0.17294775128988835 145
1627559289646 0.17280935706435463 146
1627559289682 0.17267390285963613 147
1627559289717 0.17253817746208722 148
1627559289747 0.17239434596051895 149
1627559289780 0.1722598303109087 150
1627559289818 0.17212614900102605 151
1627559289856 0.17196963252898584 152
1627559289901 0.17181412469505314 153
1627559289927 0.17169433974419904 154
1627559289966 0.17155760343987003 155
1627559290011 0.1714274118555069 156
1627559290042 0.17129504355749584 157
1627559290084 0.17114554231550988 158
1627559290123 0.17101543009788747 159
1627559290183 0.1708425506952568 160
1627559290279 0.17060625855032524 161
1627559290358 0.17041412693175229 162
1627559290408 0.17031058906234708 163
1627559290488 0.17019062608201838 164
1627559290572 0.17007494491942152 165
1627559290688 0.16995565217796968 166
1627559290817 0.16972264547957064 167
1627559290926 0.169544825760931 168
1627559291012 0.16942057011721356 169
1627559291123 0.16926742720417917 170
1627559291220 0.1691341338459775 171
1627559291323 0.1690185282909256 172
1627559291427 0.16888524140884076 173
1627559291529 0.16876764227580512 174
1627559291626 0.1686383433573669 175
1627559291716 0.1685039450665848 176
1627559291789 0.16838249109986606 177
1627559291841 0.16827656159314178 178
1627559291917 0.16816488774053423 179
1627559292027 0.1680358987654765 180
1627559292097 0.1679177908861334 181
1627559292215 0.16770531926575782 182
1627559292282 0.1675853780019139 183
1627559292356 0.16740630377748292 184
1627559292426 0.16729107749036526 185
1627559292485 0.16717093039123257 186
1627559292537 0.1670662391789216 187
1627559292606 0.16694695818461036 188
1627559292683 0.1667843523569839 189
1627559292742 0.1666797240515508 190
1627559292812 0.16655139767526317 191
1627559292864 0.16644172413646063 192
1627559292960 0.166332815437137 193
1627559293023 0.1662196802996674 194
1627559293115 0.16606768536180805 195
1627559293189 0.16595542251893486 196
1627559293284 0.16584339906908213 197
1627559293377 0.16571567007125215 198
1627559293446 0.16560448777662817 199
1627559293499 0.16549938992076238 200
1627559293568 0.16538612113259207 201
1627559293624 0.165279481811539 202
1627559293677 0.16515527937835497 203
1627559293745 0.16504208083940689 204
1627559293831 0.1649320527333282 205
1627559293931 0.1648116723058654 206
1627559293990 0.16471449886749423 207
1627559294048 0.16461301314530388 208
1627559294134 0.1645149741108314 209
1627559294221 0.16440373720337678 210
1627559294284 0.16429920090858058 211
1627559294334 0.16420224852076482 212
1627559294387 0.16408505613348842 213
1627559294451 0.16398343571199583 214
1627559294512 0.1638868156428493 215
1627559294584 0.16378199843743174 216
1627559294652 0.16366455021828374 217
1627559294701 0.1635665487809819 218
1627559294757 0.1634662286762447 219
1627559294817 0.16336483816258887 220
1627559294909 0.16318531829901797 221
1627559294976 0.16308026918314633 222
1627559295065 0.16290683658115893 223
1627559295122 0.16281887215664434 224
1627559295189 0.16272161722842288 225
1627559295245 0.16262226860048784 226
1627559295306 0.16251881526002984 227
1627559295363 0.16242886817680924 228
1627559295416 0.1623455128033875 229
1627559295488 0.16223958164886154 230
1627559295622 0.16209784253951992 231
1627559295720 0.16198627981081962 232
1627559295820 0.16185161847144822 233
1627559295904 0.16176588132720554 234
1627559295987 0.16166871647293504 235
1627559296064 0.16156604773622624 236
1627559296123 0.16147796181744908 237
1627559296213 0.16138028529279072 238
1627559296282 0.1613009304886976 239
1627559296348 0.16120659502961085 240
1627559296398 0.1611165273630055 241
1627559296466 0.16101638677232824 242
1627559296517 0.16092182476707853 243
1627559296572 0.16082693115112406 244
1627559296635 0.16072594744704108 245
1627559296686 0.1606293602829134 246
1627559296738 0.16054194163691596 247
1627559296795 0.16044217186995738 248
1627559296853 0.16035468755258547 249
1627559296911 0.16025160279561776 250
1627559296970 0.16014841749109476 251
1627559297032 0.16005057710146203 252
1627559297087 0.15995892137256848 253
1627559297174 0.15981118605954817 254
1627559297232 0.15971498515426708 255
1627559297291 0.1596275837214397 256
1627559297365 0.1595353057220089 257
1627559297438 0.15944333415547754 258
1627559297546 0.15932212092439643 259
1627559297595 0.1592358739870378 260
1627559297707 0.15906679936447976 261
1627559297802 0.1589762304160955 262
1627559297878 0.15887375783106936 263
1627559297934 0.15878128120339885 264
1627559297985 0.15868792945872284 265
1627559298052 0.15859909203769332 266
1627559298118 0.15850534715256065 267
1627559298171 0.15841504164510603 268
1627559298233 0.15832058728691412 269
1627559298283 0.1582460641867646 270
1627559298346 0.15816163893677065 271
1627559298406 0.15807519113371218 272
1627559298464 0.15798375992336608 273
1627559298577 0.1578761221441469 274
1627559298635 0.1577918762999061 275
1627559298708 0.15767546284897715 276
1627559298775 0.1575824638179613 277
1627559298854 0.15750279736459638 278
1627559298913 0.15742656973706443 279
1627559298963 0.15734577866651284 280
1627559299035 0.1572106619588877 281
1627559299100 0.15711333607830288 282
1627559299164 0.15699049737015394 283
1627559299236 0.15688442994795027 284
1627559299287 0.15679693687104135 285
1627559299348 0.15668929032479254 286
1627559299408 0.15659350152613924 287
1627559299473 0.15650490943231823 288
1627559299534 0.15641854400397853 289
1627559299587 0.15633385318999787 290
1627559299661 0.15621081111730484 291
1627559299718 0.15612455239296685 292
1627559299783 0.15601793630686103 293
1627559299837 0.15592976748557674 294
1627559299896 0.1558323661929468 295
1627559299949 0.15574828999020504 296
1627559299998 0.15566514642974896 297
1627559300071 0.1555695096387733 298
1627559300131 0.15548416946536806 299
1627559300187 0.15540251806093983 300
1627559300240 0.15531315546348012 301
1627559300300 0.15522475179925557 302
1627559300366 0.1551277329658843 303
1627559300419 0.15504583975908387 304
1627559300477 0.15496411561159903 305
1627559300530 0.15487174972782194 306
1627559300602 0.15478215534034417 307
1627559300665 0.15468303472911674 308
1627559300725 0.15459793164816119 309
1627559300775 0.15451695180356917 310
1627559300840 0.1544300401521886 311
1627559300891 0.1543488751277301 312
1627559300957 0.15426803583291368 313
1627559301005 0.1541888409193939 314
1627559301059 0.15410161865320202 315
1627559301121 0.15402275995283846 316
1627559301186 0.1539433427479982 317
1627559301248 0.1538648075802644 318
1627559301312 0.15377750031306514 319
1627559301373 0.15370111105134754 320
1627559301435 0.15361867746642877 321
1627559301491 0.15353062117362054 322
1627559301544 0.15343858275749173 323
1627559301595 0.1533749282836768 324
1627559301657 0.1532987156868576 325
1627559301711 0.15322091154686737 326
1627559301769 0.1531429893560059 327
1627559301827 0.15307161824293328 328
1627559301878 0.15298931016870063 329
1627559301945 0.15290688548983872 330
1627559301998 0.1528228099129636 331
1627559302063 0.15273657047464195 332
1627559302111 0.15265694232700072 333
1627559302165 0.15257824419747926 334
1627559302226 0.15250015017031684 335
1627559302292 0.15240709952413947 336
1627559302346 0.1523368754548509 337
1627559302413 0.15224670185184352 338
1627559302466 0.15216800702614716 339
1627559302521 0.15208773931194688 340
1627559302575 0.1520082170099416 341
1627559302627 0.15193966969903164 342
1627559302679 0.15186550366116383 343
1627559302736 0.15179414142288794 344
1627559302784 0.15170816825684869 345
1627559302845 0.15161036169286585 346
1627559302896 0.15152696556223733 347
1627559302954 0.15145447308804572 348
1627559303005 0.1513775043608442 349
1627559303094 0.15548416946536806 350
