1627559173762 0.0010988683145730699 0
1627559173889 0.0010139369175712462 1
1627559173993 0.0009387665942632272 2
1627559174096 0.0008725811700995961 3
1627559174207 0.0008144816986389899 4
1627559174314 0.0007640194022377534 5
1627559174417 0.0007203118761375073 6
1627559174516 0.0006826401295861955 7
1627559174644 0.0006501391445724614 8
1627559174742 0.0006220355687024664 9
1627559174843 0.0005978302806162707 10
1627559174943 0.0005770170533542538 11
1627559175043 0.000559312712593167 12
1627559175173 0.0005443279211793539 13
1627559175266 0.000531346742423519 14
1627559175365 0.0005202505058950932 15
1627559175467 0.0005107958787257459 16
1627559175571 0.0005029995251159835 17
1627559175675 0.000496369441699537 18
1627559175781 0.0004902992628951973 19
1627559175878 0.00048519258841536007 20
1627559175974 0.00048084838513154425 21
1627559176082 0.0004770163947638038 22
1627559176184 0.0004732948231923643 23
1627559176288 0.00046982313231261916 24
1627559176390 0.0004673143812743301 25
1627559176485 0.00046451026138178065 26
1627559176569 0.00046220405648239544 27
1627559176662 0.00046031608031668207 28
1627559176746 0.00045836898709713256 29
1627559176830 0.00045643027185794687 30
1627559176915 0.0004549260510587419 31
1627559177010 0.0004532145650959303 32
1627559177096 0.0004514957182033496 33
1627559177181 0.0004502768010974698 34
1627559177264 0.0004489159088878886 35
1627559177351 0.00044751936550104556 36
1627559177440 0.0004455167556811865 37
1627559177526 0.00044448919671142233 38
1627559177624 0.0004422889968663273 39
1627559177704 0.00044123583651442386 40
1627559177789 0.0004394909887287777 41
1627559177876 0.0004377752568018167 42
1627559177963 0.00043633085011862607 43
1627559178050 0.00043516183219288577 44
1627559178122 0.00043438488396825136 45
1627559178210 0.0004322628323488457 46
1627559178289 0.00043081027385253137 47
1627559178366 0.00042981725317458523 48
1627559178447 0.00042909508561409014 49
1627559178539 0.0004272125631087413 50
1627559178616 0.0004265692397927135 51
1627559178693 0.00042555801924932596 52
1627559178777 0.00042411642043465106 53
1627559178847 0.0004234340199324815 54
1627559178927 0.0004223016652278542 55
1627559179005 0.0004215956261772952 56
1627559179081 0.00042038838632539426 57
1627559179166 0.00041977759027474773 58
1627559179276 0.0004191417041378248 59
1627559179348 0.00041857368992507605 60
1627559179443 0.00041685552562484 61
1627559179517 0.00041631150950137923 62
1627559179587 0.0004157829944440255 63
1627559179674 0.00041484354752851875 64
1627559179758 0.0004134159433002661 65
1627559179831 0.0004128829324038911 66
1627559179919 0.0004117443917164411 67
1627559179996 0.0004109934524841442 68
1627559180086 0.0004099760411492099 69
1627559180167 0.000409205336173116 70
1627559180242 0.0004086689542393615 71
1627559180317 0.0004081760492806063 72
1627559180400 0.0004076067681519648 73
1627559180492 0.0004063688240776008 74
1627559180575 0.0004053597603776083 75
1627559180660 0.0004041648091047103 76
1627559180731 0.00040358136845672593 77
1627559180800 0.00040309244319382064 78
1627559180881 0.00040261119778515326 79
1627559180961 0.0004018498172844442 80
1627559181036 0.0004013779756396261 81
1627559181111 0.00040092862873577535 82
1627559181182 0.0004005104088256163 83
1627559181264 0.0003996871310592534 84
1627559181337 0.0003992285495050475 85
1627559181408 0.00039875372666441056 86
1627559181484 0.00039829504966458116 87
1627559181570 0.0003973283759615719 88
1627559181654 0.0003968770150366164 89
1627559181725 0.00039636376407316026 90
1627559181821 0.0003953131430243226 91
1627559181908 0.0003946444860634434 92
1627559181976 0.00039414101858948415 93
1627559182070 0.00039326211296810803 94
1627559182158 0.0003927388130849447 95
1627559182239 0.00039222951734873423 96
1627559182313 0.0003918295564391999 97
1627559182378 0.0003914714319972456 98
1627559182454 0.000391023836483857 99
1627559182534 0.00039061269640491944 100
1627559182603 0.0003902116724837144 101
1627559182672 0.00038979461994256484 102
1627559182747 0.00038942726410591853 103
1627559182815 0.0003890603943092383 104
1627559182901 0.00038847650613664037 105
1627559182977 0.00038809543258052997 106
1627559183068 0.00038744247223888997 107
1627559183154 0.00038686267086838604 108
1627559183239 0.0003865172423872127 109
1627559183352 0.00038613589191326705 110
1627559183413 0.00038576714799684717 111
1627559183481 0.00038543515407252167 112
1627559183552 0.0003850652279317957 113
1627559183631 0.0003845590268990784 114
1627559183707 0.00038392352379905214 115
1627559183765 0.00038358641685506744 116
1627559183849 0.00038282375562521525 117
1627559183911 0.0003824756498383412 118
1627559183982 0.0003821299301549398 119
1627559184060 0.0003817519913619157 120
1627559184120 0.00038141183379756193 121
1627559184189 0.00038109297046941157 122
1627559184268 0.0003806050793168751 123
1627559184333 0.0003802497378845124 124
1627559184413 0.0003799257941746491 125
1627559184481 0.0003796143024929121 126
1627559184554 0.00037923097847541174 127
1627559184616 0.0003789065427964456 128
1627559184678 0.0003785838114734359 129
1627559184753 0.0003781528060886125 130
1627559184824 0.0003778501459327955 131
1627559184885 0.00037755514043414854 132
1627559184950 0.000377226384931503 133
1627559185019 0.00037692409715897693 134
1627559185083 0.00037661149203397536 135
1627559185149 0.0003762808967091076 136
1627559185242 0.0003760030234965374 137
1627559185337 0.0003756740206270726 138
1627559185400 0.00037534859541480965 139
1627559185464 0.00037503693131424575 140
1627559185525 0.0003747422156543143 141
1627559185584 0.00037445419939941 142
1627559185647 0.00037414228941624905 143
1627559185731 0.00037384491163995517 144
1627559185811 0.0003735473281560683 145
1627559185897 0.00037316085281124104 146
1627559185970 0.0003728025623744964 147
1627559186034 0.00037250771225484815 148
1627559186105 0.00037218941747372484 149
1627559186165 0.0003718715289260331 150
1627559186243 0.00037158059997835486 151
1627559186309 0.0003712772945165754 152
1627559186395 0.0003709896130949078 153
1627559186456 0.0003707242252158339 154
1627559186521 0.00037043568464829657 155
1627559186592 0.0003701568096473241 156
1627559186655 0.0003698733495787949 157
1627559186754 0.0003693152445979506 158
1627559186874 0.0003687993915660056 159
1627559186953 0.0003683571908188148 160
1627559187037 0.00036778671944403407 161
1627559187109 0.0003675012648347805 162
1627559187182 0.0003671776123155042 163
1627559187252 0.0003669287519605731 164
1627559187330 0.00036662945309336094 165
1627559187413 0.00036635057950649936 166
1627559187477 0.0003660533758612471 167
1627559187541 0.00036578965082394903 168
1627559187597 0.00036553576697874414 169
1627559187681 0.00036494640313216524 170
1627559187754 0.0003646770219440917 171
1627559187826 0.00036440633722350737 172
1627559187879 0.0003641531522242464 173
1627559187937 0.00036390354829857603 174
1627559187997 0.00036364217358376077 175
1627559188065 0.0003633618346806994 176
1627559188130 0.0003631037249991299 177
1627559188192 0.00036284785573614 178
1627559188247 0.0003625851794124751 179
1627559188309 0.00036234596515110343 180
1627559188383 0.0003620608898101357 181
1627559188422 0.0003778501459327955 182
1627559192550 0.0010987005663768638 0
1627559192707 0.0010139739794995904 1
1627559192873 0.0009390458839488876 2
1627559192985 0.0008731333054747527 3
1627559193097 0.0008152141727050216 4
1627559193241 0.0007647147725958762 5
1627559193348 0.0007210194344820285 6
1627559193449 0.000683315609125055 7
1627559193550 0.0006507604386440484 8
1627559193648 0.000622712941007202 9
1627559193745 0.000598481542197563 10
1627559193844 0.0005778534525393657 11
1627559193945 0.0005601681383645152 12
1627559194045 0.0005452857743446694 13
1627559194148 0.0005323509421511526 14
1627559194252 0.0005214182200877236 15
1627559194353 0.0005120315195620445 16
1627559194469 0.0005042985795306653 17
1627559194577 0.0004977335059265016 18
1627559194698 0.0004917339717481267 19
1627559194803 0.0004865938861198952 20
1627559194895 0.00048238871030930117 21
1627559194990 0.0004784994318279603 22
1627559195083 0.00047456455509389497 23
1627559195171 0.00047113017090401647 24
1627559195256 0.00046856987554233314 25
1627559195349 0.0004659657650993682 26
1627559195436 0.0004638505479842756 27
1627559195529 0.0004618832948794952 28
1627559195614 0.0004598407078615576 29
1627559195696 0.0004579171217218555 30
1627559195794 0.0004565676118090593 31
1627559195888 0.0004547507775639984 32
1627559195977 0.0004531946432695503 33
1627559196051 0.00045173815723771447 34
1627559196126 0.00045040859332850147 35
1627559196208 0.00044835263622263827 36
1627559196294 0.0004464548021106668 37
1627559196371 0.0004450158040965388 38
1627559196450 0.0004432897449913563 39
1627559196526 0.0004420964590380209 40
1627559196609 0.0004403433733461897 41
1627559196689 0.00043904846913662304 42
1627559196779 0.0004373640554555549 43
1627559196865 0.0004356816067213221 44
1627559196942 0.00043501569014041007 45
1627559197033 0.00043316397853017076 46
1627559197119 0.000431501345720832 47
1627559197203 0.0004307672707466541 48
1627559197281 0.0004300321777836729 49
1627559197371 0.0004281364636293896 50
1627559197443 0.00042750275179710164 51
1627559197524 0.00042661542365329716 52
1627559197615 0.0004245516526355264 53
1627559197683 0.0004238860640752785 54
1627559197759 0.0004228226002724535 55
1627559197835 0.0004221445003761624 56
1627559197909 0.00042157301599265925 57
1627559197991 0.0004200603212040425 58
1627559198080 0.00041858329087828943 59
1627559198154 0.000417970146357709 60
1627559198241 0.00041707503434790987 61
1627559198316 0.0004165440601467712 62
1627559198388 0.0004157178479277368 63
1627559198474 0.0004144213557608489 64
1627559198555 0.00041378364164635744 65
1627559198658 0.00041323316562456923 66
1627559198742 0.000412406653287166 67
1627559198828 0.0004114938771530373 68
1627559198917 0.00041039973742988743 69
1627559198991 0.0004098676445949243 70
1627559199076 0.0004089884229247803 71
1627559199149 0.0004085012257063322 72
1627559199225 0.00040750884158827775 73
1627559199300 0.0004069725688171522 74
1627559199381 0.00040602249130716316 75
1627559199457 0.0004055132812458669 76
1627559199526 0.00040496623957213013 77
1627559199602 0.00040445065657267594 78
1627559199692 0.00040319423897297075 79
1627559199769 0.0004025146102097951 80
1627559199848 0.00040199541191845805 81
1627559199926 0.00040151021121718117 82
1627559200000 0.00040063788011693654 83
1627559200076 0.0004001971972897538 84
1627559200149 0.00039972107894722735 85
1627559200216 0.00039928859382090703 86
1627559200311 0.0003985424286366175 87
1627559200404 0.00039764140146582305 88
1627559200482 0.00039719320602208703 89
1627559200578 0.00039678786681129495 90
1627559200656 0.0003963843156499984 91
1627559200743 0.0003959689805626765 92
1627559200841 0.00039555513088893014 93
1627559200967 0.0003947099083123252 94
1627559201039 0.0003942447559577758 95
1627559201119 0.000393876066191044 96
1627559201204 0.00039302242263046104 97
1627559201271 0.00039262218751633484 98
1627559201345 0.0003921600057459524 99
1627559201426 0.0003917445453897524 100
1627559201512 0.0003909326482900838 101
1627559201589 0.0003905069401095305 102
1627559201658 0.0003901835199774439 103
1627559201726 0.0003897628005431952 104
1627559201804 0.00038915129197754237 105
1627559201873 0.0003887087407518077 106
1627559201944 0.0003883612944022462 107
1627559202029 0.00038786642748567934 108
1627559202119 0.00038717529731675094 109
1627559202207 0.000386272474984658 110
1627559202274 0.00038592200190104944 111
1627559202358 0.0003852805788949679 112
1627559202423 0.0003849146935689765 113
1627559202507 0.0003844336376112298 114
1627559202575 0.00038401796041945377 115
1627559202646 0.0003836661812702529 116
1627559202753 0.00038333875065050947 117
1627559202851 0.0003829938012343653 118
1627559202982 0.00038242056161595574 119
1627559203107 0.00038197242686343366 120
1627559203205 0.00038160381905248626 121
1627559203290 0.000381282252076531 122
1627559203410 0.00038091126946293005 123
1627559203524 0.0003805328581796608 124
1627559203596 0.0003801779736009996 125
1627559203660 0.00037985346661060425 126
1627559203775 0.0003793629857212021 127
1627559203862 0.0003790430697926449 128
1627559203926 0.00037871087009660553 129
1627559204026 0.00037837695677233436 130
1627559204094 0.0003780486890496671 131
1627559204176 0.0003776670789114808 132
1627559204234 0.0003773718806473203 133
1627559204306 0.00037703446637153703 134
1627559204359 0.0003767449167906364 135
1627559204424 0.0003764262962012474 136
1627559204497 0.0003759390622296785 137
1627559204562 0.0003756015549792511 138
1627559204634 0.00037522995814153625 139
1627559204724 0.00037488247920531117 140
1627559204824 0.00037458752088397827 141
1627559204899 0.000374288847009484 142
1627559204959 0.00037399610930695257 143
1627559205038 0.0003736925574885086 144
1627559205145 0.0003733806016755856 145
1627559205220 0.000373071120455509 146
1627559205297 0.00037277228144411693 147
1627559205356 0.000372471762526895 148
1627559205434 0.0003721514524043709 149
1627559205491 0.0003718848724770162 150
1627559205565 0.0003715523193089812 151
1627559205630 0.0003712516351621237 152
1627559205713 0.0003709445772330786 153
1627559205763 0.00037070517305932467 154
1627559205836 0.00037034619044106566 155
1627559205895 0.00037007308126417655 156
1627559205952 0.0003697862616500465 157
1627559206015 0.00036953001223561234 158
1627559206078 0.0003692676623024183 159
1627559206138 0.00036899232228213214 160
1627559206205 0.0003687027076229511 161
1627559206303 0.0003684332101726087 162
1627559206398 0.0003681674893355785 163
1627559206457 0.0003679397742415889 164
1627559206521 0.00036761163547511687 165
1627559206570 0.0003673765476738155 166
1627559206653 0.00036679148207926094 167
1627559206728 0.0003665432962274963 168
1627559206784 0.0003663019618738319 169
1627559206859 0.000365924781337418 170
1627559206915 0.00036569344936214965 171
1627559206993 0.00036544011970394204 172
1627559207049 0.0003651648819297826 173
1627559207153 0.0003648849251850532 174
1627559207230 0.00036463872499534357 175
1627559207279 0.00036440015823553163 176
1627559207351 0.0003639924292410485 177
1627559207433 0.0003637355895252966 178
1627559207510 0.00036349123521703576 179
1627559207584 0.0003632313628833428 180
1627559207655 0.00036297247244697123 181
1627559207722 0.0003626663494062789 182
1627559207779 0.0003624110406786397 183
1627559207839 0.0003621434975674142 184
1627559207911 0.00036176854796270234 185
1627559207973 0.0003615126582925322 186
1627559208038 0.00036124771430587344 187
1627559208100 0.00036099376943593564 188
1627559208174 0.0003606741223571044 189
1627559208232 0.0003604195754495376 190
1627559208316 0.000359942076371311 191
1627559208379 0.00035968050054986195 192
1627559208442 0.0003594046515112395 193
1627559208496 0.0003591424963603933 194
1627559208568 0.00035886193455802876 195
1627559208644 0.0003585734321520128 196
1627559208714 0.0003582442512167143 197
1627559208789 0.00035802231115945855 198
1627559208854 0.00035777630415007657 199
1627559208919 0.0003575396733780091 200
1627559208986 0.0003573045236145917 201
1627559209035 0.00035708302489917637 202
1627559209091 0.00035685077231417895 203
1627559209169 0.0003565119900255586 204
1627559209230 0.0003562801210578831 205
1627559209310 0.0003560385481530602 206
1627559209373 0.00035581020779584837 207
1627559209447 0.0003555742210084852 208
1627559209516 0.00035535524203114015 209
1627559209581 0.0003551108888420473 210
1627559209661 0.00035489868062805427 211
1627559209712 0.0003546773105741868 212
1627559209764 0.0003544868428641506 213
1627559209830 0.0003541809635952168 214
1627559209896 0.00035394822976039163 215
1627559209946 0.00035372789449783287 216
1627559210006 0.0003534720913194234 217
1627559210058 0.0003532525520055392 218
1627559210110 0.0003530313670697941 219
1627559210162 0.0003527943433380541 220
1627559210227 0.0003525901333590802 221
1627559210314 0.0003522684490496774 222
1627559210398 0.000352058798212372 223
1627559210486 0.00035185966516093614 224
1627559210583 0.00035159892106766225 225
1627559210641 0.0003513770741930142 226
1627559210706 0.0003511513181297859 227
1627559210793 0.000350734515672362 228
1627559210867 0.0003503578263981275 229
1627559210927 0.0003501347778846797 230
1627559210991 0.0003499201036632442 231
1627559211059 0.00034965005957030617 232
1627559211134 0.00034941399513535706 233
1627559211205 0.00034919059193013304 234
1627559211272 0.0003489489578505902 235
1627559211331 0.00034873779743891455 236
1627559211381 0.00034851165039360765 237
1627559211445 0.0003482901854069507 238
1627559211519 0.00034795533031940534 239
1627559211579 0.0003477392502641115 240
1627559211628 0.00034752224133207256 241
1627559211687 0.0003473163499634777 242
1627559211755 0.0003471183692048868 243
1627559211821 0.0003468735503882 244
1627559211882 0.00034665909922057834 245
1627559211934 0.00034644890166009247 246
1627559211987 0.000346252149983082 247
1627559212038 0.000346084098173943 248
1627559212099 0.00034588213603034594 249
1627559212157 0.0003456736970612602 250
1627559212207 0.00034546036861124067 251
1627559212266 0.00034524724865438465 252
1627559212320 0.00034505556496513135 253
1627559212380 0.00034486102528980965 254
1627559212432 0.0003446410311654001 255
1627559212482 0.00034442865637293124 256
1627559212557 0.0003441681661373337 257
1627559212616 0.00034397629969307647 258
1627559212671 0.0003437831020939631 259
1627559212731 0.00034356603957321066 260
1627559212788 0.00034337402380505994 261
1627559212855 0.00034314263209558887 262
1627559212922 0.0003429024608633406 263
1627559212976 0.00034271290764488986 264
1627559213037 0.00034249330384195775 265
1627559213104 0.00034229446702618 266
1627559213156 0.0003420943272467857 267
1627559213219 0.000341890030740269 268
1627559213272 0.00034170553143696207 269
1627559213340 0.00034148140303998553 270
1627559213423 0.0003412579558549735 271
1627559213526 0.0003409433090923699 272
1627559213574 0.0003407657229109774 273
1627559213628 0.000340569293584224 274
1627559213713 0.00034037715534082896 275
1627559213793 0.000340184581669666 276
1627559213844 0.00033999586169323125 277
1627559213899 0.0003398112995529857 278
1627559213956 0.0003396303326527359 279
1627559214013 0.0003394127091269537 280
1627559214070 0.0003392283342993879 281
1627559214137 0.0003390197214551844 282
1627559214194 0.0003388135228308919 283
1627559214252 0.00033860458999678575 284
1627559214304 0.00033842048594741515 285
1627559214358 0.00033825637513158996 286
1627559214412 0.00033804699860664344 287
1627559214470 0.0003378549229000977 288
1627559214527 0.0003376761980497489 289
1627559214575 0.00033750518428194446 290
1627559214630 0.000337339024520062 291
1627559214693 0.0003371342009218969 292
1627559214752 0.0003369437786715226 293
1627559214809 0.0003367376726930958 294
1627559214864 0.0003365401119696933 295
1627559214922 0.0003363558352171887 296
1627559214987 0.0003361545416333495 297
1627559215060 0.0003359670980573418 298
1627559215157 0.0003357839301226831 299
1627559215273 0.0003356058081076853 300
1627559215349 0.0003354471525715571 301
1627559215407 0.00033528229969855005 302
1627559215467 0.0003351163314371829 303
1627559215523 0.00033492957945948905 304
1627559215607 0.0003346959811383031 305
1627559215680 0.0003345021640338909 306
1627559215777 0.00033424101740243267 307
1627559215826 0.0003340865134171961 308
1627559215884 0.0003339002465881875 309
1627559215941 0.0003337161618407137 310
1627559216022 0.0003335556558141655 311
1627559216108 0.00033338565890946996 312
1627559216204 0.0003332154176612917 313
1627559216279 0.00033303713898193827 314
1627559216397 0.00033275110859957345 315
1627559216461 0.0003325776697556329 316
1627559216540 0.00034229446702618 317
1627559220558 0.0010996053323220926 0
1627559220690 0.0010146664961415172 1
1627559220803 0.0009393824509437367 2
1627559220921 0.0008733330607565478 3
1627559221022 0.000815257940928772 4
1627559221133 0.0007648073436398626 5
1627559221262 0.0007211730447619221 6
1627559221373 0.0006835534597189281 7
1627559221501 0.0006511563593528531 8
1627559221630 0.0006231476283613091 9
1627559221737 0.0005987622702187996 10
1627559221835 0.0005780719407829876 11
1627559221931 0.0005601162889177491 12
1627559222027 0.0005450897246864038 13
1627559222119 0.0005320636384513371 14
1627559222213 0.0005209890534583381 15
1627559222309 0.0005115175578470034 16
1627559222406 0.0005038273692340286 17
1627559222537 0.0004971855930345468 18
1627559222631 0.0004910771465669765 19
1627559222770 0.0004858654828455183 20
1627559222860 0.00048150940294876667 21
1627559222951 0.00047789136859353567 22
1627559223036 0.0004741152350776501 23
1627559223125 0.0004710536555647489 24
1627559223207 0.00046848926230057497 25
1627559223294 0.00046584246678071315 26
1627559223381 0.0004633952257077014 27
1627559223468 0.0004613358176686256 28
1627559223548 0.0004590486421894818 29
1627559223631 0.0004569971258602881 30
1627559223740 0.00045556392342765783 31
1627559223824 0.0004536744750439895 32
1627559223905 0.0004516898625012688 33
1627559224016 0.0004506227571787456 34
1627559224140 0.00044914388128274046 35
1627559224236 0.0004475788793868176 36
1627559224338 0.0004461436403501465 37
1627559224416 0.00044491936441037525 38
1627559224495 0.00044310691111249743 39
1627559224574 0.000441546220619193 40
1627559224655 0.0004396060604665348 41
1627559224731 0.00043803299470012206 42
1627559224808 0.0004367151416210065 43
1627559224899 0.0004354268960144564 44
1627559224972 0.00043469219350087963 45
1627559225058 0.00043292240228531235 46
1627559225137 0.0004317642614722062 47
1627559225219 0.0004299731567244735 48
1627559225297 0.00042920946557638864 49
1627559225390 0.00042764843814999945 50
1627559225465 0.0004269478605095975 51
1627559225543 0.00042605425416317877 52
1627559225629 0.00042481181103704805 53
1627559225702 0.0004241622053427201 54
1627559225788 0.0004223701733666755 55
1627559225884 0.0004210413236371031 56
1627559225952 0.0004204881127169282 57
1627559226033 0.00041982210785828684 58
1627559226112 0.00041910211331383886 59
1627559226190 0.0004184819891592612 60
1627559226275 0.00041681041754423615 61
1627559226361 0.0004155052845650222 62
1627559226433 0.00041497092628224483 63
1627559226512 0.0004144478078940823 64
1627559226594 0.0004136422506165743 65
1627559226676 0.00041287545637675875 66
1627559226755 0.00041182652120995563 67
1627559226837 0.0004111095070031276 68
1627559226963 0.0004097754706869814 69
1627559227057 0.0004092536798399285 70
1627559227129 0.0004087062033928038 71
1627559227261 0.00040757363330803383 72
1627559227385 0.00040711367536629226 73
1627559227465 0.0004064173247319096 74
1627559227544 0.0004059043779047572 75
1627559227619 0.00040518441707833433 76
1627559227695 0.0004046989534015393 77
1627559227779 0.0004037744622587908 78
1627559227855 0.0004032549716650767 79
1627559227938 0.00040259828101350137 80
1627559228005 0.00040214090078810323 81
1627559228090 0.00040163442011950163 82
1627559228169 0.00040075826958986316 83
1627559228243 0.0004002663065014479 84
1627559228325 0.0003993021760248154 85
1627559228394 0.00039884757682850426 86
1627559228481 0.00039793337507807434 87
1627559228555 0.0003975082846275092 88
1627559228628 0.0003970449571237204 89
1627559228697 0.00039661370299106795 90
1627559228791 0.0003956390722634455 91
1627559228862 0.0003952319366764266 92
1627559228945 0.00039483383061718916 93
1627559229022 0.00039421419215898517 94
1627559229106 0.0003935493135755835 95
1627559229181 0.00039315258048464795 96
1627559229256 0.0003926568264849704 97
1627559229319 0.00039227951537965393 98
1627559229398 0.0003918672435578667 99
1627559229473 0.00039144822163945795 100
1627559229539 0.0003910617959363005 101
1627559229605 0.00039066915574753966 102
1627559229667 0.0003903231211366775 103
1627559229738 0.00038992289756163673 104
1627559229813 0.00038953604099708193 105
1627559229882 0.00038915452870967154 106
1627559229979 0.0003888028743765418 107
1627559230099 0.00038843803869579316 108
1627559230217 0.00038773640647669157 109
1627559230338 0.00038696976739929887 110
1627559230427 0.0003866069572076698 111
1627559230508 0.00038583563194040697 112
1627559230571 0.0003855094942356725 113
1627559230645 0.00038508449450764593 114
1627559230730 0.0003846621639117617 115
1627559230788 0.00038432786691991846 116
1627559230869 0.00038368819314219124 117
1627559230939 0.00038334109944833513 118
1627559231012 0.0003828487652406464 119
1627559231089 0.0003822865808398717 120
1627559231153 0.0003819222095793401 121
1627559231220 0.0003815909922805054 122
1627559231296 0.00038126422826856033 123
1627559231356 0.0003809439098465735 124
1627559231433 0.0003806147716703942 125
1627559231493 0.0003803007899996085 126
1627559231568 0.000380004425144969 127
1627559231653 0.0003796678149134364 128
1627559231725 0.0003793181398751393 129
1627559231808 0.00037893460096551443 130
1627559231891 0.000378338779905494 131
1627559231951 0.00037805641368312604 132
1627559232019 0.0003777430067112885 133
1627559232085 0.00037743480603274354 134
1627559232137 0.00037715727965408963 135
1627559232185 0.0003768863687212072 136
1627559232265 0.00037640405569885167 137
1627559232328 0.0003760933152586708 138
1627559232382 0.00037581354906952624 139
1627559232442 0.00037550653483937364 140
1627559232514 0.0003751938740522696 141
1627559232562 0.00037488402516186074 142
1627559232632 0.00037458504431373127 143
1627559232695 0.00037428354881625215 144
1627559232749 0.0003740039803117812 145
1627559232818 0.0003736892309224491 146
1627559232883 0.0003733407384084973 147
1627559232952 0.00037301958666768713 148
1627559233025 0.00037270747876886717 149
1627559233094 0.0003723732753720202 150
1627559233192 0.00037208150026078995 151
1627559233304 0.00037172988696560004 152
1627559233413 0.0003714454431254073 153
1627559233508 0.0003711326516906588 154
1627559233577 0.000370824206198819 155
1627559233645 0.00037053946842575286 156
1627559233706 0.0003702479581608669 157
1627559233779 0.00036983115848768423 158
1627559233838 0.0003695577088810626 159
1627559233913 0.00036926070656251493 160
1627559233994 0.0003687167102664012 161
1627559234071 0.00036831345137707856 162
1627559234126 0.00036807979592844414 163
1627559234187 0.00036784499585673576 164
1627559234248 0.0003675566148787938 165
1627559234332 0.000367285603540215 166
1627559234411 0.0003669801244335459 167
1627559234486 0.00036655793738952336 168
1627559234536 0.00036632262023853396 169
1627559234624 0.0003658175863302345 170
1627559234687 0.00036554731008941826 171
1627559234772 0.00036508345708197425 172
1627559234842 0.00036480767317108043 173
1627559234899 0.0003645814694168191 174
1627559234957 0.0003643252423979382 175
1627559235020 0.0003640705215432084 176
1627559235070 0.0003638482757953893 177
1627559235137 0.00036357336047212455 178
1627559235211 0.00036331421623567774 179
1627559235272 0.00036305947576949796 180
1627559235355 0.000362802461764983 181
1627559235450 0.00036243870401037834 182
1627559235533 0.00036215297610816134 183
1627559235604 0.00036182933777999845 184
1627559235682 0.0003614193300724515 185
1627559235732 0.000361175004317833 186
1627559235792 0.00036091832432516124 187
1627559235859 0.0003606715108932133 188
1627559235925 0.00036035925760280994 189
1627559236008 0.0003601216210750183 190
1627559236097 0.0003598746146353686 191
1627559236147 0.00035964451688251346 192
1627559236223 0.0003593474563396614 193
1627559236286 0.0003591069851584604 194
1627559236342 0.00035888996941010225 195
1627559236403 0.0003586551483711311 196
1627559236471 0.0003584134853519285 197
1627559236529 0.00035817641508054674 198
1627559236593 0.00035786001354255444 199
1627559236653 0.0003576517134361228 200
1627559236721 0.00035732495990247696 201
1627559236786 0.0003570626610598082 202
1627559236840 0.000356832820007419 203
1627559236893 0.00035659758295379407 204
1627559236952 0.00035636162104731874 205
1627559237019 0.0003561032609979151 206
1627559237077 0.0003558337724294308 207
1627559237142 0.0003556111106259275 208
1627559237206 0.0003553471987367711 209
1627559237264 0.0003551083421055853 210
1627559237333 0.00035470117777782297 211
1627559237396 0.00035447597265075316 212
1627559237451 0.00035425882284508236 213
1627559237510 0.00035402354308478073 214
1627559237569 0.00035382068856819977 215
1627559237632 0.000353610012618775 216
1627559237696 0.00035335688783987365 217
1627559237743 0.00035313943786517655 218
1627559237805 0.00035289436671520163 219
1627559237872 0.00035258883357083706 220
1627559237935 0.00035232330215720283 221
1627559237993 0.00035213925698877917 222
1627559238054 0.00035189430339437603 223
1627559238106 0.0003516840605657843 224
1627559238174 0.00035144566450725633 225
1627559238231 0.000351187258644187 226
1627559238286 0.0003509712591522026 227
1627559238348 0.00035075386895991984 228
1627559238405 0.0003505307816844079 229
1627559238461 0.0003502999892363705 230
1627559238517 0.0003500952591475939 231
1627559238576 0.00034987543023647837 232
1627559238637 0.0003496738900507133 233
1627559238742 0.0003494474922013494 234
1627559238798 0.0003492411272504943 235
1627559238863 0.0003490335330591502 236
1627559238917 0.000348862332355685 237
1627559239008 0.00034865382382416664 238
1627559239095 0.0003484564401007365 239
1627559239177 0.00034808166024791746 240
1627559239232 0.0003478812105095831 241
1627559239323 0.00034766051889339154 242
1627559239406 0.0003474621104534487 243
1627559239493 0.0003472532697070965 244
1627559239584 0.00034697726431473546 245
1627559239642 0.0003467456488357615 246
1627559239693 0.00034654183604397793 247
1627559239757 0.0003463234783471979 248
1627559239824 0.0003461189005860242 249
1627559239891 0.0003458828821366196 250
1627559239950 0.0003456599331465469 251
1627559240003 0.0003454566792278531 252
1627559240067 0.00034523025412785073 253
1627559240136 0.00034497581396853425 254
1627559240202 0.00034474914742753176 255
1627559240261 0.0003445444930544884 256
1627559240335 0.00034434576978558583 257
1627559240387 0.0003441428387296458 258
1627559240436 0.00034398503471808214 259
1627559240491 0.0003437779800482919 260
1627559240554 0.0003436104057244091 261
1627559240604 0.00034342833019414016 262
1627559240662 0.0003432446224637567 263
1627559240718 0.00034305013837590293 264
1627559240788 0.0003428560210442955 265
1627559240869 0.0003426558557156451 266
1627559240959 0.000342452478794247 267
1627559241014 0.00034226528294236915 268
1627559241062 0.0003420576711655657 269
1627559241144 0.0003418712433969913 270
1627559241219 0.0003416641996212934 271
1627559241280 0.00034147139201354016 272
1627559241333 0.000341273980303957 273
1627559241404 0.00035189430339437603 274
1627559245529 0.0010970785703788447 0
1627559245642 0.0010125409694686331 1
1627559245752 0.0009378058364413088 2
1627559245864 0.0008720963121958694 3
1627559245977 0.000814414359405399 4
1627559246083 0.0007642381151159237 5
1627559246192 0.000720852229626366 6
1627559246307 0.0006836332345223885 7
1627559246420 0.000651320514087185 8
1627559246525 0.0006235559204019248 9
1627559246635 0.0005992808496897809 10
1627559246744 0.0005784727750473132 11
1627559246869 0.0005605548492008262 12
1627559246991 0.0005454776523917161 13
1627559247121 0.0005323443501993126 14
1627559247261 0.0005214214094795729 15
1627559247358 0.0005120745176822821 16
1627559247463 0.0005042480175114723 17
1627559247561 0.0004975174838730905 18
1627559247650 0.0004915321494763136 19
1627559247736 0.0004863330153194883 20
1627559247826 0.0004818175593392606 21
1627559247925 0.0004780343290404817 22
1627559248015 0.0004745376836444045 23
1627559248098 0.0004712203163023179 24
1627559248184 0.0004687783987770992 25
1627559248275 0.00046652260245317305 26
1627559248363 0.00046437963917840146 27
1627559248451 0.000462160059978249 28
1627559248533 0.000460296967760609 29
1627559248614 0.00045842769205846736 30
1627559248695 0.0004568791577594676 31
1627559248782 0.00045518717688404 32
1627559248865 0.0004532060400980929 33
1627559248945 0.00045187685504154 34
1627559249026 0.0004503706599357169 35
1627559249113 0.00044806015443590744 36
1627559249209 0.0004459097895156334 37
1627559249300 0.0004446120847357107 38
1627559249396 0.0004425673700275479 39
1627559249515 0.0004415972870509019 40
1627559249600 0.00043988791747753223 41
1627559249689 0.00043801063685620776 42
1627559249801 0.00043606635683543336 43
1627559249898 0.00043501740815054434 44
1627559249969 0.00043433813033326793 45
1627559250052 0.00043349203208527574 46
1627559250122 0.00043266306084905595 47
1627559250207 0.0004318079566082242 48
1627559250294 0.0004308102690060124 49
1627559250381 0.0004292926602527346 50
1627559250481 0.00042858304561581707 51
1627559250581 0.00042776983966539867 52
1627559250669 0.0004262451139534128 53
1627559250754 0.00042536807635627154 54
1627559250847 0.00042360030592894694 55
1627559250949 0.0004216101198523692 56
1627559251045 0.00042091494634676835 57
1627559251190 0.00041940187935900675 58
1627559251298 0.0004186954489266033 59
1627559251369 0.00041811580039733016 60
1627559251446 0.0004174703399040248 61
1627559251529 0.0004165632455544201 62
1627559251601 0.00041602054046798755 63
1627559251679 0.00041548956672969833 64
1627559251765 0.0004140359593276513 65
1627559251836 0.00041349798506581524 66
1627559251912 0.000412665816288366 67
1627559252008 0.00041119519378101066 68
1627559252091 0.0004105654944048076 69
1627559252176 0.00040995575288645705 70
1627559252246 0.00040942248795618197 71
1627559252326 0.00040887800274388693 72
1627559252402 0.0004082312155934349 73
1627559252480 0.0004077321194220737 74
1627559252568 0.00040631150451487 75
1627559252648 0.0004057223717026926 76
1627559252717 0.00040520379507305945 77
1627559252787 0.0004047186455697175 78
1627559252862 0.00040406832079290135 79
1627559252956 0.00040363340680826744 80
1627559253049 0.00040236511987936155 81
1627559253124 0.00040175969331610387 82
1627559253204 0.0004013081884840428 83
1627559253279 0.0004008183085732345 84
1627559253350 0.0004003514325247687 85
1627559253419 0.0003998634112309128 86
1627559253505 0.0003989957525582951 87
1627559253586 0.0003985405173943776 88
1627559253660 0.00039803526197038953 89
1627559253731 0.0003976088771017756 90
1627559253799 0.000397115481954964 91
1627559253874 0.0003966830522622918 92
1627559253946 0.00039609155326475595 93
1627559254023 0.00039527746944426675 94
1627559254103 0.00039455646699565136 95
1627559254179 0.0003941067789464801 96
1627559254275 0.000393202170030336 97
1627559254344 0.0003928218004651792 98
1627559254422 0.0003924035443679694 99
1627559254500 0.0003919413782900008 100
1627559254578 0.0003914282432106051 101
1627559254656 0.00039078917221216207 102
1627559254727 0.00039011468264184144 103
1627559254794 0.000389735431237455 104
1627559254874 0.0003893194793679079 105
1627559254945 0.00038888695059490413 106
1627559255007 0.0003885458417192557 107
1627559255095 0.00038818146268048716 108
1627559255203 0.00038782344563352127 109
1627559255289 0.00038738272144008543 110
1627559255357 0.00038700221699328495 111
1627559255439 0.0003862531162479632 112
1627559255506 0.0003858981835140282 113
1627559255574 0.0003854248485627942 114
1627559255647 0.0003849838327692482 115
1627559255716 0.00038461498899800277 116
1627559255792 0.0003842581245836877 117
1627559255862 0.0003838865999947451 118
1627559255932 0.00038357170177750685 119
1627559256022 0.0003827415880473652 120
1627559256101 0.00038234103973470323 121
1627559256223 0.00038185862081469154 122
1627559256297 0.0003814942078320924 123
1627559256363 0.0003811295930418717 124
1627559256427 0.0003807627882731741 125
1627559256493 0.0003804389565923243 126
1627559256577 0.00037995922001368297 127
1627559256641 0.00037964085651578374 128
1627559256708 0.0003793226123348133 129
1627559256786 0.00037897142901738664 130
1627559256870 0.000378326226013248 131
1627559256955 0.00037780424335781424 132
1627559257022 0.00037749051998325206 133
1627559257093 0.0003770907946582071 134
1627559257165 0.00037675594841211056 135
1627559257237 0.00037641831040782114 136
1627559257314 0.000376111631256551 137
1627559257383 0.00037579991817233586 138
1627559257446 0.00037550911975988864 139
1627559257507 0.0003751944236454868 140
1627559257563 0.0003748848453753152 141
1627559257635 0.00037457786448363064 142
1627559257738 0.00037426031063246426 143
1627559257826 0.0003739674023184651 144
1627559257919 0.0003736377707589261 145
1627559257998 0.00037333739061941036 146
1627559258075 0.00037285006941095456 147
1627559258149 0.0003725396810392132 148
1627559258228 0.0003720486237441255 149
1627559258292 0.0003717615187255931 150
1627559258354 0.00037151790558165857 151
1627559258438 0.0003710928916813165 152
1627559258513 0.0003707979998483553 153
1627559258567 0.0003705288741137746 154
1627559258643 0.0003702474827197917 155
1627559258715 0.0003699644616614552 156
1627559258784 0.00036967428804107527 157
1627559258865 0.00036940622727137974 158
1627559258920 0.0003691504034614299 159
1627559258993 0.0003688721231776293 160
1627559259078 0.0003683527708991263 161
1627559259150 0.0003680550146079251 162
1627559259217 0.000367751266295826 163
1627559259296 0.0003674497064605926 164
1627559259362 0.0003671681548912485 165
1627559259427 0.0003668702046386711 166
1627559259494 0.0003665949299102862 167
1627559259563 0.00036632528221690477 168
1627559259615 0.000366075828515287 169
1627559259685 0.00036580487997394827 170
1627559259742 0.0003655497344667041 171
1627559259815 0.0003652684824619343 172
1627559259873 0.00036499519292640213 173
1627559259950 0.0003647539720450237 174
1627559260033 0.0003645059971713903 175
1627559260096 0.0003642444195502197 176
1627559260185 0.00036395771029387806 177
1627559260277 0.0003637142012252375 178
1627559260351 0.00036341554018150306 179
1627559260405 0.00036316104641786107 180
1627559260482 0.0003628367279677072 181
1627559260544 0.0003625130019197023 182
1627559260605 0.00036224498940063413 183
1627559260669 0.0003619795056520365 184
1627559260740 0.0003617272141495435 185
1627559260802 0.00036146181273494064 186
1627559260869 0.00036116650791299444 187
1627559260925 0.0003609459414130054 188
1627559261000 0.0003606492984642062 189
1627559261070 0.0003604094874279181 190
1627559261140 0.00036010968026600645 191
1627559261197 0.00035986087923048555 192
1627559261269 0.00035950340496925827 193
1627559261321 0.00035926472372101143 194
1627559261378 0.0003590118376904703 195
1627559261447 0.0003586926532738437 196
1627559261506 0.00035845955669218176 197
1627559261581 0.0003580192611958221 198
1627559261649 0.0003577669355261306 199
1627559261716 0.000357446518918313 200
1627559261769 0.00035722755971679407 201
1627559261831 0.0003569986266901152 202
1627559261892 0.0003567709504578248 203
1627559261943 0.0003565727127189275 204
1627559261994 0.0003563322937669074 205
1627559262051 0.0003561034055595106 206
1627559262116 0.0003558652115380532 207
1627559262171 0.00035564369930699696 208
1627559262242 0.00035541502003486676 209
1627559262297 0.00035518807327440346 210
1627559262359 0.00035493750706287654 211
1627559262417 0.00035470945588214544 212
1627559262471 0.0003545231028043537 213
1627559262544 0.00035424114643848285 214
1627559262623 0.000354028635003426 215
1627559262719 0.00035381329133723626 216
1627559262807 0.0003535777573708103 217
1627559262875 0.00035336977482734836 218
1627559262939 0.00035316094753647196 219
1627559263012 0.00035293322034019053 220
1627559263083 0.0003527179824702689 221
1627559263155 0.0003524798863742094 222
1627559263231 0.00035219959824120487 223
1627559263279 0.0003520157413795936 224
1627559263334 0.00035178581581035516 225
1627559263434 0.0003514332271529314 226
1627559263511 0.0003512333549491822 227
1627559263571 0.00035100887170542755 228
1627559263628 0.0003507907647357908 229
1627559263676 0.00035057933770138005 230
1627559263729 0.000350352677996103 231
1627559263776 0.0003501723953896524 232
1627559263835 0.0003499773819866727 233
1627559263899 0.00034973622643354906 234
1627559263959 0.0003495228905560291 235
1627559264029 0.0003493028376552904 236
1627559264078 0.00034912662145385165 237
1627559264141 0.00034891137131885835 238
1627559264202 0.0003487154150844847 239
1627559264279 0.00034832694421972285 240
1627559264341 0.00034809052742347405 241
1627559264404 0.0003478065825890169 242
1627559264467 0.00034755507959511066 243
1627559264518 0.0003473397847438128 244
1627559264579 0.00034713707814036903 245
1627559264635 0.00034689906260750166 246
1627559264686 0.0003466992373447823 247
1627559264735 0.00034652941228852893 248
1627559264790 0.00034635267721900165 249
1627559264839 0.00034618150512011136 250
1627559264889 0.0003459727212013626 251
1627559264949 0.00034573634656478585 252
1627559265002 0.00034551203179535457 253
1627559265051 0.0003453522071565779 254
1627559265104 0.0003451502344096227 255
1627559265178 0.00034495010890075073 256
1627559265264 0.0003447497491567382 257
1627559265320 0.0003445363368553625 258
1627559265379 0.00034433680174272884 259
1627559265450 0.0003440991776737736 260
1627559265540 0.00034386644141288386 261
1627559265595 0.0003436617333993937 262
1627559265654 0.0003434387458376367 263
1627559265720 0.00034321281903963746 264
1627559265776 0.0003429978369111664 265
1627559265835 0.0003428074280300126 266
1627559265905 0.0003425679793026287 267
1627559265956 0.00034237340864289636 268
1627559266011 0.0003421784312754089 269
1627559266072 0.000341998139789572 270
1627559266145 0.0003418336992249471 271
1627559266218 0.00034165549722796004 272
1627559266274 0.00034143632678466446 273
1627559266336 0.0003412428539087089 274
1627559266396 0.00034103812665465735 275
1627559266469 0.0003408173861326865 276
1627559266534 0.00034061332676876523 277
1627559266600 0.00034039287642087095 278
1627559266685 0.000340146130518466 279
1627559266757 0.0003399319141747609 280
1627559266847 0.0003397422295468778 281
1627559266939 0.0003395576532813362 282
1627559266987 0.00033940785263219815 283
1627559267055 0.00033921705425521415 284
1627559267119 0.00033901172230507666 285
1627559267189 0.0003387420267777475 286
1627559267241 0.0003385253762506556 287
1627559267298 0.00033832428399027605 288
1627559267371 0.0003379757254110373 289
1627559267431 0.00033776771853289626 290
1627559267499 0.00033751034245909517 291
1627559267560 0.00033728389624871556 292
1627559267635 0.00033696126609440426 293
1627559267701 0.0003367544261169754 294
1627559267760 0.00033656815927763094 295
1627559267826 0.00033636977545486123 296
1627559267890 0.00033619043239192667 297
1627559267962 0.0003360090491593809 298
1627559268024 0.0003358192957741445 299
1627559268100 0.00033558942795437573 300
1627559268154 0.00033539654885839034 301
1627559268209 0.00033521005011913975 302
1627559268276 0.0003349784650324693 303
1627559268348 0.0003347775884975625 304
1627559268416 0.000334571294412777 305
1627559268469 0.0003343906349182951 306
1627559268555 0.0003342061180451375 307
1627559268659 0.0003340160906517922 308
1627559268719 0.00033382767280843345 309
1627559268773 0.00033361978582533455 310
1627559268833 0.00033345346473187234 311
1627559268885 0.0003332920584789698 312
1627559268943 0.0003331064499293965 313
1627559268997 0.00033292995937769294 314
1627559269053 0.0003327639631665754 315
1627559269109 0.00033257130128962924 316
1627559269164 0.000332380709278384 317
1627559269221 0.00033218556258076304 318
1627559269277 0.00033198422982036945 319
1627559269338 0.00033179576029477057 320
1627559269434 0.00033149889833406236 321
1627559269482 0.00033131719283414847 322
1627559269533 0.0003311446799721627 323
1627559269591 0.0003309660188404351 324
1627559269654 0.00033078001683232533 325
1627559269712 0.0003306018474530596 326
1627559269764 0.0003304495418292897 327
1627559269822 0.00033029354576521314 328
1627559269873 0.00033014685205121904 329
1627559269941 0.00032989769042924503 330
1627559269990 0.00032972674605682186 331
1627559270039 0.0003295582337801799 332
1627559270095 0.00032937724070678095 333
1627559270151 0.0003292001576353375 334
1627559270219 0.00032901616451332447 335
1627559270271 0.00032884249225736956 336
1627559270348 0.0003286694619345871 337
1627559270399 0.0003285096763304245 338
1627559270460 0.0003283550569762999 339
1627559270522 0.00032817931765172323 340
1627559270594 0.00032792910630679537 341
1627559270670 0.0003276805764538981 342
1627559270727 0.0003275042061897359 343
1627559270814 0.00032736736129189675 344
1627559270896 0.0003271992214470914 345
1627559270965 0.00032701484031419256 346
1627559271017 0.00032684972265642855 347
1627559271094 0.00032667356674798517 348
1627559271173 0.0003264978578695799 349
1627559271253 0.0003263165681373252 350
1627559271315 0.00032614606773418407 351
1627559271386 0.00032596844124536603 352
1627559271438 0.00032578937697693133 353
1627559271493 0.00032562978025176914 354
1627559271564 0.0003254686090501936 355
1627559271638 0.00032530046178719355 356
1627559271709 0.00032507980229182226 357
1627559271782 0.0003248999350076983 358
1627559271851 0.00032474297787404643 359
1627559271917 0.0003245722956930065 360
1627559271979 0.00032440925864491354 361
1627559272073 0.00033345346473187234 362
1627559276200 0.0011001323125047714 0
1627559276377 0.001015183067705929 1
1627559276564 0.0009400980845885872 2
1627559276736 0.0008740737058678312 3
1627559276847 0.0008160937469788856 4
1627559277002 0.0007654549124336342 5
1627559277149 0.0007215472061166209 6
1627559277301 0.0006837526989653224 7
1627559277423 0.0006511873456081533 8
1627559277535 0.0006230172305806467 9
1627559277638 0.0005986807782248385 10
1627559277744 0.000577906570228462 11
1627559277848 0.0005599603502884693 12
1627559277952 0.0005449492467138846 13
1627559278054 0.0005320949147404188 14
1627559278154 0.0005210665001379562 15
1627559278252 0.0005116215508552516 16
1627559278361 0.0005038918002176037 17
1627559278495 0.000497243074121698 18
1627559278592 0.0004911005739793586 19
1627559278722 0.0004860164717235877 20
1627559278878 0.0004815694203217477 21
1627559278979 0.0004776039397493539 22
1627559279118 0.00047428107325968993 23
1627559279219 0.0004714319223328394 24
1627559279353 0.0004690227416594328 25
1627559279461 0.00046653873884236783 26
1627559279557 0.0004642576826487915 27
1627559279660 0.0004621840008053603 28
1627559279748 0.000460261899944026 29
1627559279834 0.0004580881056895657 30
1627559279927 0.00045631771036824624 31
1627559280022 0.0004545443818596577 32
1627559280151 0.00045270901371481594 33
1627559280236 0.0004516327358693414 34
1627559280336 0.0004500361475023618 35
1627559280445 0.00044892126410636234 36
1627559280532 0.0004462661898392996 37
1627559280629 0.000444553241712831 38
1627559280763 0.0004425896544137045 39
1627559280899 0.00044102088865788906 40
1627559280989 0.0004400118495897782 41
1627559281119 0.0004385620603445451 42
1627559281205 0.000437154828872463 43
1627559281293 0.0004361403419283442 44
1627559281387 0.0004349091196720592 45
1627559281485 0.0004328470634201639 46
1627559281566 0.0004318243494797885 47
1627559281651 0.00043077005504746894 48
1627559281737 0.00042962430646968755 49
1627559281834 0.00042746445652740004 50
1627559281915 0.00042671728252296576 51
1627559282008 0.0004248470548288009 52
1627559282104 0.00042345913799255775 53
1627559282208 0.0004227781059815011 54
1627559282292 0.00042217026113998543 55
1627559282421 0.00042109237430811155 56
1627559282512 0.00042053468781407243 57
1627559282605 0.0004194391446607619 58
1627559282697 0.00041865320155854205 59
1627559282787 0.00041807301043791825 60
1627559282891 0.0004163971888933422 61
1627559283026 0.0004151938700767612 62
1627559283099 0.000414636149728357 63
1627559283194 0.00041336878196725164 64
1627559283281 0.00041189262727777304 65
1627559283365 0.00041117858138759876 66
1627559283441 0.00041063427595862184 67
1627559283531 0.00040960700689038625 68
1627559283612 0.0004090271584790376 69
1627559283730 0.00040845064718040137 70
1627559283838 0.00040796468799293137 71
1627559283918 0.00040729301141437376 72
1627559284051 0.0004065569477785198 73
1627559284140 0.0004059753744929736 74
1627559284234 0.0004053764765593803 75
1627559284406 0.0004040740008189396 76
1627559284513 0.00040361799055524454 77
1627559284596 0.00040320482663709487 78
1627559284689 0.0004026489948354171 79
1627559284782 0.0004019791413317358 80
1627559284909 0.0004009131051579464 81
1627559285005 0.0004002628412049978 82
1627559285113 0.0003998350636878243 83
1627559285245 0.0003993745412196986 84
1627559285381 0.00039884251803939984 85
1627559285457 0.00039841598759349873 86
1627559285541 0.00039766779005026527 87
1627559285623 0.00039713175303896127 88
1627559285698 0.00039670407832033264 89
1627559285766 0.0003963092736483006 90
1627559285845 0.00039586598961308334 91
1627559285918 0.00039547226168354155 92
1627559285992 0.0003950835655000706 93
1627559286081 0.00039467197655972727 94
1627559286160 0.00039411303244909547 95
1627559286234 0.0003936908568014938 96
1627559286317 0.0003930784676620687 97
1627559286397 0.00039267641632711255 98
1627559286522 0.00039226528947446945 99
1627559286603 0.0003918614483295119 100
1627559286708 0.0003913365118917187 101
1627559286818 0.000390483085635716 102
1627559286904 0.0003897419332940379 103
1627559286971 0.0003893857637843326 104
1627559287095 0.00038899424759469473 105
1627559287172 0.00038862049447615653 106
1627559287235 0.0003883146001435005 107
1627559287314 0.0003878790358875815 108
1627559287370 0.00038753626792520254 109
1627559287464 0.0003867063521815122 110
1627559287536 0.00038635353645954696 111
1627559287624 0.0003856212641567564 112
1627559287694 0.00038528388041627086 113
1627559287763 0.0003849017160112891 114
1627559287849 0.0003843152114982146 115
1627559287916 0.00038386444890322534 116
1627559287994 0.00038348771591273855 117
1627559288048 0.0003831327557286407 118
1627559288138 0.00038276181289923227 119
1627559288213 0.00038232267666093 120
1627559288283 0.00038195480412574575 121
1627559288353 0.00038163477238507636 122
1627559288432 0.00038127978812712416 123
1627559288539 0.0003807802370645634 124
1627559288628 0.0003804394968213612 125
1627559288705 0.00038010675410050666 126
1627559288782 0.0003795727080320316 127
1627559288874 0.00037923653872489155 128
1627559288935 0.0003789326452328283 129
1627559289047 0.0003782968345847984 130
1627559289088 0.0003778813224437344 131
1627559289126 0.0003775483447902767 132
1627559289162 0.00037723664577305475 133
1627559289213 0.00037677830291002706 134
1627559289245 0.0003764495351977473 135
1627559289276 0.00037614483242939215 136
1627559289318 0.0003758310776624 137
1627559289343 0.0003755500701510897 138
1627559289376 0.00037525779232669697 139
1627559289413 0.0003749565908673778 140
1627559289460 0.0003744428305932225 141
1627559289495 0.00037414334323095333 142
1627559289538 0.00037386183920169134 143
1627559289579 0.00037350485866629826 144
1627559289605 0.0003732324225902885 145
1627559289646 0.00037293375890914314 146
1627559289682 0.0003726414399830054 147
1627559289717 0.0003723485358045589 148
1627559289747 0.0003720381381295849 149
1627559289780 0.0003717478446662381 150
1627559289818 0.0003714593517611574 151
1627559289856 0.0003711215791011655 152
1627559289901 0.0003707859831469104 153
1627559289927 0.00037052747948260894 154
1627559289966 0.000370232393702867 155
1627559290011 0.00036995143185125537 156
1627559290042 0.0003696657725103928 157
1627559290084 0.00036934313917016444 158
1627559290123 0.0003690623485965997 159
1627559290183 0.00036868926367493877 160
1627559290279 0.00036817932995851906 161
1627559290358 0.00036776469751100737 162
1627559290408 0.00036754125609820865 163
1627559290488 0.00036728236823497325 164
1627559290572 0.00036703272081083067 165
1627559290688 0.00036677527936585365 166
1627559290817 0.0003662724358544816 167
1627559290926 0.0003658886894120443 168
1627559291012 0.00036562053770462425 169
1627559291123 0.0003652900454031018 170
1627559291220 0.0003650023897235418 171
1627559291323 0.0003647529054660638 172
1627559291427 0.00036446526376171523 173
1627559291529 0.00036421147723418124 174
1627559291626 0.000363932441812816 175
1627559291716 0.00036364240161735397 176
1627559291789 0.0003633802961088792 177
1627559291841 0.0003631516933878353 178
1627559291917 0.0003629106939979876 179
1627559292027 0.0003626323274550611 180
1627559292097 0.0003623774430198746 181
1627559292215 0.0003619189155343368 182
1627559292282 0.0003616600745371814 183
1627559292356 0.0003612736207901137 184
1627559292426 0.00036102495501716224 185
1627559292485 0.00036076566981303114 186
1627559292537 0.00036053973941194194 187
1627559292606 0.0003602823233183503 188
1627559292683 0.0003599314094351746 189
1627559292742 0.0003597056147911247 190
1627559292812 0.0003594286781794775 191
1627559292864 0.0003591919955959311 192
1627559292960 0.0003589569635850973 193
1627559293023 0.000358712810647967 194
1627559293115 0.00035838479575098047 195
1627559293189 0.00035814252528191534 196
1627559293284 0.00035790077143900596 197
1627559293377 0.0003576251240084124 198
1627559293446 0.0003573851854322854 199
1627559293499 0.0003571583774683576 200
1627559293568 0.0003569139361042319 201
1627559293624 0.00035668380155886545 202
1627559293677 0.00035641576468242584 203
1627559293745 0.0003561714749209859 204
1627559293831 0.0003559340271590394 205
1627559293931 0.0003556742384175803 206
1627559293990 0.000355464531859141 207
1627559294048 0.0003552455191128483 208
1627559294134 0.00035503394454141355 209
1627559294221 0.00035479388810765285 210
1627559294284 0.00035456829202865536 211
1627559294334 0.00035435906251119506 212
1627559294387 0.0003541061537676031 213
1627559294451 0.0003538868503317233 214
1627559294512 0.0003536783379795838 215
1627559294584 0.0003534521356774564 216
1627559294652 0.0003531986748314139 217
1627559294701 0.00035298718139725656 218
1627559294757 0.0003527706841296018 219
1627559294817 0.0003525518768503051 220
1627559294909 0.0003521644613852582 221
1627559294976 0.0003519377586053061 222
1627559295065 0.00035156347984342524 223
1627559295122 0.0003513736469313715 224
1627559295189 0.00035116376451264783 225
1627559295245 0.00035094936375422154 226
1627559295306 0.0003507261047608954 227
1627559295363 0.0003505319931437402 228
1627559295416 0.00035035210686151037 229
1627559295488 0.00035012350058463406 230
1627559295622 0.0003498176184281974 231
1627559295720 0.0003495768588511726 232
1627559295820 0.0003492862509796004 233
1627559295904 0.0003491012246820904 234
1627559295987 0.0003488915366478865 235
1627559296064 0.0003486699708800973 236
1627559296123 0.00034847987577605444 237
1627559296213 0.00034826908352465926 238
1627559296282 0.00034809783073004726 239
1627559296348 0.0003478942487138158 240
1627559296398 0.0003476998768698932 241
1627559296466 0.00034748376700434886 242
1627559296517 0.0003472796960866644 243
1627559296572 0.0003470749095311747 244
1627559296635 0.0003468569801729509 245
1627559296686 0.00034664853883151724 246
1627559296738 0.0003464598837447339 247
1627559296795 0.0003462445741404702 248
1627559296853 0.0003460557773302552 249
1627559296911 0.00034583331376338873 250
1627559296970 0.0003456106332087451 251
1627559297032 0.0003453994873260535 252
1627559297087 0.0003452016883409294 253
1627559297174 0.0003448828659893351 254
1627559297232 0.00034467525821956917 255
1627559297291 0.000344486640278728 256
1627559297365 0.00034428749839292543 257
1627559297438 0.000344089017809298 258
1627559297546 0.000343827431824303 259
1627559297595 0.00034364130536105794 260
1627559297707 0.0003432764314012571 261
1627559297802 0.0003430809777585375 262
1627559297878 0.00034285983529846277 263
1627559297934 0.00034266026476084606 264
1627559297985 0.00034245880566321964 265
1627559298052 0.0003422670887686659 266
1627559298118 0.0003420647812490463 267
1627559298171 0.000341869896128355 268
1627559298233 0.00034166605752008875 269
1627559298283 0.000341505231854932 270
1627559298346 0.0003413230367103812 271
1627559298406 0.0003411364767655001 272
1627559298464 0.0003409391623056935 273
1627559298577 0.00034070687302307866 274
1627559298635 0.00034052506504789133 275
1627559298708 0.00034027383729824293 276
1627559298775 0.00034007313937999066 277
1627559298854 0.00033990121402566214 278
1627559298913 0.00033973670988007886 279
1627559298963 0.00033956235752971104 280
1627559299035 0.0003392707669435439 281
1627559299100 0.00033906073140426573 282
1627559299164 0.0003387956375353029 283
1627559299236 0.0003385667371844565 284
1627559299287 0.00033837792147113974 285
1627559299348 0.00033814561326874816 286
1627559299408 0.0003379388948513456 287
1627559299473 0.00033774770738843635 288
1627559299534 0.0003375613252134471 289
1627559299587 0.00033737855696406866 290
1627559299661 0.0003371130242205661 291
1627559299718 0.00033692687231966424 292
1627559299783 0.00033669678791696544 293
1627559299837 0.0003365065139033467 294
1627559299896 0.00033629631562023983 295
1627559299949 0.0003361148737415592 296
1627559299998 0.0003359354445660509 297
1627559300071 0.00033572905419091797 298
1627559300131 0.00033554488458209216 299
1627559300187 0.0003353686755753349 300
1627559300240 0.0003351758253160743 301
1627559300300 0.0003349850444967117 302
1627559300366 0.0003347756715854996 303
1627559300419 0.00033459894075293716 304
1627559300477 0.00033442257476169876 305
1627559300530 0.0003342232432162456 306
1627559300602 0.0003340298927387704 307
1627559300665 0.0003338159840544179 308
1627559300725 0.00033363232610603415 309
1627559300775 0.000333457566368736 310
1627559300840 0.00033327000540893164 311
1627559300891 0.00033309484604107247 312
1627559300957 0.0003329203896193376 313
1627559301005 0.0003327494818786954 314
1627559301059 0.0003325612505922418 315
1627559301121 0.0003323910684215409 316
1627559301186 0.00033221968096212786 317
1627559301248 0.00033205019699558463 318
1627559301312 0.0003318617822717716 319
1627559301373 0.00033169692930922986 320
1627559301435 0.0003315190323062882 321
1627559301491 0.0003313290011361883 322
1627559301544 0.0003311303762873806 323
1627559301595 0.0003309930058196722 324
1627559301657 0.00033082853411095135 325
1627559301711 0.00033066062774935926 326
1627559301769 0.00033049246662608466 327
1627559301827 0.000330338443152473 328
1627559301878 0.0003301608170098832 329
1627559301945 0.00032998293922683523 330
1627559301998 0.00032980149869931856 331
1627559302063 0.0003296153884188477 332
1627559302111 0.0003294435457302299 333
1627559302165 0.00032927371008126347 334
1627559302226 0.0003291051781245234 335
1627559302292 0.00032890436881754116 336
1627559302346 0.0003287528207380622 337
1627559302413 0.0003285582202767645 338
1627559302466 0.0003283883917579048 339
1627559302521 0.00032821516884371627 340
1627559302575 0.00032804355457737987 341
1627559302627 0.00032789562505135494 342
1627559302679 0.00032773556994889624 343
1627559302736 0.0003275815656274493 344
1627559302784 0.0003273960299797493 345
1627559302845 0.0003271849570950207 346
1627559302896 0.00032700498285617073 347
1627559302954 0.0003268485394124371 348
1627559303005 0.00032668243592571573 349
1627559303094 0.00033554488458209216 350
