1627564986377 0.0010999092940126092 0
1627564986512 0.0010158953659748866 1
1627564986641 0.0009416113797111968 2
1627564986747 0.0008764314137362284 3
1627564986845 0.0008190693055685078 4
1627564986943 0.0007692103741886424 5
1627564987038 0.0007261469250640432 6
1627564987134 0.0006890280049408262 7
1627564987231 0.000657099998961525 8
1627564987323 0.000629510908953983 9
1627564987413 0.0006054995010643282 10
1627564987505 0.0005851302133034786 11
1627564987596 0.0005675425636026837 12
1627564987685 0.0005526785901462457 13
1627564987774 0.0005398820910319931 14
1627564987865 0.0005292614684081834 15
1627564987983 0.0005202087356149567 16
1627564988109 0.000512739620559699 17
1627564988209 0.0005061654942813309 18
1627564988296 0.0005002255126663433 19
1627564988379 0.0004951493529550362 20
1627564988458 0.0004908322352439917 21
1627564988545 0.00048722742244402574 22
1627564988625 0.00048407787945170663 23
1627564988709 0.0004808504714391108 24
1627564988788 0.0004784480479797735 25
1627564988864 0.0004759984362498542 26
1627564988937 0.0004738983046473735 27
1627564989022 0.00047218492340647434 28
1627564989092 0.0004704178676649639 29
1627564989163 0.00046888554162425477 30
1627564989237 0.00046754485147724084 31
1627564989308 0.00046571410521243744 32
1627564989380 0.0004643126714635034 33
1627564989447 0.00046298938045358045 34
1627564989514 0.00046138520703063794 35
1627564989590 0.00045975896722913907 36
1627564989661 0.0004584519609353515 37
1627564989736 0.0004568253696011416 38
1627564989811 0.00045531874843078395 39
1627564989876 0.0004545232168809644 40
1627564989944 0.0004534252059234012 41
1627564990013 0.0004526333563240067 42
1627564990090 0.00045193475093290074 43
1627564990182 0.00045125428968573606 44
1627564990252 0.0004507143081824695 45
1627564990323 0.0004494732761539691 46
1627564990390 0.0004482731194845237 47
1627564990456 0.00044764711377339925 48
1627564990532 0.0004460463032199744 49
1627564990623 0.00044504657735845607 50
1627564990696 0.00044448108377109687 51
1627564990773 0.0004438042907008767 52
1627564990851 0.00044237465758804477 53
1627564990917 0.0004416009591254281 54
1627564990986 0.00044099284331079275 55
1627564991065 0.0004399448019616341 56
1627564991131 0.0004394558556735181 57
1627564991201 0.00043878417696205455 58
1627564991277 0.00043774053068305603 59
1627564991346 0.00043727710605209215 60
1627564991417 0.0004367892767691338 61
1627564991492 0.00043583480395357696 62
1627564991562 0.0004349439029496045 63
1627564991631 0.0004344354803477291 64
1627564991698 0.00043377520426573097 65
1627564991767 0.00043327049173681997 66
1627564991843 0.0004324557817446752 67
1627564991923 0.00043126604358211386 68
1627564991993 0.00043072264770941716 69
1627564992071 0.00043018524669503726 70
1627564992136 0.0004297853534898408 71
1627564992209 0.00042904039541120237 72
1627564992287 0.0004280885042718798 73
1627564992357 0.0004272920659152079 74
1627564992431 0.0004262942832056011 75
1627564992497 0.00042578113130126166 76
1627564992562 0.00042517066085459316 77
1627564992628 0.00042475391310875554 78
1627564992694 0.0004240967589626287 79
1627564992764 0.0004235839313210676 80
1627564992833 0.0004227364821671376 81
1627564992908 0.000422249956589264 82
1627564992968 0.0004219016902564837 83
1627564993064 0.00042149286997808044 84
1627564993143 0.000420960708374043 85
1627564993224 0.0004203719314097004 86
1627564993311 0.00041999330270640347 87
1627564993404 0.0004196040395769832 88
1627564993485 0.00041921749360069926 89
1627564993551 0.00041883597026469194 90
1627564993623 0.00041838352339289183 91
1627564993708 0.00041756038015282516 92
1627564993777 0.0004170540650715562 93
1627564993840 0.00041670429324676894 94
1627564993914 0.00041615126477800873 95
1627564993983 0.00041543457088905414 96
1627564994050 0.0004150697118135 97
1627564994111 0.0004146845471446092 98
1627564994187 0.00041391348235249477 99
1627564994267 0.00041360929038150986 100
1627564994335 0.0004133396329341003 101
1627564994389 0.00041303196325369573 102
1627564994446 0.00041253570111476076 103
1627564994505 0.0004122255953084196 104
1627564994571 0.0004119120155905699 105
1627564994637 0.00041150622268632263 106
1627564994705 0.0004112001494926898 107
1627564994787 0.00041088024241759996 108
1627564994846 0.0004105811795714609 109
1627564994907 0.0004101662263512493 110
1627564994960 0.00040983240953100037 111
1627564995026 0.00040953155559735434 112
1627564995094 0.000408827977148317 113
1627564995161 0.00040851942169129 114
1627564995233 0.00040815862560746936 115
1627564995335 0.0004078710399130787 116
1627564995402 0.0004075344238122228 117
1627564995523 0.0004068333868083156 118
1627564995587 0.00040634320350179726 119
1627564995646 0.00040606031061922183 120
1627564995762 0.0004057807313540186 121
1627564995818 0.00040552212211166405 122
1627564995883 0.0004052439499280243 123
1627564995977 0.00040489357976134166 124
1627564996044 0.00040459864058038143 125
1627564996113 0.00040407400515697547 126
1627564996183 0.00040381746500911937 127
1627564996274 0.00040325482059335897 128
1627564996338 0.000402676170240693 129
1627564996400 0.0004023424363304282 130
1627564996468 0.0004018268187712374 131
1627564996530 0.00040120909506725444 132
1627564996594 0.00040093417444968623 133
1627564996657 0.0004006741338233646 134
1627564996720 0.0004002192862809009 135
1627564996775 0.00039997938753234623 136
1627564996833 0.00039966210111134896 137
1627564996885 0.0003994271349424455 138
1627564996942 0.00039896247700582296 139
1627564996989 0.0003987287987015427 140
1627564997045 0.00039849384838129553 141
1627564997119 0.000398030587761127 142
1627564997180 0.0003977672858925076 143
1627564997247 0.0003974423674765772 144
1627564997306 0.00039721008600456084 145
1627564997383 0.00039685765909568165 146
1627564997479 0.00039646860502546693 147
1627564997534 0.00039624903265711876 148
1627564997585 0.0003960050966134969 149
1627564997653 0.00039574021512220743 150
1627564997715 0.0003955027814554706 151
1627564997775 0.00039518055022784855 152
1627564997833 0.00039485572777740713 153
1627564997886 0.0003946398199971699 154
1627564997946 0.0003943065012845538 155
1627564998000 0.0003940659582652962 156
1627564998066 0.0003937869308264951 157
1627564998115 0.00039359634904801826 158
1627564998166 0.0003933690732243116 159
1627564998215 0.0003931490944458429 160
1627564998286 0.00039259531570443637 161
1627564998344 0.0003924005634706488 162
1627564998407 0.00039207307439728775 163
1627564998461 0.0003917588771266125 164
1627564998519 0.0003915068887153934 165
1627564998582 0.0003912731938388205 166
1627564998656 0.00039101330244875257 167
1627564998734 0.0003907311049299433 168
1627564998790 0.00039053852671803324 169
1627564998847 0.0003903067228289004 170
1627564998911 0.0003900821141576252 171
1627564998962 0.00038987525869934426 172
1627564999022 0.00038964701802770874 173
1627564999077 0.00038940671457253934 174
1627564999125 0.00038922432274648153 175
1627564999177 0.00038901737955783055 176
1627564999222 0.0003888288486905451 177
1627564999281 0.00038860256343186994 178
1627564999336 0.00038838517233586974 179
1627564999395 0.00038818096190437393 180
1627564999451 0.0003879859814426904 181
1627564999506 0.00038776313964026946 182
1627564999571 0.00038755382817091884 183
1627564999646 0.00038727296114970803 184
1627564999716 0.00038697322891017574 185
1627564999775 0.00038677908974971094 186
1627564999830 0.0003865614447567812 187
1627564999887 0.00038636698607159446 188
1627564999945 0.00038604228519740916 189
1627565000015 0.00038556185726711464 190
1627565000055 0.00038537348344616217 191
1627565000124 0.00038500277590024527 192
1627565000185 0.00038476945648232744 193
1627565000247 0.00038449000758350536 194
1627565000307 0.0003842215581070821 195
1627565000345 0.000384040091682937 196
1627565000411 0.0003838472524525148 197
1627565000482 0.00038340627944349746 198
1627565000552 0.00038292635995043487 199
1627565000637 0.0003827062091163804 200
1627565000688 0.0003825166682560573 201
1627565000734 0.00038232768300289395 202
1627565000782 0.0003821219832835499 203
1627565000845 0.0003817496450058224 204
1627565000898 0.00038155261934447675 205
1627565000955 0.00038135092570810807 206
1627565001018 0.00038116470969346586 207
1627565001082 0.00038094732164469105 208
1627565001154 0.0003806254895060518 209
1627565001226 0.00038030472227345294 210
1627565001300 0.00037988910468230607 211
1627565001350 0.00037971262061382285 212
1627565001414 0.0003795337998490927 213
1627565001484 0.00037919797100767857 214
1627565001544 0.00037902439399146125 215
1627565001602 0.0003788486604075004 216
1627565001655 0.0003786812345808206 217
1627565001703 0.00037851221095197015 218
1627565001755 0.000378335225997267 219
1627565001803 0.0003781147417843146 220
1627565001860 0.00037795157076416576 221
1627565001906 0.0003777972190646609 222
1627565001972 0.0003776323594033438 223
1627565002014 0.000377489602107535 224
1627565002068 0.0003773227336832664 225
1627565002112 0.00037714947542566896 226
1627565002159 0.00037697006483862694 227
1627565002209 0.00037677387770702274 228
1627565002250 0.0003766269435206523 229
1627565002299 0.0003764556767307341 230
1627565002358 0.0003762087241251806 231
1627565002415 0.00037601964429783005 232
1627565002474 0.00037577758029202444 233
1627565002527 0.00037559819960010797 234
1627565002581 0.00037542798609073875 235
1627565002650 0.00037514644843568136 236
1627565002722 0.0003749901012731164 237
1627565002798 0.0003748312300435145 238
1627565002857 0.00037464760088572126 239
1627565002907 0.00037449903809638605 240
1627565002957 0.0003743478296165042 241
1627565003007 0.0003741329189159122 242
1627565003064 0.0003739778318157199 243
1627565003119 0.0003738058075139153 244
1627565003196 0.0003735900878760411 245
1627565003249 0.0003734163739278479 246
1627565003294 0.00037326214282340357 247
1627565003341 0.00037307984471711484 248
1627565003393 0.00037281722417921193 249
1627565003452 0.0003726397892203116 250
1627565003508 0.00037248492914186194 251
1627565003565 0.0003722684023832962 252
1627565003614 0.00037209718569526065 253
1627565003665 0.0003719475775625405 254
1627565003711 0.00037179394739822273 255
1627565003758 0.0003716274037711112 256
1627565003825 0.0003714642413281225 257
1627565003894 0.00037121327365645417 258
1627565003960 0.0003710523356510168 259
1627565004020 0.0003709104710600702 260
1627565004080 0.0003707003569154987 261
1627565004119 0.0003705723359718523 262
1627565004190 0.00037041930570545594 263
1627565004241 0.0003702596138272934 264
1627565004285 0.0003701056438171738 265
1627565004344 0.0003699656997298375 266
1627565004410 0.00036962228164756774 267
1627565004456 0.00036946635330505014 268
1627565004503 0.00036929458121122074 269
1627565004551 0.0003691466220223768 270
1627565004609 0.00036899528082560935 271
1627565004663 0.0003687698839874252 272
1627565004717 0.0003686028571592458 273
1627565004773 0.0003684382982291156 274
1627565004828 0.00036826096768307064 275
1627565004869 0.00036813216752568383 276
1627565004918 0.0003679339180702191 277
1627565004957 0.00036780257240495257 278
1627565005013 0.00036764563682096515 279
1627565005055 0.0003674939298708963 280
1627565005108 0.00036736073786655974 281
1627565005147 0.0003672167058936264 282
1627565005206 0.0003670742789007368 283
1627565005256 0.00036694244321658207 284
1627565005325 0.0003667757043122258 285
1627565005383 0.0003666427164960708 286
1627565005435 0.00036647258557328085 287
1627565005502 0.00036615072410305804 288
1627565005565 0.0003659515930514944 289
1627565005604 0.00036581086581241666 290
1627565005658 0.0003655381133845769 291
1627565005695 0.0003654020075708337 292
1627565005759 0.00036528783265437877 293
1627565005814 0.00036513374248295475 294
1627565005865 0.00036499643199036565 295
1627565005923 0.000364818076194409 296
1627565005963 0.00036469488049749045 297
1627565006007 0.0003645630318018685 298
1627565006061 0.0003644190989130339 299
1627565006121 0.00036426961486029925 300
1627565006168 0.00036413440260990056 301
1627565006209 0.000364002976601589 302
1627565006262 0.0003638568291835697 303
1627565006304 0.0003637175368807972 304
1627565006345 0.0003636035033977636 305
1627565006396 0.0003634428255652972 306
1627565006438 0.0003633215756743045 307
1627565006482 0.0003631953135562944 308
1627565006550 0.0003630560883032746 309
1627565006601 0.00036291988068700906 310
1627565006650 0.000362767133478712 311
1627565006696 0.00036262415818810875 312
1627565006749 0.000362496935305259 313
1627565006790 0.00036236978326673064 314
1627565006838 0.0003622623857524562 315
1627565006889 0.0003621301868928451 316
1627565006953 0.0003619830958893051 317
1627565007014 0.00036182472788424556 318
1627565007087 0.00036156446746988543 319
1627565007130 0.00036142525260334635 320
1627565007194 0.0003612309470790159 321
1627565007243 0.00036108249567252287 322
1627565007297 0.0003609343776542864 323
1627565007339 0.0003608131067459614 324
1627565007391 0.00036068196505918053 325
1627565007438 0.0003605450357405929 326
1627565007486 0.000360418148155768 327
1627565007537 0.00036029193844295626 328
1627565007592 0.0003601365535341414 329
1627565007636 0.0003600190019632115 330
1627565007678 0.0003598872441832451 331
1627565007721 0.000359766445399884 332
1627565007766 0.00035962082282892257 333
1627565007833 0.00035947912509962657 334
1627565007885 0.00035931885739721336 335
1627565007930 0.00035919225148279345 336
1627565007982 0.0003590209336481454 337
1627565008029 0.0003589122164034389 338
1627565008095 0.0003587018910687049 339
1627565008140 0.0003585823786710396 340
1627565008180 0.0003584635011492961 341
1627565008236 0.00035832226612165786 342
1627565008289 0.00035819031714210136 343
1627565008345 0.0003579753285676622 344
1627565008416 0.00035772164226842716 345
1627565008463 0.0003576135533075298 346
1627565008514 0.0003574771003992864 347
1627565008569 0.00035731393065535253 348
1627565008617 0.0003571777955256867 349
1627565008700 0.00035704011665487227 350
1627565008755 0.0003569489350019917 351
1627565008798 0.0003568223675222125 352
1627565008840 0.00035670196808591825 353
1627565008890 0.00035654412966580206 354
1627565008937 0.00035641300912597843 355
1627565008991 0.0003562862663666316 356
1627565009038 0.0003561524864083568 357
1627565009080 0.000356039286049389 358
1627565009127 0.00035588783849238684 359
1627565009168 0.00035576826799940415 360
1627565009216 0.0003556495959512454 361
1627565009272 0.000355503300486564 362
1627565009317 0.00035538692690298353 363
1627565009355 0.000355254812958661 364
1627565009405 0.00035512084657601014 365
1627565009449 0.00035499462634480097 366
1627565009487 0.0003548621645310588 367
1627565009538 0.00035473225121072265 368
1627565009588 0.0003546145249658262 369
1627565009628 0.0003544996793378228 370
1627565009667 0.0003544040585613792 371
1627565009725 0.00035428136033628215 372
1627565009768 0.00035417253467632696 373
1627565009811 0.0003540635456215054 374
1627565009876 0.00035391904753753094 375
1627565009929 0.00035377136121887297 376
1627565009985 0.0003536575809639552 377
1627565010026 0.0003535475693526485 378
1627565010088 0.0003533181805408469 379
1627565010142 0.00035319265751050237 380
1627565010204 0.00035298006524025534 381
1627565010255 0.000352844734304972 382
1627565010308 0.0003526966522485449 383
1627565010349 0.0003525930939173211 384
1627565010397 0.0003524714291394138 385
1627565010442 0.00035234651158985595 386
1627565010485 0.0003522254343084336 387
1627565010536 0.000352105029363827 388
1627565010597 0.00035198904389809315 389
1627565010649 0.0003518637860561604 390
1627565010702 0.0003517400596179506 391
1627565010754 0.0003515778806226157 392
1627565010795 0.0003514609069365951 393
1627565010840 0.00035134806666454256 394
1627565010882 0.0003512385378538985 395
1627565010927 0.00035112559241569683 396
1627565010972 0.0003510244507711252 397
1627565011019 0.0003508891464884208 398
1627565011064 0.00035079206031105194 399
1627565011118 0.000350688776513088 400
1627565011156 0.00035058796642330897 401
1627565011200 0.00035045266025596173 402
1627565011246 0.0003503539535425204 403
1627565011288 0.00035024215015586226 404
1627565011349 0.00035654412966580206 405
1627565015319 0.00109980139998149 0
1627565015431 0.0010158972706890822 1
1627565015548 0.0009418550919584388 2
1627565015643 0.0008768980181108483 3
1627565015747 0.0008197623997206943 4
1627565015877 0.0007699797405578758 5
1627565015991 0.0007270426964546259 6
1627565016119 0.000689974903121919 7
1627565016240 0.0006582056154758122 8
1627565016328 0.0006306329302879194 9
1627565016413 0.000606686111937968 10
1627565016499 0.0005862967628556029 11
1627565016582 0.0005687956940601418 12
1627565016671 0.0005539162615779353 13
1627565016759 0.0005410231253894085 14
1627565016843 0.0005304014807616165 15
1627565016926 0.0005213037123278824 16
1627565017011 0.0005137573138305127 17
1627565017095 0.0005072013907795758 18
1627565017172 0.0005012938344488136 19
1627565017250 0.000496211802831021 20
1627565017329 0.0004919986769499495 21
1627565017411 0.00048823678136774245 22
1627565017488 0.00048487744799327815 23
1627565017567 0.0004818069127815407 24
1627565017641 0.00047941837240809206 25
1627565017717 0.0004771056275295465 26
1627565017798 0.0004750450422966633 27
1627565017876 0.0004731705030306471 28
1627565017949 0.00047125080191311755 29
1627565018019 0.00046942005402285527 30
1627565018098 0.0004678895925021804 31
1627565018172 0.0004662586749586985 32
1627565018244 0.00046483202233968076 33
1627565018312 0.0004634677587452188 34
1627565018381 0.0004619160845155092 35
1627565018458 0.0004604981368019741 36
1627565018539 0.00045956056943711587 37
1627565018638 0.00045870271491845144 38
1627565018720 0.00045706291554327004 39
1627565018793 0.0004563748952604634 40
1627565018859 0.0004552725000994435 41
1627565018924 0.00045429749094159065 42
1627565018996 0.00045285400220312027 43
1627565019075 0.0004512143831270264 44
1627565019139 0.0004505822835478437 45
1627565019207 0.00044927722649543297 46
1627565019276 0.000447872957461003 47
1627565019361 0.000447263372004435 48
1627565019428 0.0004464055285314159 49
1627565019514 0.0004456017403380049 50
1627565019593 0.0004450889834591365 51
1627565019686 0.00044457763492266065 52
1627565019756 0.0004432302503631875 53
1627565019816 0.00044217118745412963 54
1627565019882 0.0004415858093372733 55
1627565019955 0.00044026228464421284 56
1627565020023 0.0004398043166043946 57
1627565020093 0.0004388780447108988 58
1627565020163 0.0004384241208050958 59
1627565020231 0.00043784053381464504 60
1627565020307 0.00043643946969398374 61
1627565020380 0.0004354133748113006 62
1627565020443 0.0004349338852687885 63
1627565020514 0.0004342627622965776 64
1627565020583 0.0004336877175056964 65
1627565020652 0.000432777280033395 66
1627565020721 0.00043177114095753873 67
1627565020808 0.00043063988235008115 68
1627565020873 0.0004302065373330653 69
1627565020939 0.00042977935876596353 70
1627565021005 0.000429022066843307 71
1627565021070 0.00042833571953356236 72
1627565021138 0.00042792718379445116 73
1627565021199 0.00042752190750569195 74
1627565021274 0.0004270887468049747 75
1627565021342 0.00042606091530237694 76
1627565021400 0.0004256521770434841 77
1627565021467 0.0004251285987634137 78
1627565021532 0.00042446733602801757 79
1627565021603 0.00042404803943851404 80
1627565021673 0.00042319261198355804 81
1627565021743 0.0004227925142239291 82
1627565021830 0.00042233941537790567 83
1627565021887 0.00042192879876630003 84
1627565021962 0.0004215262605872415 85
1627565022035 0.0004211029025809041 86
1627565022147 0.000420258035140949 87
1627565022237 0.0004196409484846887 88
1627565022300 0.00041898242390588276 89
1627565022369 0.0004182694822067254 90
1627565022427 0.00041791594090302426 91
1627565022495 0.00041747858125446957 92
1627565022568 0.0004166909614227336 93
1627565022640 0.00041615200825280017 94
1627565022708 0.00041565965923855483 95
1627565022770 0.00041530489348341716 96
1627565022843 0.0004147406061183711 97
1627565022920 0.0004143939811098167 98
1627565022985 0.0004140572232947509 99
1627565023067 0.000413711239163271 100
1627565023128 0.00041310296105153457 101
1627565023195 0.000412728103745717 102
1627565023260 0.00041215367301795534 103
1627565023319 0.0004118491077633355 104
1627565023393 0.0004115279576146145 105
1627565023452 0.00041116446242255895 106
1627565023510 0.000410717066824177 107
1627565023573 0.00041035044333179513 108
1627565023644 0.0004100705089073731 109
1627565023702 0.000409717739534825 110
1627565023764 0.00040938001151253706 111
1627565023829 0.00040875665684773584 112
1627565023883 0.00040848100150434833 113
1627565023954 0.0004081597317831441 114
1627565024015 0.0004075285590867247 115
1627565024085 0.00040704883022040547 116
1627565024145 0.00040676309777136233 117
1627565024203 0.0004064663313867782 118
1627565024269 0.000406092214517926 119
1627565024331 0.00040575344616156447 120
1627565024394 0.00040547778396963596 121
1627565024458 0.00040521163803461727 122
1627565024545 0.0004049142136750079 123
1627565024650 0.0004042929838504351 124
1627565024713 0.00040401142267088133 125
1627565024763 0.0004037083059494025 126
1627565024831 0.0004033411768552504 127
1627565024896 0.0004028438259215809 128
1627565024958 0.0004025851504089661 129
1627565025025 0.0004022492409464918 130
1627565025100 0.0004020041286917777 131
1627565025190 0.0004014913302809379 132
1627565025243 0.0004012578377758677 133
1627565025300 0.00040095737492476264 134
1627565025359 0.0004007089965824998 135
1627565025427 0.00040022676144286975 136
1627565025488 0.000399946629526633 137
1627565025547 0.00039966973193830886 138
1627565025612 0.0003993782367262841 139
1627565025678 0.000398906712901805 140
1627565025742 0.0003984394178765174 141
1627565025805 0.00039802364758621345 142
1627565025854 0.0003977872255935156 143
1627565025917 0.00039751270409711567 144
1627565025982 0.0003969908978452584 145
1627565026051 0.00039676132085397336 146
1627565026120 0.0003964058167005954 147
1627565026193 0.0003960692408497198 148
1627565026256 0.0003958280286527044 149
1627565026331 0.0003955912568725518 150
1627565026390 0.00039540593354068674 151
1627565026499 0.0003948613520733924 152
1627565026578 0.00039462510505662855 153
1627565026636 0.00039439554074378414 154
1627565026685 0.0003941582997312218 155
1627565026744 0.00039393055122075043 156
1627565026806 0.00039353219187649504 157
1627565026866 0.0003933128413713698 158
1627565026933 0.0003929551550989852 159
1627565026989 0.00039267668358272434 160
1627565027040 0.0003924413065286837 161
1627565027102 0.0003922077274565828 162
1627565027160 0.0003919774446478073 163
1627565027228 0.0003916903234678481 164
1627565027295 0.00039143497884379337 165
1627565027352 0.0003911817999075516 166
1627565027406 0.0003909740639114967 167
1627565027457 0.000390787995119956 168
1627565027522 0.0003904234582384089 169
1627565027575 0.0003902232605042432 170
1627565027632 0.000390002134476656 171
1627565027682 0.00038973590482976477 172
1627565027740 0.00038952624911400987 173
1627565027804 0.0003892841161358657 174
1627565027852 0.00038908140998022126 175
1627565027907 0.00038887433005350784 176
1627565027952 0.0003886786921328312 177
1627565028011 0.00038846276516156096 178
1627565028064 0.000388236558317739 179
1627565028120 0.00038800832908656997 180
1627565028176 0.0003878073802026997 181
1627565028238 0.00038754831778503937 182
1627565028303 0.00038718095779850407 183
1627565028353 0.0003869921010004427 184
1627565028403 0.00038681707828806724 185
1627565028459 0.00038659747074862945 186
1627565028509 0.00038638996576489227 187
1627565028572 0.00038612861969553085 188
1627565028628 0.00038588568441989975 189
1627565028690 0.0003856143970407255 190
1627565028752 0.0003852745647823726 191
1627565028804 0.0003850641323165303 192
1627565028865 0.0003848670923562742 193
1627565028922 0.0003846683167665005 194
1627565028970 0.0003845075982707629 195
1627565029020 0.000384351954120281 196
1627565029061 0.0003841768223050655 197
1627565029128 0.0003837041983024657 198
1627565029176 0.0003835379107165195 199
1627565029229 0.00038333364099441886 200
1627565029292 0.00038309458414241657 201
1627565029348 0.00038291772337718593 202
1627565029394 0.0003827445140990769 203
1627565029448 0.0003825543404306346 204
1627565029511 0.0003823603784606303 205
1627565029575 0.00038218406856102316 206
1627565029635 0.00038199650305972474 207
1627565029689 0.0003817916602550418 208
1627565029751 0.0003815928135162058 209
1627565029820 0.0003812721642488416 210
1627565029861 0.0003811166279222946 211
1627565029923 0.00038083487698808397 212
1627565029981 0.0003805705718816938 213
1627565030040 0.0003803187503259215 214
1627565030096 0.0003801601629463748 215
1627565030160 0.0003799377689317297 216
1627565030228 0.0003797485205880431 217
1627565030275 0.0003795678478288122 218
1627565030335 0.00037927259162866077 219
1627565030426 0.0003788596505579526 220
1627565030487 0.00037871376433120117 221
1627565030538 0.000378520907169307 222
1627565030592 0.0003782974520942016 223
1627565030646 0.00037807974480991765 224
1627565030698 0.0003778923745747633 225
1627565030748 0.00037772951956153994 226
1627565030798 0.0003775582083374057 227
1627565030849 0.0003773703293509112 228
1627565030909 0.00037707704643172405 229
1627565030957 0.0003768955238250147 230
1627565031017 0.00037670433578866993 231
1627565031071 0.00037655822864891104 232
1627565031139 0.000376397168020732 233
1627565031227 0.00037615283963898756 234
1627565031291 0.00037600515899548784 235
1627565031383 0.00037575520146769466 236
1627565031474 0.00037555581840317137 237
1627565031529 0.0003753775694321778 238
1627565031584 0.0003751611788663416 239
1627565031633 0.00037500749604504 240
1627565031691 0.00037482165187293335 241
1627565031735 0.00037466682120214926 242
1627565031788 0.00037450964903022337 243
1627565031840 0.00037432902168791135 244
1627565031901 0.0003740344407613072 245
1627565031939 0.00037390315759741914 246
1627565031988 0.00037375375606915715 247
1627565032037 0.0003736164066705132 248
1627565032096 0.00037345007086870326 249
1627565032152 0.0003733001341196124 250
1627565032201 0.0003731426836601781 251
1627565032252 0.00037296724297405346 252
1627565032304 0.00037279496991901297 253
1627565032355 0.00037261502724299965 254
1627565032395 0.00037247035163620986 255
1627565032452 0.0003722788086122437 256
1627565032537 0.0003721164319481157 257
1627565032594 0.0003718651864239956 258
1627565032670 0.00037163735651644193 259
1627565032742 0.00037149077324057843 260
1627565032809 0.00037134078598450063 261
1627565032889 0.0003711914123434296 262
1627565032975 0.00037103632673707407 263
1627565033049 0.000370877580236871 264
1627565033130 0.00037069284755788026 265
1627565033187 0.0003705425136032237 266
1627565033252 0.00037036411060314565 267
1627565033309 0.0003701999228503951 268
1627565033375 0.0003700390809244681 269
1627565033471 0.0003696768166788335 270
1627565033552 0.00036951869805342875 271
1627565033608 0.00036933305420128805 272
1627565033655 0.0003691888650330929 273
1627565033700 0.00036903757289788995 274
1627565033762 0.0003687613008753352 275
1627565033822 0.00036843346833275895 276
1627565033882 0.0003682055089940954 277
1627565033926 0.00036805479385548014 278
1627565033974 0.00036790295766938274 279
1627565034018 0.0003677674624131136 280
1627565034068 0.0003676345341349132 281
1627565034129 0.00036745244353803176 282
1627565034178 0.0003672895413083621 283
1627565034215 0.0003671740000806546 284
1627565034259 0.00036703267306085856 285
1627565034315 0.00036684120387730763 286
1627565034368 0.00036668288769764414 287
1627565034421 0.0003665246676178158 288
1627565034479 0.00036636287060661947 289
1627565034535 0.0003662050480383833 290
1627565034575 0.00036607343174067464 291
1627565034629 0.0003659065266624105 292
1627565034688 0.00036579244831445987 293
1627565034768 0.00036560612321749023 294
1627565034812 0.00036543145799662505 295
1627565034852 0.0003652979022375235 296
1627565034896 0.0003651413120157834 297
1627565034963 0.00036496745048389157 298
1627565035053 0.00036481968589081366 299
1627565035114 0.000364705643173883 300
1627565035165 0.0003645669999848743 301
1627565035209 0.0003644080701196689 302
1627565035255 0.00036429012909528256 303
1627565035301 0.0003641431742205713 304
1627565035357 0.0003639562707626358 305
1627565035416 0.00036375235507904896 306
1627565035462 0.0003636136122770175 307
1627565035521 0.0003634545116787683 308
1627565035575 0.00036331021810620306 309
1627565035624 0.0003631657467441365 310
1627565035684 0.0003629946674229489 311
1627565035728 0.0003628660684723428 312
1627565035785 0.0003627180108325322 313
1627565035824 0.0003626165921246562 314
1627565035865 0.00036248888386513603 315
1627565035919 0.0003623474826073263 316
1627565035973 0.0003621914577631539 317
1627565036025 0.0003620308402334109 318
1627565036073 0.0003619159339054452 319
1627565036141 0.0003616617059130397 320
1627565036183 0.0003615499793006222 321
1627565036250 0.000361401513088579 322
1627565036299 0.00036128281151991663 323
1627565036364 0.00036099413531823525 324
1627565036407 0.0003608785094459419 325
1627565036448 0.00036077208715430844 326
1627565036497 0.0003606459097830569 327
1627565036557 0.0003604195303552271 328
1627565036631 0.0003602247213390815 329
1627565036703 0.00036008718041457405 330
1627565036756 0.00035993201575835353 331
1627565036803 0.00035980463589897765 332
1627565036852 0.0003596726382787093 333
1627565036898 0.00035955083737940435 334
1627565036939 0.00035942171737425534 335
1627565036982 0.0003592841814473282 336
1627565037032 0.0003591244760125928 337
1627565037076 0.00035898632733181405 338
1627565037123 0.00035885470762038143 339
1627565037165 0.00035873258710814417 340
1627565037221 0.0003585174914945062 341
1627565037269 0.00035833695825069034 342
1627565037307 0.0003582159222620243 343
1627565037350 0.00035810208392925646 344
1627565037395 0.0003579758667252014 345
1627565037456 0.00035772565960391205 346
1627565037525 0.0003575751484297561 347
1627565037608 0.0003574091683460494 348
1627565037674 0.0003572894210530922 349
1627565037756 0.0003571724838656494 350
1627565037809 0.0003570351662009837 351
1627565037862 0.0003569195342247133 352
1627565037932 0.0003567766460473425 353
1627565038024 0.00035654170482758447 354
1627565038079 0.00035644687942390144 355
1627565038162 0.00035627701782108386 356
1627565038217 0.000356159709288056 357
1627565038278 0.00035593502863715557 358
1627565038324 0.0003558026989266457 359
1627565038366 0.00035569141209401933 360
1627565038413 0.00035557632115668336 361
1627565038473 0.0003554383285993363 362
1627565038521 0.0003553088012885431 363
1627565038574 0.00035517604396084984 364
1627565038615 0.0003550475240936469 365
1627565038659 0.0003549176683032808 366
1627565038696 0.00035483577430199667 367
1627565038742 0.0003547271371014257 368
1627565038798 0.0003546033168659813 369
1627565038839 0.000354482064088385 370
1627565038879 0.00035435761846722445 371
1627565038936 0.00035421236338494666 372
1627565038999 0.00035408845953600106 373
1627565039055 0.0003539131937010934 374
1627565039109 0.00035379846165060474 375
1627565039156 0.00035368938041876455 376
1627565039201 0.0003535798160285722 377
1627565039249 0.00035347155057562454 378
1627565039296 0.00035334540395679344 379
1627565039337 0.00035324896880107096 380
1627565039373 0.00035315345447274425 381
1627565039434 0.00035303626612543136 382
1627565039474 0.0003529416564706975 383
1627565039518 0.00035282239667603065 384
1627565039565 0.000352702268347047 385
1627565039624 0.000352575158213091 386
1627565039711 0.00035239244850242404 387
1627565039758 0.0003522626218985889 388
1627565039804 0.0003521246788913968 389
1627565039856 0.0003520006197117564 390
1627565039917 0.00035189162340159853 391
1627565039967 0.0003517827032584705 392
1627565040017 0.00035166841278505887 393
1627565040079 0.00035145152820583147 394
1627565040133 0.0003513237565000709 395
1627565040201 0.0003511222489487874 396
1627565040242 0.00035103867274740647 397
1627565040299 0.0003509049028692513 398
1627565040339 0.00035082377689000415 399
1627565040394 0.00035069437336932545 400
1627565040453 0.00035052986295030966 401
1627565040499 0.0003504028733925972 402
1627565040561 0.0003502574967981705 403
1627565040612 0.0003501460851141073 404
1627565040684 0.00034994225848775996 405
1627565040727 0.0003498450376586734 406
1627565040779 0.0003497100687865728 407
1627565040821 0.00034961023765285284 408
1627565040869 0.00034949855230506893 409
1627565040921 0.0003493804391162636 410
1627565040972 0.00034923445137204827 411
1627565041024 0.00034908231323619123 412
1627565041061 0.00034898757791264063 413
1627565041113 0.0003488816997356774 414
1627565041154 0.00034876853905625716 415
1627565041193 0.0003486709782079253 416
1627565041240 0.00034855302107893654 417
1627565041311 0.0003483695864998128 418
1627565041351 0.0003482682165058019 419
1627565041404 0.0003481460306784313 420
1627565041449 0.00034803243287747705 421
1627565041489 0.00034793474407258305 422
1627565041579 0.0003477217708438266 423
1627565041622 0.00034761382869656334 424
1627565041672 0.00034750288398563173 425
1627565041713 0.0003473631301838639 426
1627565041759 0.0003472574810128208 427
1627565041823 0.00034710317760968 428
1627565041875 0.000346971943618462 429
1627565041922 0.0003468617748714713 430
1627565041968 0.0003467629291894712 431
1627565042029 0.00034657126909076665 432
1627565042078 0.0003464511922219992 433
1627565042122 0.0003463484913503871 434
1627565042177 0.0003461960835317707 435
1627565042216 0.00034609520128843003 436
1627565042258 0.0003459794628233079 437
1627565042308 0.0003458766571638562 438
1627565042352 0.00034578092578128243 439
1627565042408 0.0003456228051396963 440
1627565042463 0.00034547114173035545 441
1627565042524 0.00034528730077440967 442
1627565042578 0.00034514094663247403 443
1627565042623 0.0003450314480674936 444
1627565042687 0.0003448547796326562 445
1627565042726 0.00034475231590598224 446
1627565042773 0.0003446414277552828 447
1627565042818 0.00034453354842939234 448
1627565042863 0.00034442304625973444 449
1627565042934 0.00034431915170739924 450
1627565042998 0.0003442196904321666 451
1627565043077 0.0003440912487441934 452
1627565043120 0.0003439797657533734 453
1627565043201 0.0003438102968258313 454
1627565043250 0.00034368469910826886 455
1627565043298 0.0003435648346644755 456
1627565043343 0.00034345851764196607 457
1627565043419 0.00034333773061473964 458
1627565043484 0.0003432182118149003 459
1627565043530 0.00034309343522971505 460
1627565043575 0.0003429826560444243 461
1627565043618 0.00034289973003778974 462
1627565043690 0.00034278961697913166 463
1627565043750 0.00034268922483637963 464
1627565043810 0.00034257856760882855 465
1627565043874 0.0003424766621072116 466
1627565043918 0.00034236969499719963 467
1627565043998 0.0003422087902867962 468
1627565044065 0.000342078197029914 469
1627565044111 0.00034195777264470174 470
1627565044158 0.00034184998327441255 471
1627565044204 0.00034173277447652396 472
1627565044261 0.0003416188163808504 473
1627565044304 0.00034150723359869714 474
1627565044353 0.0003413881524861103 475
1627565044407 0.0003412523549665593 476
1627565044459 0.0003411382699184516 477
1627565044510 0.0003410214898903391 478
1627565044547 0.00034092618111170053 479
1627565044588 0.0003408189905016504 480
1627565044624 0.0003407072235360684 481
1627565044670 0.00034060361940615596 482
1627565044713 0.0003404916617639736 483
1627565044759 0.00034039799070614113 484
1627565044813 0.00034029931333762594 485
1627565044857 0.00034018078528628027 486
1627565044903 0.00034007771214083896 487
1627565044982 0.000339918426530474 488
1627565045022 0.00033980958951243095 489
1627565045067 0.00033971144019636436 490
1627565045118 0.0003395905325090497 491
1627565045161 0.0003394807813939004 492
1627565045214 0.00033939519341148755 493
1627565045260 0.00033929319636962955 494
1627565045325 0.0003391819087653579 495
1627565045356 0.00033907900753858206 496
1627565045408 0.00033896421624602096 497
1627565045448 0.00033888147558889603 498
1627565045489 0.00033878597561096054 499
1627565045542 0.0003386986767280329 500
1627565045584 0.0003386092301204897 501
1627565045622 0.0003385241424029941 502
1627565045664 0.00033842337510136096 503
1627565045707 0.00033832798473556867 504
1627565045746 0.00033821209047316635 505
1627565045800 0.00033809028493605705 506
1627565045849 0.00033798333668393776 507
1627565045890 0.00033790725863099344 508
1627565045938 0.00033778909437919414 509
1627565045980 0.0003377125110854948 510
1627565046021 0.0003376192303647098 511
1627565046075 0.00033747264428063504 512
1627565046152 0.00034289973003778974 513
1627565050316 0.0011006278977988035 0
1627565050427 0.0010164948636633316 1
1627565050518 0.0009421286588469519 2
1627565050609 0.0008768586418990733 3
1627565050709 0.0008196437242833231 4
1627565050801 0.000769821568247895 5
1627565050893 0.0007267945472301382 6
1627565050982 0.0006896408169661334 7
1627565051078 0.0006576413509540479 8
1627565051167 0.0006298336379715232 9
1627565051260 0.000605911079835025 10
1627565051350 0.0005854837946908039 11
1627565051452 0.000567853757236119 12
1627565051535 0.0005530880662506177 13
1627565051618 0.0005402845337737658 14
1627565051701 0.0005294592899822026 15
1627565051786 0.0005202989115727078 16
1627565051877 0.0005127500068391793 17
1627565051963 0.0005062261562330915 18
1627565052050 0.0005003111289066037 19
1627565052132 0.0004953714456990865 20
1627565052216 0.000491180113666341 21
1627565052308 0.0004877218866249101 22
1627565052393 0.00048426867487630425 23
1627565052471 0.0004812313205743969 24
1627565052545 0.0004788317471483684 25
1627565052617 0.000476497296182407 26
1627565052692 0.0004744590425147151 27
1627565052767 0.00047249350436370455 28
1627565052835 0.0004706582263834894 29
1627565052906 0.00046906655770471116 30
1627565052980 0.0004673983036485307 31
1627565053051 0.0004660087395606431 32
1627565053120 0.00046448372934268484 33
1627565053189 0.00046347740530358524 34
1627565053256 0.00046185032041439405 35
1627565053324 0.00046035910018281574 36
1627565053397 0.0004591331924740537 37
1627565053467 0.00045804609106340534 38
1627565053539 0.00045642696380768683 39
1627565053606 0.000455568042609898 40
1627565053671 0.00045474823903804326 41
1627565053735 0.00045368705427931686 42
1627565053805 0.0004523883910642002 43
1627565053876 0.000451404919569224 44
1627565053940 0.0004506085885174103 45
1627565054011 0.0004492808737102501 46
1627565054108 0.0004478150269507882 47
1627565054186 0.00044668043485322605 48
1627565054262 0.00044602836872617216 49
1627565054369 0.00044446707211578495 50
1627565054462 0.00044389982094211625 51
1627565054525 0.0004431880142078243 52
1627565054591 0.0004422931953381336 53
1627565054660 0.0004418185616850795 54
1627565054735 0.0004407850456034227 55
1627565054810 0.0004401612060458643 56
1627565054878 0.000439691325946853 57
1627565054945 0.0004391902848831692 58
1627565055024 0.00043816616202153717 59
1627565055110 0.00043773090768140833 60
1627565055213 0.0004365304486693463 61
1627565055295 0.00043555910336587225 62
1627565055362 0.0004350409318151436 63
1627565055437 0.0004345392095445399 64
1627565055503 0.00043343242545290075 65
1627565055575 0.00043293295410343164 66
1627565055640 0.0004324796598526177 67
1627565055711 0.0004318468429408367 68
1627565055778 0.0004314161248455775 69
1627565055866 0.0004302967682276685 70
1627565055935 0.00042987881789717823 71
1627565056026 0.000428989104011336 72
1627565056099 0.0004281974529078476 73
1627565056163 0.00042743482681214373 74
1627565056230 0.00042696595481980283 75
1627565056300 0.00042619006364364896 76
1627565056365 0.000425778826443875 77
1627565056436 0.00042484088164876734 78
1627565056510 0.0004239324998709127 79
1627565056602 0.00042349845452825327 80
1627565056711 0.0004225813220721082 81
1627565056799 0.0004221881874911008 82
1627565056865 0.0004215822252190271 83
1627565056958 0.0004207771741511489 84
1627565057031 0.00042036501257491747 85
1627565057095 0.000420004168617798 86
1627565057152 0.00041961389985726346 87
1627565057213 0.00041930813634417463 88
1627565057278 0.0004189307472954682 89
1627565057340 0.00041857382437319145 90
1627565057396 0.00041823460836761125 91
1627565057463 0.00041765728410871967 92
1627565057533 0.00041692545821180906 93
1627565057603 0.0004163157059993424 94
1627565057669 0.0004158203918671876 95
1627565057741 0.00041507943134065357 96
1627565057816 0.00041466757517980766 97
1627565057879 0.00041405512396797817 98
1627565057945 0.00041369755055571764 99
1627565058044 0.00041338154569729073 100
1627565058110 0.00041295639972374057 101
1627565058190 0.00041263812555427363 102
1627565058283 0.00041232664673571167 103
1627565058392 0.00041161333083619174 104
1627565058485 0.00041128226142704604 105
1627565058568 0.0004109632743787049 106
1627565058646 0.00041027257314370984 107
1627565058743 0.0004099469712703495 108
1627565058805 0.00040944310380689293 109
1627565058893 0.0004087177298091941 110
1627565058984 0.00040840060446746085 111
1627565059066 0.000408106759151602 112
1627565059138 0.0004075461685151479 113
1627565059210 0.00040719088932802397 114
1627565059285 0.00040676604657217415 115
1627565059360 0.0004063203740869142 116
1627565059426 0.0004058254345945249 117
1627565059486 0.00040552150206160935 118
1627565059556 0.00040527279294486985 119
1627565059627 0.0004046948126069717 120
1627565059687 0.00040438167861949685 121
1627565059741 0.0004041298368640336 122
1627565059814 0.0004036433901679956 123
1627565059874 0.0004033571362227042 124
1627565059933 0.0004030668936933925 125
1627565059987 0.00040280801187497246 126
1627565060074 0.00040252049538613263 127
1627565060142 0.00040227882744437127 128
1627565060212 0.0004018479382946286 129
1627565060266 0.00040154367179402414 130
1627565060323 0.00040112761577744784 131
1627565060384 0.0004008625194551451 132
1627565060444 0.00040061767545844843 133
1627565060515 0.00040017560967173954 134
1627565060576 0.0003998659879834496 135
1627565060644 0.0003994189103066499 136
1627565060702 0.000398939325232611 137
1627565060770 0.00039867638910432617 138
1627565060862 0.00039841550756181224 139
1627565060943 0.0003981669486616117 140
1627565061056 0.0003977364638031725 141
1627565061136 0.00039749361266430894 142
1627565061231 0.00039704335056002483 143
1627565061310 0.0003967878635926879 144
1627565061397 0.00039651137642185094 145
1627565061477 0.00039630126278851653 146
1627565061568 0.0003960144056098724 147
1627565061639 0.0003957661790585793 148
1627565061713 0.00039551020471426535 149
1627565061787 0.0003952246909465757 150
1627565061834 0.00039501951304495107 151
1627565061896 0.0003946318357295645 152
1627565061955 0.0003942137489683862 153
1627565061998 0.00039399718996925 154
1627565062046 0.0003938086134630377 155
1627565062110 0.00039327624477675374 156
1627565062165 0.00039296426431752873 157
1627565062220 0.0003927446216107661 158
1627565062281 0.0003923672724003796 159
1627565062330 0.0003921453904037867 160
1627565062374 0.00039195687114667167 161
1627565062418 0.00039177477215296804 162
1627565062480 0.00039155820807895285 163
1627565062539 0.00039123872666580817 164
1627565062592 0.00039097201103470923 165
1627565062646 0.00039073706450994887 166
1627565062707 0.00039051559960471936 167
1627565062771 0.0003903107486868222 168
1627565062832 0.0003900056272305388 169
1627565062888 0.0003897869035845653 170
1627565062948 0.00038952365173995055 171
1627565063022 0.00038924573559401103 172
1627565063078 0.000389009344136087 173
1627565063132 0.0003887957130565081 174
1627565063194 0.00038856225546280966 175
1627565063256 0.00038833350432791427 176
1627565063315 0.00038808115720133417 177
1627565063369 0.0003878855718396541 178
1627565063424 0.00038766825779412456 179
1627565063479 0.0003874677581422782 180
1627565063549 0.0003871357447022156 181
1627565063605 0.00038693985503210153 182
1627565063655 0.0003867509402608063 183
1627565063723 0.00038651776861430356 184
1627565063795 0.0003862778427806439 185
1627565063853 0.00038610514375971976 186
1627565063909 0.0003859407911837328 187
1627565063988 0.0003855975018648544 188
1627565064030 0.0003854370805259024 189
1627565064090 0.0003852476224265118 190
1627565064134 0.0003850866297359609 191
1627565064198 0.0003846809614960807 192
1627565064256 0.0003844108947707975 193
1627565064309 0.00038422237583157336 194
1627565064363 0.0003839737064603974 195
1627565064421 0.00038377805900794906 196
1627565064489 0.0003833015680901534 197
1627565064541 0.00038307454927102814 198
1627565064587 0.0003828761075111175 199
1627565064653 0.0003827043005862767 200
1627565064708 0.0003825213351863346 201
1627565064750 0.0003823383054891331 202
1627565064800 0.000382171430863177 203
1627565064858 0.0003818327152185028 204
1627565064903 0.0003816716457015055 205
1627565064965 0.0003814788065883373 206
1627565065020 0.00038132489700052594 207
1627565065076 0.0003810430567293472 208
1627565065123 0.0003808815204181422 209
1627565065170 0.00038068823978377016 210
1627565065220 0.0003805334664441477 211
1627565065277 0.00038033280896153707 212
1627565065351 0.000380126065584109 213
1627565065422 0.00037996205500710273 214
1627565065472 0.00037979791786106186 215
1627565065532 0.0003795164950909127 216
1627565065592 0.0003793141695432478 217
1627565065656 0.000379110363744747 218
1627565065721 0.000378924902681429 219
1627565065788 0.00037852036172768115 220
1627565065838 0.00037832734585392826 221
1627565065898 0.0003781406826058048 222
1627565065947 0.000377972177857293 223
1627565065992 0.00037781286921332745 224
1627565066051 0.0003776373134908033 225
1627565066104 0.0003774687809265409 226
1627565066146 0.00037733280559931504 227
1627565066196 0.00037715612290096693 228
1627565066258 0.00037698596257529615 229
1627565066310 0.00037679879857050277 230
1627565066378 0.00037651368590938797 231
1627565066434 0.0003762759663474621 232
1627565066494 0.0003760077160308102 233
1627565066547 0.0003758033767697798 234
1627565066608 0.00037559868803919993 235
1627565066678 0.00037542678974726714 236
1627565066734 0.00037525944526390937 237
1627565066785 0.0003750223268935016 238
1627565066833 0.0003748738044793717 239
1627565066903 0.000374534328571762 240
1627565066964 0.000374370497617081 241
1627565067026 0.0003742134905286327 242
1627565067083 0.00037405634997068204 243
1627565067131 0.00037389165881752853 244
1627565067194 0.00037372051967747127 245
1627565067239 0.00037355943593302463 246
1627565067291 0.0003733896123941307 247
1627565067341 0.0003732509622063674 248
1627565067397 0.0003730952705361125 249
1627565067455 0.00037293964134340035 250
1627565067505 0.0003727618029077694 251
1627565067566 0.0003725542932420779 252
1627565067612 0.0003724064049208305 253
1627565067668 0.0003721936363189881 254
1627565067732 0.00037193342510502 255
1627565067783 0.0003717485623530015 256
1627565067823 0.0003716115830797705 257
1627565067881 0.0003714498677522267 258
1627565067924 0.00037131463195350323 259
1627565067980 0.0003711310291968727 260
1627565068024 0.00037098299532083655 261
1627565068084 0.00037083225472290876 262
1627565068137 0.0003706814064257882 263
1627565068184 0.00037051094767703776 264
1627565068264 0.0003702212768176455 265
1627565068326 0.00036993074761698474 266
1627565068383 0.0003697804600104418 267
1627565068440 0.00036962566598911385 268
1627565068483 0.00036949304940055475 269
1627565068529 0.0003693343426200684 270
1627565068578 0.0003691776964810571 271
1627565068632 0.00036899214793462544 272
1627565068692 0.000368739342740648 273
1627565068743 0.0003685727108958908 274
1627565068798 0.0003683004330138239 275
1627565068874 0.00036813554106909297 276
1627565068914 0.00036799758154305883 277
1627565068966 0.0003678415357247739 278
1627565069021 0.0003676998175179004 279
1627565069069 0.000367543668136922 280
1627565069111 0.0003674200881948506 281
1627565069162 0.00036724423609615177 282
1627565069212 0.0003670945079328011 283
1627565069268 0.0003669301577357843 284
1627565069309 0.0003667990876891915 285
1627565069351 0.0003666394476827115 286
1627565069417 0.00036639712707057755 287
1627565069464 0.0003662495373327277 288
1627565069509 0.0003661091613894707 289
1627565069567 0.000365885650739445 290
1627565069620 0.0003657552322773479 291
1627565069660 0.0003656225103993547 292
1627565069712 0.0003654721177973768 293
1627565069759 0.0003653355849716604 294
1627565069816 0.00036513224552372456 295
1627565069862 0.0003650243935279206 296
1627565069911 0.00036486623282357426 297
1627565069966 0.0003647217572820648 298
1627565070010 0.0003645839905165361 299
1627565070065 0.0003644483087446286 300
1627565070101 0.00036430845599285007 301
1627565070165 0.00036413678004679727 302
1627565070217 0.0003639936025168182 303
1627565070272 0.0003638284179895728 304
1627565070332 0.00036367843942842896 305
1627565070378 0.00036352611394464146 306
1627565070446 0.00036338147166215456 307
1627565070519 0.000363243207646037 308
1627565070584 0.000363124098955403 309
1627565070653 0.0003629772769213571 310
1627565070706 0.000362847732601677 311
1627565070759 0.000362722910392993 312
1627565070817 0.0003625947009445654 313
1627565070867 0.00036243958681974486 314
1627565070918 0.0003622987813553853 315
1627565070979 0.00036214597374203896 316
1627565071028 0.0003620271662392675 317
1627565071075 0.00036188430293260997 318
1627565071128 0.0003617248491378468 319
1627565071191 0.0003614438419696699 320
1627565071240 0.0003612849486247262 321
1627565071281 0.0003611745727755389 322
1627565071329 0.00036103525342646796 323
1627565071385 0.00036083593880270566 324
1627565071438 0.0003607043695951467 325
1627565071489 0.0003605617712066937 326
1627565071533 0.0003604222961745334 327
1627565071575 0.00036030436342659826 328
1627565071619 0.0003601726713486432 329
1627565071675 0.0003600462109903328 330
1627565071719 0.0003599237218220244 331
1627565071778 0.00035975423937734254 332
1627565071827 0.00035958764960348084 333
1627565071884 0.00035944790544382716 334
1627565071951 0.00035931536430325014 335
1627565071994 0.0003591915634091012 336
1627565072046 0.00035898615674455505 337
1627565072142 0.0003586827179914325 338
1627565072207 0.0003585814352858877 339
1627565072277 0.00035844505758720875 340
1627565072321 0.00035833297195346064 341
1627565072371 0.00035821164320954497 342
1627565072417 0.00035808401243451825 343
1627565072480 0.00035794949089810926 344
1627565072527 0.00035781516964724833 345
1627565072575 0.00035770339734842214 346
1627565072616 0.00035758027014514196 347
1627565072665 0.0003574412880238868 348
1627565072709 0.0003573056655185243 349
1627565072777 0.0003571758308586928 350
1627565072836 0.0003570237610770522 351
1627565072888 0.000356884564566855 352
1627565072946 0.00035675222355381945 353
1627565073010 0.0003566230210623976 354
1627565073067 0.0003565200097740051 355
1627565073157 0.0003563299696161324 356
1627565073210 0.0003562069339395841 357
1627565073259 0.0003560847405175737 358
1627565073302 0.0003559579169834383 359
1627565073368 0.00035566702017209175 360
1627565073416 0.00035554052793353993 361
1627565073481 0.00035524423527062146 362
1627565073524 0.00035512175718158676 363
1627565073572 0.0003549811867149916 364
1627565073636 0.0003547405801674431 365
1627565073684 0.00035464267868011147 366
1627565073751 0.00035451425586919015 367
1627565073797 0.0003543909848329853 368
1627565073860 0.0003542248795913873 369
1627565073907 0.00035409611915548575 370
1627565073982 0.00035394942802862475 371
1627565074020 0.00035385084908036446 372
1627565074069 0.00035373859957022954 373
1627565074119 0.0003535977782707703 374
1627565074176 0.00035346111698235903 375
1627565074221 0.0003533463098761357 376
1627565074262 0.0003532503159834469 377
1627565074310 0.0003531234316314767 378
1627565074354 0.00035299655644374374 379
1627565074407 0.0003528737283178551 380
1627565074452 0.0003527560145385294 381
1627565074495 0.0003526317349708925 382
1627565074541 0.00035252109153511863 383
1627565074586 0.00035239127174986563 384
1627565074632 0.00035226144181144277 385
1627565074685 0.00035209876366462607 386
1627565074729 0.00035199604920584034 387
1627565074784 0.0003518666158567438 388
1627565074826 0.00035176025981278913 389
1627565074876 0.0003516242277445499 390
1627565074944 0.00035149840759183436 391
1627565074993 0.00035137361036032867 392
1627565075048 0.0003512566503245446 393
1627565075108 0.0003511417869467504 394
1627565075182 0.00035097425692535034 395
1627565075245 0.000350854567525951 396
1627565075307 0.00035074241309405253 397
1627565075366 0.0003506314662902383 398
1627565075436 0.0003505253592780669 399
1627565075514 0.000350411533326963 400
1627565075568 0.00035027561318073437 401
1627565075618 0.0003501609861561983 402
1627565075657 0.0003500517122712785 403
1627565075701 0.0003499340811980859 404
1627565075753 0.0003497887508601927 405
1627565075795 0.0003497024341953263 406
1627565075849 0.0003495727676272934 407
1627565075892 0.00034945926881484716 408
1627565075931 0.00034932892280972093 409
1627565075981 0.00034922013533079417 410
1627565076023 0.0003491011177657163 411
1627565076080 0.00034894880405652266 412
1627565076134 0.0003488024886449191 413
1627565076194 0.000348609997533791 414
1627565076252 0.00034848713145375286 415
1627565076296 0.00034834480704438764 416
1627565076344 0.00034823761989351287 417
1627565076413 0.00035451425586919015 418
1627565080483 0.0010981487028536346 0
1627565080591 0.0010144404889403508 1
1627565080681 0.0009405467241266036 2
1627565080779 0.0008756634196303059 3
1627565080876 0.0008185260034548749 4
1627565080977 0.0007688516879106775 5
1627565081069 0.0007258525449733963 6
1627565081187 0.0006888149012888151 7
1627565081317 0.0006569852044326283 8
1627565081437 0.0006294971673648816 9
1627565081535 0.0006056730983579983 10
1627565081663 0.0005853850241167726 11
1627565081747 0.0005678477541779594 12
1627565081833 0.0005530957042028235 13
1627565081915 0.0005404107077137521 14
1627565082007 0.0005297642288968358 15
1627565082093 0.0005205874880240206 16
1627565082183 0.0005130582028671166 17
1627565082268 0.0005066059588952848 18
1627565082350 0.0005007643805262162 19
1627565082426 0.0004957664367984734 20
1627565082502 0.0004915360236218229 21
1627565082585 0.00048795780768816637 22
1627565082665 0.00048478557328640153 23
1627565082761 0.00048182497496972794 24
1627565082846 0.000479103046442049 25
1627565082918 0.00047689372250584946 26
1627565082996 0.0004748689941143266 27
1627565083073 0.0004730561428936352 28
1627565083145 0.0004712646297384417 29
1627565083222 0.00046956187271694294 30
1627565083295 0.00046813895311129 31
1627565083369 0.00046640189663606885 32
1627565083437 0.0004645808232090884 33
1627565083507 0.0004635906825321032 34
1627565083578 0.00046189406598053947 35
1627565083648 0.00046052284694177094 36
1627565083719 0.0004589107825743048 37
1627565083811 0.00045731046972164976 38
1627565083892 0.0004559972835631291 39
1627565083982 0.0004551238685226241 40
1627565084057 0.0004543960180384792 41
1627565084123 0.00045325073396220794 42
1627565084193 0.00045248095687482336 43
1627565084292 0.0004512298663773217 44
1627565084374 0.0004506670590271658 45
1627565084461 0.0004493732554744363 46
1627565084551 0.00044772351857199814 47
1627565084641 0.00044661554766581876 48
1627565084725 0.0004454837606156151 49
1627565084807 0.00044449825458404963 50
1627565084873 0.00044393608028037217 51
1627565084939 0.0004425862747473633 52
1627565085018 0.00044148117534423395 53
1627565085080 0.0004408433333772807 54
1627565085147 0.00044037587733500023 55
1627565085219 0.0004390775259266673 56
1627565085286 0.0004382884959900539 57
1627565085349 0.00043775260184364845 58
1627565085455 0.0004365485631185836 59
1627565085529 0.00043597951075825716 60
1627565085608 0.0004351124635497906 61
1627565085683 0.00043465437251999595 62
1627565085767 0.00043392912998293923 63
1627565085836 0.0004333366809379525 64
1627565085908 0.00043289905118522966 65
1627565085975 0.0004321041147541809 66
1627565086043 0.00043124536138842333 67
1627565086113 0.0004301794666129356 68
1627565086181 0.0004297086368704854 69
1627565086252 0.0004288508657524934 70
1627565086323 0.00042797410638811237 71
1627565086384 0.0004275157665930419 72
1627565086449 0.00042665920517702264 73
1627565086519 0.00042613332813344173 74
1627565086584 0.00042561281529787936 75
1627565086648 0.00042522038644778775 76
1627565086708 0.0004248139722042396 77
1627565086767 0.0004244568327761801 78
1627565086839 0.0004236416802833622 79
1627565086903 0.0004229278997992278 80
1627565086974 0.00042253285847080826 81
1627565087044 0.00042201014188097356 82
1627565087107 0.00042138121922141676 83
1627565087172 0.00042098392292431666 84
1627565087241 0.0004200952314606445 85
1627565087326 0.00041968167105652955 86
1627565087408 0.0004193201367285572 87
1627565087511 0.00041870668001047406 88
1627565087614 0.0004178784642630082 89
1627565087679 0.0004175297013089337 90
1627565087752 0.00041662681437526787 91
1627565087815 0.0004160845958609082 92
1627565087875 0.00041570422290448304 93
1627565087957 0.00041531355756687234 94
1627565088052 0.00041464992112193964 95
1627565088123 0.0004141320805714538 96
1627565088195 0.0004138279811754459 97
1627565088255 0.000413252876094931 98
1627565088313 0.00041288225899856163 99
1627565088395 0.0004122089641867222 100
1627565088461 0.0004114310411813915 101
1627565088519 0.0004108840054180848 102
1627565088567 0.0004105715099257922 103
1627565088626 0.00041024090276698685 104
1627565088689 0.00040992061158845233 105
1627565088751 0.0004096077196093193 106
1627565088811 0.00040928913067484054 107
1627565088900 0.0004089738532971578 108
1627565088982 0.0004085294058086024 109
1627565089052 0.0004081668030704931 110
1627565089130 0.00040787734109586315 111
1627565089181 0.0004075905808662725 112
1627565089246 0.0004073053575993619 113
1627565089309 0.0004069873746396588 114
1627565089367 0.0004067161986388193 115
1627565089434 0.0004064207031154192 116
1627565089500 0.00040588227434716894 117
1627565089574 0.00040540157517603116 118
1627565089646 0.000404874106585696 119
1627565089708 0.000404372838675785 120
1627565089767 0.00040407962144381156 121
1627565089830 0.0004037999593511386 122
1627565089894 0.00040339133261756285 123
1627565089957 0.00040293225548931373 124
1627565090027 0.00040262613296818746 125
1627565090085 0.0004023648786614108 126
1627565090156 0.00040212157113336854 127
1627565090220 0.00040172252860490673 128
1627565090277 0.00040137727608682974 129
1627565090336 0.0004008712432950708 130
1627565090398 0.00040064788059554176 131
1627565090505 0.0004002935171304092 132
1627565090572 0.0004000296642720804 133
1627565090651 0.00039972592128657397 134
1627565090722 0.0003994074941310196 135
1627565090778 0.00039913676673383226 136
1627565090837 0.00039883097231993494 137
1627565090898 0.0003985175583401174 138
1627565090984 0.00039824292319900735 139
1627565091068 0.0003979649160647966 140
1627565091178 0.00039741920745630467 141
1627565091265 0.0003971843342630033 142
1627565091365 0.00039676125143032847 143
1627565091440 0.0003964643277154394 144
1627565091517 0.00039622555446673185 145
1627565091592 0.0003959885544646416 146
1627565091647 0.0003957136518662999 147
1627565091701 0.0003954688601629787 148
1627565091779 0.0003952479836481486 149
1627565091856 0.0003950205269573255 150
1627565091904 0.0003948191006786857 151
1627565091997 0.0003945918711500314 152
1627565092067 0.00039432052878435477 153
1627565092129 0.0003940758807482623 154
1627565092205 0.00039382309721658717 155
1627565092280 0.00039360208224803185 156
1627565092354 0.00039330005265339067 157
1627565092400 0.00039310961407215363 158
1627565092461 0.0003928628836099808 159
1627565092521 0.0003926295426165534 160
1627565092569 0.00039242304985430914 161
1627565092629 0.00039221499494151714 162
1627565092702 0.0003920180386189941 163
1627565092769 0.0003916430475304818 164
1627565092830 0.0003914257160660401 165
1627565092925 0.0003909568851737517 166
1627565093010 0.00039054272649680034 167
1627565093069 0.00039027989150551383 168
1627565093127 0.00039006949564349987 169
1627565093199 0.00038981994394804567 170
1627565093251 0.00038959526271952855 171
1627565093311 0.0003893722599001626 172
1627565093387 0.0003891623828636227 173
1627565093442 0.00038896078959621306 174
1627565093520 0.0003887508858388915 175
1627565093583 0.0003885158269822969 176
1627565093649 0.0003882019647931811 177
1627565093717 0.0003879486198989671 178
1627565093808 0.0003876045037602701 179
1627565093873 0.00038740637335073067 180
1627565093918 0.0003871920659935712 181
1627565093984 0.0003867476146511433 182
1627565094049 0.00038649142819426117 183
1627565094123 0.00038628462597278487 184
1627565094194 0.00038597005097050307 185
1627565094240 0.0003857687567901269 186
1627565094292 0.00038556739331437506 187
1627565094341 0.00038535007689430924 188
1627565094412 0.00038501286765733894 189
1627565094452 0.0003848655122685004 190
1627565094513 0.0003845966818460149 191
1627565094569 0.00038439485987549067 192
1627565094645 0.00038418425857179373 193
1627565094710 0.0003839660255482945 194
1627565094759 0.00038377649778728904 195
1627565094824 0.0003835954904959741 196
1627565094915 0.0003833895201241984 197
1627565094990 0.00038321992451691026 198
1627565095047 0.0003830336343905257 199
1627565095109 0.00038284125264089684 200
1627565095158 0.00038265106415375226 201
1627565095225 0.0003822807994439041 202
1627565095266 0.0003821227658862368 203
1627565095319 0.00038195950469191935 204
1627565095378 0.000381706830654139 205
1627565095428 0.00038154231248519165 206
1627565095487 0.00038133948031555444 207
1627565095531 0.00038119753774678287 208
1627565095593 0.0003810056797638236 209
1627565095653 0.000380759639036923 210
1627565095701 0.00038058888178763397 211
1627565095775 0.0003803838984930989 212
1627565095861 0.0003802192224164993 213
1627565095919 0.00038002943635843006 214
1627565095962 0.00037988587375722445 215
1627565096021 0.00037960542744702 216
1627565096081 0.0003793198417036273 217
1627565096138 0.00037911816496992483 218
1627565096188 0.0003788789334332321 219
1627565096252 0.000378529273068177 220
1627565096304 0.00037836577124227683 221
1627565096360 0.0003781793824264144 222
1627565096419 0.0003777815133011833 223
1627565096476 0.0003776096800517508 224
1627565096520 0.00037743624862689157 225
1627565096601 0.0003772420743900712 226
1627565096685 0.0003769267173561476 227
1627565096741 0.0003767475897746636 228
1627565096817 0.00037654885122652106 229
1627565096876 0.0003763684594484928 230
1627565096939 0.0003761835436114188 231
1627565097014 0.00037601233728709913 232
1627565097064 0.00037585123884976393 233
1627565097109 0.0003757185658428889 234
1627565097164 0.0003755278876763967 235
1627565097222 0.000375205612631441 236
1627565097281 0.00037503683040281474 237
1627565097341 0.00037485135238444627 238
1627565097405 0.00037452711143077665 239
1627565097444 0.0003743899118816041 240
1627565097485 0.00037424912429365615 241
1627565097541 0.0003740584450115217 242
1627565097606 0.00037372422987172986 243
1627565097652 0.000373567967452001 244
1627565097718 0.0003733079844921672 245
1627565097776 0.0003730537912726873 246
1627565097830 0.00037288914433283654 247
1627565097886 0.00037274110133537835 248
1627565097935 0.00037258481472129284 249
1627565098001 0.00037241283229874937 250
1627565098044 0.00037226907782723906 251
1627565098106 0.0003720714991427924 252
1627565098164 0.0003719023204556532 253
1627565098242 0.00037154235022106654 254
1627565098293 0.000371378070655847 255
1627565098346 0.0003712248318126622 256
1627565098405 0.0003710685453758777 257
1627565098479 0.0003708357334117143 258
1627565098547 0.00037067933942263345 259
1627565098608 0.00037042817787684776 260
1627565098668 0.0003702539987579717 261
1627565098735 0.00037010858406960736 262
1627565098786 0.0003699758651294676 263
1627565098834 0.00036981917735517424 264
1627565098889 0.0003696766764386002 265
1627565098937 0.0003695536026205775 266
1627565099006 0.0003694036337269043 267
1627565099081 0.00036924619077477027 268
1627565099131 0.0003690859044522657 269
1627565099204 0.0003688650171397069 270
1627565099255 0.0003687286647028854 271
1627565099297 0.00036860889584421183 272
1627565099343 0.00036850347395223803 273
1627565099386 0.0003683876795099182 274
1627565099463 0.00036819415791886176 275
1627565099525 0.0003680508980473305 276
1627565099571 0.0003678878724382838 277
1627565099625 0.00036771381935142073 278
1627565099687 0.0003675535838662789 279
1627565099749 0.00036738553578806265 280
1627565099817 0.0003672481443078553 281
1627565099866 0.00036710404592629205 282
1627565099923 0.0003668725777449466 283
1627565099982 0.0003667061836800023 284
1627565100071 0.00036646390016732727 285
1627565100144 0.00036628299091267635 286
1627565100229 0.00036607939780642013 287
1627565100312 0.00036593499758528353 288
1627565100394 0.0003657787125103214 289
1627565100476 0.00036563169619399606 290
1627565100546 0.0003654978405310324 291
1627565100614 0.00036529704501111896 292
1627565100696 0.00036515100893700465 293
1627565100749 0.00036500505931950765 294
1627565100810 0.00036483603863318845 295
1627565100874 0.00036467399884142866 296
1627565100922 0.00036453661749361857 297
1627565100970 0.00036440485695603275 298
1627565101038 0.0003642578221269165 299
1627565101097 0.000364147563905494 300
1627565101138 0.00036404235789580785 301
1627565101186 0.0003638588426890593 302
1627565101224 0.00036374745891795836 303
1627565101279 0.0003635938639371941 304
1627565101338 0.0003634678901664776 305
1627565101410 0.00036331012401731 306
1627565101481 0.0003631891658307314 307
1627565101543 0.0003630620340794777 308
1627565101595 0.0003629465507574049 309
1627565101642 0.00036279699248796136 310
1627565101692 0.00036266353514154804 311
1627565101736 0.0003625202753504695 312
1627565101796 0.0003622540505097592 313
1627565101849 0.0003620891610889712 314
1627565101902 0.0003619691693462476 315
1627565101955 0.00036182780938378146 316
1627565102007 0.00036169621049990017 317
1627565102045 0.00036157305474932125 318
1627565102104 0.00036147533428064656 319
1627565102164 0.000361312105907888 320
1627565102212 0.00036117947058579526 321
1627565102258 0.00036106325246504524 322
1627565102314 0.0003608619349946945 323
1627565102364 0.000360725394444962 324
1627565102409 0.0003683876795099182 325
1627565106461 0.0011012026932268762 0
1627565106565 0.0010170956416150506 1
1627565106658 0.0009427987408671235 2
1627565106790 0.0008775693108941617 3
1627565106943 0.0008201570054230256 4
1627565107042 0.000770267264238744 5
1627565107169 0.0007270569513601881 6
1627565107263 0.0006898501118180705 7
1627565107376 0.0006577349179259981 8
1627565107516 0.0006301006175244767 9
1627565107626 0.0006061027888056055 10
1627565107712 0.0005857523641554821 11
1627565107845 0.0005681241571812951 12
1627565107944 0.0005533904148174657 13
1627565108024 0.0005404225447673131 14
1627565108136 0.0005297449762215748 15
1627565108222 0.0005206242638031333 16
1627565108310 0.0005131054880701869 17
1627565108394 0.0005066849780162371 18
1627565108476 0.0005008176379270045 19
1627565108555 0.0004956917797651607 20
1627565108635 0.0004914056341321463 21
1627565108732 0.00048777323329039877 22
1627565108809 0.0004843512392888613 23
1627565108888 0.00048145323280922867 24
1627565108969 0.00047909833883665113 25
1627565109047 0.0004766871443142005 26
1627565109125 0.00047449377211228636 27
1627565109205 0.00047277253686487677 28
1627565109294 0.00047090307159755325 29
1627565109367 0.00046934954291890225 30
1627565109472 0.0004678399692132826 31
1627565109581 0.00046626210065598187 32
1627565109670 0.0004645660485409483 33
1627565109748 0.00046285918508676496 34
1627565109847 0.0004611692325283778 35
1627565109921 0.0004597412032962563 36
1627565109994 0.0004577566051953199 37
1627565110093 0.00045658735780477913 38
1627565110214 0.00045580650900911817 39
1627565110295 0.00045480540226658465 40
1627565110380 0.0004531753059745013 41
1627565110480 0.00045220709685676863 42
1627565110560 0.0004514703016269985 43
1627565110652 0.0004507585482785893 44
1627565110720 0.0004501575908877587 45
1627565110792 0.00044867889560239394 46
1627565110859 0.0004476560155630203 47
1627565110948 0.0004464094026317366 48
1627565111058 0.000445756877029388 49
1627565111144 0.0004442432995110827 50
1627565111207 0.00044359234891734774 51
1627565111303 0.0004423822100230243 52
1627565111403 0.00044085345842561 53
1627565111466 0.0004400163604293465 54
1627565111529 0.0004393464375205765 55
1627565111615 0.00043878321143777613 56
1627565111696 0.0004383054062467567 57
1627565111762 0.00043783892778789677 58
1627565111829 0.0004373361548259514 59
1627565111897 0.00043664982894638376 60
1627565111988 0.00043604665838835587 61
1627565112073 0.0004355867361370257 62
1627565112148 0.0004351179846947056 63
1627565112221 0.0004342093513332255 64
1627565112286 0.00043298110889139783 65
1627565112349 0.0004325438434388776 66
1627565112420 0.00043212805832635524 67
1627565112490 0.00043142359130919763 68
1627565112555 0.00043086651328832956 69
1627565112629 0.0004304061784476677 70
1627565112726 0.0004293607618750922 71
1627565112791 0.000428884735978764 72
1627565112866 0.00042844990309953495 73
1627565112926 0.0004278748110342173 74
1627565112996 0.00042685161735895786 75
1627565113060 0.0004263796239485231 76
1627565113120 0.0004255329080669743 77
1627565113182 0.0004247336635668665 78
1627565113246 0.000424325487577961 79
1627565113312 0.0004239569720753913 80
1627565113398 0.0004232811084087594 81
1627565113488 0.00042286262703758476 82
1627565113547 0.0004225296001448452 83
1627565113629 0.00042196868369369134 84
1627565113719 0.0004215735578579177 85
1627565113784 0.00042098144385900875 86
1627565113852 0.00042065065166236204 87
1627565113915 0.0004203014339049751 88
1627565113980 0.00041990130243886234 89
1627565114044 0.0004191621245791218 90
1627565114113 0.0004184289859834713 91
1627565114183 0.00041807770604038505 92
1627565114246 0.0004177350429965662 93
1627565114312 0.0004171752913678529 94
1627565114378 0.00041683042922107115 95
1627565114441 0.0004162438718294875 96
1627565114498 0.00041591621894582215 97
1627565114560 0.00041537814032755973 98
1627565114627 0.0004147874749727627 99
1627565114713 0.00041432588923732066 100
1627565114815 0.0004135829947907399 101
1627565114932 0.00041274175059974517 102
1627565114992 0.00041242241811349106 103
1627565115044 0.0004121258311190656 104
1627565115132 0.0004117272758846562 105
1627565115216 0.0004113959218110391 106
1627565115310 0.00041086573615272125 107
1627565115385 0.00041013767364033116 108
1627565115471 0.0004094874785917615 109
1627565115574 0.00040889553061822394 110
1627565115653 0.0004085860148139415 111
1627565115735 0.0004082560894163285 112
1627565115809 0.00040795083375057387 113
1627565115873 0.00040762468336563506 114
1627565115946 0.00040696348282546015 115
1627565115992 0.00040668431102844403 116
1627565116052 0.0004061752444079568 117
1627565116112 0.0004058752124487501 118
1627565116174 0.00040562145598812383 119
1627565116231 0.00040516472391461143 120
1627565116282 0.00040488246353690457 121
1627565116344 0.00040457692200436096 122
1627565116409 0.00040429142713241563 123
1627565116496 0.00040400351108202387 124
1627565116601 0.0004037167921564154 125
1627565116691 0.0004034396255557279 126
1627565116763 0.00040318809683942923 127
1627565116841 0.00040278381972648844 128
1627565116910 0.00040230776636261385 129
1627565116976 0.00040173743045206336 130
1627565117041 0.0004014873626631914 131
1627565117108 0.0004010294427296031 132
1627565117173 0.00040071018074648595 133
1627565117239 0.00040044496898310845 134
1627565117296 0.000400065141226212 135
1627565117368 0.00039976314254809315 136
1627565117414 0.0003995557611381832 137
1627565117478 0.0003993054766433374 138
1627565117537 0.00039899997627105145 139
1627565117593 0.0003987694858112513 140
1627565117658 0.00039852578561332114 141
1627565117725 0.0003981419145391124 142
1627565117775 0.0003978827829562426 143
1627565117822 0.00039763351227555227 144
1627565117884 0.00039738002103644013 145
1627565117947 0.00039710055889707955 146
1627565118030 0.0003968108429410649 147
1627565118126 0.00039653655135944244 148
1627565118183 0.0003963207280207999 149
1627565118262 0.0003960662165200947 150
1627565118334 0.0003955375931998905 151
1627565118401 0.000395256268523243 152
1627565118461 0.0003948890074530632 153
1627565118522 0.00039467394311062145 154
1627565118589 0.00039446603618820624 155
1627565118669 0.0003942607738069412 156
1627565118780 0.0003937913903191038 157
1627565118839 0.00039357022862718764 158
1627565118894 0.0003932530444432064 159
1627565118949 0.00039305745450992404 160
1627565119006 0.00039283086821984405 161
1627565119046 0.0003926512094741767 162
1627565119087 0.00039247118804218743 163
1627565119147 0.0003922601666858212 164
1627565119213 0.000391860008543191 165
1627565119264 0.0003916265078369 166
1627565119322 0.0003914177230726291 167
1627565119375 0.0003911894164348595 168
1627565119443 0.00039097233889988516 169
1627565119517 0.00039065471123708614 170
1627565119589 0.00039043859517203476 171
1627565119675 0.0003902208584210171 172
1627565119768 0.00038995585905590436 173
1627565119849 0.0003894911652828605 174
1627565119922 0.0003891372586969288 175
1627565119982 0.00038892514841231253 176
1627565120038 0.000388697357191585 177
1627565120088 0.0003884606242644298 178
1627565120146 0.00038818231314536277 179
1627565120193 0.00038799384140669594 180
1627565120252 0.0003877906477396491 181
1627565120309 0.00038759666778231223 182
1627565120350 0.0003874135162341149 183
1627565120405 0.00038720083635981065 184
1627565120455 0.0003869728508874028 185
1627565120502 0.0003867795786917777 186
1627565120578 0.0003865549295390248 187
1627565120632 0.00038636861837550076 188
1627565120702 0.00038618368074950094 189
1627565120747 0.0003860298406534265 190
1627565120810 0.000385773188123549 191
1627565120874 0.0003855818375460209 192
1627565120955 0.00038536265720729313 193
1627565121036 0.0003851420543592944 194
1627565121146 0.0003846571868660732 195
1627565121199 0.0003844346298924152 196
1627565121263 0.00038421681454613263 197
1627565121331 0.00038404711731023855 198
1627565121394 0.0003838496055647439 199
1627565121449 0.0003837085437318941 200
1627565121504 0.0003835383555447345 201
1627565121573 0.00038306362495598437 202
1627565121618 0.00038287251873108936 203
1627565121680 0.0003824615266431192 204
1627565121736 0.000382275462260063 205
1627565121799 0.00038198751012864877 206
1627565121860 0.00038170138721515054 207
1627565121913 0.0003815195670476745 208
1627565121963 0.0003813380726240935 209
1627565122005 0.0003811819800217777 210
1627565122067 0.00038100917580617796 211
1627565122113 0.00038082936299655383 212
1627565122166 0.00038062782294604543 213
1627565122218 0.000380454172768713 214
1627565122273 0.0003801571277721085 215
1627565122326 0.00038000029827911004 216
1627565122381 0.0003797644701557654 217
1627565122424 0.0003796058480388668 218
1627565122471 0.0003794592974486385 219
1627565122521 0.0003792974541969691 220
1627565122576 0.0003791230670623325 221
1627565122625 0.00037894066448462214 222
1627565122678 0.0003787505117708454 223
1627565122722 0.00037857448442848784 224
1627565122785 0.0003783033669701946 225
1627565122839 0.00037813730564359395 226
1627565122901 0.0003778054493145586 227
1627565122946 0.00037762426334316386 228
1627565123037 0.0003773849061199416 229
1627565123095 0.00037722907949973425 230
1627565123176 0.0003770293601968634 231
1627565123252 0.00037685775471383437 232
1627565123335 0.0003766813765811641 233
1627565123404 0.0003764753817100844 234
1627565123456 0.00037630651212077176 235
1627565123518 0.0003761363162034291 236
1627565123581 0.0003759433928481054 237
1627565123653 0.00037579532589368 238
1627565123700 0.00037562973429475585 239
1627565123748 0.00037545925563775415 240
1627565123796 0.00037531138124043784 241
1627565123850 0.0003751169913075442 242
1627565123893 0.00037496250922130646 243
1627565123944 0.0003747844268213302 244
1627565123988 0.00037461885246064126 245
1627565124032 0.00037446788132916695 246
1627565124078 0.00037432349862404285 247
1627565124131 0.00037416073550672715 248
1627565124175 0.0003740273790001822 249
1627565124253 0.00037370039786060474 250
1627565124309 0.000373536294153533 251
1627565124356 0.0003733901268390036 252
1627565124421 0.0003732101960199081 253
1627565124486 0.0003730310580800568 254
1627565124521 0.0003728929058873087 255
1627565124581 0.0003727059193525639 256
1627565124642 0.0003725174122802285 257
1627565124716 0.00037227135958107897 258
1627565124794 0.0003721106405966329 259
1627565124880 0.00037176350087127035 260
1627565124957 0.0003714319243724001 261
1627565125046 0.0003711592546905725 262
1627565125104 0.00037095395100408357 263
1627565125153 0.00037078489437792283 264
1627565125207 0.000370609349965648 265
1627565125290 0.00037045447671140184 266
1627565125377 0.0003702964358544193 267
1627565125448 0.00037012721279672516 268
1627565125494 0.0003699658790039895 269
1627565125550 0.00036969287838798336 270
1627565125627 0.00036941571705205104 271
1627565125675 0.00036927666059156927 272
1627565125721 0.0003691370998122417 273
1627565125784 0.00036898184366837024 274
1627565125826 0.00036885587624276375 275
1627565125885 0.0003686299951138677 276
1627565125941 0.0003684717109163881 277
1627565125979 0.00036832208038941564 278
1627565126022 0.00036816545662347536 279
1627565126073 0.0003680225951759195 280
1627565126131 0.00036786120420668664 281
1627565126179 0.0003677063967047503 282
1627565126237 0.0003674969539899755 283
1627565126279 0.0003673541532488592 284
1627565126340 0.00036714199194544205 285
1627565126377 0.0003670261964688069 286
1627565126445 0.000366733454579422 287
1627565126496 0.00036655499860222153 288
1627565126546 0.00036641546021076786 289
1627565126587 0.0003663039511411681 290
1627565126638 0.00036613351060088307 291
1627565126690 0.00036599243398259404 292
1627565126746 0.0003658337111909709 293
1627565126791 0.0003657057468536047 294
1627565126840 0.0003655575172579328 295
1627565126903 0.0003653286599817739 296
1627565126952 0.00036517869845533975 297
1627565127008 0.0003649510201218968 298
1627565127060 0.0003648341020037801 299
1627565127130 0.00036467431544407575 300
1627565127172 0.00036455750256400826 301
1627565127230 0.0003643476639903073 302
1627565127281 0.0003641718792608148 303
1627565127349 0.0003640109663227771 304
1627565127412 0.00036386485653744366 305
1627565127467 0.00036371343256942027 306
1627565127519 0.0003635452421383764 307
1627565127591 0.00036335619954368795 308
1627565127641 0.0003632194440203674 309
1627565127685 0.00036308128883816195 310
1627565127755 0.0003629189774487202 311
1627565127821 0.00036278810229516465 312
1627565127911 0.00036257304641812416 313
1627565127952 0.0003624586045236216 314
1627565127991 0.0003623462498223392 315
1627565128060 0.00036219340668443994 316
1627565128136 0.0003620341926836971 317
1627565128211 0.00036186546111133624 318
1627565128278 0.00036158115413392733 319
1627565128330 0.0003614314653063529 320
1627565128381 0.00036128696896917833 321
1627565128446 0.0003610740605140792 322
1627565128483 0.0003609594531785123 323
1627565128544 0.00036070234416744586 324
1627565128591 0.0003605855062119773 325
1627565128649 0.00036041687428240826 326
1627565128702 0.00036029708238120546 327
1627565128763 0.0003601600082864328 328
1627565128820 0.0003599366171466813 329
1627565128866 0.000359795298523064 330
1627565128910 0.0003596646988726242 331
1627565128952 0.00035952895815419977 332
1627565128992 0.00035940383721894413 333
1627565129039 0.0003592821136400519 334
1627565129089 0.00035912446567057306 335
1627565129145 0.00035897943551677964 336
1627565129187 0.0003588400142479355 337
1627565129236 0.0003587256167833364 338
1627565129293 0.00035858867538764367 339
1627565129341 0.00035846307607020753 340
1627565129384 0.00035834606053425323 341
1627565129425 0.0003582451708226731 342
1627565129475 0.00035811501704786865 343
1627565129531 0.0003579679668177099 344
1627565129591 0.0003578132647880599 345
1627565129646 0.00035768669303668925 346
1627565129695 0.0003575454803460584 347
1627565129739 0.0003574225565499749 348
1627565129782 0.00035729960354373815 349
1627565129835 0.00035716455593092796 350
1627565129884 0.0003570325954237406 351
1627565129947 0.0003567686302037975 352
1627565130011 0.00035657965240315915 353
1627565130066 0.00035640782271703923 354
1627565130112 0.0003562965963816782 355
1627565130184 0.000356105905868499 356
1627565130239 0.0003559834404263436 357
1627565130285 0.0003558373681411721 358
1627565130331 0.0003557054528878226 359
1627565130382 0.0003555910078731669 360
1627565130420 0.0003554817146202018 361
1627565130464 0.0003553804418250962 362
1627565130535 0.00035512783575305113 363
1627565130576 0.000355013624990603 364
1627565130622 0.00035490813587113544 365
1627565130680 0.0003547600102728727 366
1627565130723 0.0003546513036916056 367
1627565130767 0.0003545360339139631 368
1627565130817 0.000354413082408907 369
1627565130875 0.00035427744804853253 370
1627565130919 0.00035413298309529793 371
1627565130966 0.00035400888297070415 372
1627565131016 0.00035390095819436357 373
1627565131064 0.0003537718042850971 374
1627565131112 0.00035365055793720707 375
1627565131171 0.0003535175760069829 376
1627565131214 0.00035339857175634257 377
1627565131267 0.000353245316980938 378
1627565131321 0.00035311346955474313 379
1627565131391 0.00035284721995803436 380
1627565131448 0.00035266399864132796 381
1627565131494 0.0003525288045540182 382
1627565131539 0.00035242078678640837 383
1627565131599 0.0003522521841082019 384
1627565131643 0.00035215287043723704 385
1627565131702 0.00035197890937779266 386
1627565131740 0.00035187807976407986 387
1627565131809 0.00035175523436070314 388
1627565131862 0.00035161669199708216 389
1627565131923 0.0003514479212979731 390
1627565131977 0.000351338665536021 391
1627565132022 0.0003512204515383311 392
1627565132067 0.00035110254712218827 393
1627565132113 0.00035097624319949393 394
1627565132160 0.00035087029380863826 395
1627565132218 0.0003507504189228097 396
1627565132268 0.00035063875035861786 397
1627565132331 0.00035045302048230316 398
1627565132374 0.00035035469308310516 399
1627565132437 0.0003502377843951849 400
1627565132485 0.00035011872131101337 401
1627565132539 0.000349964962494655 402
1627565132584 0.000349852274280829 403
1627565132640 0.0003497343532612527 404
1627565132697 0.00034960949119788214 405
1627565132784 0.00034944418836618243 406
1627565132850 0.0003493356216114991 407
1627565132938 0.00034916959286395463 408
1627565132993 0.00034907619695844855 409
1627565133052 0.0003489355406549437 410
1627565133106 0.00034882060595037355 411
1627565133169 0.00034872534372954063 412
1627565133231 0.0003486118235335847 413
1627565133281 0.0003484907675864735 414
1627565133330 0.0003483774755100602 415
1627565133371 0.0003482631666066583 416
1627565133420 0.00034814019197631715 417
1627565133458 0.0003480312971921926 418
1627565133498 0.00034791692175593637 419
1627565133540 0.0003477966761967989 420
1627565133596 0.00034767364283608385 421
1627565133635 0.0003475739107630254 422
1627565133681 0.00034745856229043376 423
1627565133736 0.0003473517060287006 424
1627565133800 0.0003472220153194146 425
1627565133855 0.00034711963871348315 426
1627565133912 0.00034701992693402477 427
1627565133955 0.00034692565648451013 428
1627565133998 0.0003468057297992462 429
1627565134066 0.0003466876983964179 430
1627565134128 0.00034656779232836263 431
1627565134180 0.0003464568172500482 432
1627565134225 0.0003463460846850915 433
1627565134267 0.0003462429957651914 434
1627565134314 0.00034613016356880606 435
1627565134365 0.0003460067057719225 436
1627565134424 0.00034586882758767443 437
1627565134478 0.0003457826071398865 438
1627565134555 0.00034564181668740856 439
1627565134602 0.00034551721786687997 440
1627565134647 0.00034540976175388667 441
1627565134713 0.0003452986377440443 442
1627565134787 0.0003451773568510258 443
1627565134854 0.0003450834432435409 444
1627565134965 0.00034484899317874517 445
1627565135012 0.00034472244780304546 446
1627565135057 0.0003446421669246818 447
1627565135106 0.0003445243078648388 448
1627565135172 0.00034438233780519095 449
1627565135241 0.0003442625268944538 450
1627565135303 0.0003440965554951752 451
1627565135357 0.0003439700158368368 452
1627565135397 0.00034386235558709445 453
1627565135447 0.0003437431483577025 454
1627565135495 0.00034362183531993736 455
1627565135563 0.00034350002313694587 456
1627565135613 0.00034341004192557997 457
1627565135661 0.00034329528788561126 458
1627565135703 0.00034318353680566773 459
1627565135764 0.00034307150699124496 460
1627565135806 0.00034295649041964787 461
1627565135845 0.00034286467708792155 462
1627565135896 0.00034275177306326203 463
1627565135936 0.0003426870594127502 464
1627565135984 0.00034256641285549354 465
1627565136034 0.0003424598612051376 466
1627565136075 0.00034234532416338405 467
1627565136121 0.0003422119269578022 468
1627565136166 0.00034211282520837396 469
1627565136227 0.0003419966859605477 470
1627565136304 0.0003419009584923242 471
1627565136361 0.00034177358801011783 472
1627565136402 0.0003416751396051037 473
1627565136440 0.00034159624364474473 474
1627565136498 0.00034149417602453123 475
1627565136538 0.00034140733349718316 476
1627565136589 0.0003413059658504336 477
1627565136650 0.0003411049203362627 478
1627565136689 0.0003410198685803032 479
1627565136740 0.0003408941323432849 480
1627565136781 0.00034078944116421565 481
1627565136837 0.00034064144760174704 482
1627565136878 0.00034054030462161555 483
1627565136931 0.0003403532012827887 484
1627565136974 0.00034025851247932115 485
1627565137020 0.00034014109872170423 486
1627565137064 0.0003400142312135108 487
1627565137103 0.0003399296113437731 488
1627565137149 0.000339822728118076 489
1627565137186 0.00033975885246765057 490
1627565137231 0.00033965464863194026 491
1627565137274 0.00033954542580514436 492
1627565137336 0.00033943374870552703 493
1627565137382 0.0003393289337129022 494
1627565137435 0.00033924735295196647 495
1627565137496 0.00033916342744819996 496
1627565137552 0.00033904585704907586 497
1627565137601 0.0003389365499956498 498
1627565137653 0.0003388382261861412 499
1627565137729 0.00033875069841599466 500
1627565137778 0.0003386466274222216 501
1627565137817 0.00033856564025340187 502
1627565137855 0.00033848467286847243 503
1627565137899 0.00033837320692016004 504
1627565137942 0.0003382735248996008 505
1627565137988 0.00033817061183063487 506
1627565138061 0.00034350002313694587 507
