1627552544523 0.5093960858243767 0
1627552544669 0.47060184545726125 1
1627552544809 0.4364728725348824 2
1627552544949 0.40656014796523937 3
1627552545089 0.38038345259306305 4
1627552545225 0.3575839811448827 5
1627552545366 0.337807824950352 6
1627552545519 0.3206668317630765 7
1627552545670 0.30586150108523763 8
1627552545808 0.2931801988654388 9
1627552545990 0.2822919634626555 10
1627552546121 0.2730332734780926 11
1627552546290 0.264953539686158 12
1627552546405 0.2581521621509829 13
1627552546547 0.25226648906888594 14
1627552546666 0.24734660310447829 15
1627552546829 0.24311035264018974 16
1627552546945 0.23951492181245204 17
1627552547063 0.23632092799064894 18
1627552547222 0.2336346305081808 19
1627552547385 0.23129753362255334 20
1627552547514 0.2292927035391092 21
1627552547627 0.22760595314333043 22
1627552547780 0.22612833976091606 23
1627552547920 0.2247721704079155 24
1627552548024 0.2235622180386831 25
1627552548173 0.22250281053497697 26
1627552548320 0.22161322172620296 27
1627552548492 0.22086664332574982 28
1627552548643 0.22007218039757018 29
1627552548748 0.2192752495281956 30
1627552548840 0.2184333937283032 31
1627552548936 0.21766018519600028 32
1627552549030 0.2170898768070348 33
1627552549126 0.21661162450310614 34
1627552549223 0.21579561961722044 35
1627552549318 0.21533605415634446 36
1627552549408 0.2147431437515765 37
1627552549502 0.2142150032317166 38
1627552549609 0.21386673759901514 39
1627552549717 0.21339784157882158 40
1627552549810 0.21275233147238895 41
1627552549900 0.21234447568904682 42
1627552549990 0.21190779470225982 43
1627552550080 0.2116282387353432 44
1627552550165 0.21128481137581825 45
1627552550282 0.21080390542529628 46
1627552550365 0.21033516361694943 47
1627552550461 0.2097719999557064 48
1627552550554 0.20939445426253742 49
1627552550673 0.20880398546473394 50
1627552550779 0.2082293283251872 51
1627552550868 0.2079430047231557 52
1627552550957 0.20763397878837478 53
1627552551094 0.2073813534195586 54
1627552551191 0.20686204277942208 55
1627552551283 0.20664639838542762 56
1627552551406 0.20625609907377782 57
1627552551508 0.2057846457344075 58
1627552551610 0.20560277119222964 59
1627552551719 0.20514752679199302 60
1627552551800 0.20491087266658756 61
1627552551890 0.20455753504990487 62
1627552551985 0.20435132394989625 63
1627552552066 0.20415374526614372 64
1627552552155 0.2038481196727773 65
1627552552246 0.20349707320279517 66
1627552552340 0.20323919860427345 67
1627552552417 0.20303301104748184 68
1627552552514 0.20279731129121908 69
1627552552612 0.20253921739022704 70
1627552552697 0.20237014301515968 71
1627552552790 0.20213566364925706 72
1627552552885 0.20194079328354106 73
1627552552980 0.20153578728568491 74
1627552553073 0.20135742400192855 75
1627552553180 0.20118632776874867 76
1627552553279 0.20105211799507788 77
1627552553364 0.20084924312497374 78
1627552553452 0.20067353701806578 79
1627552553591 0.2002258000404989 80
1627552553711 0.19986248794381928 81
1627552553799 0.19962700889575316 82
1627552553882 0.19928154290985675 83
1627552553976 0.19910575535157995 84
1627552554063 0.1989283026115412 85
1627552554146 0.19877981912304976 86
1627552554228 0.19865036019674304 87
1627552554318 0.1983841795886277 88
1627552554411 0.19811240136626856 89
1627552554492 0.1978642572476477 90
1627552554571 0.1977143526451747 91
1627552554657 0.19753487369618503 92
1627552554727 0.19741282619814388 93
1627552554842 0.19724931190358092 94
1627552554942 0.1970954394169931 95
1627552555057 0.19678302922092855 96
1627552555182 0.1966557487208033 97
1627552555282 0.19643427795132498 98
1627552555370 0.19629712587469209 99
1627552555471 0.1961497247824446 100
1627552555566 0.19601385286801418 101
1627552555669 0.19583153295129074 102
1627552555774 0.19569250449845862 103
1627552555907 0.19536654250295116 104
1627552556027 0.19519275938785893 105
1627552556103 0.19505997602222383 106
1627552556204 0.19482567556383595 107
1627552556304 0.19471424052242084 108
1627552556398 0.19460373532463565 109
1627552556488 0.19436883150295492 110
1627552556619 0.1940597010211706 111
1627552556711 0.19383658491414235 112
1627552556791 0.19371702749514472 113
1627552556876 0.1934731103923385 114
1627552556964 0.19330337238629208 115
1627552557052 0.19318996054675916 116
1627552557139 0.193085593881117 117
1627552557250 0.19296009314322846 118
1627552557356 0.19275263609258383 119
1627552557458 0.19265755156424696 120
1627552557527 0.19254974190718502 121
1627552557606 0.19244201665976146 122
1627552557692 0.19234693921563228 123
1627552557788 0.1922346680758678 124
1627552557896 0.19213268650537704 125
1627552557969 0.19202303508141863 126
1627552558027 0.19192820583834533 127
1627552558098 0.1918187166171713 128
1627552558190 0.19165334143948 129
1627552558272 0.191547414750264 130
1627552558378 0.19142560012670218 131
1627552558447 0.19133091638181784 132
1627552558531 0.19116658341087864 133
1627552558623 0.19104377495406918 134
1627552558709 0.19094214465445247 135
1627552558793 0.19083450396165275 136
1627552558881 0.1906820217267157 137
1627552558974 0.19052913871226024 138
1627552559054 0.19042992035860803 139
1627552559131 0.19025916329535159 140
1627552559210 0.19011558925306243 141
1627552559301 0.18990793049884983 142
1627552559388 0.1898141614765044 143
1627552559485 0.1896891231624565 144
1627552559605 0.18937981140061552 145
1627552559715 0.18928554467401967 146
1627552559826 0.18905117900515633 147
1627552559919 0.18892358905227494 148
1627552560015 0.18873106192462408 149
1627552560114 0.18864404049590244 150
1627552560208 0.18856209625432724 151
1627552560293 0.1884652222274679 152
1627552560355 0.1883722147448993 153
1627552560415 0.18829350351071972 154
1627552560488 0.18821540099784964 155
1627552560559 0.1881338161464225 156
1627552560647 0.18799887054292286 157
1627552560746 0.1877727529100153 158
1627552560829 0.18758155095615225 159
1627552560891 0.18750293989327435 160
1627552560968 0.18741838802621957 161
1627552561058 0.18730630892173056 162
1627552561135 0.1872195686871559 163
1627552561209 0.1871087827731335 164
1627552561300 0.18696099601286512 165
1627552561361 0.18687609394129093 166
1627552561469 0.1867980090228976 167
1627552561550 0.18672072068703813 168
1627552561635 0.18656516689054015 169
1627552561721 0.1864376770827348 170
1627552561859 0.1862250004262067 171
1627552561941 0.18613455739660154 172
1627552562018 0.1860537219268871 173
1627552562115 0.18597577457866754 174
1627552562193 0.1859050852395048 175
1627552562268 0.18582921863793891 176
1627552562358 0.18574975438380406 177
1627552562447 0.18556796483467408 178
1627552562526 0.18544213933481252 179
1627552562578 0.18536450633815207 180
1627552562641 0.18528355944126063 181
1627552562692 0.18521381572654796 182
1627552562756 0.18511603450235103 183
1627552562843 0.1850351967429887 184
1627552562911 0.18494034354584993 185
1627552563003 0.18475611459724306 186
1627552563091 0.18460524447675386 187
1627552563172 0.18452817290737522 188
1627552563256 0.18444244463810364 189
1627552563331 0.1843291359678116 190
1627552563404 0.18422993689510683 191
1627552563470 0.1841633673635 192
1627552563562 0.18406401739693745 193
1627552563635 0.18399401591043926 194
1627552563770 0.183773167424067 195
1627552563864 0.1836343898276579 196
1627552563958 0.1835556195520212 197
1627552564044 0.1834374666625169 198
1627552564108 0.1833495347242043 199
1627552564200 0.1832750944120639 200
1627552564283 0.18316532367702149 201
1627552564368 0.18308436979292741 202
1627552564452 0.18295967854981143 203
1627552564542 0.18274015265924262 204
1627552564595 0.18267763969894454 205
1627552564682 0.18254299606707586 206
1627552564741 0.1824819641186412 207
1627552564817 0.18240168622662595 208
1627552564913 0.18225078719467627 209
1627552564983 0.1821773610155397 210
1627552565071 0.18210771536204445 211
1627552565145 0.18205005653113004 212
1627552565233 0.18197918231621937 213
1627552565325 0.1819102661769824 214
1627552565422 0.18178985151721663 215
1627552565515 0.18172441608767623 216
1627552565598 0.18164604010350077 217
1627552565683 0.18158132251676998 218
1627552565768 0.1815140450828927 219
1627552565861 0.18144720078810114 220
1627552565926 0.18137583679830124 221
1627552566035 0.18122607320194725 222
1627552566113 0.18115339513397571 223
1627552566181 0.18105232233664975 224
1627552566232 0.1809965039335651 225
1627552566324 0.1809186431382175 226
1627552566395 0.18084454261299612 227
1627552566466 0.18078046102381704 228
1627552566524 0.18071669866003234 229
1627552566579 0.1806630728696318 230
1627552566653 0.18059041418471933 231
1627552566708 0.18053628777343916 232
1627552566801 0.18044741677596446 233
1627552566866 0.18038761185019267 234
1627552566953 0.1802508696959954 235
1627552567032 0.18018413689860918 236
1627552567104 0.18011774400313185 237
1627552567183 0.18004348814905155 238
1627552567242 0.1799928803913317 239
1627552567314 0.1799316329280678 240
1627552567386 0.17985346021338097 241
1627552567473 0.17969876327683343 242
1627552567553 0.17953217183882422 243
1627552567633 0.17945903137985625 244
1627552567712 0.1793916417475069 245
1627552567798 0.17931412394957033 246
1627552567886 0.17924262266475255 247
1627552567973 0.1791446634020225 248
1627552568047 0.1790574193232304 249
1627552568125 0.17900030843271836 250
1627552568197 0.17894030991545481 251
1627552568263 0.17888451093373725 252
1627552568318 0.17883580735842958 253
1627552568392 0.17876491908091388 254
1627552568464 0.17869767187111565 255
1627552568547 0.17861117585919647 256
1627552568610 0.1785494923888769 257
1627552568673 0.17848919715343778 258
1627552568740 0.17841856703220796 259
1627552568812 0.17834423237333558 260
1627552568884 0.17828234109336522 261
1627552568939 0.1782244564108963 262
1627552569023 0.17805697012643573 263
1627552569119 0.17799225176989097 264
1627552569179 0.17793268489469916 265
1627552569278 0.17787264243133083 266
1627552569367 0.17779841212423686 267
1627552569463 0.1777263592367559 268
1627552569556 0.17765820539059984 269
1627552569637 0.17759983472350763 270
1627552569727 0.1774614930728157 271
1627552569804 0.1773992613879977 272
1627552569883 0.17734092968809692 273
1627552569973 0.177203626416853 274
1627552570056 0.17710810918480424 275
1627552570121 0.1770432140270068 276
1627552570192 0.1769839251205176 277
1627552570288 0.1768747327973775 278
1627552570350 0.1768190362658009 279
1627552570426 0.1767572600480953 280
1627552570497 0.17669526797584045 281
1627552570572 0.17663808032171788 282
1627552570644 0.1765726939104068 283
1627552570733 0.17645993787993242 284
1627552570807 0.17638687716977597 285
1627552570895 0.17626670518901066 286
1627552570966 0.176185388305904 287
1627552571037 0.17612706464049754 288
1627552571107 0.17606815548084723 289
1627552571196 0.17590193906189486 290
1627552571269 0.17582328648423282 291
1627552571356 0.17571784460399067 292
1627552571437 0.17561562909770131 293
1627552571506 0.17556125967870756 294
1627552571590 0.17543305860751546 295
1627552571661 0.17537873043102586 296
1627552571732 0.1752887052305675 297
1627552571820 0.17520181659728518 298
1627552571890 0.17513610578258393 299
1627552571959 0.1750863390948552 300
1627552572045 0.17497618345125923 301
1627552572111 0.17491516365471613 302
1627552572162 0.17486494011459416 303
1627552572221 0.17480708587510843 304
1627552572303 0.17466200601269696 305
1627552572368 0.17460261185260778 306
1627552572424 0.17454702155267457 307
1627552572486 0.1744843680383148 308
1627552572551 0.17442841841794418 309
1627552572624 0.1743704186296118 310
1627552572695 0.1743131155819734 311
1627552572754 0.17426218375586738 312
1627552572853 0.17420459465590402 313
1627552572977 0.17408708654152355 314
1627552573073 0.1740275182835011 315
1627552573140 0.17397024614440837 316
1627552573203 0.17389645270403573 317
1627552573280 0.17384613369157936 318
1627552573358 0.1737904169026402 319
1627552573422 0.17374200378426938 320
1627552573492 0.17368395827882988 321
1627552573588 0.17361575882133648 322
1627552573729 0.17349310465335024 323
1627552573808 0.17344198009226347 324
1627552573891 0.17337943610585463 325
1627552573955 0.17333016351630576 326
1627552574027 0.1732737365247726 327
1627552574102 0.17319578769697092 328
1627552574177 0.17314126516913037 329
1627552574242 0.17307957051620249 330
1627552574298 0.17302894054070625 331
1627552574361 0.17297212043257443 332
1627552574423 0.17292605287477691 333
1627552574508 0.17286253745663743 334
1627552574588 0.17280381896697866 335
1627552574662 0.1727547961621254 336
1627552574745 0.1727073990620333 337
1627552574828 0.17259531452356897 338
1627552574882 0.17254088135686502 339
1627552574938 0.17249500639167817 340
1627552575008 0.172444144526787 341
1627552575085 0.1723891976293109 342
1627552575161 0.1723321094892079 343
1627552575209 0.1722875460923257 344
1627552575283 0.17222001558307612 345
1627552575334 0.17217806456908682 346
1627552575406 0.17212078304727618 347
1627552575475 0.1720724118406407 348
1627552575535 0.17202435117274958 349
1627552575642 0.17190661876833072 350
1627552575735 0.17185359016582152 351
1627552575794 0.17180543490061873 352
1627552575860 0.17175215477903352 353
1627552575935 0.17169993534331207 354
1627552576002 0.17163686595379585 355
1627552576060 0.17158354586523838 356
1627552576122 0.17152687690817733 357
1627552576183 0.17146552796124165 358
1627552576244 0.17141514094949695 359
1627552576312 0.17136811035031194 360
1627552576371 0.17132038707933767 361
1627552576438 0.1712475089692992 362
1627552576493 0.171198969280174 363
1627552576543 0.17115354994863305 364
1627552576594 0.17111253176922636 365
1627552576653 0.17106387262236017 366
1627552576719 0.17101919871150584 367
1627552576815 0.17096490164179923 368
1627552576894 0.1709112126411491 369
1627552576953 0.17086252763991344 370
1627552577025 0.17081852328969027 371
1627552577103 0.17077392027197869 372
1627552577203 0.17070186976151405 373
1627552577298 0.170629839179773 374
1627552577371 0.17058960852221722 375
1627552577472 0.1705371773091171 376
1627552577532 0.1704851055103934 377
1627552577590 0.17043748452502622 378
1627552577707 0.17030382796860125 379
1627552577769 0.17025773686046874 380
1627552577852 0.1701937295127719 381
1627552577908 0.17014514256814198 382
1627552577964 0.17010176514612121 383
1627552578028 0.17005410912108915 384
1627552578093 0.1700035565219719 385
1627552578142 0.16996272529545234 386
1627552578214 0.1699154700637497 387
1627552578276 0.16986988696664868 388
1627552578371 0.1698118394960452 389
1627552578428 0.16976228483063177 390
1627552578498 0.16970654159096474 391
1627552578548 0.16965991258386112 392
1627552578606 0.16961388019281934 393
1627552578699 0.1694952260714142 394
1627552578748 0.1694576738778257 395
1627552578824 0.16939895991615983 396
1627552578918 0.1693358077215959 397
1627552578990 0.16928128217265473 398
1627552579052 0.16923622315726955 399
1627552579136 0.16917895782403722 400
1627552579221 0.16911649073611354 401
1627552579291 0.16906239377078222 402
1627552579340 0.16901470389620993 403
1627552579422 0.16893700464839442 404
1627552579513 0.16883177368418287 405
1627552579563 0.168788379468815 406
1627552579637 0.16874111106144085 407
1627552579694 0.1686984086017794 408
1627552579752 0.16865270791859815 409
1627552579803 0.1686075583937639 410
1627552579881 0.16856463025182192 411
1627552579942 0.1685149264519896 412
1627552579998 0.16846606738641468 413
1627552580068 0.16840002278987803 414
1627552580137 0.16835485961006877 415
1627552580202 0.16830409186816614 416
1627552580303 0.16823910764493066 417
1627552580352 0.1681948080017544 418
1627552580423 0.16815427253434376 419
1627552580485 0.1681072109400672 420
1627552580551 0.16805857670489416 421
1627552580617 0.16800699732945437 422
1627552580694 0.16795724183581437 423
1627552580767 0.16790096970528276 424
1627552580838 0.16784675791915868 425
1627552580898 0.16779975047465928 426
1627552580966 0.16775412035320697 427
1627552581041 0.16771448654685908 428
1627552581124 0.16767259103940563 429
1627552581192 0.16761088726696668 430
1627552581276 0.16755338845733683 431
1627552581359 0.1674943768958238 432
1627552581433 0.1674469810587633 433
1627552581522 0.16739609653537582 434
1627552581581 0.1673379882597056 435
1627552581706 0.16725330423558551 436
1627552581762 0.16721127060477295 437
1627552581830 0.16717108700106256 438
1627552581909 0.16712715559825556 439
1627552581982 0.16708625287495893 440
1627552582066 0.16697577153692933 441
1627552582157 0.16693689118433208 442
1627552582224 0.1668977211536779 443
1627552582289 0.16685554475134692 444
1627552582347 0.1668135556248504 445
1627552582402 0.1667685246592533 446
1627552582475 0.1667181625420204 447
1627552582533 0.1666769010371708 448
1627552582614 0.16662151785286816 449
1627552582708 0.16654854518175208 450
1627552582770 0.16650451317241596 451
1627552582824 0.16646223591854242 452
1627552582880 0.16641835861484452 453
1627552582953 0.16636578532018656 454
1627552583036 0.16628408133479852 455
1627552583116 0.16623772653515184 456
1627552583172 0.16619761504349462 457
1627552583258 0.16614444010910942 458
1627552583321 0.16610554123103477 459
1627552583399 0.16599980916189733 460
1627552583455 0.16596193375020987 461
1627552583533 0.16588230453157862 462
1627552583628 0.1658263673345334 463
1627552583708 0.1657862831247462 464
1627552583808 0.16571400429829927 465
1627552583888 0.1656587122287217 466
1627552583946 0.16561814095034896 467
1627552584012 0.1655788796481535 468
1627552584070 0.16553874969357646 469
1627552584123 0.16550046116041836 470
1627552584206 0.16542994149554877 471
1627552584261 0.16538115792441072 472
1627552584321 0.16533213739158087 473
1627552584383 0.1652842980940707 474
1627552584451 0.16523903048794542 475
1627552584513 0.16519723602290476 476
1627552584585 0.16515259714433836 477
1627552584652 0.16510378546486 478
1627552584723 0.16505886362900835 479
1627552584806 0.16501425806464193 480
1627552584861 0.16497563811964033 481
1627552584910 0.16493705740417555 482
1627552584983 0.16488691259036817 483
1627552585041 0.1648451211333877 484
1627552585105 0.16480515409483712 485
1627552585162 0.1647670682826191 486
1627552585229 0.16472253550490137 487
1627552585310 0.16468281482615144 488
1627552585431 0.16459399890900264 489
1627552585524 0.16450082429701743 490
1627552585587 0.16444441187183356 491
1627552585657 0.16440212200789225 492
1627552585749 0.16434822774582405 493
1627552585825 0.16430914600772445 494
1627552585919 0.16422881597873046 495
1627552585984 0.1641831669872277 496
1627552586081 0.16411524020022342 497
1627552586158 0.16407800119241295 498
1627552586237 0.16403357739565763 499
1627552586318 0.16399519462228576 500
1627552586401 0.16394990168483203 501
1627552586493 0.16390565220240905 502
1627552586572 0.1638634842725034 503
1627552586665 0.16381336328592122 504
1627552586742 0.1637717747988818 505
1627552586813 0.16373518981588664 506
1627552586888 0.16370041319781511 507
1627552586998 0.16364228574678719 508
1627552587095 0.1635957725627927 509
1627552587165 0.16355387205778135 510
1627552587220 0.16351099094090124 511
1627552587305 0.16344488124914877 512
1627552587385 0.16340318446291754 513
1627552587452 0.16336254783663343 514
1627552587519 0.16331296540413257 515
1627552587574 0.1632711863002457 516
1627552587624 0.16323259633945517 517
1627552587692 0.16318565625072015 518
1627552587743 0.16314812758222272 519
1627552587801 0.16310747447806304 520
1627552587854 0.163071564573965 521
1627552587932 0.16302987575755162 522
1627552588010 0.16298699391491236 523
1627552588073 0.16295009054758955 524
1627552588169 0.16287758663870755 525
1627552588236 0.16283075603563785 526
1627552588297 0.1628024342219444 527
1627552588383 0.16276723443978697 528
1627552588460 0.16272626323229394 529
1627552588532 0.16268808030565624 530
1627552588595 0.16265037996590684 531
1627552588673 0.1625960072579894 532
1627552588783 0.16252484126849098 533
1627552588853 0.16249078883017695 534
1627552588942 0.16244561354034373 535
1627552589014 0.16240718069220572 536
1627552589091 0.1623665242725755 537
1627552589144 0.16232986349136125 538
1627552589198 0.16228783590038318 539
1627552589261 0.16224672448027697 540
1627552589316 0.16220792345697557 541
1627552589376 0.16216639027997876 542
1627552589435 0.16212501246150998 543
1627552589487 0.16209054868805223 544
1627552589563 0.16205193169937682 545
1627552589636 0.1620091718078777 546
1627552589700 0.16197041923270025 547
1627552589757 0.16193147108692843 548
1627552589823 0.16189372155657503 549
1627552589887 0.16185506841829642 550
1627552589990 0.1617716882887236 551
1627552590047 0.16173428200760312 552
1627552590107 0.1616962917432705 553
1627552590181 0.16162498626892272 554
1627552590236 0.16158894512421904 555
1627552590292 0.16155273697283504 556
1627552590347 0.16151616552245998 557
1627552590406 0.1614821597139818 558
1627552590460 0.16144789216586222 559
1627552590538 0.1614142824876161 560
1627552590615 0.16137080975059678 561
1627552590685 0.1613369298876084 562
1627552590762 0.1612987890497906 563
1627552590844 0.1612638849336303 564
1627552590950 0.1612224032258791 565
1627552591013 0.16118583630594888 566
1627552591077 0.16114554974552936 567
1627552591139 0.16110433733043256 568
1627552591209 0.16106062943178145 569
1627552591269 0.16102553681772808 570
1627552591356 0.1609819772757179 571
1627552591421 0.1609433917801276 572
1627552591476 0.16089800026780596 573
1627552591524 0.16086779149696842 574
1627552591582 0.16082334843873186 575
1627552591645 0.16078740053985088 576
1627552591708 0.16074817446196435 577
1627552591779 0.16070646212276105 578
1627552591859 0.1606648939384291 579
1627552591937 0.16061059241887424 580
1627552592017 0.16056898942877043 581
1627552592090 0.16053123284788676 582
1627552592183 0.1604234009251682 583
1627552592242 0.16038708634588186 584
1627552592296 0.16035288907497486 585
1627552592349 0.1603208519694326 586
1627552592401 0.16028446626514173 587
1627552592471 0.1623665242725755 588
1627552596785 0.5086868585888379 0
1627552596944 0.47000235301267806 1
1627552597115 0.4359575165649605 2
1627552597266 0.4061345926253049 3
1627552597426 0.3799886256613852 4
1627552597608 0.3572395144973223 5
1627552597742 0.33747738039638925 6
1627552597895 0.3203496141314469 7
1627552598030 0.3056363372474136 8
1627552598154 0.29299850294112356 9
1627552598277 0.28220953405597804 10
1627552598435 0.27289399228116745 11
1627552598589 0.2649399434359478 12
1627552598734 0.25817805697893886 13
1627552598867 0.252370685242193 14
1627552598989 0.247376638602074 15
1627552599112 0.24317553343186316 16
1627552599232 0.23957208612779166 17
1627552599359 0.23654158188052604 18
1627552599476 0.23392499812531894 19
1627552599596 0.23160776027885938 20
1627552599711 0.22964731695473745 21
1627552599823 0.22789314632970734 22
1627552599931 0.22641995957162472 23
1627552600040 0.2250827849151484 24
1627552600148 0.22394069797256277 25
1627552600296 0.22286086064233437 26
1627552600426 0.2219565990334264 27
1627552600558 0.2211641541705916 28
1627552600659 0.2204077060049933 29
1627552600759 0.21950967620246603 30
1627552600861 0.21880377807902301 31
1627552600958 0.2180610072476564 32
1627552601067 0.21749607908272053 33
1627552601161 0.21668649950337776 34
1627552601256 0.21592051892827466 35
1627552601345 0.21553695139851214 36
1627552601440 0.2151101489046456 37
1627552601548 0.21461217996276125 38
1627552601644 0.21408486340963573 39
1627552601736 0.2133996771798208 40
1627552601828 0.21307966871776177 41
1627552601935 0.2124125998023707 42
1627552602030 0.21209472407540814 43
1627552602123 0.21180272351503143 44
1627552602228 0.21151159231435804 45
1627552602329 0.21089940794820997 46
1627552602423 0.21041118623652788 47
1627552602523 0.21014998136887156 48
1627552602627 0.20949950466625983 49
1627552602727 0.2092550510509895 50
1627552602818 0.20882996752228025 51
1627552602938 0.20860867169374364 52
1627552603078 0.20806388299637993 53
1627552603173 0.2076435882305569 54
1627552603269 0.20733421822595305 55
1627552603367 0.20706765225345444 56
1627552603458 0.20674656980961492 57
1627552603532 0.20639676689435946 58
1627552603623 0.20619028868040212 59
1627552603744 0.2059142732295039 60
1627552603860 0.2053761047354293 61
1627552603953 0.2050121998679529 62
1627552604069 0.20480674609137045 63
1627552604146 0.20443755166281286 64
1627552604234 0.2042323891065183 65
1627552604319 0.2040308911155763 66
1627552604396 0.2038533834229964 67
1627552604488 0.20370359519790357 68
1627552604581 0.20340217433433155 69
1627552604680 0.20324122297198605 70
1627552604769 0.20286388086375384 71
1627552604856 0.20255092949143982 72
1627552604937 0.20229633012150067 73
1627552605039 0.2019190319528005 74
1627552605176 0.20172246692809745 75
1627552605290 0.20157496393825114 76
1627552605406 0.2014360087464541 77
1627552605496 0.20128415460725863 78
1627552605620 0.20111692624382277 79
1627552605739 0.2009636327345384 80
1627552605845 0.20065486421875878 81
1627552605964 0.20049798624574589 82
1627552606057 0.200375603875692 83
1627552606185 0.19997098267279526 84
1627552606264 0.1998223372332429 85
1627552606345 0.19954774496497568 86
1627552606440 0.19939149968465536 87
1627552606537 0.19905977813085712 88
1627552606626 0.19880057484474561 89
1627552606738 0.19864722394479062 90
1627552606817 0.19843987797878526 91
1627552606904 0.19829857386904617 92
1627552606993 0.1981045013008523 93
1627552607085 0.19778793392243885 94
1627552607180 0.19738788641285968 95
1627552607284 0.1971849119276094 96
1627552607387 0.19702429752112743 97
1627552607481 0.19674810096526418 98
1627552607573 0.1965533334108732 99
1627552607666 0.1964366883796188 100
1627552607755 0.19628967712549897 101
1627552607842 0.19615481141568952 102
1627552607933 0.1960474615553769 103
1627552608027 0.19591115520644037 104
1627552608114 0.19568005705875793 105
1627552608199 0.19544330103565058 106
1627552608293 0.19529245538401194 107
1627552608370 0.19518381063456341 108
1627552608470 0.19506561914259873 109
1627552608594 0.19493059282180633 110
1627552608697 0.1946023996888031 111
1627552608783 0.1943073601910992 112
1627552608869 0.19418002494588374 113
1627552608947 0.1940671981436309 114
1627552609031 0.19395449391602432 115
1627552609109 0.19383643359309313 116
1627552609246 0.1935282349124652 117
1627552609356 0.1934184896100497 118
1627552609453 0.1932967379436245 119
1627552609537 0.19308529038277758 120
1627552609624 0.19296796598151797 121
1627552609694 0.19287828070725663 122
1627552609785 0.19268681996775988 123
1627552609864 0.19256638223613745 124
1627552609946 0.1924675696193964 125
1627552610027 0.19235686838348942 126
1627552610134 0.192175320162902 127
1627552610226 0.19200678618145262 128
1627552610311 0.19189592637378053 129
1627552610411 0.19179501056387524 130
1627552610500 0.19169381790283105 131
1627552610613 0.19144471626604467 132
1627552610694 0.19134733836655868 133
1627552610768 0.1912605760852919 134
1627552610840 0.19116398086232889 135
1627552610939 0.19090503730132138 136
1627552611019 0.19079248515879957 137
1627552611108 0.19062822004705093 138
1627552611199 0.19049074095246124 139
1627552611292 0.190225261940433 140
1627552611373 0.19006199152877645 141
1627552611458 0.18994098039622997 142
1627552611521 0.1898492031730698 143
1627552611603 0.18972649154097457 144
1627552611684 0.18960959790895235 145
1627552611783 0.18944121008756312 146
1627552611848 0.18935527777501227 147
1627552611918 0.18925131199409578 148
1627552612025 0.18915905278964412 149
1627552612130 0.18905367331606737 150
1627552612208 0.18897359890648324 151
1627552612296 0.18886814458972387 152
1627552612417 0.18858762529551215 153
1627552612490 0.1884927460453159 154
1627552612568 0.18835992099080406 155
1627552612652 0.18828183658105835 156
1627552612719 0.18818744063614196 157
1627552612793 0.1880972890978925 158
1627552612876 0.18800866689882828 159
1627552612962 0.1878599441450386 160
1627552613050 0.18775840440217206 161
1627552613107 0.18768387399393696 162
1627552613190 0.18748911235108176 163
1627552613292 0.18736870853920007 164
1627552613388 0.18726911926730427 165
1627552613442 0.18719716392605587 166
1627552613534 0.1870290506183274 167
1627552613596 0.1869414372555783 168
1627552613682 0.18682069456287803 169
1627552613776 0.1865821812486027 170
1627552613853 0.1864427722877796 171
1627552613928 0.18635399081023085 172
1627552614012 0.18624731990968393 173
1627552614087 0.1861583479972936 174
1627552614153 0.1860831025659918 175
1627552614212 0.18601628478890192 176
1627552614259 0.18595248819309315 177
1627552614333 0.1858585906720782 178
1627552614427 0.1857301643718903 179
1627552614495 0.18565208379623385 180
1627552614581 0.18556705081563793 181
1627552614639 0.1854994321081848 182
1627552614712 0.1854237353944339 183
1627552614766 0.18536172551348448 184
1627552614850 0.1851901294354847 185
1627552614927 0.1851027597517678 186
1627552614983 0.18503018777500185 187
1627552615063 0.18492897204573516 188
1627552615150 0.184849775267217 189
1627552615220 0.18476960557182484 190
1627552615293 0.1846900025486249 191
1627552615370 0.184605980870627 192
1627552615446 0.18448829199255193 193
1627552615515 0.18441471683418562 194
1627552615589 0.18433730793537936 195
1627552615676 0.18419002272483156 196
1627552615756 0.18405662191878464 197
1627552615816 0.1839911092094469 198
1627552615897 0.1838997078181893 199
1627552615968 0.18383486466534668 200
1627552616039 0.18375969944452689 201
1627552616108 0.1836898589752247 202
1627552616198 0.18347904314730057 203
1627552616268 0.18338716051230972 204
1627552616346 0.18331735166216692 205
1627552616416 0.1832423637334434 206
1627552616511 0.18308662007079632 207
1627552616561 0.18303542777936385 208
1627552616631 0.18293429412060033 209
1627552616713 0.1828609560653719 210
1627552616784 0.18278947860054479 211
1627552616847 0.18272809597665754 212
1627552616936 0.18260746438769093 213
1627552617010 0.18253819962765885 214
1627552617089 0.18241985315748774 215
1627552617158 0.18234751216617567 216
1627552617240 0.18226895780840696 217
1627552617327 0.18209058280037996 218
1627552617410 0.1820045536140905 219
1627552617520 0.18186822438316044 220
1627552617630 0.18168735660562807 221
1627552617725 0.18161331594266497 222
1627552617810 0.18153584826315453 223
1627552617909 0.18145843134756462 224
1627552618026 0.18136083401375952 225
1627552618143 0.18125276717104224 226
1627552618241 0.18118401839605233 227
1627552618318 0.1811078788978209 228
1627552618441 0.18089847159332853 229
1627552618567 0.18077714441188614 230
1627552618639 0.18071121655838038 231
1627552618703 0.1806525884395973 232
1627552618772 0.18055328371982793 233
1627552618839 0.1804879685004978 234
1627552618927 0.18042463401847134 235
1627552618997 0.18035947200390673 236
1627552619066 0.18029320111725683 237
1627552619158 0.18012763927192973 238
1627552619247 0.18003336066659695 239
1627552619325 0.1799622432112785 240
1627552619419 0.17986515080591084 241
1627552619490 0.1798016949708682 242
1627552619569 0.17971216193369685 243
1627552619653 0.17964096270843644 244
1627552619704 0.1795920656928404 245
1627552619782 0.17948921282632196 246
1627552619853 0.1794202577318399 247
1627552619914 0.17935526298621998 248
1627552619999 0.1792176322131088 249
1627552620108 0.17913351583801979 250
1627552620234 0.1790059201664324 251
1627552620308 0.17893867062701774 252
1627552620381 0.17887246626195813 253
1627552620453 0.1788174770457349 254
1627552620546 0.17874940137715803 255
1627552620664 0.17855394762618615 256
1627552620749 0.1784781918175898 257
1627552620810 0.1784171243221238 258
1627552620875 0.17834840737555907 259
1627552620953 0.1782833551163412 260
1627552621028 0.17817139161966064 261
1627552621076 0.17811811633972893 262
1627552621178 0.1780469006057601 263
1627552621294 0.17796489858962902 264
1627552621427 0.17781323722932318 265
1627552621500 0.17774246436669983 266
1627552621589 0.17760874823747005 267
1627552621691 0.17751897427316798 268
1627552621820 0.17735964477775512 269
1627552621908 0.17729340097808668 270
1627552621962 0.17723157053225988 271
1627552622018 0.177178491895423 272
1627552622086 0.17712627081208066 273
1627552622177 0.17701799643367358 274
1627552622260 0.1768978454556941 275
1627552622317 0.17684152243492782 276
1627552622386 0.17677639497265038 277
1627552622454 0.176709455219274 278
1627552622546 0.1766464752488628 279
1627552622646 0.17652863258654727 280
1627552622709 0.17646858463497464 281
1627552622781 0.17640088822544048 282
1627552622872 0.17630832504692656 283
1627552622928 0.17624678372223943 284
1627552623005 0.1761851228180427 285
1627552623080 0.1761281551699352 286
1627552623136 0.17607665203422987 287
1627552623209 0.17601586079696643 288
1627552623264 0.175962864971762 289
1627552623352 0.17589893320511432 290
1627552623468 0.17583713699153852 291
1627552623545 0.17574777806472425 292
1627552623595 0.1756998202056843 293
1627552623647 0.17564364748002745 294
1627552623723 0.17558601089505338 295
1627552623798 0.17553750962632028 296
1627552623880 0.17548095478368597 297
1627552623939 0.17543439649157772 298
1627552623985 0.1753896783525436 299
1627552624054 0.1753322478774191 300
1627552624120 0.17526998868073118 301
1627552624195 0.17520981359878068 302
1627552624261 0.1751559145915133 303
1627552624352 0.17503922031331462 304
1627552624446 0.17498250694565626 305
1627552624541 0.1749018586888278 306
1627552624612 0.17484678175376395 307
1627552624684 0.17479420139277047 308
1627552624748 0.17473657631448683 309
1627552624816 0.17468182562062862 310
1627552624888 0.17463243468497824 311
1627552624965 0.17457531841395194 312
1627552625039 0.17448670594629734 313
1627552625103 0.17443338720629434 314
1627552625176 0.17437863711350238 315
1627552625251 0.17432389068644583 316
1627552625314 0.17426423292079532 317
1627552625368 0.17421732953423036 318
1627552625497 0.17411630386502952 319
1627552625562 0.17405641720252002 320
1627552625617 0.17400358773084462 321
1627552625692 0.1739407006837387 322
1627552625774 0.1738409631289745 323
1627552625850 0.1737839829468394 324
1627552625941 0.17372901016918182 325
1627552626014 0.17367347971567018 326
1627552626067 0.17362922870233807 327
1627552626126 0.1735767651376157 328
1627552626205 0.17347058966999362 329
1627552626283 0.17339242971576185 330
1627552626357 0.1733260041223144 331
1627552626427 0.17325970514127112 332
1627552626503 0.17315917367663744 333
1627552626554 0.17311003585542936 334
1627552626647 0.17305057055279216 335
1627552626704 0.17300292420327545 336
1627552626781 0.17294467736797092 337
1627552626880 0.17287309515263743 338
1627552626951 0.1728206723511987 339
1627552627024 0.17276281637449187 340
1627552627085 0.17271245737607163 341
1627552627145 0.17266114558724632 342
1627552627213 0.1726103528243382 343
1627552627275 0.172560912813645 344
1627552627351 0.17248554145536582 345
1627552627414 0.17242918961667533 346
1627552627472 0.17238710515235892 347
1627552627527 0.17233902437880738 348
1627552627601 0.1722886146532532 349
1627552627665 0.17224967395873747 350
1627552627762 0.17215309852584335 351
1627552627839 0.17208556144212214 352
1627552627913 0.17203278768486402 353
1627552627973 0.1719828447318588 354
1627552628026 0.17193552256514602 355
1627552628103 0.17188461933818502 356
1627552628159 0.17183339015531193 357
1627552628234 0.1717280369114445 358
1627552628305 0.17168225744680027 359
1627552628400 0.17163547447046446 360
1627552628488 0.17156492569766785 361
1627552628550 0.17151439977010025 362
1627552628631 0.1714585656562881 363
1627552628711 0.17138223198692612 364
1627552628790 0.1713181186181265 365
1627552628849 0.17127196566999756 366
1627552628924 0.1712162618925335 367
1627552628988 0.1711625172586769 368
1627552629046 0.1711099357232581 369
1627552629110 0.17106420164562827 370
1627552629181 0.17099722914057502 371
1627552629237 0.1709510829045543 372
1627552629299 0.1708959323298252 373
1627552629389 0.17084953878519213 374
1627552629480 0.17074479424204755 375
1627552629540 0.170698326236217 376
1627552629611 0.17062859911689565 377
1627552629686 0.1705730478506965 378
1627552629749 0.1705243777234945 379
1627552629825 0.1704735148520204 380
1627552629929 0.17036320757552542 381
1627552630009 0.17031124310234083 382
1627552630073 0.17026394046601714 383
1627552630171 0.17021607272370096 384
1627552630262 0.17016828624577426 385
1627552630338 0.17012375994094023 386
1627552630467 0.17002159180532142 387
1627552630541 0.1699851176565671 388
1627552630636 0.1699353163105391 389
1627552630713 0.1698896849608073 390
1627552630787 0.16984902252010503 391
1627552630885 0.16979698685774666 392
1627552630962 0.16974367667873383 393
1627552631073 0.16968631186298086 394
1627552631161 0.1695808538497201 395
1627552631211 0.16953163208866676 396
1627552631272 0.1694899777862933 397
1627552631335 0.16944254946511525 398
1627552631409 0.16939146107519565 399
1627552631491 0.1693405442919853 400
1627552631565 0.16929497602190724 401
1627552631623 0.1692498563582462 402
1627552631701 0.169193288505169 403
1627552631748 0.16915293858669672 404
1627552631837 0.16906510695116067 405
1627552631899 0.16901603713463875 406
1627552631967 0.16896023589799808 407
1627552632052 0.16889646910981648 408
1627552632128 0.16884413137132565 409
1627552632204 0.16880057059874912 410
1627552632261 0.1687506196008494 411
1627552632339 0.16869505662547496 412
1627552632422 0.16864275698028314 413
1627552632483 0.16859615166713818 414
1627552632530 0.17138223198692612 415
1627552636509 0.5095776294389246 0
1627552636660 0.47088566146041694 1
1627552636795 0.43684186679182263 2
1627552636974 0.4070762370569619 3
1627552637133 0.38101891324397674 4
1627552637315 0.3583613483339697 5
1627552637474 0.33853074310788933 6
1627552637642 0.32132492476416147 7
1627552637775 0.3065713806373684 8
1627552637933 0.2938633426178588 9
1627552638082 0.28301535778183823 10
1627552638232 0.27371335726093404 11
1627552638359 0.26564165163088443 12
1627552638482 0.25878242573312427 13
1627552638605 0.2529139802660397 14
1627552638733 0.24785109525625995 15
1627552638857 0.243527691187099 16
1627552638978 0.23986353988055864 17
1627552639092 0.23666445944121198 18
1627552639200 0.23390351194638728 19
1627552639328 0.23156486129003226 20
1627552639467 0.22954103768162262 21
1627552639625 0.22774242707641867 22
1627552639764 0.22627947274478744 23
1627552639874 0.2249221920589481 24
1627552639983 0.22374026721221074 25
1627552640090 0.22267390723695182 26
1627552640200 0.22175957469837335 27
1627552640312 0.22094102175440433 28
1627552640412 0.22019116173682265 29
1627552640510 0.21926065334217928 30
1627552640617 0.21846885554931225 31
1627552640722 0.21779235028169394 32
1627552640817 0.21700160350981063 33
1627552640909 0.2165420915579623 34
1627552641001 0.21582506339390142 35
1627552641105 0.2153985338638888 36
1627552641209 0.21475279565028876 37
1627552641303 0.21436174853592213 38
1627552641401 0.21373870897858124 39
1627552641496 0.21329183421373918 40
1627552641592 0.2129693431936054 41
1627552641684 0.21235969644242514 42
1627552641790 0.21204028784496903 43
1627552641882 0.2115138195631486 44
1627552641982 0.21106760164841162 45
1627552642075 0.21069970649876232 46
1627552642199 0.21012947323281297 47
1627552642322 0.20960646604433797 48
1627552642443 0.20917005703236105 49
1627552642547 0.20887127716867765 50
1627552642641 0.20862768648997956 51
1627552642734 0.20838924998703237 52
1627552642826 0.20792855641622535 53
1627552642923 0.2075444922473025 54
1627552643032 0.20715426760723615 55
1627552643146 0.20657642644831928 56
1627552643243 0.2063761958561685 57
1627552643382 0.20589600009722103 58
1627552643511 0.20555090366191034 59
1627552643610 0.2053200931793663 60
1627552643719 0.2048482699485037 61
1627552643822 0.20447446353355647 62
1627552643928 0.20412733912101755 63
1627552644016 0.20376497462938428 64
1627552644105 0.20345503692629596 65
1627552644197 0.20315090331256264 66
1627552644292 0.20292720703000777 67
1627552644379 0.20273506958222676 68
1627552644504 0.20229210332100164 69
1627552644596 0.20211318279543386 70
1627552644728 0.2017670892930122 71
1627552644843 0.2014224530485206 72
1627552644951 0.20124532934724704 73
1627552645044 0.20088430393524226 74
1627552645144 0.20071110818805302 75
1627552645240 0.20049239881531383 76
1627552645340 0.20034350221115424 77
1627552645464 0.2001788330610889 78
1627552645567 0.1999951692001046 79
1627552645691 0.19956304939701827 80
1627552645799 0.19938794968600831 81
1627552645882 0.19919695136281976 82
1627552645962 0.1990522258226324 83
1627552646059 0.19889873363411542 84
1627552646174 0.19870189572412425 85
1627552646260 0.19840823770407245 86
1627552646385 0.1982551962200081 87
1627552646497 0.19808107493054528 88
1627552646592 0.19787118200422346 89
1627552646678 0.19770257691301002 90
1627552646770 0.1975460577808091 91
1627552646864 0.19732296574330216 92
1627552646953 0.1971739814022098 93
1627552647038 0.19703474453051906 94
1627552647124 0.19674329137028776 95
1627552647221 0.19658537854106659 96
1627552647327 0.1963936656604919 97
1627552647441 0.1960765512870442 98
1627552647546 0.19584286544238114 99
1627552647639 0.1956835802909456 100
1627552647752 0.19539167761258963 101
1627552647829 0.195271054181866 102
1627552647919 0.1951337683551218 103
1627552647998 0.19500050439808705 104
1627552648071 0.19489726756265158 105
1627552648159 0.1946861496047651 106
1627552648248 0.1945775907220081 107
1627552648348 0.19431459220724645 108
1627552648452 0.19417514750012094 109
1627552648528 0.19404180081361036 110
1627552648629 0.19375534171400946 111
1627552648726 0.19351223937895007 112
1627552648809 0.1932937423901262 113
1627552648892 0.19316211679848702 114
1627552648984 0.19304027968249865 115
1627552649078 0.19292454870915926 116
1627552649163 0.19279230828530805 117
1627552649251 0.19267867579476786 118
1627552649332 0.19250025856437133 119
1627552649417 0.19239269458005617 120
1627552649509 0.19218082940742762 121
1627552649606 0.19188982479543784 122
1627552649730 0.19176013546638482 123
1627552649834 0.19162156742566802 124
1627552649919 0.19143418806492646 125
1627552649999 0.1913270864507768 126
1627552650047 0.19123096169844114 127
1627552650131 0.19112094591783316 128
1627552650220 0.19098377820591633 129
1627552650302 0.19079362829721036 130
1627552650378 0.19069253002990091 131
1627552650454 0.19053642238312699 132
1627552650541 0.1904266907982819 133
1627552650637 0.19021067683465173 134
1627552650742 0.1899532146480342 135
1627552650818 0.18984978792486584 136
1627552650879 0.1897578178861641 137
1627552650955 0.18964307126314814 138
1627552651042 0.18953232834092376 139
1627552651116 0.18942828702800496 140
1627552651204 0.18930503562573867 141
1627552651292 0.1892091833296093 142
1627552651402 0.1889470374355007 143
1627552651477 0.1888656057949519 144
1627552651545 0.18877656649049088 145
1627552651601 0.1886975398850843 146
1627552651676 0.18861192047782288 147
1627552651773 0.1885142117539186 148
1627552651878 0.1884190146592817 149
1627552651996 0.18833861437971386 150
1627552652064 0.1882307751684635 151
1627552652147 0.18813395033077576 152
1627552652215 0.18803774065622267 153
1627552652297 0.18794322719637493 154
1627552652390 0.1877870314152854 155
1627552652471 0.18769110815996795 156
1627552652567 0.18759363968517326 157
1627552652653 0.18743209422844745 158
1627552652738 0.18729115780730538 159
1627552652823 0.18715608430266678 160
1627552652903 0.18705475604891245 161
1627552652982 0.18697270541026778 162
1627552653058 0.18688560111334684 163
1627552653152 0.18667199094371134 164
1627552653237 0.18660044368626252 165
1627552653312 0.18651308546578954 166
1627552653385 0.18640452627549042 167
1627552653455 0.18632557849071482 168
1627552653557 0.1862083396680377 169
1627552653635 0.18612451613135006 170
1627552653726 0.18598342863818107 171
1627552653808 0.18585141295310068 172
1627552653896 0.18570251291357315 173
1627552653962 0.185618419460097 174
1627552654054 0.18547328266293459 175
1627552654142 0.18528735504499486 176
1627552654248 0.1851719231071487 177
1627552654333 0.1850668515092062 178
1627552654392 0.18499291277864824 179
1627552654464 0.1849046336673726 180
1627552654536 0.18481214879143398 181
1627552654624 0.1846796000117997 182
1627552654694 0.18460054824069116 183
1627552654795 0.1845219848800734 184
1627552654917 0.18436984027468495 185
1627552655026 0.18426717252081828 186
1627552655107 0.18412736160522883 187
1627552655185 0.1840506126601749 188
1627552655283 0.1839748325347337 189
1627552655376 0.18390236084504485 190
1627552655471 0.18381398499719845 191
1627552655563 0.18374103337452807 192
1627552655658 0.18357774912983557 193
1627552655752 0.18347006894327272 194
1627552655844 0.18339686389987542 195
1627552655946 0.18330131253465481 196
1627552656040 0.18322976217179812 197
1627552656129 0.18316638425182954 198
1627552656187 0.1831082188082308 199
1627552656284 0.18302878186763327 200
1627552656360 0.1829492020539344 201
1627552656418 0.18288595323025653 202
1627552656500 0.18274974801606592 203
1627552656582 0.18263109603348987 204
1627552656677 0.1824744690861724 205
1627552656753 0.1824106472912254 206
1627552656837 0.1823364184346343 207
1627552656919 0.18226592731916239 208
1627552656983 0.18218768404432287 209
1627552657038 0.18212392489388946 210
1627552657153 0.1819277870735929 211
1627552657222 0.18184582237328673 212
1627552657317 0.18175902989292914 213
1627552657425 0.18167280542287156 214
1627552657502 0.18159900476793453 215
1627552657564 0.18152984434294214 216
1627552657671 0.1814040482042639 217
1627552657751 0.18131217201972535 218
1627552657814 0.1812470376721372 219
1627552657913 0.18105467934313332 220
1627552657976 0.18099591022093822 221
1627552658082 0.18091725342941098 222
1627552658163 0.18085061719075418 223
1627552658209 0.18079413565238409 224
1627552658288 0.18071693475136735 225
1627552658357 0.18065286448349355 226
1627552658434 0.18054914857690782 227
1627552658507 0.1804848283299303 228
1627552658582 0.18042356204828222 229
1627552658688 0.1802784621271329 230
1627552658770 0.1802061242337861 231
1627552658862 0.18011354586394585 232
1627552658958 0.1799896488908853 233
1627552659028 0.179925847557878 234
1627552659109 0.17986289463301341 235
1627552659203 0.17978740155873177 236
1627552659287 0.17970742249933416 237
1627552659371 0.17963607114614766 238
1627552659469 0.1795646637593539 239
1627552659552 0.17949971284050703 240
1627552659664 0.17942103764741993 241
1627552659742 0.17936020107182615 242
1627552659814 0.17929360115768292 243
1627552659892 0.17920403314406072 244
1627552659988 0.1791042182923571 245
1627552660056 0.17904112543290615 246
1627552660142 0.1789619126974185 247
1627552660205 0.17888889644496644 248
1627552660291 0.17876092748744027 249
1627552660385 0.17862084444683754 250
1627552660453 0.17854550383641296 251
1627552660513 0.17848147718394397 252
1627552660598 0.1783533596458775 253
1627552660664 0.1782762378806731 254
1627552660732 0.1782153326109381 255
1627552660800 0.17814693149065194 256
1627552660863 0.1780965504123325 257
1627552660916 0.17804207379380252 258
1627552660975 0.17798746712037375 259
1627552661066 0.17789121752186074 260
1627552661141 0.17780042728930126 261
1627552661219 0.17767562827149386 262
1627552661313 0.17760792254417626 263
1627552661386 0.1775395843439678 264
1627552661443 0.17748444298810925 265
1627552661518 0.17742074204467517 266
1627552661611 0.17728990455025148 267
1627552661689 0.17721805932730988 268
1627552661751 0.1771579512864263 269
1627552661827 0.17709571586525177 270
1627552661882 0.1770366240783861 271
1627552661958 0.17698336522961183 272
1627552662036 0.1769116914370383 273
1627552662102 0.17684674960231392 274
1627552662194 0.17677978111324644 275
1627552662252 0.17672134847915708 276
1627552662329 0.1766641749704947 277
1627552662393 0.17660384327754997 278
1627552662474 0.17650038435216148 279
1627552662554 0.1764141900204686 280
1627552662615 0.17634395408257422 281
1627552662679 0.1762925129141014 282
1627552662763 0.17622340533965297 283
1627552662835 0.17615873327222364 284
1627552662906 0.17609642278755616 285
1627552662952 0.17605065491777144 286
1627552663036 0.17593073172166165 287
1627552663092 0.1758786455872938 288
1627552663200 0.17570775064790828 289
1627552663266 0.17564172982862972 290
1627552663353 0.17556404083753469 291
1627552663423 0.17550973526805974 292
1627552663531 0.17541042051631506 293
1627552663610 0.17534866201216098 294
1627552663697 0.17524399426484133 295
1627552663787 0.17518109097441853 296
1627552663843 0.17512965928553714 297
1627552663904 0.175076044521853 298
1627552663967 0.17501269998747124 299
1627552664045 0.17495991399562164 300
1627552664126 0.174894864586247 301
1627552664205 0.17483374704236462 302
1627552664271 0.17477791496828124 303
1627552664369 0.17468178637767887 304
1627552664461 0.17459828547889972 305
1627552664530 0.17454013288368014 306
1627552664590 0.1744904625939764 307
1627552664666 0.17443741636797527 308
1627552664719 0.17438697357054223 309
1627552664788 0.17433341615449802 310
1627552664836 0.17428699546170284 311
1627552664893 0.17423528063549046 312
1627552664996 0.17413636555479434 313
1627552665052 0.1740854990116184 314
1627552665110 0.17403309149857668 315
1627552665169 0.17398693365564002 316
1627552665233 0.17393466279517084 317
1627552665291 0.1738857824061784 318
1627552665355 0.17383309819517084 319
1627552665440 0.1737656222425654 320
1627552665524 0.17369571004632403 321
1627552665583 0.1736423381668313 322
1627552665670 0.1735391203343015 323
1627552665729 0.17348233657887263 324
1627552665789 0.17343188554363764 325
1627552665849 0.17337907962352883 326
1627552665912 0.1733172713582274 327
1627552665977 0.17327316454943892 328
1627552666057 0.17320902673697283 329
1627552666111 0.17317096317973105 330
1627552666176 0.1731191619039366 331
1627552666266 0.17296211228422692 332
1627552666332 0.172910854997916 333
1627552666398 0.17286299457185572 334
1627552666469 0.17279690624947153 335
1627552666530 0.17274429466094277 336
1627552666598 0.17268669837231682 337
1627552666677 0.17254279943878612 338
1627552666740 0.17249379738976695 339
1627552666805 0.17243721588033012 340
1627552666882 0.17236889675020367 341
1627552666963 0.17231164201095064 342
1627552667020 0.17226281625652545 343
1627552667084 0.17220654750217068 344
1627552667161 0.17211371942095963 345
1627552667225 0.17206689053009253 346
1627552667305 0.17200788260649696 347
1627552667383 0.17194897291629208 348
1627552667467 0.17184768314730728 349
1627552667541 0.1717952441480442 350
1627552667627 0.17163896458554947 351
1627552667714 0.17154771454510173 352
1627552667827 0.17148629285285566 353
1627552667910 0.17142496255598186 354
1627552667968 0.1713758041843047 355
1627552668053 0.17131803537777013 356
1627552668108 0.17127007045480974 357
1627552668172 0.17120888914664592 358
1627552668253 0.17114453694101667 359
1627552668309 0.17110627023306993 360
1627552668379 0.17105294161772386 361
1627552668458 0.170992692895516 362
1627552668511 0.17094763036501798 363
1627552668590 0.17088811635256637 364
1627552668642 0.17083709054376697 365
1627552668701 0.17078731123040622 366
1627552668771 0.17073485546922929 367
1627552668831 0.1706858544285008 368
1627552668884 0.17064413197965037 369
1627552668931 0.17060568321519629 370
1627552668999 0.17055162441437974 371
1627552669070 0.17049745248439482 372
1627552669135 0.1704441767846068 373
1627552669219 0.1703529157311688 374
1627552669281 0.17030621594735076 375
1627552669338 0.17025572220136595 376
1627552669412 0.17017651468651945 377
1627552669480 0.17012629134545415 378
1627552669540 0.17008026577956567 379
1627552669600 0.17003783303538064 380
1627552669684 0.16991274281959576 381
1627552669756 0.1698544536757454 382
1627552669837 0.16975899583635548 383
1627552669907 0.16970708482788827 384
1627552669965 0.16965830588101827 385
1627552670036 0.16961005519481306 386
1627552670109 0.16954964126731978 387
1627552670182 0.169488726603091 388
1627552670270 0.16943297779993213 389
1627552670349 0.1693882812744283 390
1627552670420 0.16934592535530268 391
1627552670486 0.16930006780150528 392
1627552670551 0.16924979436402426 393
1627552670614 0.16920115142300735 394
1627552670673 0.16916310738404766 395
1627552670729 0.16912399392573185 396
1627552670817 0.1690336734269247 397
1627552670867 0.16899497509567318 398
1627552670955 0.1688836432832639 399
1627552671046 0.168817138465294 400
1627552671163 0.16872121450012667 401
1627552671234 0.16867337083709802 402
1627552671329 0.16856734732196157 403
1627552671382 0.16852662156375417 404
1627552671509 0.16841690436138154 405
1627552671594 0.16834092987847296 406
1627552671657 0.16829049210925784 407
1627552671712 0.16825073822710104 408
1627552671777 0.1682031006727879 409
1627552671858 0.1681573454779121 410
1627552671935 0.1681163405465167 411
1627552672033 0.16805925385043327 412
1627552672095 0.16801057379491466 413
1627552672178 0.16794725282712844 414
1627552672252 0.1678843634089654 415
1627552672333 0.16783210177431446 416
1627552672406 0.16776826127972108 417
1627552672488 0.1677103361816106 418
1627552672561 0.1676505955939618 419
1627552672625 0.16760274846945158 420
1627552672676 0.1675616213700819 421
1627552672740 0.16751432509084258 422
1627552672797 0.16747456010849365 423
1627552672865 0.16742765533822618 424
1627552672932 0.16737957388558125 425
1627552672988 0.16733189707445978 426
1627552673066 0.16729000280999018 427
1627552673155 0.16723970459317242 428
1627552673224 0.167197953967558 429
1627552673298 0.16716043316665055 430
1627552673348 0.16712364491890924 431
1627552673412 0.1670756220974919 432
1627552673490 0.1670290260217783 433
1627552673543 0.16698953187150126 434
1627552673595 0.1669480224106686 435
1627552673673 0.16689635123364346 436
1627552673733 0.16685488402405835 437
1627552673800 0.16681313901020392 438
1627552673884 0.1667438992121344 439
1627552673953 0.16670006501459037 440
1627552674048 0.16659859684014852 441
1627552674114 0.16655553458858066 442
1627552674186 0.16651291359565726 443
1627552674265 0.16647073577429058 444
1627552674348 0.16642683723134252 445
1627552674447 0.16637464390053772 446
1627552674516 0.16633481504782394 447
1627552674581 0.16629746030157982 448
1627552674633 0.16625564254361888 449
1627552674721 0.1662053401286505 450
1627552674787 0.1661593916635503 451
1627552674849 0.16611902253048855 452
1627552674904 0.1660762353338286 453
1627552674973 0.1660318894883502 454
1627552675063 0.16594547448102925 455
1627552675129 0.16590416740783498 456
1627552675184 0.16586433424198962 457
1627552675241 0.16582149392178705 458
1627552675313 0.16577517052651056 459
1627552675406 0.16565492879419966 460
1627552675461 0.16561742645771127 461
1627552675519 0.16557532361591656 462
1627552675578 0.16553278950566241 463
1627552675635 0.16548793949544416 464
1627552675701 0.1654473361044698 465
1627552675755 0.16540711306847844 466
1627552675841 0.16532948670914852 467
1627552675896 0.1652927225986511 468
1627552675950 0.16525390745705576 469
1627552676032 0.16520502923255243 470
1627552676098 0.16516895281832233 471
1627552676184 0.16509558114937511 472
1627552676274 0.16499042210276066 473
1627552676326 0.16495074857013622 474
1627552676390 0.16490184687287615 475
1627552676453 0.16485805967224867 476
1627552676507 0.1648192838912897 477
1627552676601 0.16471648694123991 478
1627552676656 0.16466700209733073 479
1627552676726 0.16460919537684535 480
1627552676787 0.1645687378456706 481
1627552676845 0.16452787729950824 482
1627552676916 0.16447768004648647 483
1627552676998 0.1644120440122828 484
1627552677061 0.16436471225428034 485
1627552677118 0.1643267012368096 486
1627552677176 0.1642855122323112 487
1627552677240 0.16424199373825 488
1627552677291 0.164204226168955 489
1627552677360 0.16415256551249316 490
1627552677445 0.1640742172516649 491
1627552677518 0.16403582418188467 492
1627552677575 0.16399358410391254 493
1627552677633 0.16395395199573468 494
1627552677703 0.16390830420906954 495
1627552677761 0.16386716857800507 496
1627552677828 0.16383043959663346 497
1627552677893 0.16378953056364295 498
1627552677969 0.1637432860083486 499
1627552678043 0.16370651502888076 500
1627552678113 0.16365939245355376 501
1627552678194 0.16361475407981513 502
1627552678256 0.1635730213708491 503
1627552678319 0.16353101871191517 504
1627552678386 0.1634934646015835 505
1627552678474 0.16344008770526158 506
1627552678584 0.1633474541107922 507
1627552678651 0.163301326290959 508
1627552678727 0.16325283593697887 509
1627552678775 0.16321331432405844 510
1627552678835 0.163173765631669 511
1627552678907 0.16313412380954373 512
1627552678972 0.16309380014160255 513
1627552679026 0.1630564404801828 514
1627552679085 0.16301704282797042 515
1627552679144 0.16296886101278202 516
1627552679206 0.16293058613969577 517
1627552679284 0.16289597711076173 518
1627552679350 0.16286042302007547 519
1627552679416 0.16281490895760392 520
1627552679490 0.1627743832909546 521
1627552679552 0.16273380349917932 522
1627552679604 0.16269823020221616 523
1627552679666 0.16265688084005817 524
1627552679729 0.16262250906337042 525
1627552679780 0.16259063124276893 526
1627552679837 0.16255037228527336 527
1627552679895 0.16251017411117638 528
1627552679963 0.1624616002343067 529
1627552680052 0.16242238113228405 530
1627552680113 0.16238590101493763 531
1627552680206 0.16232898757291572 532
1627552680255 0.16229453937561444 533
1627552680335 0.1622287476463545 534
1627552680387 0.16219304777813878 535
1627552680449 0.16215933182549866 536
1627552680511 0.16211929283302645 537
1627552680594 0.16202507983917672 538
1627552680672 0.1619845153708956 539
1627552680756 0.16194299118577885 540
1627552680853 0.16189731462413473 541
1627552680914 0.1618618855546448 542
1627552680978 0.16182592942547822 543
1627552681052 0.16179376392449146 544
1627552681109 0.16176019441455042 545
1627552681178 0.1617280382117534 546
1627552681263 0.16168857270020287 547
1627552681329 0.16165656080768515 548
1627552681403 0.1616188888845797 549
1627552681491 0.16157520107054538 550
1627552681572 0.1615345583080946 551
1627552681650 0.1614958918467049 552
1627552681782 0.1614194817339875 553
1627552681864 0.1613854423420779 554
1627552681952 0.1613453288675514 555
1627552682027 0.16127217360181945 556
1627552682071 0.16124152039780082 557
1627552682143 0.16120341993785556 558
1627552682202 0.16116226865355593 559
1627552682273 0.16112431224681523 560
1627552682335 0.16107715505310546 561
1627552682406 0.16103593820022175 562
1627552682479 0.16099212503571886 563
1627552682564 0.16094429767441584 564
1627552682656 0.16089234467066618 565
1627552682712 0.16085707048515352 566
1627552682764 0.1608240280462059 567
1627552682830 0.1607843642452793 568
1627552682889 0.16075238895787383 569
1627552682961 0.16071200434983973 570
1627552683021 0.16067887052556543 571
1627552683089 0.16064109285458844 572
1627552683160 0.16060124810286536 573
1627552683215 0.16057261478175572 574
1627552683297 0.16053547928240622 575
1627552683387 0.16050208249282663 576
1627552683446 0.16047235082097486 577
1627552683507 0.16043006318419292 578
1627552683590 0.1603872523667277 579
1627552683663 0.160348476569392 580
1627552683713 0.16032049689557976 581
1627552683778 0.16028161935052226 582
1627552683849 0.16023081125291547 583
1627552683925 0.16019336108367918 584
1627552683975 0.16016202262564228 585
1627552684045 0.1601153605399039 586
1627552684096 0.16008236213540117 587
1627552684153 0.1600449019318077 588
1627552684210 0.16000927768913994 589
1627552684286 0.15997415232918685 590
1627552684348 0.15993791908558566 591
1627552684400 0.1599045897994656 592
1627552684483 0.15986903158687818 593
1627552684563 0.15982137789894116 594
1627552684623 0.1597857079231312 595
1627552684678 0.1597501960385781 596
1627552684736 0.15971727935047128 597
1627552684812 0.15967220002747384 598
1627552684898 0.15963122710514824 599
1627552685002 0.15959746414593898 600
1627552685067 0.16157520107054538 601
1627552689420 0.5074420427168945 0
1627552689566 0.46886613021753043 1
1627552689709 0.4348947920628654 2
1627552689853 0.4052024339718518 3
1627552689993 0.3792278869022667 4
1627552690209 0.3565416086006132 5
1627552690404 0.336940735088238 6
1627552690546 0.3199929594950663 7
1627552690639 0.30543608900593083 8
1627552690737 0.29298121640485175 9
1627552690832 0.2822322665839293 10
1627552690928 0.2729777280632802 11
1627552691017 0.26495823340271446 12
1627552691107 0.2581274099171746 13
1627552691194 0.25227645801631843 14
1627552691281 0.24732689157107346 15
1627552691363 0.24296053419645955 16
1627552691447 0.23941043571468087 17
1627552691538 0.2362235372001507 18
1627552691617 0.23357124137285765 19
1627552691697 0.23120660815917404 20
1627552691775 0.2291912035711968 21
1627552691853 0.22749982489989534 22
1627552691927 0.22597795026069642 23
1627552692003 0.2246284377892024 24
1627552692079 0.2234716259195819 25
1627552692146 0.22235797677631933 26
1627552692218 0.22139635073721756 27
1627552692293 0.22062756368214834 28
1627552692362 0.2197272258370293 29
1627552692422 0.21885946065736755 30
1627552692488 0.21807049402839634 31
1627552692552 0.21745200975359597 32
1627552692623 0.2169351135522724 33
1627552692695 0.2161793746809685 34
1627552692762 0.21552427730869458 35
1627552692827 0.2151543718464382 36
1627552692896 0.2144655267006231 37
1627552692961 0.21412791140784304 38
1627552693032 0.21348432763993574 39
1627552693098 0.2130443884712018 40
1627552693164 0.21254619252016593 41
1627552693230 0.21192099697787792 42
1627552693310 0.21140222027974184 43
1627552693377 0.21092981347025538 44
1627552693436 0.21041055135310643 45
1627552693499 0.21014805139854004 46
1627552693579 0.20945681903009708 47
1627552693642 0.20896665225005795 48
1627552693708 0.20857738706425882 49
1627552693785 0.20816818604606988 50
1627552693858 0.20763210423399006 51
1627552693920 0.20738067434532745 52
1627552693979 0.2071881746511196 53
1627552694037 0.20693999024674578 54
1627552694105 0.20652886662352032 55
1627552694174 0.20631907511120803 56
1627552694236 0.20609540466773293 57
1627552694300 0.20581844264624793 58
1627552694365 0.20546497885986312 59
1627552694423 0.20524335876144043 60
1627552694490 0.20476299212793211 61
1627552694561 0.20452824586193266 62
1627552694620 0.20431393976813197 63
1627552694677 0.2040988664325324 64
1627552694745 0.2038340649728701 65
1627552694811 0.20341579387504669 66
1627552694862 0.20323840718897962 67
1627552694919 0.20307136589755675 68
1627552694984 0.20269548088758943 69
1627552695054 0.20225728365993492 70
1627552695117 0.20207444451682532 71
1627552695182 0.20186840927249422 72
1627552695234 0.20170583603923728 73
1627552695302 0.20146635150234546 74
1627552695368 0.20129119549524904 75
1627552695434 0.20095030250074386 76
1627552695506 0.20054309651819896 77
1627552695566 0.20025440689972046 78
1627552695625 0.19993533606694877 79
1627552695688 0.19978423291658282 80
1627552695753 0.1994911224141776 81
1627552695814 0.1992039928472103 82
1627552695875 0.1990668404098813 83
1627552695935 0.19878805669585287 84
1627552696005 0.19862653127223082 85
1627552696062 0.19848537368105992 86
1627552696130 0.1981868038027518 87
1627552696192 0.19803237619324757 88
1627552696258 0.19785319197987775 89
1627552696320 0.19765296080072006 90
1627552696378 0.19739169254534253 91
1627552696438 0.1972458416592013 92
1627552696488 0.1970973565781423 93
1627552696552 0.19684633358176712 94
1627552696599 0.19672290545856802 95
1627552696666 0.19658026029264897 96
1627552696729 0.19635817945055256 97
1627552696782 0.19624222653350376 98
1627552696839 0.19611790290097908 99
1627552696918 0.1959845187865058 100
1627552696981 0.19584885757451623 101
1627552697029 0.19571432263086358 102
1627552697078 0.19558491780545761 103
1627552697145 0.19541610881616828 104
1627552697205 0.19521998724840348 105
1627552697262 0.1950313288823903 106
1627552697325 0.19490675294309526 107
1627552697380 0.19478297982702422 108
1627552697431 0.19466056312253782 109
1627552697491 0.19447593383438733 110
1627552697546 0.19431943199512042 111
1627552697619 0.1939597338453861 112
1627552697678 0.1938007448697784 113
1627552697739 0.19356549256122887 114
1627552697775 0.19346378653342075 115
1627552697828 0.19333985419758296 116
1627552697872 0.19323280891660705 117
1627552697936 0.19310389555668153 118
1627552698007 0.19281569917455837 119
1627552698051 0.19271624704985182 120
1627552698104 0.19261081493236512 121
1627552698149 0.19251001460947112 122
1627552698204 0.19240089308097452 123
1627552698259 0.1922321855354585 124
1627552698321 0.19210919760723794 125
1627552698375 0.19193499771039144 126
1627552698423 0.19183323299928276 127
1627552698485 0.191631680484738 128
1627552698545 0.19152737792495111 129
1627552698603 0.1913126868854355 130
1627552698683 0.1910007512713194 131
1627552698750 0.19085080021201953 132
1627552698808 0.19069965172561879 133
1627552698870 0.19059427395818887 134
1627552698919 0.1904434173979041 135
1627552698959 0.19035709329825187 136
1627552699020 0.1901389601892844 137
1627552699065 0.19004318807929327 138
1627552699107 0.18995231488544004 139
1627552699150 0.189867060034695 140
1627552699195 0.18972481266408248 141
1627552699252 0.18963007558645625 142
1627552699326 0.18954356187707316 143
1627552699420 0.1893001551414491 144
1627552699502 0.18912201086163954 145
1627552699599 0.1888365061501773 146
1627552699666 0.1886084023967784 147
1627552699720 0.1885086667249416 148
1627552699782 0.18831053754292812 149
1627552699864 0.18819122970793314 150
1627552699918 0.18810064221948278 151
1627552699967 0.1880119522432109 152
1627552700025 0.18789767848487127 153
1627552700087 0.18774985322000576 154
1627552700134 0.1876545075345336 155
1627552700177 0.18756391297243113 156
1627552700219 0.18748179715776625 157
1627552700270 0.18734817556561328 158
1627552700333 0.18721962675710666 159
1627552700394 0.1870364834783641 160
1627552700432 0.18695845666863434 161
1627552700488 0.18687294818687322 162
1627552700556 0.18663312212728564 163
1627552700619 0.18653945582553347 164
1627552700653 0.18646941995132105 165
1627552700699 0.18637025674524246 166
1627552700760 0.18619946466539075 167
1627552700812 0.18611376878223884 168
1627552700869 0.1860188284002466 169
1627552700927 0.18590275909551074 170
1627552700988 0.1857784688728896 171
1627552701039 0.18569581910895544 172
1627552701095 0.18560615706511405 173
1627552701149 0.18552401773601482 174
1627552701196 0.1854422302594597 175
1627552701257 0.18526638828045464 176
1627552701320 0.18511378820497706 177
1627552701375 0.18498766933923538 178
1627552701433 0.18489495104309273 179
1627552701481 0.18482342558453105 180
1627552701511 0.18474656761565075 181
1627552701547 0.18467637489856667 182
1627552701588 0.1845969117504801 183
1627552701632 0.18451394386933273 184
1627552701689 0.18439539532964655 185
1627552701741 0.18430349308490349 186
1627552701776 0.18422685177352022 187
1627552701828 0.1841375032681382 188
1627552701896 0.18396948915593397 189
1627552701958 0.18376461234493208 190
1627552702002 0.1836809038810438 191
1627552702045 0.18359811572368093 192
1627552702090 0.18351440230291768 193
1627552702150 0.18337366327689184 194
1627552702199 0.18330222903622181 195
1627552702238 0.18322334420443656 196
1627552702278 0.18316107350690078 197
1627552702324 0.18307640096127534 198
1627552702389 0.1828714354407749 199
1627552702465 0.18270660039765554 200
1627552702519 0.18257340599862817 201
1627552702571 0.18249817704725582 202
1627552702622 0.18239293086834427 203
1627552702678 0.1823059292627812 204
1627552702719 0.18223922477411186 205
1627552702761 0.18216714978609114 206
1627552702806 0.1820914572424785 207
1627552702874 0.18190868014087058 208
1627552702936 0.18178657551198937 209
1627552702996 0.18169637356532026 210
1627552703038 0.18162847317088476 211
1627552703091 0.18154708489101617 212
1627552703139 0.18147530346151886 213
1627552703198 0.18133524792624628 214
1627552703244 0.1812476791029264 215
1627552703308 0.18106739040247066 216
1627552703354 0.18099452995428367 217
1627552703399 0.1809149465817499 218
1627552703438 0.18084767905326163 219
1627552703493 0.18074285527223372 220
1627552703557 0.18055801566205934 221
1627552703619 0.18040030455039174 222
1627552703666 0.18033261772004755 223
1627552703716 0.1802472857722872 224
1627552703766 0.18017686407790431 225
1627552703807 0.18011360598222662 226
1627552703855 0.18004052922364502 227
1627552703888 0.1799792780015736 228
1627552703944 0.17990578149496303 229
1627552703978 0.1798494385045926 230
1627552704018 0.17979211243440033 231
1627552704070 0.17972100870551147 232
1627552704117 0.17964551289247666 233
1627552704154 0.17958431947463382 234
1627552704209 0.1794884202129413 235
1627552704257 0.17942724335236826 236
1627552704308 0.17931343192938937 237
1627552704354 0.17923345211611313 238
1627552704391 0.17915585802370707 239
1627552704439 0.17908385407987437 240
1627552704478 0.17902722924647407 241
1627552704516 0.17896800704399024 242
1627552704551 0.1789171509267782 243
1627552704613 0.17881698517738412 244
1627552704665 0.17873299973212967 245
1627552704706 0.17866648253489475 246
1627552704750 0.17860325628258306 247
1627552704791 0.17854442462650436 248
1627552704848 0.17842046050662774 249
1627552704912 0.17833821265978927 250
1627552704957 0.17827369814260902 251
1627552705005 0.1782170901095615 252
1627552705040 0.17815735895067147 253
1627552705076 0.17809995347032748 254
1627552705126 0.17803920304934664 255
1627552705162 0.1779879520210895 256
1627552705202 0.1779333843727946 257
1627552705243 0.17786915038113688 258
1627552705293 0.1778111428322006 259
1627552705333 0.17774298177960413 260
1627552705368 0.17768363104841037 261
1627552705416 0.1776230181210613 262
1627552705455 0.1775553213671409 263
1627552705489 0.1775005669643537 264
1627552705529 0.1774379135969416 265
1627552705560 0.17738362790741877 266
1627552705614 0.17730941133377714 267
1627552705670 0.17724853417708666 268
1627552705719 0.1771724796582095 269
1627552705753 0.17711614512753843 270
1627552705786 0.1770592882335203 271
1627552705823 0.17700059874149737 272
1627552705869 0.1769440787348643 273
1627552705916 0.17688362361476132 274
1627552705960 0.17681453437430367 275
1627552705996 0.17676310991011585 276
1627552706031 0.17671433048924018 277
1627552706077 0.17665195135696377 278
1627552706113 0.17659176149401332 279
1627552706155 0.17653463417173124 280
1627552706211 0.17644468857021217 281
1627552706253 0.17637909450981623 282
1627552706306 0.17631634713532168 283
1627552706352 0.17625579780489886 284
1627552706402 0.17618401496513983 285
1627552706469 0.17605163302493 286
1627552706506 0.17600013038242324 287
1627552706542 0.1759430507212769 288
1627552706597 0.17582566860726895 289
1627552706651 0.17571177268050275 290
1627552706716 0.1755548935746065 291
1627552706755 0.17549504107425015 292
1627552706830 0.17531860921358175 293
1627552706869 0.17526709819489503 294
1627552706911 0.175217412744603 295
1627552706959 0.17515914384097123 296
1627552707004 0.17510239061615798 297
1627552707054 0.17502958172829086 298
1627552707093 0.17498020779019452 299
1627552707145 0.17492901882888218 300
1627552707178 0.174880666286618 301
1627552707215 0.17482513572854233 302
1627552707264 0.174775096914855 303
1627552707292 0.17472074711037186 304
1627552707346 0.1746116069817591 305
1627552707384 0.1745511577707194 306
1627552707415 0.17450391824053088 307
1627552707454 0.17444848915735314 308
1627552707496 0.1743856027028845 309
1627552707550 0.17428270940367302 310
1627552707610 0.1741755233110637 311
1627552707643 0.17412501226785754 312
1627552707691 0.17406751668888037 313
1627552707718 0.1740253442086392 314
1627552707768 0.17396416814819085 315
1627552707808 0.17390934104602257 316
1627552707840 0.17385708397961164 317
1627552707874 0.17380463411524644 318
1627552707929 0.1737313833555568 319
1627552707977 0.17365863584110713 320
1627552708016 0.17360464503927345 321
1627552708055 0.17355299156259826 322
1627552708109 0.17348817952505474 323
1627552708147 0.17344312116629698 324
1627552708181 0.1733945381009273 325
1627552708214 0.17334571125827883 326
1627552708262 0.1732930148011636 327
1627552708309 0.17323142317555873 328
1627552708359 0.17317316112913184 329
1627552708395 0.17311522925402864 330
1627552708439 0.1730584736340839 331
1627552708495 0.17298714845684762 332
1627552708541 0.17293715070931198 333
1627552708608 0.1727935347100028 334
1627552708652 0.17274007431545244 335
1627552708701 0.17267826802523065 336
1627552708753 0.1726133779003309 337
1627552708809 0.17253214102123537 338
1627552708842 0.17248677894041922 339
1627552708891 0.17243316236178344 340
1627552708931 0.17237178203840983 341
1627552708967 0.17232710116720126 342
1627552709007 0.17227343369857057 343
1627552709042 0.17222204724204704 344
1627552709077 0.17217389175869843 345
1627552709109 0.17212819866177878 346
1627552709166 0.17200581637945137 347
1627552709201 0.17195391896665965 348
1627552709257 0.17188793852227974 349
1627552709326 0.1717725536512159 350
1627552709377 0.17171530906944582 351
1627552709421 0.17166493385340414 352
1627552709472 0.17159720913660173 353
1627552709516 0.17154434878086783 354
1627552709562 0.17149519762780951 355
1627552709615 0.171430873377284 356
1627552709651 0.17137891921459864 357
1627552709697 0.17131305022394455 358
1627552709728 0.17126513795413495 359
1627552709763 0.17121796296280548 360
1627552709804 0.1711546642341543 361
1627552709844 0.17110451130564713 362
1627552709875 0.17106518953548902 363
1627552709918 0.17101499258123923 364
1627552709975 0.1709189682315949 365
1627552710023 0.17084972492561482 366
1627552710076 0.17079221619966573 367
1627552710119 0.17073656120532593 368
1627552710154 0.17068791329767738 369
1627552710207 0.17060634052295828 370
1627552710253 0.17054556294678877 371
1627552710294 0.17049438215774915 372
1627552710344 0.1704414201098329 373
1627552710381 0.1703885587918607 374
1627552710445 0.17028516182750641 375
1627552710479 0.1702389371948864 376
1627552710531 0.17017716091910956 377
1627552710590 0.17005796943909324 378
1627552710626 0.17000850177471413 379
1627552710669 0.16995985811355904 380
1627552710720 0.1699048658037623 381
1627552710780 0.1698003444772439 382
1627552710818 0.1697517536622014 383
1627552710849 0.16971033503939809 384
1627552710886 0.16965422072960165 385
1627552710923 0.1696087960239389 386
1627552710963 0.16955392410641631 387
1627552711007 0.16950389367128071 388
1627552711069 0.16939640155706298 389
1627552711103 0.16934712686502348 390
1627552711149 0.1692791512359989 391
1627552711183 0.16923760279554434 392
1627552711232 0.1691785632016112 393
1627552711290 0.16911449139175722 394
1627552711348 0.16902271626900434 395
1627552711386 0.16897468956537914 396
1627552711449 0.1688574199577405 397
1627552711492 0.1688104569312762 398
1627552711554 0.16870403038764373 399
1627552711605 0.16866249541065592 400
1627552711655 0.16858719840779723 401
1627552711692 0.16854144898922008 402
1627552711728 0.16849220183571015 403
1627552711775 0.16844084637995121 404
1627552711826 0.1683870271708795 405
1627552711874 0.16833949527555764 406
1627552711932 0.16825063419963324 407
1627552711972 0.16820290849386962 408
1627552712022 0.16815013146904018 409
1627552712061 0.16811258051532185 410
1627552712093 0.16807551679998944 411
1627552712139 0.16802631995250458 412
1627552712181 0.1679813868386023 413
1627552712216 0.16793665095445667 414
1627552712248 0.1678946788174565 415
1627552712281 0.16785760632295563 416
1627552712322 0.16781084836455734 417
1627552712369 0.16776122250560996 418
1627552712406 0.1677120973020005 419
1627552712455 0.16766165636713387 420
1627552712509 0.16761188127560145 421
1627552712541 0.1675692862370406 422
1627552712585 0.1675184481298828 423
1627552712618 0.16747536981398525 424
1627552712653 0.1674271661469019 425
1627552712686 0.16738219359698836 426
1627552712736 0.1673376501711768 427
1627552712780 0.16728675421784783 428
1627552712834 0.16723501284850575 429
1627552712864 0.16719271978625375 430
1627552712905 0.1671491317528733 431
1627552712937 0.16710579457218197 432
1627552712974 0.16706503537185122 433
1627552713016 0.1670176010193048 434
1627552713047 0.16697731790975862 435
1627552713104 0.1669073619604456 436
1627552713165 0.1668058961576361 437
1627552713199 0.16676479535478325 438
1627552713252 0.16670107027279618 439
1627552713295 0.16665309980361875 440
1627552713335 0.16661104792760761 441
1627552713377 0.1665738163212686 442
1627552713411 0.16653716953289138 443
1627552713447 0.16649538725527466 444
1627552713478 0.1664566935851088 445
1627552713529 0.16639786320832764 446
1627552713568 0.16635439402357136 447
1627552713608 0.1663090099766328 448
1627552713650 0.16626026646315664 449
1627552713702 0.16622423878414905 450
1627552713737 0.16618245556522737 451
1627552713804 0.1660540615578356 452
1627552713840 0.1660075766531219 453
1627552713873 0.1659734862224444 454
1627552713909 0.16593264804058488 455
1627552713946 0.16588711310665388 456
1627552713985 0.16584217771381557 457
1627552714044 0.16572970607404325 458
1627552714082 0.16568686810595934 459
1627552714124 0.16564471542955395 460
1627552714159 0.16560253635612995 461
1627552714189 0.1655620006458495 462
1627552714219 0.16552443771788197 463
1627552714262 0.1654855692567611 464
1627552714294 0.16544878298020074 465
1627552714345 0.16540220703102274 466
1627552714387 0.16535741359423972 467
1627552714420 0.1653149805322849 468
1627552714461 0.16526873580564383 469
1627552714511 0.1652236970091159 470
1627552714564 0.16517619863323835 471
1627552714605 0.1651324096807013 472
1627552714644 0.1650903303509337 473
1627552714685 0.16505047426211453 474
1627552714721 0.16499694258652187 475
1627552714757 0.16495129126111813 476
1627552714795 0.16490324641650286 477
1627552714835 0.16485979317856211 478
1627552714884 0.1648118263375079 479
1627552714916 0.16477389382021101 480
1627552714949 0.16473686374584393 481
1627552714983 0.1646960705642423 482
1627552715017 0.1646542377003222 483
1627552715060 0.1646015050553145 484
1627552715099 0.1645566841447573 485
1627552715137 0.16451621558240517 486
1627552715189 0.164447471193442 487
1627552715236 0.16439699557654797 488
1627552715264 0.16435997505039174 489
1627552715307 0.16431820854475918 490
1627552715346 0.1642712654382289 491
1627552715383 0.16422812739844364 492
1627552715420 0.16418437578334097 493
1627552715459 0.1641450522652835 494
1627552715503 0.1641013933269612 495
1627552715535 0.16406635626872654 496
1627552715570 0.1640295759966702 497
1627552715605 0.16398545441820167 498
1627552715642 0.16394796078956614 499
1627552715696 0.1639031976426745 500
1627552715728 0.16386227693425326 501
1627552715769 0.16382315929778443 502
1627552715822 0.16377579905063586 503
1627552715855 0.1637355099951682 504
1627552715899 0.16369200010799873 505
1627552715942 0.1636578457899828 506
1627552715985 0.1636122292506992 507
1627552716025 0.16356978407968617 508
1627552716072 0.16572970607404325 509
1627552720003 0.5103280987597006 0
1627552720150 0.47150693713521996 1
1627552720292 0.4373025341058845 2
1627552720451 0.40735428424359643 3
1627552720632 0.3812007062003184 4
1627552720797 0.3584070735017803 5
1627552720939 0.3385143481498675 6
1627552721085 0.32137824789788916 7
1627552721218 0.30653048760674995 8
1627552721371 0.29377038088584856 9
1627552721545 0.282824096201292 10
1627552721672 0.27346217348231866 11
1627552721798 0.26545195260834464 12
1627552721922 0.25865565100504073 13
1627552722056 0.25289425980378855 14
1627552722183 0.24790833236584683 15
1627552722311 0.24360032193816217 16
1627552722444 0.23988815605350847 17
1627552722574 0.23671604658234394 18
1627552722705 0.23398469952059464 19
1627552722820 0.23170979986728227 20
1627552722939 0.2296655295690197 21
1627552723056 0.2279400704282556 22
1627552723167 0.22642152365618756 23
1627552723285 0.2250692152227794 24
1627552723400 0.22395839252506067 25
1627552723507 0.2229014412475118 26
1627552723612 0.22191581946272315 27
1627552723717 0.22109900233834934 28
1627552723822 0.220328983857537 29
1627552723934 0.21966765956679915 30
1627552724069 0.2188138583102517 31
1627552724210 0.21819493988178842 32
1627552724319 0.21732475614673732 33
1627552724415 0.21678574294234 34
1627552724512 0.21610956679875032 35
1627552724635 0.21568161724977056 36
1627552724772 0.21503291354493173 37
1627552724860 0.2145347143154398 38
1627552724954 0.2140758434146695 39
1627552725055 0.21345657002855992 40
1627552725147 0.21290023599149732 41
1627552725243 0.21240642588403522 42
1627552725334 0.21204350466866945 43
1627552725433 0.21159945492780166 44
1627552725535 0.21127143710410592 45
1627552725627 0.21099152057772919 46
1627552725767 0.2105169539061351 47
1627552725862 0.2101632949381345 48
1627552725956 0.20968384544049443 49
1627552726077 0.20911260251721048 50
1627552726213 0.2088224224310852 51
1627552726343 0.20847205630168522 52
1627552726445 0.20806208014488312 53
1627552726541 0.2075151436821987 54
1627552726663 0.20728809204689735 55
1627552726780 0.2068254151668246 56
1627552726880 0.2065563672436183 57
1627552726973 0.2061245421125359 58
1627552727106 0.20581745092678355 59
1627552727220 0.20558143992841116 60
1627552727325 0.2053146091341902 61
1627552727416 0.20511881118022604 62
1627552727509 0.2048794897083521 63
1627552727602 0.20439040717750825 64
1627552727700 0.20398015580584958 65
1627552727787 0.20378515482899542 66
1627552727878 0.2033660376500968 67
1627552727959 0.2031841813276184 68
1627552728071 0.20299790604543388 69
1627552728188 0.20277178895094095 70
1627552728279 0.20257431758115038 71
1627552728377 0.20238559983218637 72
1627552728475 0.20222358405019206 73
1627552728573 0.20179397714733358 74
1627552728669 0.20157640108354832 75
1627552728752 0.2014105266624293 76
1627552728849 0.2011832668727141 77
1627552728952 0.20082891057775462 78
1627552729038 0.20065280972573496 79
1627552729128 0.2005031013065283 80
1627552729226 0.2001365707362492 81
1627552729327 0.1997777099484578 82
1627552729414 0.19949140209174396 83
1627552729513 0.19931956534003606 84
1627552729605 0.19917040071681047 85
1627552729717 0.19899527619785565 86
1627552729807 0.19886327511560792 87
1627552729924 0.19861208146785908 88
1627552730015 0.19844444714073323 89
1627552730098 0.1982960329326842 90
1627552730176 0.19805081499716176 91
1627552730296 0.19787715124739647 92
1627552730389 0.19775394858074002 93
1627552730487 0.19741746879371858 94
1627552730570 0.19724424078107056 95
1627552730652 0.19709878443309545 96
1627552730744 0.19681468008019318 97
1627552730906 0.19646445015356687 98
1627552730983 0.19631908007210633 99
1627552731085 0.1961720111047783 100
1627552731190 0.19582555304108012 101
1627552731288 0.19568129681768717 102
1627552731386 0.19554559309385022 103
1627552731462 0.19532292466337506 104
1627552731546 0.19519963785692646 105
1627552731637 0.1950744147095301 106
1627552731738 0.19484513264589381 107
1627552731809 0.19472191721968796 108
1627552731877 0.19461850386698454 109
1627552731966 0.19448472591931765 110
1627552732064 0.19419293428712647 111
1627552732178 0.1940550187622925 112
1627552732264 0.19394530143349673 113
1627552732361 0.1938202832357932 114
1627552732430 0.19363996695151686 115
1627552732499 0.19352784655288435 116
1627552732589 0.19341887896715915 117
1627552732669 0.19326664346671416 118
1627552732735 0.19314359990472793 119
1627552732832 0.19303159761160452 120
1627552732954 0.19284635104403222 121
1627552733050 0.19272047138573253 122
1627552733131 0.19256083455605527 123
1627552733243 0.1923986394614182 124
1627552733337 0.1922307371453092 125
1627552733404 0.192139621116326 126
1627552733489 0.19200556084730278 127
1627552733547 0.1919117834977613 128
1627552733621 0.191816075237093 129
1627552733696 0.19169859981267742 130
1627552733792 0.19151028858601704 131
1627552733886 0.19139400819989488 132
1627552733974 0.191279114690398 133
1627552734073 0.1910456035482804 134
1627552734167 0.1909017709463035 135
1627552734253 0.19071486707178867 136
1627552734326 0.190623308765871 137
1627552734407 0.19049205591492968 138
1627552734480 0.19040811978252248 139
1627552734595 0.19018886570364646 140
1627552734681 0.19010448932731744 141
1627552734772 0.18993249955203126 142
1627552734873 0.18971487616361618 143
1627552734972 0.18959268628320736 144
1627552735079 0.18948931910928643 145
1627552735172 0.18939822846166313 146
1627552735263 0.18929923232001086 147
1627552735340 0.18920889350367787 148
1627552735434 0.18903241103002713 149
1627552735544 0.18892550129764416 150
1627552735647 0.18882791622349301 151
1627552735715 0.18874588336713266 152
1627552735791 0.18860909001067308 153
1627552735882 0.18846863927820545 154
1627552735968 0.18825809054138276 155
1627552736051 0.18816880347507328 156
1627552736141 0.1880559922608407 157
1627552736222 0.18789055440167565 158
1627552736304 0.18780880937482983 159
1627552736392 0.18771899054243268 160
1627552736510 0.1874943620196848 161
1627552736605 0.18733485935660585 162
1627552736695 0.1871717708758682 163
1627552736763 0.18707649694942263 164
1627552736836 0.18699249063598425 165
1627552736925 0.18686607668232608 166
1627552737022 0.1866527935264706 167
1627552737114 0.1865588378097861 168
1627552737222 0.1864710389687399 169
1627552737305 0.18634104952080024 170
1627552737363 0.1862683639322845 171
1627552737440 0.18618517628730696 172
1627552737513 0.18610272256502056 173
1627552737592 0.18601803751683324 174
1627552737691 0.18593108457132107 175
1627552737769 0.18576290928738975 176
1627552737826 0.18568869171835006 177
1627552737911 0.18555516674376168 178
1627552737981 0.18548022931293898 179
1627552738043 0.185406960447779 180
1627552738121 0.1853179589752574 181
1627552738223 0.1851566050264329 182
1627552738277 0.1850932997506195 183
1627552738351 0.1850099584246593 184
1627552738412 0.1849362548803157 185
1627552738488 0.18485491113289093 186
1627552738559 0.18478034731180704 187
1627552738648 0.18458479510010448 188
1627552738710 0.1845005070407061 189
1627552738796 0.18428225219149422 190
1627552738881 0.18419863413447093 191
1627552738953 0.18412353168994486 192
1627552739035 0.18397848120951085 193
1627552739118 0.1838617105238267 194
1627552739193 0.18378460679609263 195
1627552739287 0.1836970268712009 196
1627552739366 0.18360587027356817 197
1627552739434 0.18353453738909212 198
1627552739512 0.18338412987433433 199
1627552739588 0.1833167609208778 200
1627552739667 0.18324203322756555 201
1627552739748 0.18317589995046052 202
1627552739843 0.1830104092131197 203
1627552739926 0.18287124456050746 204
1627552739985 0.18279670358407604 205
1627552740042 0.18273736531104712 206
1627552740112 0.18267690984877485 207
1627552740181 0.18259688522715437 208
1627552740268 0.18251422566256587 209
1627552740334 0.18245292039870625 210
1627552740409 0.18238899083106505 211
1627552740483 0.18232163887228764 212
1627552740621 0.1821623464013954 213
1627552740681 0.1820984683931174 214
1627552740755 0.1819785931678169 215
1627552740821 0.18191345906482048 216
1627552740913 0.18183639848805985 217
1627552741003 0.18176167754977365 218
1627552741081 0.1816596344553514 219
1627552741177 0.18146397384595234 220
1627552741284 0.18138507923627376 221
1627552741347 0.18132085517280835 222
1627552741423 0.1812446983667189 223
1627552741510 0.18111962416080904 224
1627552741608 0.18093274751119073 225
1627552741691 0.18080486513419464 226
1627552741772 0.18073254859449314 227
1627552741852 0.1806710226449038 228
1627552741931 0.18059900911608284 229
1627552742060 0.18044979676653897 230
1627552742139 0.18038198859945262 231
1627552742228 0.18029121744773746 232
1627552742313 0.1802287803814509 233
1627552742389 0.1801519370016173 234
1627552742460 0.18008481438840235 235
1627552742541 0.1800055410011259 236
1627552742612 0.17991393398766467 237
1627552742668 0.17984801681175266 238
1627552742744 0.17974538592609127 239
1627552742815 0.1796791401064447 240
1627552742884 0.17961632340487088 241
1627552742973 0.17951202346607276 242
1627552743045 0.17944797627108486 243
1627552743133 0.1793061575780854 244
1627552743210 0.17921021853600733 245
1627552743283 0.1791320383207494 246
1627552743367 0.1790659752244253 247
1627552743426 0.17900734859042375 248
1627552743498 0.17893838147101512 249
1627552743584 0.17886685694046084 250
1627552743682 0.17870985212958718 251
1627552743751 0.17862437392386016 252
1627552743822 0.178557491170552 253
1627552743872 0.1784998642475354 254
1627552743940 0.1784337139050778 255
1627552744022 0.1783579122593742 256
1627552744084 0.17829867107481742 257
1627552744156 0.17823436642953996 258
1627552744239 0.1781684166215104 259
1627552744312 0.17811229272140386 260
1627552744421 0.17802498684141374 261
1627552744469 0.17797046750551904 262
1627552744527 0.17791582682728171 263
1627552744605 0.17785735890586704 264
1627552744692 0.17778355857445197 265
1627552744753 0.17772291570733603 266
1627552744822 0.17766271298873285 267
1627552744908 0.1775968952344256 268
1627552744975 0.17746919291814123 269
1627552745026 0.1774167515041203 270
1627552745082 0.1773651721470555 271
1627552745165 0.17727263753777478 272
1627552745249 0.1771903344353896 273
1627552745321 0.17712400342549486 274
1627552745404 0.17700125293534305 275
1627552745463 0.17694601794261358 276
1627552745522 0.1768909933488729 277
1627552745601 0.17683075829110995 278
1627552745682 0.17677876254110506 279
1627552745765 0.17671919355415167 280
1627552745853 0.17665795979490168 281
1627552745914 0.1765993323603863 282
1627552745979 0.1765441467516214 283
1627552746048 0.17648496725236013 284
1627552746104 0.1764359976774851 285
1627552746180 0.17637315801831693 286
1627552746252 0.17630247462085197 287
1627552746311 0.17625084816731562 288
1627552746370 0.17619027321527997 289
1627552746434 0.17610837342253893 290
1627552746492 0.17606264475599054 291
1627552746557 0.17601316466781822 292
1627552746652 0.17585527364844078 293
1627552746711 0.1758006110240424 294
1627552746787 0.17573994345689564 295
1627552746858 0.17568664710579643 296
1627552746969 0.17562621539583664 297
1627552747031 0.17556353274543465 298
1627552747114 0.17550366453410135 299
1627552747183 0.17544501690066222 300
1627552747240 0.17539751946009763 301
1627552747315 0.17534357272984272 302
1627552747373 0.1752887811303093 303
1627552747472 0.17522237067228658 304
1627552747553 0.17516482645410972 305
1627552747620 0.17511380116668943 306
1627552747679 0.1750578429854292 307
1627552747767 0.17499659410692497 308
1627552747893 0.17485981824767136 309
1627552747976 0.17479911764675535 310
1627552748058 0.1746803807574177 311
1627552748125 0.17463559587295716 312
1627552748187 0.17458291254220107 313
1627552748246 0.17453763109091902 314
1627552748301 0.17449051007656488 315
1627552748384 0.17439023559567007 316
1627552748457 0.17433193194394725 317
1627552748521 0.17427811493628942 318
1627552748618 0.1742010771545277 319
1627552748692 0.1741451837456382 320
1627552748784 0.17408478243887085 321
1627552748861 0.17402517945618648 322
1627552748949 0.1739626741534872 323
1627552749029 0.17390617524348798 324
1627552749096 0.17385418426741436 325
1627552749161 0.17379777336899738 326
1627552749221 0.17374875805727252 327
1627552749281 0.17369462776345498 328
1627552749362 0.17362984200123632 329
1627552749466 0.17349751623717763 330
1627552749529 0.17344812556519976 331
1627552749613 0.173344606865566 332
1627552749681 0.17329828340781367 333
1627552749758 0.17324487110664633 334
1627552749843 0.17315028126760426 335
1627552749905 0.17309739854669948 336
1627552749992 0.17299139676228953 337
1627552750080 0.17289443879036528 338
1627552750172 0.17279332949213771 339
1627552750254 0.17273612233639976 340
1627552750335 0.17265896941846842 341
1627552750391 0.17261135732726401 342
1627552750512 0.17248197172283763 343
1627552750581 0.17242078803823405 344
1627552750666 0.17235565951565773 345
1627552750751 0.1722554931228408 346
1627552750811 0.17220200109840592 347
1627552750867 0.17215648175529455 348
1627552750939 0.17209315586263638 349
1627552751034 0.1719891930358782 350
1627552751116 0.17190627925114368 351
1627552751202 0.17180862109464762 352
1627552751271 0.17175906652554518 353
1627552751334 0.17171367513660957 354
1627552751390 0.17166430266615598 355
1627552751498 0.1715726032627254 356
1627552751574 0.17152149685936371 357
1627552751706 0.17145795884262652 358
1627552751798 0.17140799082739663 359
1627552751903 0.17135319363752774 360
1627552751956 0.1713036264973677 361
1627552752051 0.17114014683814766 362
1627552752114 0.17108996252432127 363
1627552752179 0.17104172322415723 364
1627552752278 0.17091790674865628 365
1627552752349 0.17086687157132646 366
1627552752408 0.1708246819443464 367
1627552752493 0.1707283081984555 368
1627552752549 0.17068494804772855 369
1627552752610 0.17063601318433322 370
1627552752677 0.17058587865466715 371
1627552752770 0.17050755602853068 372
1627552752842 0.17045716615921191 373
1627552752929 0.17039898945454351 374
1627552753002 0.1703435526402585 375
1627552753073 0.17029289423266616 376
1627552753165 0.17021628673702174 377
1627552753254 0.1701663159319057 378
1627552753318 0.17012899039602544 379
1627552753376 0.17008591495491932 380
1627552753461 0.16999534920114648 381
1627552753512 0.16995434652017863 382
1627552753587 0.16990342535506392 383
1627552753667 0.16985632198407366 384
1627552753721 0.16980760289697217 385
1627552753782 0.16975642468450006 386
1627552753844 0.1696920833757017 387
1627552753909 0.16963992620141663 388
1627552753990 0.16959224178742072 389
1627552754065 0.16954533110433645 390
1627552754125 0.1694951660465561 391
1627552754194 0.1694545146061165 392
1627552754267 0.1694138122066332 393
1627552754396 0.16926712676132624 394
1627552754469 0.16922524367868436 395
1627552754545 0.16917329443361553 396
1627552754598 0.16913145602594426 397
1627552754669 0.16907938384471072 398
1627552754726 0.1690352211538599 399
1627552754798 0.16898766418438568 400
1627552754853 0.16893999713516064 401
1627552754908 0.16889732240302463 402
1627552754972 0.16884154247971345 403
1627552755029 0.1687975564847041 404
1627552755107 0.1687362388403462 405
1627552755176 0.1686851546226124 406
1627552755244 0.16864384272420807 407
1627552755305 0.16859470331469864 408
1627552755375 0.1685417056933674 409
1627552755429 0.1685033614446692 410
1627552755500 0.16846791034107989 411
1627552755550 0.16842923170401475 412
1627552755605 0.16838461118553139 413
1627552755675 0.1683326197328278 414
1627552755747 0.1682737194199007 415
1627552755804 0.16822242195980577 416
1627552755865 0.16818117210813083 417
1627552755952 0.16808912227703268 418
1627552756014 0.1680456247189262 419
1627552756080 0.1679944790278175 420
1627552756132 0.16795560726571102 421
1627552756195 0.16790489892038224 422
1627552756258 0.16786412674669954 423
1627552756377 0.16774773776536048 424
1627552756452 0.16770536879731499 425
1627552756515 0.1676602783868843 426
1627552756574 0.1676167332077757 427
1627552756642 0.1675728078055883 428
1627552756743 0.16749073145437157 429
1627552756823 0.16744357694904013 430
1627552756929 0.16739738331275036 431
1627552757002 0.16735501107142955 432
1627552757055 0.16730860812814144 433
1627552757120 0.16726483494017136 434
1627552757174 0.16722868407636807 435
1627552757247 0.1671851956088271 436
1627552757320 0.16714698167629138 437
1627552757400 0.16710390759491017 438
1627552757463 0.167057577839029 439
1627552757522 0.16701742237448658 440
1627552757615 0.16696311029083571 441
1627552757721 0.166870814709945 442
1627552757780 0.16683431687271522 443
1627552757869 0.16677328451954962 444
1627552757954 0.16672750398359337 445
1627552758041 0.16668003893659916 446
1627552758107 0.16662857543210002 447
1627552758180 0.16657467514978863 448
1627552758262 0.166518551898459 449
1627552758340 0.1664728891653937 450
1627552758394 0.16643128955422432 451
1627552758445 0.1663886669300323 452
1627552758501 0.16635123551656114 453
1627552758566 0.16629018708992102 454
1627552758623 0.1662517092199184 455
1627552758683 0.16620612446138075 456
1627552758733 0.16616527715713317 457
1627552758814 0.16611792855870505 458
1627552758887 0.1660770985225182 459
1627552758971 0.16600086810173215 460
1627552759046 0.16595151698548508 461
1627552759104 0.16590716247428702 462
1627552759154 0.1658648167537025 463
1627552759210 0.16582060403877524 464
1627552759276 0.16577402822472187 465
1627552759335 0.165732905549999 466
1627552759410 0.16568865834124602 467
1627552759464 0.16565001771005647 468
1627552759534 0.16560544244847492 469
1627552759605 0.16556091232752593 470
1627552759660 0.16551914346948765 471
1627552759726 0.1654759784044128 472
1627552759785 0.16543845440524582 473
1627552759848 0.16540033330550302 474
1627552759907 0.16536148050124524 475
1627552759964 0.16531844392298758 476
1627552760023 0.16528083572905705 477
1627552760088 0.16522921786706574 478
1627552760145 0.16518672472826762 479
1627552760244 0.16513283302224935 480
1627552760320 0.16508163952991137 481
1627552760383 0.16503721099550187 482
1627552760439 0.16499420626230002 483
1627552760499 0.16495568065600288 484
1627552760552 0.16491629270098435 485
1627552760606 0.16488007718419917 486
1627552760663 0.16483734255531107 487
1627552760713 0.16479036794392238 488
1627552760771 0.16475336413313163 489
1627552760827 0.16471349488233855 490
1627552760890 0.1646748243038052 491
1627552760955 0.1646338789403119 492
1627552761018 0.16459344123952915 493
1627552761073 0.16455758122939956 494
1627552761139 0.1645151140668201 495
1627552761190 0.16447885312190183 496
1627552761247 0.16444470698801214 497
1627552761298 0.16440948185904652 498
1627552761374 0.1643531725235942 499
1627552761447 0.1643099406261432 500
1627552761519 0.16424125884513188 501
1627552761570 0.16420716444783975 502
1627552761652 0.16412428382305558 503
1627552761702 0.16408627548307736 504
1627552761765 0.1640407641488811 505
1627552761831 0.16400052890233074 506
1627552761882 0.1639611984631168 507
1627552761948 0.16392110062344675 508
1627552762004 0.16387861509188256 509
1627552762065 0.16383536830301088 510
1627552762123 0.1637974228605665 511
1627552762181 0.16375928762690456 512
1627552762238 0.16590716247428702 513
