1627563076584 0.0010987332964800776 0
1627563076727 0.0010135523206662666 1
1627563076855 0.0009382283040203115 2
1627563076981 0.0008720129436529246 3
1627563077106 0.0008138192788963073 4
1627563077232 0.0007632754600124101 5
1627563077357 0.0007193673317182462 6
1627563077486 0.0006815781894768373 7
1627563077608 0.0006489629240068074 8
1627563077739 0.0006207775066207688 9
1627563077851 0.0005964308676556043 10
1627563077989 0.0005755510801719243 11
1627563078178 0.0005576450978042928 12
1627563078342 0.0005425792049551798 13
1627563078454 0.0005294778520187301 14
1627563078571 0.000518586505902566 15
1627563078681 0.0005092182653378711 16
1627563078824 0.0005015071552385602 17
1627563078950 0.0004948298279178004 18
1627563079086 0.0004887936662516764 19
1627563079247 0.00048373290241158644 20
1627563079350 0.00047940248467835396 21
1627563079513 0.00047560059863073327 22
1627563079662 0.000472143824047203 23
1627563079760 0.0004690697220914254 24
1627563079896 0.0004663207565458066 25
1627563079989 0.00046401916352425303 26
1627563080091 0.0004618371345356553 27
1627563080191 0.0004595955620748513 28
1627563080282 0.0004573085293668612 29
1627563080398 0.0004553150329095451 30
1627563080504 0.0004537421786031422 31
1627563080615 0.000452021419974848 32
1627563080726 0.0004505299321802125 33
1627563080859 0.00044878793470847286 34
1627563080970 0.00044732924183896823 35
1627563081079 0.0004453703280359867 36
1627563081181 0.0004435219766285213 37
1627563081281 0.0004423917028206393 38
1627563081385 0.00043994885972169857 39
1627563081493 0.000438876324468339 40
1627563081613 0.0004363259327239976 41
1627563081742 0.00043530296393059066 42
1627563081843 0.0004331824805948014 43
1627563081932 0.00043234167021905103 44
1627563082030 0.00043153871095618116 45
1627563082124 0.00043078600698745283 46
1627563082212 0.00042894562672269357 47
1627563082295 0.00042797600112127305 48
1627563082418 0.00042724202556493243 49
1627563082536 0.0004250772710837216 50
1627563082626 0.00042437172797163083 51
1627563082728 0.0004231226552772777 52
1627563082833 0.00042185964792147994 53
1627563082916 0.0004212437433235715 54
1627563083009 0.00042021361719749375 55
1627563083122 0.00041830584922251235 56
1627563083215 0.00041735649399398376 57
1627563083298 0.00041659743480494226 58
1627563083405 0.00041499462464438994 59
1627563083529 0.0004143378423751853 60
1627563083643 0.0004137789812333005 61
1627563083745 0.0004126983088974924 62
1627563083828 0.0004121521913392334 63
1627563083964 0.00041147283322783874 64
1627563084116 0.0004099052655898225 65
1627563084233 0.00040888426812001494 66
1627563084383 0.0004078445491022838 67
1627563084531 0.0004068331545147928 68
1627563084651 0.000405523489761585 69
1627563084791 0.0004049212523977286 70
1627563084908 0.0004043148695130588 71
1627563084998 0.00040383344936486415 72
1627563085141 0.0004027308880462778 73
1627563085240 0.0004021057594628432 74
1627563085330 0.000401497914035221 75
1627563085446 0.0004008963009603549 76
1627563085545 0.0004004256205571687 77
1627563085639 0.0003999095166610473 78
1627563085739 0.0003989587268107511 79
1627563085831 0.0003984278705642963 80
1627563085917 0.00039792474491482716 81
1627563086012 0.0003972541411165291 82
1627563086100 0.0003967467207985849 83
1627563086188 0.0003963024775962787 84
1627563086279 0.0003958058057640379 85
1627563086357 0.00039522488956198224 86
1627563086467 0.00039457034413193954 87
1627563086564 0.0003940495624924461 88
1627563086662 0.0003934992613462007 89
1627563086746 0.0003930320185241729 90
1627563086861 0.0003920699295825184 91
1627563086955 0.00039161105068995857 92
1627563087035 0.00039093935818725257 93
1627563087115 0.00039046419529568835 94
1627563087199 0.00038993815657565966 95
1627563087277 0.0003894878049376203 96
1627563087368 0.000388937015834159 97
1627563087430 0.00038853477932197995 98
1627563087513 0.00038812251116002085 99
1627563087623 0.000387439203473147 100
1627563087721 0.000386658176358564 101
1627563087795 0.00038628230018154173 102
1627563087866 0.00038587437298836526 103
1627563087946 0.0003854899549544778 104
1627563088049 0.0003847200429354649 105
1627563088143 0.0003842687836647183 106
1627563088223 0.000383844549998508 107
1627563088331 0.0003834283498606643 108
1627563088431 0.00038304560023969133 109
1627563088514 0.0003824700892300513 110
1627563088603 0.0003820533584637522 111
1627563088675 0.00038169290637031343 112
1627563088756 0.00038130297167797607 113
1627563088834 0.00038092961914935474 114
1627563088926 0.00038052382720409723 115
1627563089002 0.0003801508318191054 116
1627563089092 0.00037964534915137536 117
1627563089177 0.00037923634312128055 118
1627563089267 0.00037861764396349514 119
1627563089364 0.00037789377752475467 120
1627563089428 0.00037756357476829327 121
1627563089517 0.00037709087692518824 122
1627563089637 0.00037669597193780414 123
1627563089777 0.0003763077884044505 124
1627563089874 0.0003758879231785236 125
1627563089956 0.00037556597807012626 126
1627563090038 0.0003750276713822709 127
1627563090133 0.0003744390929924956 128
1627563090249 0.00037409901006627434 129
1627563090334 0.0003737802284674629 130
1627563090400 0.00037344297085844044 131
1627563090492 0.00037313114910089067 132
1627563090592 0.00037277066767894184 133
1627563090672 0.0003724402131611836 134
1627563090784 0.00037208892291926095 135
1627563090899 0.0003717406111931021 136
1627563091015 0.00037140050682779477 137
1627563091088 0.0003710322939578616 138
1627563091154 0.0003707019867819182 139
1627563091228 0.0003703686463760885 140
1627563091293 0.00037007081794374134 141
1627563091365 0.0003697687913954131 142
1627563091443 0.0003694325084387883 143
1627563091525 0.00036911004956876855 144
1627563091618 0.0003686341426090384 145
1627563091692 0.0003683049482798718 146
1627563091778 0.0003679207992937757 147
1627563091847 0.0003675802525650192 148
1627563091924 0.0003672733044338391 149
1627563092032 0.00036675448833819703 150
1627563092109 0.0003664367202456691 151
1627563092177 0.0003661421857707089 152
1627563092292 0.00036562568070991856 153
1627563092377 0.000365323242256856 154
1627563092481 0.00036502991918701085 155
1627563092572 0.0003647560931874931 156
1627563092662 0.0003645069148254253 157
1627563092755 0.00036423947934801867 158
1627563092881 0.000363862233102474 159
1627563092963 0.00036360982995904884 160
1627563093035 0.00036334451125282397 161
1627563093101 0.00036309809920188836 162
1627563093178 0.0003628427399700133 163
1627563093243 0.00036258239082141995 164
1627563093327 0.000362290719445729 165
1627563093438 0.0003620203406509915 166
1627563093534 0.0003617206035253102 167
1627563093612 0.00036145338328460937 168
1627563093711 0.00036095329864978666 169
1627563093790 0.0003606537801476485 170
1627563093863 0.0003603912856737822 171
1627563093968 0.0003598506033140644 172
1627563094045 0.00035955777872181385 173
1627563094109 0.0003592846821495438 174
1627563094180 0.0003589780819557123 175
1627563094263 0.0003586546906281154 176
1627563094354 0.00035841766774766297 177
1627563094465 0.0003581627207076534 178
1627563094537 0.0003578863574847452 179
1627563094605 0.0003576250582981016 180
1627563094720 0.0003573384208378825 181
1627563094806 0.00035708565614183036 182
1627563094901 0.00035660561406767536 183
1627563094979 0.00035631365611669974 184
1627563095054 0.0003560469912002573 185
1627563095148 0.0003556220111867555 186
1627563095212 0.00035536352662055227 187
1627563095284 0.00035510807623975 188
1627563095449 0.00035461227954361186 189
1627563095531 0.0003543445995441926 190
1627563095620 0.000354111647768458 191
1627563095680 0.00035389180640885495 192
1627563095764 0.0003536481069607844 193
1627563095838 0.0003533828348264755 194
1627563095919 0.0003531335469916052 195
1627563095998 0.00035291086139710236 196
1627563096104 0.0003526825391645169 197
1627563096203 0.00035245312506725573 198
1627563096282 0.0003521535489422799 199
1627563096385 0.00035180102335071297 200
1627563096463 0.00035155378933923455 201
1627563096525 0.0003513149883269022 202
1627563096589 0.0003510563066807656 203
1627563096660 0.00035079662584906106 204
1627563096717 0.00035057340520703044 205
1627563096786 0.0003503192703295214 206
1627563096878 0.0003500780876752223 207
1627563096949 0.0003498616516559435 208
1627563097034 0.0003496591318744588 209
1627563097143 0.0003493865251813705 210
1627563097209 0.0003491541981030521 211
1627563097304 0.000348878952665145 212
1627563097406 0.0003486427715922954 213
1627563097475 0.0003484162466311517 214
1627563097568 0.0003481769700614853 215
1627563097639 0.00034790371913792384 216
1627563097712 0.0003476702711278592 217
1627563097777 0.0003474250482437829 218
1627563097834 0.00034721105291119316 219
1627563097898 0.0003470007602077865 220
1627563097958 0.0003468105781970563 221
1627563098037 0.00034660052032488953 222
1627563098141 0.0003464026409363475 223
1627563098215 0.0003461831413918891 224
1627563098270 0.00034599748136286386 225
1627563098345 0.0003457054673303158 226
1627563098400 0.00034551766147969816 227
1627563098481 0.0003452573515854447 228
1627563098545 0.00034504862526415727 229
1627563098611 0.0003448163309242045 230
1627563098689 0.0003445308199828709 231
1627563098763 0.00034428409583457653 232
1627563098833 0.00034406157611034573 233
1627563098906 0.00034383349627391464 234
1627563098978 0.0003435863862157508 235
1627563099070 0.0003433420997328449 236
1627563099139 0.0003431235636204417 237
1627563099210 0.00034289592581701026 238
1627563099279 0.0003426734678080553 239
1627563099348 0.0003424739601433355 240
1627563099429 0.0003422091620280047 241
1627563099498 0.0003419608201526461 242
1627563099581 0.000341643212399072 243
1627563099650 0.000341427794995869 244
1627563099762 0.0003411502095132554 245
1627563099816 0.0003409410081242669 246
1627563099885 0.0003407175013939296 247
1627563099952 0.0003404832459208198 248
1627563100024 0.0003402666124470828 249
1627563100105 0.00034001946917199834 250
1627563100164 0.00033982878388481234 251
1627563100223 0.0003396483856496118 252
1627563100322 0.0003393236165985509 253
1627563100412 0.000338994261711989 254
1627563100497 0.0003387118073835007 255
1627563100569 0.00033845707769465346 256
1627563100647 0.0003382605785075813 257
1627563100710 0.0003380479239132806 258
1627563100779 0.00033787234700280726 259
1627563100863 0.0003376016434328956 260
1627563100923 0.00033741020552733296 261
1627563100990 0.0003372373230266108 262
1627563101057 0.0003370057426653498 263
1627563101131 0.00033675569826041005 264
1627563101197 0.0003365475464435102 265
1627563101279 0.00033626175033679175 266
1627563101357 0.000335997845377366 267
1627563101424 0.00033577767774128464 268
1627563101490 0.00033558316275944647 269
1627563101601 0.0003353837952336611 270
1627563101691 0.00033517502047283025 271
1627563101762 0.0003349941332376565 272
1627563101825 0.00033479215610492406 273
1627563101901 0.0003346196855722788 274
1627563101967 0.0003344407848397682 275
1627563102032 0.0003342440244443121 276
1627563102099 0.0003340087248531652 277
1627563102163 0.00033379557579065665 278
1627563102240 0.000333524147103287 279
1627563102296 0.00033332662431398446 280
1627563102360 0.00033316914133264374 281
1627563102427 0.0003329748343009871 282
1627563102497 0.00033277955310181614 283
1627563102564 0.0003325949342548436 284
1627563102627 0.0003324080577833086 285
1627563102690 0.00033224106732577125 286
1627563102765 0.0003319817188344803 287
1627563102829 0.0003317892766229227 288
1627563102903 0.0003315993485237238 289
1627563102966 0.00033140552765324635 290
1627563103031 0.000331242375105813 291
1627563103103 0.0003310477097047391 292
1627563103160 0.00033087346268948615 293
1627563103242 0.00033067344590814127 294
1627563103324 0.0003304947984127847 295
1627563103421 0.00033028738310481975 296
1627563103468 0.00033013218517525557 297
1627563103520 0.00032994489431399405 298
1627563103652 0.00032966705575406484 299
1627563103756 0.00032946420172809084 300
1627563103826 0.0003292463967758846 301
1627563103887 0.0003290731208533685 302
1627563103973 0.0003289200565076679 303
1627563104073 0.00032873015166696117 304
1627563104161 0.00032856567063052557 305
1627563104245 0.00032837906247446555 306
1627563104328 0.0003281680840801752 307
1627563104383 0.00032800650851314765 308
1627563104468 0.00032781027800355507 309
1627563104523 0.0003276601404517409 310
1627563104625 0.0003274898269363966 311
1627563104698 0.0003273181287521232 312
1627563104795 0.00032698491225871394 313
1627563104886 0.0003267911117377158 314
1627563104967 0.00032661544007086385 315
1627563105039 0.0003264446025424001 316
1627563105104 0.000326260545422038 317
1627563105176 0.0003260788643415385 318
1627563105238 0.00032591539838716654 319
1627563105294 0.00032572102476279507 320
1627563105354 0.0003255273142795117 321
1627563105427 0.0003252975465279769 322
1627563105492 0.0003251035466989237 323
1627563105585 0.00032490390879374764 324
1627563105682 0.0003247415250276572 325
1627563105739 0.00032457206405859444 326
1627563105810 0.0003243942457174921 327
1627563105875 0.0003242423719614269 328
1627563105938 0.0003240688650389742 329
1627563106000 0.0003239133332283567 330
1627563106060 0.0003237325633185495 331
1627563106124 0.0003235357326631644 332
1627563106185 0.00032333133557328574 333
1627563106249 0.0003231547045432928 334
1627563106333 0.00032297966955365014 335
1627563106434 0.00032279595667155335 336
1627563106500 0.00032263183407727104 337
1627563106565 0.00032245904830421635 338
1627563106634 0.0003223164091134279 339
1627563106703 0.00032211943785168226 340
1627563106760 0.00032196338039716454 341
1627563106818 0.0003218068714356281 342
1627563106890 0.0003215979984620433 343
1627563106945 0.0003214434083560529 344
1627563107009 0.00032125878643052204 345
1627563107090 0.00032106175298186136 346
1627563107154 0.0003209206561960028 347
1627563107218 0.0003207662941403545 348
1627563107282 0.00032057655844529027 349
1627563107365 0.00032040605559770273 350
1627563107452 0.00032024133163006415 351
1627563107522 0.00032008082965293857 352
1627563107605 0.00031995364671954266 353
1627563107682 0.00031978499138582916 354
1627563107757 0.0003196050198044175 355
1627563107828 0.00031943668804835064 356
1627563107883 0.0003193007689980143 357
1627563107988 0.000319103543423939 358
1627563108047 0.0003189337724876709 359
1627563108129 0.0003186778395658228 360
1627563108187 0.0003185465372714257 361
1627563108259 0.00031837619653410495 362
1627563108331 0.00031821006737381354 363
1627563108429 0.00032698491225871394 364
1627563112601 0.0010985543464770771 0
1627563112756 0.0010133982384506108 1
1627563112893 0.0009382648673258545 2
1627563113029 0.0008721784158704258 3
1627563113166 0.0008141977148327769 4
1627563113292 0.000763678656302383 5
1627563113432 0.0007199871336569524 6
1627563113606 0.0006821500006302585 7
1627563113756 0.0006496808451749236 8
1627563113873 0.000621483182505726 9
1627563113993 0.0005971828257255223 10
1627563114114 0.0005764116585879205 11
1627563114264 0.0005585528983708385 12
1627563114389 0.0005435526393315143 13
1627563114500 0.0005305996425571727 14
1627563114620 0.0005197239590043166 15
1627563114723 0.000510327737408694 16
1627563114838 0.0005025802685479368 17
1627563114948 0.0004959667280161515 18
1627563115054 0.0004899289694761534 19
1627563115154 0.0004846913245064729 20
1627563115261 0.00048038364548874316 21
1627563115377 0.00047660332901188266 22
1627563115483 0.000472603669410307 23
1627563115589 0.00046947422957909336 24
1627563115689 0.0004669177733067607 25
1627563115790 0.00046453338188336005 26
1627563115903 0.0004621145122223836 27
1627563116003 0.00045996586353816665 28
1627563116104 0.0004578361798576785 29
1627563116194 0.00045606183266629665 30
1627563116295 0.0004546027799960314 31
1627563116422 0.000452880068856275 32
1627563116520 0.00045140262207003556 33
1627563116606 0.000449882483755814 34
1627563116728 0.0004477182802110568 35
1627563116821 0.00044610315561872856 36
1627563116919 0.00044408028866556575 37
1627563117013 0.0004427823636774951 38
1627563117112 0.00044092775896013424 39
1627563117205 0.0004399713691039388 40
1627563117301 0.00043820184119390526 41
1627563117408 0.0004362110442349609 42
1627563117512 0.00043440715095750923 43
1627563117613 0.00043276483526393525 44
1627563117694 0.00043206889296646767 45
1627563117784 0.000430850276873936 46
1627563117925 0.000429143043332387 47
1627563118070 0.0004280947119609085 48
1627563118233 0.0004270840085506074 49
1627563118358 0.000425041753903081 50
1627563118447 0.0004242807150191019 51
1627563118539 0.00042351586755567494 52
1627563118637 0.00042226041327186366 53
1627563118727 0.0004215021984507234 54
1627563118819 0.0004208428140029967 55
1627563118932 0.00041927718892585485 56
1627563119022 0.00041851438332582766 57
1627563119104 0.00041788168567605325 58
1627563119223 0.0004162917255254295 59
1627563119312 0.00041561599079078463 60
1627563119444 0.0004150639184083938 61
1627563119540 0.00041434461855561523 62
1627563119652 0.00041377827799370077 63
1627563119787 0.00041245749368564274 64
1627563119959 0.00041098337872460476 65
1627563120075 0.0004103039680310008 66
1627563120161 0.00040962874880582826 67
1627563120260 0.00040819439765301665 68
1627563120357 0.0004075612108101351 69
1627563120457 0.00040697342487059713 70
1627563120560 0.0004060996202821906 71
1627563120643 0.0004055498897920255 72
1627563120743 0.00040497547304727384 73
1627563120831 0.0004044411131585103 74
1627563120930 0.00040338656722499987 75
1627563121017 0.0004028608705636821 76
1627563121116 0.00040227324671936215 77
1627563121224 0.0004012743435464592 78
1627563121322 0.0004000308993683928 79
1627563121404 0.00039948072463764656 80
1627563121523 0.0003989961886448657 81
1627563121621 0.00039832434414972573 82
1627563121707 0.00039777153312839863 83
1627563121822 0.00039727196904045534 84
1627563121916 0.00039664645003696593 85
1627563122009 0.0003961316487616188 86
1627563122106 0.00039553605264797185 87
1627563122220 0.0003950803976397853 88
1627563122336 0.00039452212968816875 89
1627563122418 0.00039405554616284177 90
1627563122500 0.00039358597571945196 91
1627563122625 0.0003931761239738753 92
1627563122721 0.00039227449053406196 93
1627563122801 0.00039180156457340425 94
1627563122888 0.0003913124075706278 95
1627563122974 0.00039065942045677385 96
1627563123080 0.00039020241171127513 97
1627563123197 0.00038978192170953407 98
1627563123334 0.000389349056273028 99
1627563123435 0.00038894938559549497 100
1627563123521 0.0003884229307690786 101
1627563123600 0.00038803647207178864 102
1627563123666 0.00038765116615845405 103
1627563123743 0.00038723091439304817 104
1627563123825 0.0003868624469153043 105
1627563123922 0.00038623268901999457 106
1627563124022 0.0003855295777586912 107
1627563124119 0.0003848172311808892 108
1627563124217 0.0003840609444564018 109
1627563124313 0.0003836543848556818 110
1627563124393 0.00038323326316849857 111
1627563124494 0.00038247857469289284 112
1627563124577 0.0003820635200898932 113
1627563124673 0.0003815588876785451 114
1627563124773 0.0003808146436683505 115
1627563124834 0.0003804772535297177 116
1627563124916 0.0003801173152912101 117
1627563124994 0.00037973179577311414 118
1627563125083 0.0003793861741328873 119
1627563125153 0.00037899803316633596 120
1627563125232 0.00037864101379879396 121
1627563125320 0.00037826428208608334 122
1627563125396 0.0003778787085582677 123
1627563125446 0.00037754539566119106 124
1627563125527 0.0003771924581208249 125
1627563125659 0.0003765745170732013 126
1627563125755 0.00037623740426145333 127
1627563125833 0.0003759208420408484 128
1627563125918 0.0003754698841560761 129
1627563126018 0.00037488720441285585 130
1627563126100 0.0003745499812214306 131
1627563126179 0.00037421453521573885 132
1627563126265 0.00037369961825521223 133
1627563126361 0.00037321242648383554 134
1627563126471 0.0003725705218153797 135
1627563126530 0.00037222841753112724 136
1627563126604 0.0003718357094172761 137
1627563126670 0.000371528856910255 138
1627563126748 0.00037118825575250565 139
1627563126827 0.00037083444061709344 140
1627563126912 0.0003704761629029473 141
1627563126993 0.0003701389815065246 142
1627563127079 0.00036981260194767347 143
1627563127149 0.0003694934428832245 144
1627563127218 0.000369171045781414 145
1627563127302 0.0003688535659550017 146
1627563127418 0.0003682737502544552 147
1627563127525 0.0003679479034275589 148
1627563127608 0.00036761172073990293 149
1627563127698 0.0003672984608695028 150
1627563127782 0.0003668952750565746 151
1627563127844 0.00036663171000727684 152
1627563127932 0.0003662788486579039 153
1627563127996 0.00036601796476042406 154
1627563128071 0.000365761276264721 155
1627563128153 0.000365369351863506 156
1627563128280 0.00036505293958245957 157
1627563128354 0.00036476134530266316 158
1627563128450 0.00036431747825308667 159
1627563128524 0.000364038384978846 160
1627563128583 0.0003637891458044227 161
1627563128659 0.0003634860368024151 162
1627563128712 0.00036325842969501154 163
1627563128782 0.00036299170062469596 164
1627563128847 0.0003626940751077458 165
1627563128929 0.0003623346488502784 166
1627563128999 0.00036206196284622143 167
1627563129063 0.00036182306658543594 168
1627563129135 0.0003615439569362575 169
1627563129200 0.00036125691735517144 170
1627563129276 0.0003609510721484171 171
1627563129362 0.0003605201592364845 172
1627563129428 0.00036027613059940643 173
1627563129505 0.00035995371303374044 174
1627563129575 0.0003596701875281034 175
1627563129647 0.0003594022371691574 176
1627563129712 0.00035915257351146754 177
1627563129782 0.0003588683199105946 178
1627563129857 0.0003585674262490423 179
1627563129934 0.00035823778276284127 180
1627563130024 0.00035787293332526545 181
1627563130098 0.0003575074253709457 182
1627563130208 0.0003570381112015861 183
1627563130277 0.0003567563269334002 184
1627563130360 0.0003564899434314487 185
1627563130432 0.00035621663823076323 186
1627563130501 0.00035598109939719914 187
1627563130578 0.0003556949781145904 188
1627563130669 0.0003552632505263242 189
1627563130739 0.0003550102655770469 190
1627563130795 0.0003547793249297254 191
1627563130886 0.0003545222777450397 192
1627563130940 0.0003543259425521965 193
1627563131021 0.00035403588350334524 194
1627563131133 0.00035376690073659977 195
1627563131237 0.000353388873252036 196
1627563131336 0.00035297913170348705 197
1627563131399 0.00035273776509578663 198
1627563131477 0.0003524671941140103 199
1627563131557 0.0003522389330503438 200
1627563131629 0.0003519747158169016 201
1627563131704 0.00035171875816457197 202
1627563131766 0.00035147264912277525 203
1627563131837 0.00035123720504974136 204
1627563131900 0.00035099960073873215 205
1627563131987 0.00035075540414733063 206
1627563132067 0.0003505172495053148 207
1627563132135 0.00035028907625249503 208
1627563132212 0.0003500471336942131 209
1627563132280 0.00034980955480652524 210
1627563132355 0.0003495612917177636 211
1627563132421 0.000349298162991437 212
1627563132489 0.0003490787627208189 213
1627563132576 0.00034881783132254993 214
1627563132651 0.00034858382355215553 215
1627563132746 0.00034833888308194807 216
1627563132848 0.0003481342272098139 217
1627563132932 0.0003478785833086382 218
1627563132997 0.0003476470773704219 219
1627563133059 0.0003474374524185907 220
1627563133119 0.0003472389633393788 221
1627563133190 0.00034703032832670454 222
1627563133267 0.000346746839762281 223
1627563133339 0.000346524858612299 224
1627563133417 0.0003462629667650799 225
1627563133478 0.00034606170835907137 226
1627563133559 0.000345797295421526 227
1627563133633 0.00034552364388667144 228
1627563133713 0.00034530076605966806 229
1627563133770 0.00034511715450425714 230
1627563133833 0.00034491415312858786 231
1627563133904 0.00034471271043364036 232
1627563133999 0.00034438063910174086 233
1627563134081 0.0003441730202380666 234
1627563134159 0.0003439177926116207 235
1627563134219 0.0003436936110727552 236
1627563134293 0.00034346298806322683 237
1627563134357 0.0003432522452083253 238
1627563134422 0.00034304029020459014 239
1627563134480 0.0003428455849264486 240
1627563134544 0.0003426299075226326 241
1627563134615 0.0003423801270334649 242
1627563134671 0.0003421548603925096 243
1627563134725 0.00034195366705077875 244
1627563134780 0.00034179524392740165 245
1627563134843 0.00034156117550612937 246
1627563134914 0.0003413051326568194 247
1627563134974 0.00034111261865479067 248
1627563135031 0.00034094872872607204 249
1627563135130 0.0003406736082378536 250
1627563135214 0.00034035410371631403 251
1627563135287 0.00034012734056708676 252
1627563135354 0.00033990828580873105 253
1627563135417 0.00033974937632664116 254
1627563135493 0.0003395073940283656 255
1627563135565 0.00033927481748794467 256
1627563135658 0.00033905451834418787 257
1627563135734 0.00033885903417448085 258
1627563135819 0.00033858958909628774 259
1627563135892 0.00033836924522429414 260
1627563135988 0.00033803629204236674 261
1627563136058 0.0003378353736334508 262
1627563136109 0.00033763926725895654 263
1627563136181 0.0003374495242303271 264
1627563136260 0.0003372451341523605 265
1627563136334 0.0003369948756013332 266
1627563136388 0.0003368460468843837 267
1627563136453 0.00033660196910476905 268
1627563136504 0.0003364262318589877 269
1627563136573 0.0003362322705558441 270
1627563136635 0.0003360623987257808 271
1627563136695 0.00033586273916318723 272
1627563136768 0.0003356241695246277 273
1627563136829 0.0003354006016556961 274
1627563136885 0.0003352193713365819 275
1627563136954 0.0003350258969414159 276
1627563137033 0.0003348597555076996 277
1627563137140 0.0003346554983948771 278
1627563137246 0.0003344500219657143 279
1627563137312 0.0003342452109176609 280
1627563137389 0.0003339939432224178 281
1627563137465 0.00033380205977302183 282
1627563137531 0.00033362684461585974 283
1627563137622 0.00033337175622299146 284
1627563137685 0.00033319247136644143 285
1627563137749 0.0003329671899441097 286
1627563137815 0.000332755998315112 287
1627563137879 0.0003325912128460962 288
1627563137953 0.00033238388628028804 289
1627563138026 0.00033219288916614835 290
1627563138085 0.0003319998209844629 291
1627563138147 0.00033181182335169905 292
1627563138210 0.00033163008449910457 293
1627563138277 0.0003314185176990182 294
1627563138343 0.0003312136995045448 295
1627563138409 0.00033101819868188326 296
1627563138470 0.0003308476252812659 297
1627563138539 0.0003306567116252311 298
1627563138613 0.00033047672596426414 299
1627563138702 0.0003302980424248248 300
1627563138768 0.0003301007038744896 301
1627563138863 0.0003299039310701438 302
1627563138939 0.00032971240153967506 303
1627563139018 0.0003294648424541251 304
1627563139082 0.00032929173094475373 305
1627563139134 0.0003291032141894893 306
1627563139192 0.0003289541049818969 307
1627563139259 0.0003287832524752334 308
1627563139327 0.0003286169456691068 309
1627563139400 0.000328419448816664 310
1627563139470 0.00032820211466799384 311
1627563139561 0.00033803629204236674 312
1627563143640 0.0010995683449565705 0
1627563143773 0.0010146336044337622 1
1627563143899 0.0009393516272573013 2
1627563144035 0.0008730917258280008 3
1627563144154 0.0008149167078531564 4
1627563144279 0.0007643309800750494 5
1627563144412 0.0007204920231182277 6
1627563144543 0.0006826040518049739 7
1627563144677 0.0006499200183312829 8
1627563144798 0.0006218159091270569 9
1627563144963 0.0005973500888742795 10
1627563145159 0.0005765241573425647 11
1627563145286 0.0005585381425213506 12
1627563145440 0.0005434286087200662 13
1627563145562 0.0005303444729173847 14
1627563145715 0.0005193563466829011 15
1627563145844 0.0005099697463674977 16
1627563145964 0.000502161634085773 17
1627563146083 0.0004954466050335757 18
1627563146200 0.0004894039935234537 19
1627563146304 0.00048419066000703217 20
1627563146408 0.0004798018504735439 21
1627563146524 0.0004760070842705859 22
1627563146621 0.00047241404132342086 23
1627563146724 0.0004689431870391847 24
1627563146824 0.0004663015376181644 25
1627563146927 0.00046372228199321195 26
1627563147030 0.00046153209832598956 27
1627563147144 0.0004596465655459284 28
1627563147243 0.0004576565600648646 29
1627563147338 0.00045555547375997484 30
1627563147441 0.0004539995125115105 31
1627563147583 0.00045196008820430785 32
1627563147699 0.00044985573235574054 33
1627563147785 0.00044848730469061233 34
1627563147873 0.0004471780970319366 35
1627563147996 0.0004450552848482225 36
1627563148098 0.00044295200503599304 37
1627563148218 0.00044161921879892226 38
1627563148323 0.0004405698786306822 39
1627563148414 0.0004396499177700627 40
1627563148512 0.000438034899842404 41
1627563148621 0.0004361820506180108 42
1627563148721 0.00043427940328708605 43
1627563148815 0.0004330853148174855 44
1627563148945 0.00043236378044453236 45
1627563149054 0.00043049643892865595 46
1627563149190 0.0004293056030578714 47
1627563149342 0.0004280333826027926 48
1627563149453 0.00042661904715332843 49
1627563149558 0.0004248232624670063 50
1627563149649 0.000424054400900217 51
1627563149734 0.00042304399004763275 52
1627563149872 0.00042101384021513486 53
1627563149975 0.00041992379805853863 54
1627563150068 0.00041920021159246035 55
1627563150191 0.0004183236594329153 56
1627563150287 0.0004176032697807315 57
1627563150379 0.00041694669374364854 58
1627563150539 0.00041524539484573154 59
1627563150662 0.0004146181954178236 60
1627563150843 0.0004130679987072062 61
1627563150960 0.0004122563113606707 62
1627563151038 0.00041169019392933487 63
1627563151133 0.00041050560443183946 64
1627563151223 0.0004094992851511142 65
1627563151308 0.00040890621482707844 66
1627563151410 0.000408322938460011 67
1627563151527 0.00040686320723802864 68
1627563151643 0.00040619981120334483 69
1627563151784 0.00040557931350665324 70
1627563151885 0.0004049552272126657 71
1627563151985 0.0004041913600840906 72
1627563152083 0.000403605742283383 73
1627563152235 0.00040306818328361113 74
1627563152376 0.0004025557299359032 75
1627563152475 0.0004020757210827782 76
1627563152561 0.00040156277331009527 77
1627563152673 0.00040108683553190434 78
1627563152814 0.0004006103891172169 79
1627563152960 0.0004000242362899847 80
1627563153061 0.00039884508368733776 81
1627563153210 0.00039797367812777955 82
1627563153347 0.00039748695913512994 83
1627563153465 0.0003970082942071526 84
1627563153546 0.00039653334614277245 85
1627563153661 0.00039603748389715977 86
1627563153790 0.0003955126427472219 87
1627563153923 0.00039504746139147536 88
1627563154021 0.00039426943785357646 89
1627563154117 0.0003934073844221097 90
1627563154254 0.0003928219230898825 91
1627563154368 0.00039170777277215403 92
1627563154510 0.0003911142569711493 93
1627563154603 0.000390665934846641 94
1627563154700 0.00038999297928130126 95
1627563154819 0.000389602923708618 96
1627563154909 0.00038917652939582907 97
1627563155043 0.00038843466629340766 98
1627563155135 0.0003880155310708793 99
1627563155238 0.0003876178372572739 100
1627563155335 0.0003870425076249239 101
1627563155425 0.00038630022250831224 102
1627563155511 0.0003858139226234349 103
1627563155592 0.0003854058174016974 104
1627563155670 0.00038499085447163834 105
1627563155759 0.00038440543582503577 106
1627563155846 0.0003840151835890187 107
1627563155932 0.0003835462605566426 108
1627563156009 0.0003831669761092713 109
1627563156118 0.0003823874429648864 110
1627563156206 0.0003819842754416235 111
1627563156302 0.0003812883406652476 112
1627563156371 0.0003809349479413848 113
1627563156453 0.0003805629504698883 114
1627563156545 0.0003799406913331778 115
1627563156614 0.0003795946637399368 116
1627563156713 0.00037894378725935267 117
1627563156806 0.0003785508484001933 118
1627563156925 0.0003781903653504092 119
1627563157003 0.0003778411531473505 120
1627563157088 0.00037742663167404634 121
1627563157156 0.0003770887052456201 122
1627563157240 0.0003767288182634056 123
1627563157315 0.00037638984002103437 124
1627563157392 0.00037606154654225044 125
1627563157468 0.00037569709638947483 126
1627563157553 0.0003751999644669851 127
1627563157640 0.00037490170624614 128
1627563157759 0.00037443525939880073 129
1627563157852 0.0003740872201059534 130
1627563157934 0.0003737650782137574 131
1627563158011 0.0003734041403385409 132
1627563158075 0.0003731164175473511 133
1627563158131 0.0003727802557617142 134
1627563158195 0.00037245223294562395 135
1627563158269 0.00037209062621405505 136
1627563158336 0.0003717982686237547 137
1627563158402 0.000371484029063165 138
1627563158482 0.0003711224883100306 139
1627563158561 0.00037077664332224483 140
1627563158662 0.00037018699643267655 141
1627563158728 0.00036991218111002023 142
1627563158803 0.00036961336544738896 143
1627563158886 0.00036922638210436145 144
1627563158963 0.0003688878628650887 145
1627563159046 0.0003685728962951602 146
1627563159136 0.00036825597603666566 147
1627563159219 0.00036793994362903685 148
1627563159312 0.00036744629458964646 149
1627563159393 0.0003671498617127507 150
1627563159466 0.0003668239850623479 151
1627563159541 0.00036651485296623304 152
1627563159618 0.000366206532199685 153
1627563159674 0.0003659433876579266 154
1627563159730 0.00036571048451945184 155
1627563159794 0.00036543741111309526 156
1627563159855 0.0003651515333955907 157
1627563159935 0.0003648337665612241 158
1627563160005 0.0003645077876925473 159
1627563160072 0.00036423559352446804 160
1627563160166 0.0003637561868163648 161
1627563160267 0.00036324180740841296 162
1627563160384 0.0003629840921704424 163
1627563160487 0.0003627362405260871 164
1627563160565 0.00036245590510895146 165
1627563160673 0.00036215336011466816 166
1627563160785 0.0003617030846868256 167
1627563160859 0.0003614362674502669 168
1627563160945 0.00036117083814676663 169
1627563161013 0.00036089950510000693 170
1627563161088 0.00036061522200416614 171
1627563161174 0.0003603450193015849 172
1627563161235 0.0003601155761202416 173
1627563161322 0.0003598280165036406 174
1627563161403 0.0003595297796686573 175
1627563161470 0.0003592730132031078 176
1627563161550 0.0003589577422765777 177
1627563161630 0.00035864790785667566 178
1627563161700 0.00035838444957507774 179
1627563161794 0.0003579915253590175 180
1627563161867 0.00035772167636728984 181
1627563161956 0.00035741415525116166 182
1627563162054 0.0003570142522586626 183
1627563162125 0.0003567466707579611 184
1627563162216 0.0003564816623618363 185
1627563162273 0.0003562549432664521 186
1627563162356 0.0003559381145972633 187
1627563162411 0.0003557211884744334 188
1627563162469 0.0003555022600899725 189
1627563162551 0.00035524770482900017 190
1627563162650 0.0003548625540067168 191
1627563162718 0.00035457705263028226 192
1627563162797 0.00035432495156122727 193
1627563162878 0.00035405387000429474 194
1627563162964 0.0003536686495248443 195
1627563163041 0.0003534443145070407 196
1627563163116 0.00035321241730034233 197
1627563163204 0.0003529613374650742 198
1627563163293 0.0003527148567884524 199
1627563163379 0.00035250223453115636 200
1627563163455 0.00035227063369271756 201
1627563163514 0.0003520266709172008 202
1627563163591 0.0003517373224377187 203
1627563163670 0.0003515023022898324 204
1627563163743 0.0003512547029603225 205
1627563163809 0.00035105331783560244 206
1627563163875 0.0003508204398510679 207
1627563163943 0.0003506165940594428 208
1627563164050 0.00035015374396701 209
1627563164133 0.00034987507055943203 210
1627563164196 0.0003496484336048234 211
1627563164287 0.00034923699279622815 212
1627563164341 0.00034906257260342515 213
1627563164413 0.00034884758909074434 214
1627563164484 0.00034861460134699474 215
1627563164539 0.00034838063382743836 216
1627563164622 0.000348111960659955 217
1627563164698 0.00034786155884699194 218
1627563164767 0.0003476488808844232 219
1627563164855 0.0003473506654893506 220
1627563164933 0.0003471017341774018 221
1627563165006 0.0003468690614609054 222
1627563165102 0.0003465656110402432 223
1627563165173 0.00034632108936556683 224
1627563165264 0.00034610674666916557 225
1627563165331 0.0003458828821488546 226
1627563165408 0.0003456331947789773 227
1627563165478 0.0003453998356449759 228
1627563165552 0.00034520529294232487 229
1627563165616 0.0003449822677417469 230
1627563165675 0.0003447811008524244 231
1627563165736 0.000344590800777261 232
1627563165823 0.00034428120281025377 233
1627563165919 0.0003440682729066019 234
1627563165969 0.0003438975467030122 235
1627563166036 0.0003436964417323755 236
1627563166105 0.0003434441141270015 237
1627563166163 0.0003432558830775555 238
1627563166245 0.00034308289062373457 239
1627563166326 0.0003428470491377937 240
1627563166398 0.000342612993271301 241
1627563166470 0.00034237384485731663 242
1627563166544 0.00034216040666148947 243
1627563166603 0.0003419594798655393 244
1627563166659 0.0003417532464114482 245
1627563166732 0.0003415572513634176 246
1627563166798 0.0003413570313817165 247
1627563166864 0.00034116747495048874 248
1627563166932 0.0003409419971837643 249
1627563167025 0.0003406606499088904 250
1627563167083 0.0003404836055276476 251
1627563167159 0.0003402573718979826 252
1627563167222 0.0003400465093971965 253
1627563167291 0.0003398593052442359 254
1627563167349 0.00033968407821330187 255
1627563167415 0.0003394605525558706 256
1627563167485 0.00033925507956351285 257
1627563167562 0.0003390176674998718 258
1627563167654 0.00033866657882247763 259
1627563167731 0.0003384384557735533 260
1627563167812 0.0003382601093553917 261
1627563167885 0.0003379995050339404 262
1627563167946 0.0003377916954795873 263
1627563168015 0.0003375519239497167 264
1627563168079 0.00033735246281523776 265
1627563168152 0.0003371495346757665 266
1627563168226 0.00033693235672130415 267
1627563168308 0.0003366863844256273 268
1627563168371 0.00033649757306884677 269
1627563168434 0.00033633179833327605 270
1627563168491 0.0003361745254668961 271
1627563168575 0.000335945911747644 272
1627563168631 0.00033575297177473445 273
1627563168700 0.0003355592368701785 274
1627563168767 0.0003353416016228048 275
1627563168843 0.000335134360850424 276
1627563168928 0.0003349446105833255 277
1627563169021 0.0003347256455026763 278
1627563169099 0.000334539022833111 279
1627563169195 0.0003343288647689752 280
1627563169274 0.00033414573642478015 281
1627563169356 0.00033395225587354543 282
1627563169437 0.00033373941802460153 283
1627563169493 0.0003335602044784269 284
1627563169578 0.0003440682729066019 285
1627563173779 0.0010970099068620361 0
1627563173912 0.0010120302912651157 1
1627563174066 0.0009371124780667705 2
1627563174264 0.0008712039487701539 3
1627563174390 0.0008132733911858501 4
1627563174517 0.000762832986646672 5
1627563174648 0.0007191393122458974 6
1627563174770 0.0006814746582992838 7
1627563174912 0.0006489940190718922 8
1627563175031 0.0006210392714506988 9
1627563175160 0.0005968077080987465 10
1627563175280 0.0005761626314582923 11
1627563175451 0.0005583238553834255 12
1627563175579 0.0005432956982522007 13
1627563175730 0.0005303527756947187 14
1627563175856 0.0005195246986750652 15
1627563175964 0.0005102624431503858 16
1627563176079 0.0005024869783813898 17
1627563176198 0.0004957640901871792 18
1627563176303 0.0004896361366161975 19
1627563176407 0.00048451924570379795 20
1627563176525 0.0004801673133569273 21
1627563176642 0.0004763285417459391 22
1627563176760 0.00047294708085369807 23
1627563176865 0.00046981557816316567 24
1627563177011 0.00046722372928177354 25
1627563177125 0.00046458983493126357 26
1627563177226 0.00046255770185614264 27
1627563177330 0.00046025846170718893 28
1627563177436 0.00045809847871166 29
1627563177530 0.0004562252251520414 30
1627563177628 0.0004543396819719549 31
1627563177724 0.00045217253011382375 32
1627563177823 0.00045025451672861614 33
1627563177916 0.00044896333851653086 34
1627563178014 0.00044720133795127394 35
1627563178117 0.00044533594477980587 36
1627563178263 0.0004438607249119783 37
1627563178368 0.0004426302596191451 38
1627563178476 0.0004411745940986811 39
1627563178569 0.0004400832165922068 40
1627563178667 0.00043826815767114314 41
1627563178805 0.0004364473812279067 42
1627563178895 0.00043509580326224056 43
1627563178992 0.00043353587159056364 44
1627563179079 0.00043277202611841944 45
1627563179165 0.00043198754916408085 46
1627563179262 0.0004308127233058365 47
1627563179381 0.00042965931842805637 48
1627563179477 0.0004288958083105419 49
1627563179599 0.0004267802790408424 50
1627563179718 0.0004260221599715299 51
1627563179816 0.00042487809076498234 52
1627563179939 0.0004227190409815419 53
1627563180030 0.0004220558348825293 54
1627563180130 0.00042121839788595287 55
1627563180264 0.0004192555398152352 56
1627563180353 0.00041854307480353555 57
1627563180435 0.00041787288816359043 58
1627563180546 0.00041714135523185635 59
1627563180637 0.0004164532096568125 60
1627563180791 0.00041532429507240283 61
1627563180876 0.0004147146096372981 62
1627563180962 0.00041394189471965587 63
1627563181052 0.0004130265826011453 64
1627563181164 0.00041142289770501725 65
1627563181254 0.00041078290514114926 66
1627563181341 0.00041023095860983293 67
1627563181447 0.000408791988987472 68
1627563181545 0.0004075843373928569 69
1627563181640 0.00040684464185836047 70
1627563181721 0.00040629363520565056 71
1627563181808 0.0004057716770206495 72
1627563181900 0.0004052138750869397 73
1627563181995 0.0004046400384032425 74
1627563182087 0.0004038860645372981 75
1627563182239 0.0004024794646352647 76
1627563182369 0.0004019717389661318 77
1627563182453 0.0004014894321561451 78
1627563182589 0.0004008215944398738 79
1627563182675 0.0004003391058142141 80
1627563182783 0.0003992916729211333 81
1627563182879 0.00039862476308189946 82
1627563182962 0.0003981888928855322 83
1627563183047 0.00039775233795302263 84
1627563183140 0.0003971196841080966 85
1627563183222 0.00039657642533888254 86
1627563183323 0.00039563906551426116 87
1627563183400 0.0003951684330410315 88
1627563183482 0.0003946653479678979 89
1627563183571 0.0003939120167233231 90
1627563183661 0.0003933756855314605 91
1627563183744 0.0003929479892853916 92
1627563183832 0.00039238093826472823 93
1627563183918 0.00039192255546118595 94
1627563184018 0.00039152121352125144 95
1627563184139 0.00039092179067686623 96
1627563184304 0.0003901997317401669 97
1627563184482 0.0003893120610886756 98
1627563184624 0.00038888150112400773 99
1627563184739 0.00038848468140412554 100
1627563184833 0.00038801959031501375 101
1627563184962 0.00038710072829130924 102
1627563185039 0.00038672415041092977 103
1627563185123 0.00038633252373966516 104
1627563185276 0.0003857282812637992 105
1627563185349 0.00038533035880525046 106
1627563185435 0.00038465366314499263 107
1627563185570 0.0003842672419583506 108
1627563185668 0.0003834869936494139 109
1627563185746 0.0003830690590590161 110
1627563185836 0.0003826935772155113 111
1627563185940 0.0003822107347103258 112
1627563186043 0.0003816710664553454 113
1627563186137 0.0003812203782266723 114
1627563186232 0.0003805976431207449 115
1627563186293 0.0003802260586043258 116
1627563186387 0.00037958566669927044 117
1627563186473 0.0003792009896103003 118
1627563186551 0.0003788464930340958 119
1627563186614 0.0003785331066309962 120
1627563186675 0.0003782215394773824 121
1627563186761 0.00037780912557164943 122
1627563186852 0.00037728178507921294 123
1627563186922 0.00037694168668529304 124
1627563187009 0.0003766075647019964 125
1627563187083 0.0003762959510952613 126
1627563187159 0.00037596724989277905 127
1627563187245 0.0003756267279210972 128
1627563187337 0.0003751579086590388 129
1627563187438 0.0003746179982680392 130
1627563187525 0.00037420117120402465 131
1627563187604 0.00037385898848758846 132
1627563187686 0.00037351204585814643 133
1627563187776 0.00037301505899446543 134
1627563187850 0.00037268442854597423 135
1627563187963 0.0003723091069140693 136
1627563188080 0.000371829689405346 137
1627563188140 0.00037151501546102964 138
1627563188221 0.00037112889080139524 139
1627563188284 0.00037081698909495383 140
1627563188355 0.00037042848679399575 141
1627563188423 0.0003701042880000584 142
1627563188481 0.0003698173100891305 143
1627563188558 0.0003694289634943506 144
1627563188635 0.00036909457140963433 145
1627563188713 0.0003688062537549925 146
1627563188798 0.00036852572576988925 147
1627563188881 0.00036816269873163056 148
1627563188967 0.0003677548152662307 149
1627563189044 0.00036745334407944675 150
1627563189116 0.0003671902158528422 151
1627563189209 0.0003666618672126595 152
1627563189293 0.00036634469456399665 153
1627563189381 0.00036591381252137797 154
1627563189472 0.000365615266987576 155
1627563189550 0.00036531413784359536 156
1627563189631 0.0003650060266287161 157
1627563189706 0.00036473529296949164 158
1627563189774 0.00036445340355575537 159
1627563189849 0.00036414632492173566 160
1627563189929 0.0003638156739173968 161
1627563189989 0.00036359526211221494 162
1627563190061 0.0003633483766733447 163
1627563190142 0.0003630754073330405 164
1627563190236 0.0003627390707716007 165
1627563190320 0.00036248730428823175 166
1627563190439 0.00036220381973333044 167
1627563190511 0.0003619714584394957 168
1627563190645 0.00036157690012530877 169
1627563190719 0.0003613002747722003 170
1627563190798 0.00036096947768366524 171
1627563190871 0.000360682741851063 172
1627563190946 0.0003603805346844548 173
1627563191020 0.0003600923417918921 174
1627563191089 0.00035981914289527715 175
1627563191179 0.0003593903994928187 176
1627563191276 0.00035892805948623105 177
1627563191392 0.0003586196701806138 178
1627563191502 0.0003583267403646924 179
1627563191629 0.0003579962678979652 180
1627563191708 0.00035770128668421487 181
1627563191776 0.00035745920941828054 182
1627563191851 0.00035718057005738006 183
1627563191917 0.00035690287237504246 184
1627563191998 0.00035666308721604787 185
1627563192066 0.00035634105699875195 186
1627563192125 0.0003561184682375742 187
1627563192197 0.00035582261387645954 188
1627563192260 0.0003555320826812719 189
1627563192317 0.0003553425395391858 190
1627563192401 0.0003549674287037964 191
1627563192474 0.00035470748404893706 192
1627563192574 0.00035425099534755754 193
1627563192637 0.0003539898576534488 194
1627563192730 0.0003535106591209096 195
1627563192804 0.0003532607818482252 196
1627563192869 0.00035304822161848605 197
1627563192934 0.00035286190490392517 198
1627563193039 0.0003526169171051143 199
1627563193159 0.00035233926124214176 200
1627563193230 0.0003520640447158959 201
1627563193309 0.000351815538480665 202
1627563193378 0.0003515963527432382 203
1627563193458 0.0003513196898604175 204
1627563193520 0.00035108467897064857 205
1627563193595 0.0003508214857110966 206
1627563193666 0.0003506115773047559 207
1627563193742 0.0003503500659330503 208
1627563193831 0.00035007051494404017 209
1627563193891 0.00034983308287798027 210
1627563193960 0.0003495887224413817 211
1627563194023 0.00034933989701824164 212
1627563194112 0.00034909352638940166 213
1627563194190 0.0003487329652153063 214
1627563194263 0.0003484831006851736 215
1627563194350 0.0003481937289044065 216
1627563194455 0.0003479765720452838 217
1627563194555 0.0003477525351824924 218
1627563194680 0.0003474586181943693 219
1627563194790 0.0003471906738054222 220
1627563194907 0.00034693265800627186 221
1627563195005 0.00034670587420256835 222
1627563195115 0.00034649666971884116 223
1627563195200 0.0003462959336411212 224
1627563195299 0.0003460725528399528 225
1627563195366 0.0003458332285909816 226
1627563195423 0.00034558735957271547 227
1627563195490 0.0003453628269516848 228
1627563195550 0.00034515054663615747 229
1627563195606 0.00034495843971642606 230
1627563195672 0.00034471433598933437 231
1627563195736 0.00034449701485329387 232
1627563195806 0.0003442637855264539 233
1627563195874 0.000344044088023256 234
1627563195945 0.0003438001100009013 235
1627563196015 0.0003435832373147605 236
1627563196086 0.0003433567902935591 237
1627563196158 0.0003431748399943921 238
1627563196224 0.0003429499496820576 239
1627563196290 0.00034274218757100614 240
1627563196374 0.00034247283829063116 241
1627563196480 0.0003422362035911694 242
1627563196603 0.00034201906797675074 243
1627563196713 0.00034178735653606643 244
1627563196854 0.000341421372908968 245
1627563196935 0.00034125294639932626 246
1627563197043 0.00034102551035977696 247
1627563197110 0.0003408238801188031 248
1627563197229 0.00034059091259339857 249
1627563197357 0.0003403545461307342 250
1627563197425 0.0003401240196713095 251
1627563197502 0.00033991738440797026 252
1627563197571 0.00033971457167410705 253
1627563197641 0.00033950637808291285 254
1627563197709 0.00033928553901471393 255
1627563197784 0.0003390830284121884 256
1627563197867 0.00033884767856737485 257
1627563197937 0.0003386302455298413 258
1627563198043 0.0003384037945388679 259
1627563198097 0.00033821493224403206 260
1627563198158 0.0003380508742832646 261
1627563198222 0.0003378669363596226 262
1627563198320 0.0003376621816239291 263
1627563198407 0.0003374290508110703 264
1627563198501 0.00033722325149461565 265
1627563198593 0.0003370288397228896 266
1627563198686 0.0003368537188147906 267
1627563198780 0.00033669640364678564 268
1627563198871 0.00033648702759390763 269
1627563198955 0.0003363096712534879 270
1627563199015 0.0003361314969298662 271
1627563199117 0.00033578372182388423 272
1627563199189 0.00033553538289918033 273
1627563199260 0.0003353338265664216 274
1627563199328 0.00033511510047426707 275
1627563199400 0.0003349326649554934 276
1627563199476 0.00033471702436141724 277
1627563199536 0.0003345072258206166 278
1627563199619 0.00033421915226066265 279
1627563199689 0.0003339763284979977 280
1627563199758 0.00033376707442360774 281
1627563199813 0.0003335834855831942 282
1627563199877 0.0003333932155642902 283
1627563199932 0.0003332309066370002 284
1627563199995 0.00033300015503364235 285
1627563200050 0.0003328507157241338 286
1627563200102 0.00033266797476959873 287
1627563200178 0.00033239420990086873 288
1627563200245 0.0003322289892670597 289
1627563200304 0.0003320553034320031 290
1627563200377 0.0003318503419613185 291
1627563200454 0.0003316536014284585 292
1627563200528 0.00033146188118153363 293
1627563200590 0.00033125828527409267 294
1627563200673 0.0003310212335315283 295
1627563200740 0.0003308368439845028 296
1627563200829 0.0003306287452363322 297
1627563200899 0.0003304639668419982 298
1627563200963 0.0003302791579701077 299
1627563201043 0.0003300775145262444 300
1627563201103 0.0003299191378977415 301
1627563201175 0.00032971468297013525 302
1627563201236 0.00032951392738993457 303
1627563201296 0.00032931710465909035 304
1627563201347 0.0003291498993466782 305
1627563201408 0.0003289918189686166 306
1627563201477 0.00032879670664862364 307
1627563201542 0.00032862994587940067 308
1627563201602 0.00032845182489712793 309
1627563201681 0.0003282004272144101 310
1627563201743 0.0003279969001829178 311
1627563201798 0.00032779454257844535 312
1627563201858 0.0003276389074217618 313
1627563201919 0.00032745661213149507 314
1627563201978 0.0003272804496613109 315
1627563202038 0.00032712296749212423 316
1627563202104 0.0003269108852064741 317
1627563202198 0.0003267429614735477 318
1627563202311 0.0003265500849461872 319
1627563202396 0.0003263115389926231 320
1627563202464 0.00032611512135302933 321
1627563202526 0.0003259100108407073 322
1627563202591 0.00032570995312991715 323
1627563202649 0.0003255673371499017 324
1627563202715 0.00032538320323525626 325
1627563202779 0.0003252130100135213 326
1627563202843 0.0003250367126881385 327
1627563202902 0.0003248849503050036 328
1627563202954 0.00032471557834622003 329
1627563203037 0.00033421915226066265 330
1627563207254 0.0011000987443960878 0
1627563207399 0.0010147630954487144 1
1627563207523 0.0009394034993254498 2
1627563207650 0.000873176701118891 3
1627563207777 0.0008150346916611075 4
1627563207941 0.0007644252816117389 5
1627563208071 0.000720512257286805 6
1627563208218 0.0006825903506329197 7
1627563208340 0.0006499012693725216 8
1627563208466 0.0006216452996723764 9
1627563208609 0.0005972611027079242 10
1627563208730 0.0005764770805911066 11
1627563208842 0.000558536659388769 12
1627563208958 0.0005434479829762914 13
1627563209064 0.0005302479758807794 14
1627563209171 0.0005193522243799278 15
1627563209284 0.0005100402361215294 16
1627563209459 0.0005022135109080983 17
1627563209608 0.0004954725339651524 18
1627563209764 0.0004893345566218061 19
1627563209878 0.0004841578787946846 20
1627563209979 0.0004797789675069082 21
1627563210092 0.00047604333386958215 22
1627563210209 0.0004727112660188413 23
1627563210335 0.00046929228906391197 24
1627563210439 0.000466702439186921 25
1627563210545 0.00046425844930578973 26
1627563210643 0.0004621103577956073 27
1627563210797 0.0004600665304582724 28
1627563210891 0.00045781118015889683 29
1627563210985 0.00045582587103676337 30
1627563211087 0.00045430895818769466 31
1627563211192 0.0004525432036495072 32
1627563211291 0.00045081968931388514 33
1627563211387 0.00044929463676393746 34
1627563211495 0.00044710745850427125 35
1627563211594 0.00044498221620142847 36
1627563211695 0.00044289947092822384 37
1627563211795 0.00044178413751164717 38
1627563211940 0.0004395637671276637 39
1627563212027 0.0004383623173194442 40
1627563212135 0.00043667198874134365 41
1627563212262 0.0004355942114583061 42
1627563212419 0.00043469318908105034 43
1627563212527 0.00043295709678234926 44
1627563212605 0.00043216231845046537 45
1627563212699 0.00043122600819716923 46
1627563212793 0.0004293628240175351 47
1627563212875 0.00042854818944098737 48
1627563212982 0.0004274140255723497 49
1627563213155 0.00042567705929377834 50
1627563213273 0.00042489433247660196 51
1627563213402 0.00042392158427515073 52
1627563213506 0.0004226164589092464 53
1627563213589 0.00042196931898013447 54
1627563213688 0.0004213372186117752 55
1627563213781 0.0004201839418720323 56
1627563213872 0.00041933731185406925 57
1627563213965 0.000417897615517806 58
1627563214114 0.0004161738638106038 59
1627563214203 0.00041546549093746864 60
1627563214291 0.0004148251015800759 61
1627563214390 0.0004135733640005722 62
1627563214473 0.000412964559771405 63
1627563214556 0.0004123679871906445 64
1627563214656 0.0004109150168787188 65
1627563214752 0.00041030040401656017 66
1627563214859 0.0004093354768050922 67
1627563215001 0.0004086322073871167 68
1627563215159 0.00040729547212157595 69
1627563215283 0.0004067060961455633 70
1627563215380 0.00040615341455420897 71
1627563215469 0.00040560245027814227 72
1627563215563 0.00040498466800002893 73
1627563215699 0.0004043942032813638 74
1627563215794 0.0004033600327061699 75
1627563215932 0.0004028120822389046 76
1627563216042 0.0004017028295007147 77
1627563216128 0.00040119436470616924 78
1627563216220 0.00040069091333304324 79
1627563216317 0.0004000634003023031 80
1627563216417 0.0003990092138661314 81
1627563216512 0.0003982537178549209 82
1627563216619 0.0003976996840161786 83
1627563216712 0.0003968162599876321 84
1627563216803 0.00039595275836003203 85
1627563216888 0.00039546475908230097 86
1627563216982 0.00039466020299831994 87
1627563217073 0.0003941107288504837 88
1627563217153 0.0003936497466355825 89
1627563217273 0.00039318268429044755 90
1627563217403 0.0003924492187257288 91
1627563217489 0.0003919858679594499 92
1627563217584 0.00039153811437031246 93
1627563217678 0.0003910607708031064 94
1627563217769 0.00039046399462218715 95
1627563217882 0.0003894696876816598 96
1627563217976 0.0003890363701637187 97
1627563218069 0.00038840425309308877 98
1627563218159 0.00038798676921518216 99
1627563218255 0.0003875879619788776 100
1627563218344 0.00038715474556899013 101
1627563218427 0.0003867311194895274 102
1627563218511 0.0003862863426483124 103
1627563218598 0.0003858445107393748 104
1627563218698 0.00038509796940174273 105
1627563218781 0.00038469259744962917 106
1627563218876 0.00038430652711005244 107
1627563218985 0.0003834498243115887 108
1627563219075 0.00038305189808275874 109
1627563219173 0.0003826617421904109 110
1627563219254 0.0003822906919376698 111
1627563219324 0.00038193649263632077 112
1627563219397 0.00038159125483647936 113
1627563219486 0.00038114920068367303 114
1627563219593 0.0003804766856890508 115
1627563219659 0.00038009708172067415 116
1627563219735 0.0003797542592849645 117
1627563219838 0.0003793629152910716 118
1627563219929 0.00037901522042708215 119
1627563220005 0.00037866572726974755 120
1627563220118 0.0003781551014739188 121
1627563220238 0.00037762250889801876 122
1627563220363 0.00037727044720953413 123
1627563220498 0.0003768150083765946 124
1627563220637 0.00037634326123775106 125
1627563220733 0.00037601088624830047 126
1627563220826 0.0003756669351459304 127
1627563220913 0.0003752843114122407 128
1627563221017 0.000374907463008999 129
1627563221140 0.0003745307002350991 130
1627563221269 0.00037404334950101473 131
1627563221415 0.00037345048441441537 132
1627563221533 0.000373091060340679 133
1627563221626 0.0003727374281334352 134
1627563221716 0.0003724289010401248 135
1627563221833 0.0003720827185168986 136
1627563221915 0.0003717030667561558 137
1627563222010 0.0003712864179130751 138
1627563222106 0.000370954687634033 139
1627563222182 0.0003705619822433053 140
1627563222279 0.0003702338440607325 141
1627563222344 0.00036990366427695553 142
1627563222427 0.0003695798057114535 143
1627563222519 0.00036911923621435727 144
1627563222593 0.0003688086934739843 145
1627563222685 0.0003685157637820558 146
1627563222794 0.00036808697488014476 147
1627563222889 0.00036776501195899894 148
1627563222995 0.00036746631336897996 149
1627563223084 0.00036715289212163144 150
1627563223171 0.0003668014380254946 151
1627563223311 0.0003664581583709677 152
1627563223382 0.0003661693820976326 153
1627563223441 0.0003658879101416913 154
1627563223522 0.00036560197495153315 155
1627563223583 0.0003653213688614033 156
1627563223662 0.00036499000412393485 157
1627563223748 0.00036468817574250193 158
1627563223841 0.0003643054072651199 159
1627563223910 0.0003640093874528344 160
1627563223993 0.00036356021627778704 161
1627563224049 0.00036331754072576716 162
1627563224103 0.00036304874852287946 163
1627563224190 0.00036270321635249194 164
1627563224282 0.0003624121598770068 165
1627563224354 0.00036213826396407946 166
1627563224446 0.0003616022407909135 167
1627563224527 0.0003613176743407036 168
1627563224586 0.0003610914407540844 169
1627563224649 0.0003608372037614085 170
1627563224719 0.00036053656482366446 171
1627563224790 0.0003603108949877187 172
1627563224869 0.00036003776302432884 173
1627563224949 0.00035965712646000896 174
1627563225041 0.0003593317969448475 175
1627563225124 0.000359058295300473 176
1627563225214 0.00035878902495150585 177
1627563225305 0.00035852664674962224 178
1627563225402 0.0003582334930371084 179
1627563225470 0.000357959262132354 180
1627563225544 0.00035762037475881486 181
1627563225615 0.00035735168624640855 182
1627563225689 0.00035704756291465644 183
1627563225743 0.00035682195447405655 184
1627563225818 0.0003565829451659338 185
1627563225883 0.0003563521708388739 186
1627563225958 0.00035606893152536137 187
1627563226019 0.00035585936640199797 188
1627563226090 0.00035558344565192403 189
1627563226155 0.0003553688855916884 190
1627563226219 0.0003551234764137413 191
1627563226310 0.0003548312063875141 192
1627563226367 0.00035458153182449213 193
1627563226436 0.0003543385754586774 194
1627563226519 0.00035395179075452585 195
1627563226618 0.0003536703907553658 196
1627563226731 0.00035331468323334346 197
1627563226803 0.0003530394794423358 198
1627563226918 0.00035276558190694337 199
1627563227002 0.00035252424920007117 200
1627563227064 0.0003523033466913424 201
1627563227133 0.0003520806690332847 202
1627563227209 0.00035182206723336314 203
1627563227284 0.00035159991385210235 204
1627563227425 0.0003511776447758924 205
1627563227498 0.0003509692319810409 206
1627563227585 0.00035073727839975236 207
1627563227707 0.00035040657487343514 208
1627563227778 0.0003501775055526816 209
1627563227837 0.0003499594756365783 210
1627563227926 0.0003495198860915994 211
1627563227982 0.0003492826065210555 212
1627563228054 0.0003490535739411493 213
1627563228114 0.00034886098924852884 214
1627563228176 0.00034862099711250466 215
1627563228238 0.00034839943074764653 216
1627563228319 0.0003481732380327679 217
1627563228393 0.0003479137571889114 218
1627563228477 0.0003476441894660761 219
1627563228575 0.00034734187291397725 220
1627563228664 0.00034695550830999764 221
1627563228746 0.0003467033375665242 222
1627563228833 0.0003464603083209641 223
1627563228898 0.0003462365388676951 224
1627563228950 0.00034603075707185176 225
1627563229040 0.0003457490300102405 226
1627563229123 0.00034549461745898553 227
1627563229215 0.000345304539832982 228
1627563229305 0.00034495222000434345 229
1627563229369 0.0003447190456805213 230
1627563229436 0.00034447295003051803 231
1627563229515 0.0003442083025909349 232
1627563229578 0.00034402619443363655 233
1627563229651 0.000343822978223745 234
1627563229722 0.00034360162624862204 235
1627563229784 0.0003433868578895126 236
1627563229843 0.00034320197634972883 237
1627563229911 0.0003429909141713981 238
1627563229965 0.00034277370416519815 239
1627563230030 0.00034260104494301567 240
1627563230102 0.0003423903298268006 241
1627563230167 0.00034215968106620915 242
1627563230262 0.0003418946155288486 243
1627563230375 0.0003416496756736894 244
1627563230457 0.0003413993510169161 245
1627563230514 0.0003411945236216536 246
1627563230576 0.00034098089978366804 247
1627563230648 0.0003407680924340878 248
1627563230757 0.00034054561624892346 249
1627563230831 0.0003403266343414541 250
1627563230902 0.00034009405694570237 251
1627563230967 0.0003398545789768559 252
1627563231031 0.0003396505549755539 253
1627563231102 0.0003393709677391264 254
1627563231171 0.00033913891187951873 255
1627563231241 0.0003389367568562583 256
1627563231322 0.0003386834180740906 257
1627563231398 0.00033845089405260627 258
1627563231471 0.0003382380588520792 259
1627563231530 0.00033799286348539117 260
1627563231593 0.00033777052854011715 261
1627563231655 0.00033759227478215856 262
1627563231718 0.000337380351898048 263
1627563231776 0.0003371874141011533 264
1627563231843 0.00033698973403793834 265
1627563231915 0.00033677461523376386 266
1627563232003 0.0003365760023248563 267
1627563232066 0.00033638221623046363 268
1627563232170 0.0003361152109811895 269
1627563232255 0.00033591607826882183 270
1627563232324 0.00033570874446666577 271
1627563232388 0.00033552723557616504 272
1627563232464 0.0003352850032608393 273
1627563232528 0.0003351115850543498 274
1627563232615 0.0003349040957120547 275
1627563232701 0.00033468939118519973 276
1627563232793 0.00033447336104788653 277
1627563232921 0.00033419285963494485 278
1627563232980 0.00033396504975640937 279
1627563233047 0.00033375048008927883 280
1627563233124 0.0003335485185305287 281
1627563233190 0.000333355213503175 282
1627563233249 0.0003331872656317488 283
1627563233310 0.00033297490663100566 284
1627563233369 0.0003327612745663685 285
1627563233438 0.0003325833080558679 286
1627563233494 0.00033241144864347866 287
1627563233551 0.0003322359858641693 288
1627563233661 0.00033200303715249347 289
1627563233759 0.000331798981578605 290
1627563233850 0.00033158723372947983 291
1627563233925 0.0003314231458476371 292
1627563234005 0.0003312100410831593 293
1627563234064 0.00033104168502424476 294
1627563234131 0.000330876585864592 295
1627563234217 0.00033067860146039873 296
1627563234318 0.00033045434592123755 297
1627563234385 0.00033028604527553094 298
1627563234462 0.0003301271508564706 299
1627563234529 0.00032997082056167353 300
1627563234591 0.00032976311251037163 301
1627563234658 0.00032956795148491566 302
1627563234729 0.00032936488991675586 303
1627563234783 0.00032921857021581195 304
1627563234852 0.00032903630095515256 305
1627563234905 0.00032884608081702017 306
1627563234976 0.00032864902860970275 307
1627563235069 0.00032837605892060566 308
1627563235145 0.0003281466514354018 309
1627563235205 0.00032795800333085474 310
1627563235273 0.00032776025116977543 311
1627563235356 0.0003274662829332154 312
1627563235435 0.00033759227478215856 313
