1627562755872 0.5088823372575407 0
1627562756003 0.4694206018141452 1
1627562756130 0.43452892166759044 2
1627562756264 0.40385190799674325 3
1627562756393 0.37690451228657174 4
1627562756524 0.3534751211290576 5
1627562756686 0.3331187264458698 6
1627562756824 0.31562328943177514 7
1627562756945 0.3004958494612594 8
1627562757069 0.2874494479026986 9
1627562757188 0.2761857106586611 10
1627562757311 0.2666101965267472 11
1627562757432 0.2583299099938866 12
1627562757561 0.25134372163159086 13
1627562757736 0.24526767979767886 14
1627562757848 0.24024490128847742 15
1627562757959 0.23588272255039688 16
1627562758077 0.23223540749221672 17
1627562758220 0.2290960155639653 18
1627562758357 0.22629530882544716 19
1627562758456 0.22393325583109994 20
1627562758577 0.22189919062443175 21
1627562758718 0.22012988974913564 22
1627562758875 0.21854962186024482 23
1627562759039 0.21697962956863015 24
1627562759138 0.2157806187719451 25
1627562759236 0.2146639667303475 26
1627562759332 0.21368861567525563 27
1627562759430 0.2126028605143035 28
1627562759528 0.21165330638640367 29
1627562759629 0.21072515486704493 30
1627562759738 0.20989408259160267 31
1627562759852 0.20905331758778373 32
1627562759988 0.20834758235775885 33
1627562760086 0.20772467344312848 34
1627562760178 0.20704632860191152 35
1627562760301 0.2060969235762877 36
1627562760433 0.2051779362326033 37
1627562760585 0.20451345423509232 38
1627562760683 0.20352783024978846 39
1627562760774 0.2030674385613274 40
1627562760860 0.20244355435249756 41
1627562760950 0.20153207222575178 42
1627562761043 0.2005402584021179 43
1627562761139 0.19983791761209155 44
1627562761240 0.19949711843734605 45
1627562761390 0.19914633782253596 46
1627562761500 0.19857169297528207 47
1627562761624 0.19816918243425016 48
1627562761725 0.1978391017282659 49
1627562761837 0.1968303054545921 50
1627562761931 0.19650604528035698 51
1627562762092 0.19578188716266454 52
1627562762206 0.19516989311582902 53
1627562762310 0.19451853063185323 54
1627562762419 0.19407005353018122 55
1627562762557 0.19321709949471907 56
1627562762656 0.19294664365181075 57
1627562762739 0.1926320205068398 58
1627562762843 0.19191775278326198 59
1627562762932 0.19159423816487192 60
1627562763034 0.19130290408465847 61
1627562763138 0.19073266872219147 62
1627562763228 0.19046053338943522 63
1627562763317 0.19015195842108018 64
1627562763439 0.1897805249429551 65
1627562763526 0.1894759344434943 66
1627562763614 0.1891009873782563 67
1627562763750 0.18842069014517493 68
1627562763843 0.1881110392482797 69
1627562763944 0.1878643202856621 70
1627562764043 0.18743291041317242 71
1627562764149 0.1869608311226143 72
1627562764254 0.18649248593837287 73
1627562764348 0.18621878249622986 74
1627562764481 0.18596576609645643 75
1627562764575 0.1857396411786177 76
1627562764722 0.1853572802308529 77
1627562764812 0.18510891623748005 78
1627562764909 0.1848706358261035 79
1627562765001 0.18462530245787784 80
1627562765128 0.1840924388188118 81
1627562765208 0.18387660860578922 82
1627562765297 0.18350866699432394 83
1627562765392 0.1832907928175262 84
1627562765485 0.1829778767314718 85
1627562765566 0.18274560864065198 86
1627562765677 0.1825219633705749 87
1627562765761 0.18229219290358933 88
1627562765878 0.18192522385311985 89
1627562765969 0.18171293469518657 90
1627562766106 0.18125345679856317 91
1627562766223 0.18081370023690926 92
1627562766304 0.18058970309050593 93
1627562766384 0.18037822489135374 94
1627562766471 0.18009330027256087 95
1627562766550 0.17991943289002119 96
1627562766644 0.17973631582925534 97
1627562766739 0.17938890546100839 98
1627562766839 0.17918807470276812 99
1627562766956 0.17892866440389715 100
1627562767077 0.17871111865220426 101
1627562767194 0.1785350256360231 102
1627562767303 0.17824332795799225 103
1627562767377 0.1780610119321225 104
1627562767457 0.1778764538675336 105
1627562767546 0.1775978407764339 106
1627562767630 0.1773911907471191 107
1627562767708 0.17721276741880904 108
1627562767791 0.17699558126932924 109
1627562767872 0.17681151301029058 110
1627562767951 0.1766243885948634 111
1627562768045 0.17639126204724292 112
1627562768124 0.1762052191902958 113
1627562768217 0.17601939858661833 114
1627562768309 0.17584438914098538 115
1627562768404 0.17567979220166013 116
1627562768502 0.1753557078196837 117
1627562768592 0.1751800433696421 118
1627562768677 0.17501570519420462 119
1627562768740 0.17486227898317813 120
1627562768831 0.17470838730930932 121
1627562768950 0.1744284561518717 122
1627562769097 0.17418626713726343 123
1627562769197 0.1740215593053091 124
1627562769281 0.17385933444858465 125
1627562769373 0.17370783312634094 126
1627562769452 0.17349610201218096 127
1627562769538 0.17334410425999427 128
1627562769613 0.17318783026865175 129
1627562769694 0.17299945186382928 130
1627562769763 0.17283356342617504 131
1627562769835 0.1726765230451384 132
1627562769948 0.1725192502674588 133
1627562770051 0.17233644045878346 134
1627562770187 0.17217343914111463 135
1627562770292 0.17202758964589585 136
1627562770373 0.17187615881351007 137
1627562770436 0.1717335673210589 138
1627562770518 0.17156920369515802 139
1627562770589 0.1714145451959019 140
1627562770693 0.17111596207077617 141
1627562770757 0.17098363739098738 142
1627562770844 0.17084370344484506 143
1627562770919 0.170691223868767 144
1627562770994 0.17054544797600618 145
1627562771084 0.1704023586109258 146
1627562771149 0.17028576397321046 147
1627562771247 0.1700621693858327 148
1627562771331 0.16992099192412202 149
1627562771430 0.16968694635938789 150
1627562771500 0.16956424574448817 151
1627562771585 0.16941294098603457 152
1627562771652 0.16929476077599148 153
1627562771746 0.16915801656461948 154
1627562771839 0.1690047070232834 155
1627562771930 0.16886978835022365 156
1627562772003 0.16873302541098292 157
1627562772081 0.16860695921556754 158
1627562772155 0.1684739176840333 159
1627562772258 0.1683173875827669 160
1627562772378 0.16806132531036866 161
1627562772453 0.16793065685281627 162
1627562772512 0.16780914851797468 163
1627562772577 0.16768682093439616 164
1627562772634 0.16756618743786483 165
1627562772708 0.16743300178076306 166
1627562772815 0.16729782992255995 167
1627562772936 0.16710486512269773 168
1627562773078 0.16693392476730712 169
1627562773161 0.1667820096396826 170
1627562773232 0.1666431795342145 171
1627562773335 0.1665108845930829 172
1627562773442 0.16637374765983684 173
1627562773511 0.16623546030834457 174
1627562773573 0.16612625895729521 175
1627562773643 0.16599876634894375 176
1627562773738 0.1657735363091807 177
1627562773809 0.16564831849357045 178
1627562773888 0.16551633529660528 179
1627562773968 0.1653853300242173 180
1627562774040 0.16526265932768505 181
1627562774110 0.1651505378030399 182
1627562774215 0.16491199340447169 183
1627562774298 0.1647802605366714 184
1627562774371 0.1646739445044087 185
1627562774447 0.16453016572922177 186
1627562774524 0.16442366933475266 187
1627562774597 0.164316713126284 188
1627562774719 0.16416784135192872 189
1627562774790 0.16405539364313076 190
1627562774855 0.1639326356070262 191
1627562774949 0.16381017004632661 192
1627562775026 0.16367993212280837 193
1627562775095 0.16355292141281164 194
1627562775164 0.1634401039081771 195
1627562775280 0.16324345579198146 196
1627562775387 0.16312211518672207 197
1627562775464 0.16297743884329594 198
1627562775554 0.16281923520599687 199
1627562775633 0.1627076335352661 200
1627562775709 0.1625710401922922 201
1627562775790 0.16240295232151958 202
1627562775868 0.16228893583463383 203
1627562775948 0.16218762204671722 204
1627562776009 0.16207790304862157 205
1627562776136 0.161951552234833 206
1627562776257 0.16184684371645186 207
1627562776327 0.16175562308949512 208
1627562776402 0.1616489339890936 209
1627562776511 0.1614981864350661 210
1627562776584 0.16137816939483485 211
1627562776660 0.16125905001369967 212
1627562776754 0.16115597081307445 213
1627562776836 0.16103019750540196 214
1627562776927 0.16089132934795555 215
1627562776991 0.16079447100489008 216
1627562777063 0.16068879726809124 217
1627562777141 0.16056576258789615 218
1627562777212 0.1604511238058353 219
1627562777308 0.16026294978069616 220
1627562777377 0.16015148917015268 221
1627562777455 0.1600082014189775 222
1627562777517 0.1599105123312668 223
1627562777577 0.1598178551010599 224
1627562777652 0.15971324531244427 225
1627562777726 0.159619615795249 226
1627562777806 0.1594946047819751 227
1627562777883 0.1593801123644763 228
1627562777956 0.15927853375222037 229
1627562778025 0.15917957047464318 230
1627562778091 0.1590601783313346 231
1627562778151 0.1589597977401023 232
1627562778207 0.1588757320343076 233
1627562778280 0.15877429911436455 234
1627562778346 0.15866746925034847 235
1627562778425 0.15855657680159815 236
1627562778509 0.15845025958126047 237
1627562778564 0.15834126251968228 238
1627562778629 0.15823427398142112 239
1627562778690 0.15814051983419358 240
1627562778762 0.15803528718737414 241
1627562778838 0.15792293277497113 242
1627562778972 0.15778316789981095 243
1627562779055 0.15768368598537666 244
1627562779108 0.1576070762734035 245
1627562779171 0.15751279614871888 246
1627562779266 0.15740919721360655 247
1627562779342 0.1573229279659157 248
1627562779406 0.15722766615829165 249
1627562779483 0.15712259231387 250
1627562779558 0.1570159639838821 251
1627562779642 0.15690489599091456 252
1627562779725 0.15680141033651512 253
1627562779787 0.15671931977587736 254
1627562779855 0.15661552066192344 255
1627562779921 0.15653340349518546 256
1627562779975 0.156436552609082 257
1627562780041 0.15632240803733474 258
1627562780110 0.1562309380123229 259
1627562780192 0.15610691802575152 260
1627562780248 0.15603116485522578 261
1627562780314 0.1559371524850509 262
1627562780390 0.15583748958306232 263
1627562780486 0.1557542476088208 264
1627562780573 0.15565249176419105 265
1627562780626 0.1555658772726358 266
1627562780709 0.15546545909313922 267
1627562780772 0.15538295563103582 268
1627562780874 0.1552921033706438 269
1627562780941 0.15519442998867142 270
1627562781024 0.1551016123525964 271
1627562781112 0.15497398864356107 272
1627562781172 0.15488024846183865 273
1627562781235 0.1548003698251771 274
1627562781299 0.15471921809023237 275
1627562781365 0.15462333965841865 276
1627562781427 0.1545302107223045 277
1627562781507 0.1544291229679142 278
1627562781591 0.15429553355433032 279
1627562781673 0.15417925128109725 280
1627562781744 0.15917957047464318 281
1627562785785 0.508149869272786 0
1627562785972 0.4687718512982298 1
1627562786096 0.4340173320533723 2
1627562786214 0.403445953369821 3
1627562786393 0.3766245878132069 4
1627562786573 0.3532725399065587 5
1627562786731 0.33305400462915336 6
1627562786850 0.3155762522275138 7
1627562786968 0.3005247037794959 8
1627562787092 0.287524390684811 9
1627562787223 0.2762842783748133 10
1627562787355 0.2666699689594156 11
1627562787470 0.25844621945331064 12
1627562787585 0.25146094948881853 13
1627562787684 0.2454651460479601 14
1627562787805 0.2404315610511618 15
1627562787913 0.23605013075784742 16
1627562788030 0.23245850472275156 17
1627562788146 0.22941665703693398 18
1627562788251 0.22655243444704687 19
1627562788359 0.22419685586421642 20
1627562788464 0.22218550423048497 21
1627562788582 0.220451254478608 22
1627562788692 0.2188743992408309 23
1627562788798 0.2173727583065196 24
1627562788937 0.21622831977002657 25
1627562789039 0.21513998399373463 26
1627562789144 0.2140655379757163 27
1627562789256 0.21296200845455113 28
1627562789351 0.21195538831814553 29
1627562789448 0.21105870599249948 30
1627562789550 0.2103803033174802 31
1627562789643 0.20949770860126676 32
1627562789745 0.2087526902614443 33
1627562789845 0.20820384098050052 34
1627562789944 0.20744164304945736 35
1627562790040 0.20637578040781238 36
1627562790148 0.2055110317357289 37
1627562790253 0.20503861102471221 38
1627562790353 0.20426337929654728 39
1627562790438 0.20374441178160607 40
1627562790532 0.20281820881626414 41
1627562790628 0.2018559602461483 42
1627562790729 0.20091183910345448 43
1627562790830 0.2004892630664634 44
1627562790911 0.20014767900325645 45
1627562791004 0.19958011233271294 46
1627562791092 0.1990772650443085 47
1627562791183 0.19845793698128986 48
1627562791278 0.19808719193214147 49
1627562791389 0.19707738414052334 50
1627562791478 0.19678149997003422 51
1627562791575 0.19641415856393807 52
1627562791674 0.19587037287080364 53
1627562791776 0.19518027855800935 54
1627562791863 0.1948684052540933 55
1627562791963 0.19430355307667735 56
1627562792091 0.19390184105923847 57
1627562792184 0.1936050220590383 58
1627562792293 0.1928800745740292 59
1627562792389 0.19256305348100733 60
1627562792491 0.19230264254599325 61
1627562792589 0.19189424765751684 62
1627562792678 0.19163388767304856 63
1627562792783 0.19104370221694164 64
1627562792878 0.19041680946692427 65
1627562792969 0.19011190478910095 66
1627562793093 0.1896190620570746 67
1627562793201 0.1892433696470556 68
1627562793302 0.1886496784290373 69
1627562793386 0.1883778671876252 70
1627562793494 0.1881110192630137 71
1627562793657 0.1875309512867647 72
1627562793762 0.18725976706121034 73
1627562793861 0.18701113435509142 74
1627562793956 0.18677348697381574 75
1627562794064 0.186148115215696 76
1627562794150 0.18589725263982165 77
1627562794245 0.1856725899428454 78
1627562794344 0.185296581644265 79
1627562794438 0.18503904204409197 80
1627562794552 0.18451009850863173 81
1627562794653 0.18429176812810963 82
1627562794765 0.18382857350758255 83
1627562794888 0.18347104180165233 84
1627562794979 0.1832105114823527 85
1627562795060 0.1829825348021202 86
1627562795154 0.18273324929341442 87
1627562795264 0.18250204205562312 88
1627562795362 0.18228916657965052 89
1627562795450 0.18207076184748847 90
1627562795531 0.18188220584153794 91
1627562795623 0.18152796618412897 92
1627562795726 0.18113313316678445 93
1627562795812 0.18091769294597287 94
1627562795930 0.18053421096631247 95
1627562796015 0.18030636141046305 96
1627562796103 0.1800093846971075 97
1627562796174 0.17981736959224157 98
1627562796266 0.17960619020146382 99
1627562796390 0.17942191777098976 100
1627562796473 0.17918131361230444 101
1627562796561 0.17894322028087586 102
1627562796648 0.17869696357549986 103
1627562796730 0.17851132249118065 104
1627562796841 0.17812855258169255 105
1627562796913 0.17794513262958228 106
1627562797008 0.17768793197670768 107
1627562797094 0.17749890436122337 108
1627562797191 0.17717588479761537 109
1627562797272 0.17699267152542303 110
1627562797355 0.1768018827833405 111
1627562797446 0.1764900170882262 112
1627562797528 0.17630445439507064 113
1627562797620 0.17609933282782944 114
1627562797704 0.17592613894237072 115
1627562797774 0.17575092001785875 116
1627562797848 0.1755889764183449 117
1627562797923 0.17540365690500237 118
1627562798002 0.17524099344871613 119
1627562798075 0.17508030848549186 120
1627562798156 0.17489622390965817 121
1627562798235 0.17473311110945514 122
1627562798312 0.17456363884648923 123
1627562798380 0.1744094870842329 124
1627562798469 0.17418603979623173 125
1627562798555 0.17403001785614608 126
1627562798647 0.17383842125799062 127
1627562798743 0.17351708656629766 128
1627562798822 0.1733562073337034 129
1627562798906 0.17319425170612707 130
1627562798971 0.17306325596924715 131
1627562799057 0.17284570502051474 132
1627562799130 0.17267932009428716 133
1627562799218 0.17245480565075952 134
1627562799279 0.17229737904194312 135
1627562799358 0.1721384228823247 136
1627562799445 0.17192222820407346 137
1627562799515 0.17177529920549028 138
1627562799607 0.17156367728595814 139
1627562799688 0.17139360394729553 140
1627562799778 0.17125472653216958 141
1627562799870 0.17104291144437148 142
1627562799977 0.17089434526519715 143
1627562800087 0.17069158529921807 144
1627562800208 0.17052291438666126 145
1627562800292 0.1703635666167102 146
1627562800370 0.170226591097402 147
1627562800466 0.1700642947948465 148
1627562800555 0.1698484536348778 149
1627562800627 0.16970628022859674 150
1627562800695 0.16959021352116319 151
1627562800757 0.16947990347492267 152
1627562800832 0.16934956885567493 153
1627562800926 0.16920586501808835 154
1627562801010 0.16905735154465898 155
1627562801091 0.168917583607476 156
1627562801207 0.16876133908784388 157
1627562801284 0.16860232991081656 158
1627562801354 0.16846205102996437 159
1627562801439 0.16832458979938078 160
1627562801502 0.16820388634660868 161
1627562801579 0.168038212808935 162
1627562801665 0.1678202066247666 163
1627562801727 0.16770286877974083 164
1627562801801 0.16756047438044927 165
1627562801870 0.16743796506822212 166
1627562801949 0.16730073388057554 167
1627562802013 0.16719605117004546 168
1627562802077 0.1670683793539452 169
1627562802149 0.16692939675118174 170
1627562802225 0.16678937277819866 171
1627562802304 0.16663278684300448 172
1627562802381 0.16649040732146364 173
1627562802475 0.16634123870103182 174
1627562802570 0.1662232891627436 175
1627562802648 0.1661032034140472 176
1627562802762 0.1659842968532341 177
1627562802842 0.16586928940270584 178
1627562802902 0.16575952104541442 179
1627562802972 0.16562551690829838 180
1627562803041 0.1655038266693206 181
1627562803135 0.16528799130192687 182
1627562803202 0.165184983042052 183
1627562803277 0.16504595613107612 184
1627562803351 0.16491513574700858 185
1627562803430 0.16475775660282344 186
1627562803495 0.164637979268592 187
1627562803565 0.16452974209067212 188
1627562803637 0.16441865740529152 189
1627562803710 0.1642775826790039 190
1627562803790 0.16411598220609847 191
1627562803856 0.16399007882679684 192
1627562803927 0.16386694103482619 193
1627562803999 0.16374809702122148 194
1627562804067 0.1636502080169238 195
1627562804152 0.1635466427331552 196
1627562804248 0.16343702020363676 197
1627562804364 0.1633199859327655 198
1627562804461 0.16319903114480003 199
1627562804546 0.16306282992538015 200
1627562804619 0.1629508321770262 201
1627562804687 0.16284003164850577 202
1627562804745 0.162728142036672 203
1627562804809 0.1626341891892784 204
1627562804891 0.16249662796180994 205
1627562804971 0.16235413675454594 206
1627562805043 0.1622355383673541 207
1627562805125 0.16208214301986285 208
1627562805187 0.1619768956051513 209
1627562805258 0.16186076307769534 210
1627562805338 0.16172150665113202 211
1627562805409 0.1616057532083798 212
1627562805478 0.1615012734425333 213
1627562805552 0.16138953289857844 214
1627562805627 0.161283913120515 215
1627562805700 0.1611985451537856 216
1627562805765 0.16110150807006468 217
1627562805833 0.1609886552042384 218
1627562805938 0.16086857308772687 219
1627562806044 0.1607490174224418 220
1627562806185 0.1606094969880259 221
1627562806265 0.16050918477162476 222
1627562806334 0.16039644928503313 223
1627562806398 0.160284368169673 224
1627562806471 0.1601781023457042 225
1627562806564 0.16001564987617073 226
1627562806635 0.15990771889423516 227
1627562806710 0.15980524828245146 228
1627562806794 0.1596925925511175 229
1627562806862 0.15959089569897195 230
1627562806935 0.15947782894781173 231
1627562807001 0.1593766523810389 232
1627562807067 0.15927611153271903 233
1627562807131 0.15918224775883363 234
1627562807216 0.1590648395777279 235
1627562807279 0.15897985918105917 236
1627562807340 0.15889447681853064 237
1627562807414 0.15879714113395002 238
1627562807485 0.15868101477416505 239
1627562807552 0.1585910034963402 240
1627562807615 0.1584888172799371 241
1627562807680 0.15837562021585383 242
1627562807757 0.15826719160254082 243
1627562807821 0.15816179709118014 244
1627562807892 0.15805145086301964 245
1627562807960 0.15793864578831154 246
1627562808044 0.15782642253065157 247
1627562808103 0.15770065743013087 248
1627562808161 0.15761094010777424 249
1627562808253 0.15746390645674369 250
1627562808334 0.15732196997131856 251
1627562808402 0.1572208059390811 252
1627562808483 0.15708686578175174 253
1627562808536 0.15698849695721256 254
1627562808591 0.15689460931786942 255
1627562808664 0.1567929330883085 256
1627562808734 0.15669556880027322 257
1627562808794 0.15660430725525248 258
1627562808882 0.15651061834474675 259
1627562808952 0.15640777054823043 260
1627562809019 0.15630942068815248 261
1627562809079 0.1562186338053244 262
1627562809136 0.15613743674346162 263
1627562809202 0.15603892110023798 264
1627562809257 0.15595867747370848 265
1627562809327 0.1558626182145961 266
1627562809419 0.15572179179143272 267
1627562809479 0.15560790775173702 268
1627562809533 0.1555202974608644 269
1627562809606 0.155424543289233 270
1627562809687 0.1553268377547694 271
1627562809757 0.15523256376603192 272
1627562809827 0.15512936013749212 273
1627562809910 0.15502141229095348 274
1627562809968 0.15493137557246886 275
1627562810040 0.15482265267171563 276
1627562810102 0.15474758742288447 277
1627562810189 0.15466382742455115 278
1627562810288 0.15456232493247174 279
1627562810351 0.15446900715545567 280
1627562810428 0.15439182894325304 281
1627562810495 0.15429728729109568 282
1627562810555 0.15420963185999956 283
1627562810620 0.154109072599063 284
1627562810693 0.15401089614237456 285
1627562810764 0.15391547640224773 286
1627562810848 0.1538199723498441 287
1627562811006 0.15365718398096986 288
1627562811080 0.15356903445846581 289
1627562811149 0.1534870754305185 290
1627562811210 0.1534166297768974 291
1627562811268 0.15334237597662684 292
1627562811335 0.15325475439685496 293
1627562811410 0.1531548569150923 294
1627562811469 0.15306367112578742 295
1627562811528 0.1529790912811305 296
1627562811586 0.1529043725460022 297
1627562811656 0.15281194625585276 298
1627562811716 0.15273012244893147 299
1627562811794 0.1526485217388933 300
1627562811867 0.15255810796568692 301
1627562811953 0.15245191461598423 302
1627562812015 0.15237074375946788 303
1627562812100 0.15708686578175174 304
1627562816193 0.5089340759278761 0
1627562816319 0.4696157473727598 1
1627562816448 0.43477550052770125 2
1627562816600 0.4041085083414657 3
1627562816765 0.3771699356941184 4
1627562816896 0.3537502038382342 5
1627562817075 0.33345723234865277 6
1627562817237 0.3159129932634627 7
1627562817367 0.30082798777514397 8
1627562817499 0.28780777592406553 9
1627562817620 0.27650476933659596 10
1627562817754 0.2668813921839185 11
1627562817913 0.25857364561244456 12
1627562818037 0.2515613945645403 13
1627562818140 0.24545903579020018 14
1627562818248 0.24042443109174624 15
1627562818354 0.2360619729610202 16
1627562818467 0.23244638133419068 17
1627562818582 0.22933272956375192 18
1627562818685 0.22649829693589302 19
1627562818794 0.2240821163488601 20
1627562818927 0.2220691622971665 21
1627562819045 0.2203585729803039 22
1627562819161 0.21869592641213556 23
1627562819265 0.21728187653243847 24
1627562819372 0.21600730214061553 25
1627562819473 0.21475371768200144 26
1627562819574 0.21375757443110982 27
1627562819671 0.2127122498441236 28
1627562819763 0.21173048167559327 29
1627562819858 0.21076852212854322 30
1627562819961 0.2100452819124696 31
1627562820067 0.20921330018184775 32
1627562820168 0.2082122224400783 33
1627562820278 0.2075337788098522 34
1627562820377 0.20675602544383653 35
1627562820479 0.20610844606784548 36
1627562820583 0.2050369481101862 37
1627562820687 0.20425629898684822 38
1627562820788 0.20371935848665568 39
1627562820900 0.20311962419005045 40
1627562821013 0.2023408725227766 41
1627562821110 0.20138971865686445 42
1627562821206 0.20084779292766078 43
1627562821300 0.20034615941087333 44
1627562821382 0.1999596782658293 45
1627562821475 0.199527969412006 46
1627562821563 0.1989582761874633 47
1627562821665 0.19807190758241405 48
1627562821754 0.1977455769329688 49
1627562821863 0.19676692940067883 50
1627562821942 0.19644149374416459 51
1627562822032 0.1959572889828497 52
1627562822126 0.19566071012122632 53
1627562822214 0.1953554879191289 54
1627562822331 0.19459001569688264 55
1627562822440 0.19375069671599887 56
1627562822562 0.19346248318592824 57
1627562822704 0.1927941465310952 58
1627562822792 0.19237743285791814 59
1627562822896 0.19208469333475708 60
1627562823003 0.19136303984474307 61
1627562823096 0.1908190140694496 62
1627562823177 0.1905266359454124 63
1627562823268 0.19021104606341527 64
1627562823373 0.18962508750297938 65
1627562823465 0.1893403629305978 66
1627562823565 0.18887540660711766 67
1627562823681 0.18819408713167018 68
1627562823790 0.1876335804958778 69
1627562823884 0.18731082105772032 70
1627562823966 0.18705284660158808 71
1627562824064 0.18671601642983707 72
1627562824164 0.1864528231504087 73
1627562824273 0.18614561329039062 74
1627562824381 0.1858853728539111 75
1627562824483 0.18562367307562977 76
1627562824574 0.18536500976107095 77
1627562824658 0.18514579484005964 78
1627562824749 0.18492354927743138 79
1627562824856 0.18441302956067945 80
1627562824950 0.18411291441260616 81
1627562825070 0.1838826944774795 82
1627562825181 0.18347320981787762 83
1627562825271 0.1832466388923496 84
1627562825359 0.18301619699930033 85
1627562825443 0.18275959814222612 86
1627562825532 0.18249165911392498 87
1627562825625 0.18229158252037483 88
1627562825727 0.18206391656364732 89
1627562825831 0.18185136383220696 90
1627562825924 0.18165809011142803 91
1627562826031 0.1811637256107605 92
1627562826122 0.1809422125320552 93
1627562826221 0.18058835080129726 94
1627562826320 0.18021946195008798 95
1627562826399 0.18003698441621657 96
1627562826483 0.17977927389172246 97
1627562826590 0.17944156731704167 98
1627562826683 0.17924511966927903 99
1627562826777 0.178996047831616 100
1627562826866 0.17879123396419058 101
1627562826929 0.17859613861208726 102
1627562827009 0.17840297345997896 103
1627562827105 0.17810410541419944 104
1627562827185 0.17788285768444814 105
1627562827306 0.17752295388906292 106
1627562827387 0.17734028088471882 107
1627562827479 0.17715429212485173 108
1627562827560 0.17696914636216735 109
1627562827641 0.1767113004630435 110
1627562827713 0.1765236261586365 111
1627562827791 0.1763605053408408 112
1627562827873 0.17618501702092873 113
1627562827968 0.17600107252034752 114
1627562828067 0.17579776187958948 115
1627562828159 0.17561708659090777 116
1627562828261 0.17529274151157656 117
1627562828327 0.1751096488073916 118
1627562828423 0.17494661917829785 119
1627562828529 0.17464017888208644 120
1627562828599 0.17446894384801703 121
1627562828675 0.1742830980859941 122
1627562828760 0.17409266262117695 123
1627562828840 0.1739422046765933 124
1627562828917 0.17378695611756734 125
1627562828998 0.17363611345490138 126
1627562829072 0.1734578093426494 127
1627562829153 0.17330973032897093 128
1627562829228 0.17315042217332674 129
1627562829324 0.17290029472837717 130
1627562829407 0.1727529019716726 131
1627562829496 0.1725157705492758 132
1627562829573 0.17234394178146165 133
1627562829634 0.17219847150964196 134
1627562829724 0.17202827822602196 135
1627562829821 0.17187840540423258 136
1627562829946 0.17172923584543953 137
1627562830059 0.17157266700217355 138
1627562830138 0.17141537938016588 139
1627562830223 0.17126250016151173 140
1627562830296 0.17113020118620786 141
1627562830371 0.17098001598676751 142
1627562830448 0.17079291476099573 143
1627562830527 0.1706287393628948 144
1627562830617 0.17041029548732833 145
1627562830700 0.1702628042503979 146
1627562830761 0.17014551589211346 147
1627562830839 0.1700008727001268 148
1627562830925 0.16981766332994055 149
1627562831061 0.16954996763480396 150
1627562831145 0.16940976572981886 151
1627562831231 0.16926180706722904 152
1627562831315 0.1690930464686934 153
1627562831390 0.16895723953806474 154
1627562831466 0.1688272761491324 155
1627562831540 0.16868975784502163 156
1627562831603 0.16855818684336488 157
1627562831679 0.16843037392428542 158
1627562831747 0.16829333791746645 159
1627562831807 0.1681598323442206 160
1627562831898 0.16794242012756475 161
1627562831967 0.16782815782847815 162
1627562832058 0.16767458436325147 163
1627562832128 0.16756141974792266 164
1627562832216 0.16740213237909096 165
1627562832297 0.1672581746468734 166
1627562832365 0.16713820131517831 167
1627562832460 0.16689368215875494 168
1627562832530 0.16675108430201951 169
1627562832613 0.1665903899462259 170
1627562832677 0.16647151666802776 171
1627562832741 0.16635496934838462 172
1627562832824 0.16621898838118196 173
1627562832899 0.16609214305348086 174
1627562832976 0.16596002272981009 175
1627562833061 0.16582559450887416 176
1627562833133 0.16571204547665158 177
1627562833205 0.1655654553321406 178
1627562833275 0.1654292209108549 179
1627562833338 0.16529967984153904 180
1627562833415 0.1651656221975193 181
1627562833533 0.1650467007439401 182
1627562833656 0.16482939424859244 183
1627562833724 0.1646976319631741 184
1627562833794 0.16460116257424937 185
1627562833848 0.16449895015284574 186
1627562833935 0.16436467236767918 187
1627562834022 0.16421598648410976 188
1627562834120 0.16400521334607862 189
1627562834204 0.16389281688992793 190
1627562834280 0.16378186340341405 191
1627562834345 0.16365732073717082 192
1627562834423 0.16353302765386604 193
1627562834492 0.16340247859958273 194
1627562834565 0.16329359695342435 195
1627562834640 0.16317145167366648 196
1627562834729 0.16303811974936183 197
1627562834785 0.16294265530022775 198
1627562834869 0.16282679500186759 199
1627562834942 0.16271241902559372 200
1627562835001 0.16260594208021845 201
1627562835056 0.16251393667676806 202
1627562835122 0.16241360951186032 203
1627562835205 0.16231590486880795 204
1627562835259 0.16220669652801195 205
1627562835321 0.16210278851894377 206
1627562835397 0.16198754814698724 207
1627562835474 0.16188229465974346 208
1627562835541 0.16178741495616597 209
1627562835621 0.1616663763396449 210
1627562835688 0.16156296381294846 211
1627562835760 0.1614414102428973 212
1627562835817 0.16135566698976478 213
1627562835887 0.16125929813958637 214
1627562835970 0.16113880188121962 215
1627562836021 0.16103478681398936 216
1627562836122 0.16090596772232812 217
1627562836198 0.16079652984881831 218
1627562836261 0.1607012579820133 219
1627562836344 0.16060432587059736 220
1627562836425 0.16046878206274182 221
1627562836487 0.16038181762133305 222
1627562836574 0.160279078204179 223
1627562836680 0.16014224526651552 224
1627562836792 0.1600414697364599 225
1627562836871 0.1599374553718172 226
1627562836933 0.1598290032914418 227
1627562837000 0.15973168656663758 228
1627562837065 0.15964395999731934 229
1627562837124 0.1595500965158165 230
1627562837187 0.15943744280914912 231
1627562837254 0.1593380485300585 232
1627562837311 0.15925928464057146 233
1627562837395 0.15911413080468664 234
1627562837464 0.1589979574171951 235
1627562837551 0.158861785602982 236
1627562837663 0.1587480127690891 237
1627562837728 0.15866281028291676 238
1627562837801 0.15854036452639206 239
1627562837870 0.15844216386346832 240
1627562837945 0.15832202454892047 241
1627562838002 0.1582127666148241 242
1627562838075 0.15811047763069305 243
1627562838127 0.15803474256633704 244
1627562838204 0.15792869738159146 245
1627562838284 0.1578094279355197 246
1627562838392 0.1577119147935591 247
1627562838475 0.15761428860066823 248
1627562838548 0.1575160495036759 249
1627562838617 0.15741656053502234 250
1627562838694 0.1573070134134843 251
1627562838752 0.1572139670590193 252
1627562838815 0.15712958485799922 253
1627562838880 0.16241360951186032 254
1627562842943 0.5069302221666698 0
1627562843064 0.46766119578884047 1
1627562843187 0.43300318087893214 2
1627562843310 0.4026030900201375 3
1627562843438 0.3758225010581508 4
1627562843570 0.3525558550302402 5
1627562843695 0.3323538861404841 6
1627562843816 0.31492165252379556 7
1627562843957 0.29992074350362735 8
1627562844134 0.2869802387062681 9
1627562844280 0.2757772740078515 10
1627562844435 0.2662376123373822 11
1627562844547 0.25797195205251494 12
1627562844665 0.25104450183201826 13
1627562844782 0.24505580491520595 14
1627562844894 0.24003924824841746 15
1627562845011 0.23574185485656254 16
1627562845123 0.23216641176892616 17
1627562845233 0.22910900531719225 18
1627562845335 0.22625924678522966 19
1627562845439 0.22392677644030037 20
1627562845539 0.22192013369358396 21
1627562845645 0.22015453782337133 22
1627562845773 0.21844756263302983 23
1627562845867 0.216981681312931 24
1627562845968 0.2158085790731313 25
1627562846069 0.2145865472092555 26
1627562846168 0.21360037048869943 27
1627562846305 0.2123689227524209 28
1627562846396 0.21145975904825634 29
1627562846515 0.2104726232951865 30
1627562846620 0.20978141066674652 31
1627562846718 0.20898012969003493 32
1627562846810 0.2081812583661583 33
1627562846903 0.2074794249160667 34
1627562846999 0.20648422641342787 35
1627562847095 0.20551318131073368 36
1627562847194 0.20475760303731402 37
1627562847283 0.20375667204619624 38
1627562847384 0.20323727483294887 39
1627562847486 0.20282980134868717 40
1627562847576 0.2020378224255526 41
1627562847674 0.20130960680974777 42
1627562847774 0.20081466827542452 43
1627562847905 0.20008104745666888 44
1627562847997 0.19971585460439162 45
1627562848098 0.199053162561053 46
1627562848210 0.19795283970300304 47
1627562848310 0.19721780843322612 48
1627562848443 0.19656694008031972 49
1627562848549 0.19589530113496695 50
1627562848643 0.19551649081245262 51
1627562848738 0.1949896881880256 52
1627562848888 0.19411592705839775 53
1627562849019 0.19354919617578037 54
1627562849114 0.19316954793990368 55
1627562849215 0.1928738604887602 56
1627562849313 0.19253285230001005 57
1627562849403 0.19220972338293146 58
1627562849538 0.19147697390065382 59
1627562849643 0.1911736269097698 60
1627562849730 0.1908758681107012 61
1627562849833 0.19048158016808397 62
1627562849922 0.19021822051850043 63
1627562850010 0.1899169075355212 64
1627562850099 0.1894459597804341 65
1627562850192 0.18900750307862027 66
1627562850279 0.18877748420084003 67
1627562850426 0.18812067197652288 68
1627562850505 0.18784387001220018 69
1627562850606 0.18757922892915896 70
1627562850694 0.18735211069869007 71
1627562850779 0.18709948133297952 72
1627562850886 0.18650347789216543 73
1627562851021 0.1862135657843159 74
1627562851131 0.1859297857780754 75
1627562851240 0.18551541332272584 76
1627562851320 0.1852549935131923 77
1627562851414 0.1847540895761805 78
1627562851499 0.1845319597347712 79
1627562851603 0.18402483675743692 80
1627562851685 0.1837936718896844 81
1627562851775 0.18355172454202495 82
1627562851858 0.18333133314131123 83
1627562851947 0.18311498598121342 84
1627562852043 0.1828591991486964 85
1627562852141 0.18246559606465587 86
1627562852223 0.1822521826593317 87
1627562852309 0.18201336129860246 88
1627562852383 0.18180363362725324 89
1627562852469 0.1815827592856437 90
1627562852602 0.1810847997885625 91
1627562852689 0.18087352343599183 92
1627562852775 0.18066652167678976 93
1627562852902 0.1804117748051938 94
1627562853026 0.1801139641451452 95
1627562853130 0.17993275692332647 96
1627562853258 0.17959844542197934 97
1627562853365 0.17941573901199262 98
1627562853506 0.17916141025572457 99
1627562853641 0.17896344686629082 100
1627562853799 0.17864704651111687 101
1627562853877 0.17847724295546946 102
1627562853960 0.17823047184035976 103
1627562854081 0.17803640073613794 104
1627562854233 0.17778678822886318 105
1627562854301 0.17759826054722733 106
1627562854379 0.1774225332354313 107
1627562854472 0.1772366031399432 108
1627562854540 0.17703895792710397 109
1627562854626 0.17686006237041954 110
1627562854709 0.176651612582416 111
1627562854800 0.1763587833314534 112
1627562854877 0.1761809340006185 113
1627562855015 0.17587831221587574 114
1627562855121 0.17570352743577203 115
1627562855203 0.17551345630967904 116
1627562855301 0.17514528314764966 117
1627562855381 0.17495523468892735 118
1627562855462 0.17476053270831954 119
1627562855556 0.17460433224679325 120
1627562855658 0.17443202832783453 121
1627562855764 0.1742058499572839 122
1627562855851 0.17403599276023482 123
1627562855945 0.17379683786118105 124
1627562856032 0.17354605704162604 125
1627562856109 0.17339109791733245 126
1627562856195 0.17323679511252857 127
1627562856290 0.17307653290020056 128
1627562856374 0.17291169241846124 129
1627562856474 0.1726668176081156 130
1627562856548 0.17252036455550795 131
1627562856628 0.17236348439524743 132
1627562856720 0.1721508221135113 133
1627562856818 0.17199768937787527 134
1627562856937 0.1718119280158112 135
1627562857016 0.1716552742665268 136
1627562857094 0.17151745354749542 137
1627562857192 0.17135115990163113 138
1627562857284 0.17118289730730454 139
1627562857373 0.17097543201469553 140
1627562857453 0.17083092853197834 141
1627562857519 0.17068882067336785 142
1627562857595 0.17050139213520613 143
1627562857657 0.17036355536960598 144
1627562857750 0.1701258210318722 145
1627562857828 0.1699952058695269 146
1627562857905 0.16985319506470625 147
1627562857986 0.16970208158361477 148
1627562858059 0.1695641258745893 149
1627562858134 0.1694302810503031 150
1627562858222 0.16929577475421315 151
1627562858291 0.16918357856585653 152
1627562858369 0.16903679325420193 153
1627562858438 0.16890324776291574 154
1627562858517 0.1687564689914282 155
1627562858623 0.16852274715979124 156
1627562858732 0.1683777712178501 157
1627562858817 0.16824483370613197 158
1627562858911 0.16807875060475536 159
1627562858999 0.16791125866082215 160
1627562859064 0.16777072077270255 161
1627562859134 0.16764779045794642 162
1627562859206 0.1674745937774997 163
1627562859295 0.16728708160376787 164
1627562859366 0.1671411977200928 165
1627562859426 0.1670186690164684 166
1627562859503 0.1668806265359289 167
1627562859571 0.16677349021935498 168
1627562859641 0.16663915099741247 169
1627562859707 0.16651023097078876 170
1627562859793 0.1663676743768667 171
1627562859875 0.1662465360621377 172
1627562859944 0.16610689148310712 173
1627562860021 0.16597508365157626 174
1627562860126 0.16574529024021725 175
1627562860193 0.1656185814945447 176
1627562860271 0.16547733115422059 177
1627562860329 0.16536339618231752 178
1627562860406 0.16523043718254699 179
1627562860492 0.16512324809150775 180
1627562860550 0.16500439548947135 181
1627562860618 0.16489215450628528 182
1627562860696 0.16473854211528954 183
1627562860774 0.1645966713734262 184
1627562860858 0.16442478230138893 185
1627562860947 0.1642560992087534 186
1627562861027 0.1641257342519951 187
1627562861099 0.16401198487044505 188
1627562861173 0.1639020857648291 189
1627562861245 0.16378986954404798 190
1627562861306 0.16369360089217408 191
1627562861369 0.16357329105470575 192
1627562861435 0.16345202961313204 193
1627562861505 0.16331915736770214 194
1627562861559 0.1632227298179161 195
1627562861649 0.16310328852573877 196
1627562861758 0.16298835782816223 197
1627562861853 0.1628877120823946 198
1627562861969 0.16277075757269993 199
1627562862090 0.16257528537979796 200
1627562862155 0.1624535244934751 201
1627562862223 0.1623397858837882 202
1627562862299 0.16221722346912942 203
1627562862357 0.16212459098540422 204
1627562862427 0.16200532951053806 205
1627562862518 0.1618885822014226 206
1627562862612 0.1617743262124019 207
1627562862697 0.16166042442238385 208
1627562862790 0.1614823501984619 209
1627562862853 0.16136307027291352 210
1627562862915 0.16127075910178498 211
1627562862984 0.16116159661610155 212
1627562863104 0.16094791301675698 213
1627562863194 0.1608409969381804 214
1627562863271 0.16073363477103983 215
1627562863347 0.16062785914851851 216
1627562863456 0.16052595412723503 217
1627562863553 0.16042313317518964 218
1627562863629 0.1602951692364505 219
1627562863703 0.16020173109481967 220
1627562863774 0.16011085142370465 221
1627562863844 0.16000607487772495 222
1627562863917 0.15989810921043354 223
1627562863989 0.15976245077497764 224
1627562864091 0.15965557704980182 225
1627562864168 0.1595470725757958 226
1627562864237 0.15943885264544982 227
1627562864323 0.1593146562516033 228
1627562864413 0.1592087712513529 229
1627562864486 0.15909270753029514 230
1627562864556 0.1589787234205943 231
1627562864617 0.15886978897727433 232
1627562864680 0.15876356133766192 233
1627562864744 0.1586822053505984 234
1627562864800 0.15857763279432588 235
1627562864866 0.15847353976034134 236
1627562864930 0.15838541553207933 237
1627562865008 0.158283196286694 238
1627562865080 0.15817430357910545 239
1627562865162 0.15807174390264134 240
1627562865228 0.1579698043822392 241
1627562865339 0.15782060122844735 242
1627562865406 0.1577139561141877 243
1627562865459 0.1576196369210047 244
1627562865522 0.15752230462060265 245
1627562865595 0.15741774196977146 246
1627562865652 0.1573381767375772 247
1627562865734 0.15723608962549 248
1627562865803 0.1571285231575512 249
1627562865870 0.15703028263917787 250
1627562865942 0.1569294165343164 251
1627562865998 0.156830078418185 252
1627562866069 0.1567287281326791 253
1627562866153 0.1566413825315173 254
1627562866207 0.15656659245010365 255
1627562866278 0.1564527078914851 256
1627562866347 0.1563624199840112 257
1627562866407 0.15626389266494048 258
1627562866462 0.156167114513432 259
1627562866534 0.1560542969234165 260
1627562866601 0.15596291960181746 261
1627562866677 0.1558711318585333 262
1627562866755 0.15573418385999777 263
1627562866837 0.15563179515766803 264
1627562866917 0.1555275551740669 265
1627562867002 0.15542085000986292 266
1627562867085 0.15533326662515057 267
1627562867149 0.1552577890997273 268
1627562867222 0.15516559702999155 269
1627562867302 0.15503428303487657 270
1627562867365 0.154959198199055 271
1627562867425 0.15487860132532816 272
1627562867493 0.1547671020434917 273
1627562867554 0.15467688701437757 274
1627562867626 0.1545900586648847 275
1627562867703 0.15450752870931422 276
1627562867791 0.15443423928699238 277
1627562867881 0.15434816378251293 278
1627562867949 0.15426234406481337 279
1627562868007 0.1541749219594067 280
1627562868095 0.15409559730504818 281
1627562868192 0.15400573103284632 282
1627562868265 0.15886978897727433 283
1627562872290 0.5097490282703503 0
1627562872420 0.4702065397940212 1
1627562872548 0.43529197753667703 2
1627562872670 0.4045915379248887 3
1627562872796 0.3776076869831978 4
1627562872923 0.3541526371463809 5
1627562873054 0.33379761487449017 6
1627562873172 0.31621750728325154 7
1627562873289 0.30107862222811155 8
1627562873418 0.287961531702331 9
1627562873592 0.2766684042181852 10
1627562873715 0.2670457030506159 11
1627562873839 0.2587432199162025 12
1627562873978 0.25174399963445926 13
1627562874083 0.24570424769734409 14
1627562874197 0.24064177581479468 15
1627562874306 0.23631445892716169 16
1627562874415 0.23266059411931317 17
1627562874526 0.22955146137277962 18
1627562874629 0.2267186793992261 19
1627562874733 0.22422428925099863 20
1627562874836 0.2222312843542123 21
1627562874952 0.22047908911880504 22
1627562875059 0.2188992913935727 23
1627562875164 0.21748233329822808 24
1627562875263 0.2163581057423046 25
1627562875365 0.21523902058307054 26
1627562875461 0.21401022417974125 27
1627562875565 0.21305245794650918 28
1627562875666 0.21211871918509725 29
1627562875762 0.21121845404346618 30
1627562875860 0.21052585968411375 31
1627562875987 0.209582886760701 32
1627562876083 0.20874629732363686 33
1627562876180 0.20816836449959022 34
1627562876288 0.2073701963145436 35
1627562876387 0.2063439324259926 36
1627562876503 0.2053093157192597 37
1627562876596 0.20477992958559588 38
1627562876699 0.20379527577185222 39
1627562876791 0.20335335814546157 40
1627562876887 0.20256484524341586 41
1627562876987 0.20166302011359502 42
1627562877078 0.20124399048743938 43
1627562877180 0.20064466520732 44
1627562877269 0.20021178298293765 45
1627562877363 0.19970412167530657 46
1627562877454 0.19900227519592678 47
1627562877553 0.19842452416092204 48
1627562877689 0.19787347258103563 49
1627562877802 0.19711465297401443 50
1627562877918 0.19678632088763248 51
1627562878050 0.19585935289831616 52
1627562878150 0.19496680275341408 53
1627562878262 0.1944459838713061 54
1627562878356 0.19410598122168707 55
1627562878509 0.19371681625548823 56
1627562878594 0.1933552550111907 57
1627562878680 0.19304720637387127 58
1627562878788 0.19221706341542455 59
1627562878879 0.1919045084505861 60
1627562878973 0.19160548777272798 61
1627562879071 0.19128177982270955 62
1627562879153 0.19099129291950098 63
1627562879257 0.19041269039205694 64
1627562879365 0.18972942968569734 65
1627562879460 0.1894260438396568 66
1627562879567 0.18905346349406227 67
1627562879668 0.18857113028525974 68
1627562879770 0.18833159858783102 69
1627562879879 0.1878271571809589 70
1627562879965 0.18756644003895695 71
1627562880071 0.1872508448517898 72
1627562880168 0.18693877860490363 73
1627562880254 0.18666791559108784 74
1627562880348 0.1863167544479309 75
1627562880438 0.18607570484287944 76
1627562880528 0.18582099188215923 77
1627562880611 0.18557356335956127 78
1627562880701 0.18536293122590825 79
1627562880800 0.18482446684483345 80
1627562880885 0.18451691618640242 81
1627562880977 0.18416928797935106 82
1627562881081 0.1839019421228966 83
1627562881174 0.18368336645907002 84
1627562881268 0.18347012882891164 85
1627562881348 0.18324653111854197 86
1627562881429 0.18301857772950728 87
1627562881510 0.1828257098931557 88
1627562881596 0.1826113499231842 89
1627562881690 0.18226513349286133 90
1627562881785 0.1818410847256619 91
1627562881882 0.18138824994882044 92
1627562881951 0.18118729390785557 93
1627562882034 0.1809557801881332 94
1627562882122 0.18069641146408494 95
1627562882201 0.1804997478554503 96
1627562882287 0.18029223384585216 97
1627562882376 0.1799521899562969 98
1627562882464 0.17973517339393835 99
1627562882532 0.17953016493434773 100
1627562882618 0.1793167000000835 101
1627562882714 0.17892361417939653 102
1627562882792 0.17873031307051934 103
1627562882870 0.17854364853370489 104
1627562882961 0.17828047622734375 105
1627562883052 0.17801844581802995 106
1627562883134 0.1777762349291722 107
1627562883240 0.1776056054617546 108
1627562883359 0.1772989112189644 109
1627562883460 0.1770948650111227 110
1627562883530 0.1769180836495049 111
1627562883614 0.17667237807950248 112
1627562883696 0.17648138316052653 113
1627562883784 0.17630870840797808 114
1627562883870 0.17614415244603882 115
1627562883959 0.17596374287826455 116
1627562884047 0.1757512828097525 117
1627562884146 0.17558143825686143 118
1627562884230 0.17531830036632431 119
1627562884312 0.1751571500839277 120
1627562884398 0.17498122123543922 121
1627562884473 0.17478393172241924 122
1627562884559 0.17461580390825107 123
1627562884643 0.17446124694741724 124
1627562884731 0.17427863910044952 125
1627562884796 0.17413372362391394 126
1627562884908 0.17393149229918156 127
1627562884991 0.17368379667980893 128
1627562885069 0.17352116624295646 129
1627562885206 0.17323198550281796 130
1627562885292 0.1730718920447526 131
1627562885368 0.1729167139442235 132
1627562885440 0.1727600791917887 133
1627562885525 0.17261489356933965 134
1627562885611 0.17244865872080994 135
1627562885697 0.17227950738641148 136
1627562885798 0.17200731916212056 137
1627562885873 0.17184379406936337 138
1627562885948 0.17167460711104038 139
1627562886016 0.1715359861289366 140
1627562886111 0.17127623842490625 141
1627562886172 0.1711381625014304 142
1627562886254 0.17099414208173902 143
1627562886334 0.1708483968208619 144
1627562886404 0.17069974335111407 145
1627562886501 0.17054270288681198 146
1627562886561 0.1704214221485368 147
1627562886627 0.17028010892160517 148
1627562886698 0.17015638047393927 149
1627562886793 0.16997648332008142 150
1627562886858 0.1698571472820021 151
1627562886947 0.16971370735630692 152
1627562887029 0.16957648438605374 153
1627562887097 0.16944238493334415 154
1627562887184 0.1692986929121634 155
1627562887264 0.16916448273735027 156
1627562887338 0.16902686595088312 157
1627562887417 0.16888248953186236 158
1627562887499 0.16868130679385313 159
1627562887577 0.16855585734721543 160
1627562887655 0.16837713650306246 161
1627562887723 0.16824668863202027 162
1627562887785 0.16812275377920113 163
1627562887871 0.16798181556308187 164
1627562887947 0.16784547285277285 165
1627562888007 0.1677321834679019 166
1627562888085 0.16760295846528184 167
1627562888171 0.16738577820101544 168
1627562888232 0.16725521728636128 169
1627562888308 0.16711638887057215 170
1627562888393 0.16692594550123965 171
1627562888470 0.16680620518481598 172
1627562888533 0.16668939842335512 173
1627562888610 0.16654506448066211 174
1627562888682 0.16642452769672308 175
1627562888749 0.16631319265515673 176
1627562888811 0.16619822256299285 177
1627562888943 0.16599218509836516 178
1627562889043 0.16585199079122756 179
1627562889108 0.16571577324209644 180
1627562889175 0.16558433192487976 181
1627562889246 0.16546364050860587 182
1627562889349 0.16532316219514853 183
1627562889427 0.16518301839960223 184
1627562889504 0.16503830527864707 185
1627562889588 0.16490317480378397 186
1627562889668 0.16477598754852432 187
1627562889736 0.16464267234702204 188
1627562889836 0.16440868100845477 189
1627562889903 0.16430196959519766 190
1627562889961 0.16419381962785304 191
1627562890036 0.16406308838522263 192
1627562890096 0.1639459350153759 193
1627562890175 0.16383804713575556 194
1627562890247 0.1637177715910006 195
1627562890321 0.16360144827124007 196
1627562890394 0.16348430298015607 197
1627562890469 0.16334957860155416 198
1627562890576 0.16323667273648587 199
1627562890628 0.1631465270141382 200
1627562890699 0.16303023383458495 201
1627562890783 0.16285122444417557 202
1627562890858 0.16273651859006283 203
1627562890944 0.16261671167750683 204
1627562891038 0.1624694043975883 205
1627562891125 0.16233953127414144 206
1627562891205 0.16223265815591226 207
1627562891293 0.16209244859550326 208
1627562891379 0.1619821230359433 209
1627562891457 0.16182643817805015 210
1627562891519 0.1617183859157931 211
1627562891583 0.16160217200270038 212
1627562891662 0.1614941716458456 213
1627562891719 0.1613825550032506 214
1627562891787 0.16128070644691758 215
1627562891864 0.16117256467271673 216
1627562891927 0.16107809960557107 217
1627562892012 0.1609695850816673 218
1627562892114 0.16085926677792506 219
1627562892243 0.1606880037066488 220
1627562892345 0.16054894064681172 221
1627562892440 0.16044152034340345 222
1627562892528 0.16032850897319767 223
1627562892586 0.16023156827896626 224
1627562892658 0.16011992283077595 225
1627562892744 0.15994931406143478 226
1627562892814 0.1598330843385005 227
1627562892883 0.15972096898061325 228
1627562892935 0.15963289400619368 229
1627562892994 0.15952996116285792 230
1627562893067 0.1594279606827739 231
1627562893131 0.15933119220972056 232
1627562893192 0.15923190311760613 233
1627562893250 0.15915080209801588 234
1627562893325 0.15903809640151995 235
1627562893401 0.15894017247215203 236
1627562893501 0.158831351712355 237
1627562893584 0.15870954483183256 238
1627562893660 0.15860958374345688 239
1627562893725 0.15852623055428566 240
1627562893790 0.1584250520769397 241
1627562893852 0.15831612741153966 242
1627562893905 0.15821524891646416 243
1627562894022 0.15809431071678784 244
1627562894133 0.1579986837175809 245
1627562894242 0.15787941314596005 246
1627562894351 0.157780816675817 247
1627562894412 0.15768000712159444 248
1627562894479 0.15758224600373139 249
1627562894531 0.15748710520041237 250
1627562894620 0.15738285854162734 251
1627562894707 0.1572922262826124 252
1627562894778 0.15718179806886923 253
1627562894883 0.15708379248808224 254
1627562894966 0.1569812828924686 255
1627562895035 0.15688766321786016 256
1627562895102 0.1568047016577769 257
1627562895174 0.15670918832326697 258
1627562895244 0.1566163704705192 259
1627562895308 0.15651423703472297 260
1627562895374 0.1564350559080346 261
1627562895467 0.15632191648536245 262
1627562895540 0.1562280965164649 263
1627562895598 0.1561462498479041 264
1627562895667 0.1560425280771587 265
1627562895738 0.1559490393239016 266
1627562895813 0.1558108301889814 267
1627562895909 0.1556636307538689 268
1627562895980 0.15556906182451766 269
1627562896079 0.1554814765675127 270
1627562896152 0.15540616154193754 271
1627562896207 0.15531798326461993 272
1627562896289 0.1552307006744661 273
1627562896396 0.15513038171851687 274
1627562896478 0.154997426323389 275
1627562896547 0.15489001469970906 276
1627562896601 0.15479437745702357 277
1627562896673 0.1546627770942337 278
1627562896749 0.15455410824227334 279
1627562896812 0.15446752613118633 280
1627562896887 0.15435746316976012 281
1627562896954 0.15425976270273367 282
1627562897019 0.15415458043561417 283
1627562897085 0.15406362735916757 284
1627562897151 0.15397163409068884 285
1627562897206 0.153880138535883 286
1627562897270 0.153798354541543 287
1627562897330 0.15371564384844602 288
1627562897391 0.15363230683199863 289
1627562897469 0.15353680653541865 290
1627562897557 0.15344247353172602 291
1627562897654 0.15335384925718776 292
1627562897786 0.15323212169662676 293
1627562897901 0.15313231136088704 294
1627562897996 0.15303428235521557 295
1627562898073 0.15293486752760788 296
1627562898152 0.1528319461044916 297
1627562898219 0.15274184790965703 298
1627562898294 0.1526498533522125 299
1627562898365 0.1525421982207475 300
1627562898432 0.15244463572486341 301
1627562898498 0.15235417518600264 302
1627562898563 0.15227526877083677 303
1627562898648 0.1521946261904444 304
1627562898709 0.15211883877750526 305
1627562898778 0.15203155131785592 306
1627562898856 0.1519461577996144 307
1627562898928 0.15186181361932904 308
1627562898987 0.15179306451933108 309
1627562899057 0.15172563138660558 310
1627562899151 0.15163478346362477 311
1627562899219 0.15150742238514806 312
1627562899271 0.15143021968521997 313
1627562899332 0.15134153521387128 314
1627562899404 0.15126079965505723 315
1627562899462 0.1511675646924067 316
1627562899522 0.15108277689902835 317
1627562899588 0.15098793691491708 318
1627562899666 0.1508943774255366 319
1627562899729 0.15080105560962873 320
1627562899787 0.15072629390159217 321
1627562899847 0.15064147661971553 322
1627562899911 0.15056033681133643 323
1627562899976 0.15047792857710768 324
1627562900040 0.15039697991866335 325
1627562900112 0.15030456667203 326
1627562900170 0.15022010235134445 327
1627562900239 0.15013397285302987 328
1627562900303 0.1500572432064849 329
1627562900375 0.14997087950472388 330
1627562900460 0.15446752613118633 331
