1627557220311 0.5095146553861077 0
1627557220417 0.47065566427452593 1
1627557220511 0.4363038601168265 2
1627557220605 0.40619834391801246 3
1627557220694 0.3798049455922534 4
1627557220782 0.35682179157563515 5
1627557220890 0.3368157200902429 6
1627557221023 0.31961374308797963 7
1627557221105 0.3048948095645959 8
1627557221186 0.29214687316233523 9
1627557221266 0.28102367146796564 10
1627557221384 0.2715828208395933 11
1627557221513 0.2634985441737366 12
1627557221629 0.2566523158055039 13
1627557221735 0.25070062156647155 14
1627557221821 0.2457411040996928 15
1627557221899 0.2415163656248065 16
1627557222010 0.23805797539646903 17
1627557222092 0.23512379050053359 18
1627557222166 0.23239390045665892 19
1627557222239 0.23010049729342352 20
1627557222312 0.22817511395321913 21
1627557222387 0.22645703769395456 22
1627557222458 0.22487723461988057 23
1627557222531 0.2235127423880364 24
1627557222601 0.22238835981585103 25
1627557222678 0.22136398287900277 26
1627557222747 0.2204075467674951 27
1627557222820 0.2195876864430676 28
1627557222883 0.21872170448019507 29
1627557222944 0.2179443637493663 30
1627557223012 0.21725079551551713 31
1627557223084 0.21653057783991272 32
1627557223151 0.21597326527146773 33
1627557223214 0.21522272670236822 34
1627557223281 0.21446466977363887 35
1627557223359 0.21387368645556404 36
1627557223430 0.21319192132783352 37
1627557223523 0.2124640986495442 38
1627557223598 0.21176373878626273 39
1627557223666 0.2114023214208975 40
1627557223729 0.21070182505097745 41
1627557223795 0.21021194508356097 42
1627557223870 0.20976654992345084 43
1627557223939 0.20915884954472677 44
1627557223999 0.20888097448037632 45
1627557224070 0.20814866689192613 46
1627557224139 0.20767765175669356 47
1627557224209 0.2073824470196743 48
1627557224294 0.20701765704651465 49
1627557224389 0.20628676165928217 50
1627557224455 0.20580115035534716 51
1627557224522 0.20551320943890047 52
1627557224592 0.20507279828248562 53
1627557224649 0.20484149459599407 54
1627557224708 0.20462435258285716 55
1627557224768 0.20410655389146437 56
1627557224828 0.2038930553129751 57
1627557224888 0.2036578965775803 58
1627557224954 0.20312210058745164 59
1627557225023 0.20271801362728809 60
1627557225091 0.20223004485656446 61
1627557225157 0.2018427587844443 62
1627557225219 0.20163453133993403 63
1627557225282 0.20139622337195395 64
1627557225349 0.2012005539628934 65
1627557225411 0.20074804801728297 66
1627557225472 0.2004275984240857 67
1627557225540 0.19997040886627443 68
1627557225604 0.19954657878566082 69
1627557225672 0.19930139331871746 70
1627557225729 0.1990702776701274 71
1627557225815 0.1987293213201389 72
1627557225878 0.19848976829292025 73
1627557225942 0.19829056100323478 74
1627557226007 0.19805713756229337 75
1627557226069 0.19771554871790004 76
1627557226128 0.19755809543153965 77
1627557226202 0.19715434801097803 78
1627557226272 0.19681005446071673 79
1627557226370 0.1966214510606711 80
1627557226439 0.19643777898134607 81
1627557226503 0.19623661697838737 82
1627557226589 0.19600912756416036 83
1627557226688 0.19582266996340847 84
1627557226773 0.1956359751305193 85
1627557226830 0.1954733004939743 86
1627557226897 0.19529752290331343 87
1627557226950 0.1951487436136481 88
1627557227009 0.19490137202836297 89
1627557227074 0.1945966112786318 90
1627557227144 0.1942181630235552 91
1627557227208 0.19392037989702132 92
1627557227264 0.19376512194635542 93
1627557227321 0.19355609993202255 94
1627557227377 0.19332401918154457 95
1627557227441 0.19317707464211065 96
1627557227503 0.19303454743705162 97
1627557227559 0.19289254597405592 98
1627557227625 0.19274086792500258 99
1627557227704 0.19256842685528838 100
1627557227768 0.19234297777099088 101
1627557227820 0.19220767104704842 102
1627557227875 0.19206342231730641 103
1627557227930 0.1919358268177795 104
1627557227997 0.19156398951556425 105
1627557228055 0.19134036745695193 106
1627557228110 0.19115635459726574 107
1627557228165 0.1910112383647002 108
1627557228232 0.1907838973859989 109
1627557228297 0.1905755000805136 110
1627557228354 0.19043482215084542 111
1627557228421 0.1902074692930261 112
1627557228479 0.1900390900505893 113
1627557228540 0.189859090856599 114
1627557228600 0.1897368496841601 115
1627557228652 0.18960238309352315 116
1627557228715 0.18947570249414997 117
1627557228775 0.18933403934686943 118
1627557228830 0.18921093450090193 119
1627557228894 0.18894107830392784 120
1627557228956 0.18880192612598348 121
1627557229017 0.18867705867451484 122
1627557229072 0.18853966786112253 123
1627557229135 0.1882115499832534 124
1627557229198 0.18807750703342369 125
1627557229269 0.18793721028103766 126
1627557229353 0.18781907557636493 127
1627557229434 0.18766067480804105 128
1627557229523 0.1875044556372645 129
1627557229597 0.18732098545700104 130
1627557229652 0.18721634716404736 131
1627557229713 0.18710661115204968 132
1627557229790 0.18695365325824378 133
1627557229837 0.18685423902011075 134
1627557229892 0.1867492324650788 135
1627557229936 0.18664123851736397 136
1627557229979 0.1865293084438056 137
1627557230019 0.186430574980754 138
1627557230077 0.1862989069863207 139
1627557230134 0.18612248409489227 140
1627557230183 0.18599437808063113 141
1627557230229 0.18588954078081932 142
1627557230270 0.1857916818676841 143
1627557230327 0.18567933103226966 144
1627557230374 0.18557031940931468 145
1627557230445 0.18547148729691254 146
1627557230505 0.18532572888904306 147
1627557230563 0.18522697264937646 148
1627557230619 0.18512012415700232 149
1627557230699 0.18488635075978077 150
1627557230761 0.18468082441992767 151
1627557230821 0.1845659175653061 152
1627557230868 0.18447468067402303 153
1627557230924 0.18435265040112103 154
1627557230984 0.18423521315663255 155
1627557231031 0.18414547676965817 156
1627557231093 0.18396523346705584 157
1627557231147 0.18380364280247355 158
1627557231191 0.1837114698560797 159
1627557231253 0.18352261133969125 160
1627557231314 0.18333334979042618 161
1627557231375 0.18322359376595942 162
1627557231433 0.18305775271242436 163
1627557231491 0.1828719867871704 164
1627557231548 0.18277338993549275 165
1627557231607 0.18267177254984407 166
1627557231672 0.18257219956545007 167
1627557231719 0.18247400015691348 168
1627557231762 0.18239297339049002 169
1627557231810 0.182298752912599 170
1627557231854 0.18219890178689174 171
1627557231914 0.18196080529498834 172
1627557231969 0.1818630691404 173
1627557232027 0.18177416664520027 174
1627557232082 0.1816820482614745 175
1627557232144 0.18152914844680348 176
1627557232200 0.1814465582703584 177
1627557232255 0.18135393980904535 178
1627557232314 0.1812547737825337 179
1627557232365 0.1811567425756907 180
1627557232412 0.1810763676089663 181
1627557232468 0.1809913677131161 182
1627557232523 0.18090165371925515 183
1627557232573 0.18081376356706771 184
1627557232629 0.18072900651498705 185
1627557232680 0.18063845405325837 186
1627557232731 0.18054990121728656 187
1627557232794 0.18034587019630047 188
1627557232863 0.18015868277734964 189
1627557232919 0.1800770176072057 190
1627557232975 0.1799106755537455 191
1627557233037 0.17971147694326248 192
1627557233086 0.17962572854052838 193
1627557233139 0.17953957887849228 194
1627557233181 0.17946518917903237 195
1627557233223 0.17938800347988765 196
1627557233286 0.1793018662145519 197
1627557233345 0.1792047043745575 198
1627557233416 0.1789900896341107 199
1627557233498 0.17885297284304594 200
1627557233543 0.1787520246696114 201
1627557233588 0.17867625381960864 202
1627557233645 0.17857355143079923 203
1627557233701 0.17848511368445416 204
1627557233740 0.1784104294629305 205
1627557233788 0.17832869445341137 206
1627557233852 0.1782554830669497 207
1627557233909 0.178180898142157 208
1627557233970 0.17809948212327126 209
1627557234019 0.17800001652071604 210
1627557234072 0.17793422261700034 211
1627557234131 0.17783924150316094 212
1627557234223 0.17766373202724453 213
1627557234291 0.17756286704528146 214
1627557234350 0.17748925793753662 215
1627557234401 0.17740422490130017 216
1627557234448 0.1773243197836789 217
1627557234491 0.17725534221343725 218
1627557234550 0.17713116757104266 219
1627557234613 0.1770246706093314 220
1627557234684 0.17694837222534807 221
1627557234749 0.17687119161528875 222
1627557234828 0.17680846149570334 223
1627557234887 0.17673224487860673 224
1627557234940 0.1766555620410835 225
1627557234990 0.1765696195269971 226
1627557235036 0.17650139160504405 227
1627557235100 0.17637520612207278 228
1627557235141 0.17630160194641056 229
1627557235190 0.17622598597643377 230
1627557235235 0.17615726477903293 231
1627557235280 0.1760980174219099 232
1627557235322 0.17603625272445916 233
1627557235381 0.17596180425859564 234
1627557235421 0.17589461464628173 235
1627557235475 0.17582380978100282 236
1627557235513 0.17576633669919886 237
1627557235568 0.17568369686021795 238
1627557235620 0.17561121055588194 239
1627557235681 0.17548351653876998 240
1627557235736 0.17541119691454846 241
1627557235785 0.17533585654481565 242
1627557235835 0.17523430759836922 243
1627557235892 0.17514486916139613 244
1627557235944 0.17506994152756913 245
1627557235987 0.17499856177055007 246
1627557236038 0.17491962515863096 247
1627557236098 0.17476351131909587 248
1627557236149 0.17467611760358695 249
1627557236212 0.1746037326901659 250
1627557236266 0.1745102975872579 251
1627557236309 0.1744341843088236 252
1627557236360 0.17436383474323217 253
1627557236428 0.17429386298916197 254
1627557236476 0.17423589763549108 255
1627557236546 0.17415358498866054 256
1627557236628 0.1740800407429177 257
1627557236672 0.17401521964412828 258
1627557236722 0.17393230368816534 259
1627557236764 0.17386116486171613 260
1627557236826 0.17380075625843674 261
1627557236897 0.17373415381213317 262
1627557236966 0.17367350373633533 263
1627557237026 0.17361250349722746 264
1627557237104 0.1735390947829511 265
1627557237178 0.17343961691135135 266
1627557237253 0.17336612560867815 267
1627557237317 0.1732976782667346 268
1627557237389 0.1732212085577656 269
1627557237432 0.1731569654977451 270
1627557237494 0.17306098886452218 271
1627557237563 0.17289781375960767 272
1627557237611 0.1728347110041706 273
1627557237665 0.17276720480468982 274
1627557237719 0.172694164329624 275
1627557237778 0.17255428023251826 276
1627557237825 0.17248743475693323 277
1627557237874 0.17241944901117048 278
1627557237923 0.1723423437219213 279
1627557237962 0.17228585455046533 280
1627557238006 0.17222056479400333 281
1627557238044 0.17216595968278925 282
1627557238098 0.17208944088900668 283
1627557238143 0.17201781635173097 284
1627557238182 0.17196389490259628 285
1627557238231 0.17185346566836798 286
1627557238277 0.1717887028072675 287
1627557238329 0.1717131868039007 288
1627557238369 0.17165224592047174 289
1627557238428 0.171530077994971 290
1627557238484 0.1713826865663936 291
1627557238541 0.17130681093905484 292
1627557238591 0.1712443819106274 293
1627557238633 0.17118409860283543 294
1627557238679 0.1711196913183349 295
1627557238728 0.17104621340850815 296
1627557238775 0.17098527982465445 297
1627557238825 0.17092678088561386 298
1627557238866 0.1708730818930433 299
1627557238938 0.17080795330985346 300
1627557238977 0.1707463000602771 301
1627557239016 0.17067707180627073 302
1627557239082 0.17054423724708148 303
1627557239129 0.17047070968185338 304
1627557239182 0.17039797622107664 305
1627557239234 0.17034195181936987 306
1627557239290 0.17026297987670486 307
1627557239334 0.1702064898883159 308
1627557239380 0.17014714997730268 309
1627557239421 0.17008638961018607 310
1627557239484 0.17001873877003928 311
1627557239524 0.16996795708592027 312
1627557239566 0.16989703185426666 313
1627557239607 0.16983403507943468 314
1627557239660 0.16977633388495247 315
1627557239702 0.16971894231805487 316
1627557239748 0.16965859031667657 317
1627557239790 0.1696007507884276 318
1627557239838 0.16953310520699952 319
1627557239877 0.16946822493132305 320
1627557239920 0.16940731959506514 321
1627557239963 0.16935142360873542 322
1627557240029 0.1692213097269294 323
1627557240079 0.16914977596700978 324
1627557240122 0.1690903883343196 325
1627557240161 0.16903749272856003 326
1627557240202 0.16898805952610185 327
1627557240246 0.16893164004378491 328
1627557240303 0.16887309620530191 329
1627557240342 0.16881558718532538 330
1627557240385 0.16875566356096067 331
1627557240431 0.1686977213561508 332
1627557240478 0.16863330055849274 333
1627557240518 0.16858150591155208 334
1627557240561 0.16852401163588665 335
1627557240603 0.16846705999992378 336
1627557240661 0.16835756085319314 337
1627557240716 0.16827293949027763 338
1627557240775 0.16820904497718606 339
1627557240823 0.1681553525055494 340
1627557240892 0.16805776585311247 341
1627557240953 0.16799838541094503 342
1627557241001 0.16793688129582426 343
1627557241062 0.167821714366214 344
1627557241105 0.16776658589630636 345
1627557241168 0.16765078498345448 346
1627557241212 0.16759676063983253 347
1627557241255 0.16754254439242494 348
1627557241305 0.1674831148767509 349
1627557241370 0.16743038178225955 350
1627557241416 0.1673817974794153 351
1627557241463 0.16732682585345002 352
1627557241509 0.16727848126667105 353
1627557241568 0.16721527603129885 354
1627557241620 0.16716017157387789 355
1627557241665 0.1671075160617334 356
1627557241709 0.16705272793765455 357
1627557241760 0.16699229817077318 358
1627557241811 0.16692447700088403 359
1627557241863 0.16685864590306906 360
1627557241906 0.1668070960691928 361
1627557241952 0.1667424457186827 362
1627557241992 0.16668622347161582 363
1627557242039 0.16662372542073953 364
1627557242088 0.16656953649019138 365
1627557242129 0.16651777787674665 366
1627557242183 0.16645382186403912 367
1627557242234 0.16639713432201325 368
1627557242280 0.16634907784732425 369
1627557242336 0.1662857728571011 370
1627557242395 0.16618990841438636 371
1627557242446 0.1661055081852688 372
1627557242508 0.16601181024064973 373
1627557242566 0.16595801757641776 374
1627557242609 0.16590786808587193 375
1627557242657 0.16584250998790645 376
1627557242698 0.1657872280481223 377
1627557242769 0.1657038518331098 378
1627557242831 0.16563689597580367 379
1627557242885 0.16557879248573776 380
1627557242961 0.1654743167241966 381
1627557243005 0.16542510816893005 382
1627557243055 0.16535591169578084 383
1627557243102 0.16530037511782691 384
1627557243149 0.16524586799928526 385
1627557243188 0.16519190075956713 386
1627557243222 0.16514839834472034 387
1627557243271 0.16510116416674794 388
1627557243326 0.16505661407230163 389
1627557243380 0.1650044933558618 390
1627557243431 0.16495624043269017 391
1627557243479 0.16489891140318724 392
1627557243518 0.1648543883554154 393
1627557243553 0.16481625463721655 394
1627557243592 0.16476258430353727 395
1627557243631 0.16471921637704534 396
1627557243673 0.1646659029294968 397
1627557243712 0.16461312944811377 398
1627557243759 0.16454810597845265 399
1627557243821 0.16449541542246968 400
1627557243869 0.1644451202179771 401
1627557243909 0.16439212053411664 402
1627557243953 0.16434090908830817 403
1627557244002 0.16428700460108017 404
1627557244046 0.1642452650070844 405
1627557244093 0.16419305483713087 406
1627557244131 0.1641447584833185 407
1627557244173 0.16409400567466978 408
1627557244218 0.16404438012960626 409
1627557244270 0.1640004484950892 410
1627557244318 0.1639472776890382 411
1627557244360 0.16389823222092234 412
1627557244401 0.1638462161613013 413
1627557244449 0.16379650610138233 414
1627557244488 0.16374651585223346 415
1627557244540 0.1636821174312976 416
1627557244584 0.1636254975085181 417
1627557244633 0.16357542765826028 418
1627557244670 0.16352737090084235 419
1627557244719 0.1634776915078354 420
1627557244786 0.1633778400428351 421
1627557244833 0.1633214472330847 422
1627557244882 0.1632703314554278 423
1627557244928 0.16322039062042504 424
1627557244972 0.16316371129201823 425
1627557245012 0.1631168907847587 426
1627557245062 0.1630651300623079 427
1627557245108 0.16300970491017172 428
1627557245147 0.1629588102825776 429
1627557245196 0.1628912079293974 430
1627557245243 0.16283619381409653 431
1627557245283 0.16278919902773503 432
1627557245327 0.16274098584430186 433
1627557245366 0.1626903054635044 434
1627557245407 0.16264081479658987 435
1627557245448 0.16258482145062245 436
1627557245491 0.16253479411536575 437
1627557245544 0.1624454116072607 438
1627557245599 0.1623760389789862 439
1627557245645 0.16231864260638643 440
1627557245689 0.1622749911121007 441
1627557245732 0.1622185705955094 442
1627557245785 0.16215980585518155 443
1627557245831 0.1621070063919473 444
1627557245880 0.16204647561767252 445
1627557245919 0.16199824456085152 446
1627557245963 0.1619476617270623 447
1627557246008 0.161899794714363 448
1627557246052 0.16184972673078665 449
1627557246116 0.16180257084769378 450
1627557246164 0.1617576569040893 451
1627557246218 0.16170925405527975 452
1627557246268 0.16165696382091227 453
1627557246315 0.16161117838514538 454
1627557246357 0.16155987933295765 455
1627557246410 0.16151969816867845 456
1627557246453 0.16148087600219302 457
1627557246514 0.16143620276939416 458
1627557246557 0.16139685744465118 459
1627557246614 0.16134505093969878 460
1627557246653 0.1613026257488748 461
1627557246704 0.16124422320072232 462
1627557246749 0.16119409572164844 463
1627557246783 0.16114803731731078 464
1627557246824 0.1610952470372192 465
1627557246877 0.16101274639234814 466
1627557246917 0.16096495089464927 467
1627557246970 0.1609112014053578 468
1627557247025 0.16086023503331773 469
1627557247068 0.16080781912658842 470
1627557247131 0.16071589405474482 471
1627557247172 0.16067574856044192 472
1627557247211 0.16063146418063567 473
1627557247252 0.16058039431368856 474
1627557247295 0.16052949230065616 475
1627557247334 0.1604845758854223 476
1627557247383 0.16043381746922405 477
1627557247423 0.1603909332557354 478
1627557247463 0.16034357518885314 479
1627557247513 0.16027137538270256 480
1627557247562 0.16022042628629338 481
1627557247607 0.16017220200883447 482
1627557247650 0.16012437465150017 483
1627557247695 0.16008037183321888 484
1627557247738 0.160035066198888 485
1627557247781 0.15998678114412404 486
1627557247835 0.15993108018252142 487
1627557247891 0.15986117432052854 488
1627557247935 0.15981504562996865 489
1627557247975 0.15977217788891307 490
1627557248022 0.15972382625605805 491
1627557248061 0.15968018849884266 492
1627557248104 0.15963630905995246 493
1627557248159 0.15958228018537407 494
1627557248203 0.15954087353175295 495
1627557248250 0.15949264070424327 496
1627557248291 0.15944935631631826 497
1627557248330 0.15940372098493563 498
1627557248385 0.15932597701955767 499
1627557248440 0.15928536262311094 500
1627557248492 0.15922987724832335 501
1627557248535 0.1591829096492171 502
1627557248574 0.15914570400168704 503
1627557248614 0.15910147293404328 504
1627557248653 0.15905752420733513 505
1627557248700 0.159010903082674 506
1627557248746 0.15896710802950514 507
1627557248790 0.1589219231760309 508
1627557248840 0.1588815180860324 509
1627557248890 0.1588329912853694 510
1627557248929 0.1587896744522264 511
1627557248986 0.15872797288912957 512
1627557249032 0.1586784165601411 513
1627557249084 0.15863128140991808 514
1627557249134 0.158565122409697 515
1627557249176 0.1585213079761403 516
1627557249241 0.15847422636700353 517
1627557249301 0.15842876422887425 518
1627557249339 0.15838493062725453 519
1627557249376 0.15834018934352548 520
1627557249419 0.1582935303881519 521
1627557249459 0.15824286690846387 522
1627557249517 0.15816325519935712 523
1627557249565 0.15811860042768022 524
1627557249624 0.15807082220702445 525
1627557249670 0.15802783505601367 526
1627557249712 0.15797710654769728 527
1627557249753 0.1579322022088158 528
1627557249796 0.157897411328298 529
1627557249836 0.15785115185727713 530
1627557249883 0.157805594446689 531
1627557249921 0.15776606293572967 532
1627557249968 0.15771982366559137 533
1627557250017 0.15765947539996497 534
1627557250055 0.15761762567941515 535
1627557250097 0.15757396690937625 536
1627557250159 0.1575290547540242 537
1627557250195 0.15748972576687764 538
1627557250235 0.1574529452318358 539
1627557250290 0.15740785157630954 540
1627557250341 0.15735912952154374 541
1627557250387 0.15731254191680158 542
1627557250441 0.15727292269421864 543
1627557250501 0.15721275397281353 544
1627557250552 0.15717660429783212 545
1627557250617 0.15712975747142466 546
1627557250689 0.15708695002551284 547
1627557250730 0.1570411775388902 548
1627557250765 0.15700727335768994 549
1627557250822 0.15696487722139965 550
1627557250866 0.15692521628131564 551
1627557250919 0.1568362184868228 552
1627557250961 0.1567902108689793 553
1627557251007 0.15674983700350986 554
1627557251052 0.15670486391161156 555
1627557251092 0.1566619059403499 556
1627557251141 0.1566188129028477 557
1627557251193 0.15657504938698155 558
1627557251244 0.15653967121781676 559
1627557251307 0.15650048443490666 560
1627557251381 0.15645238308903708 561
1627557251435 0.15641707653074388 562
1627557251534 0.15633231812529266 563
1627557251609 0.1586784165601411 564
1627557255865 0.5087555986688101 0
1627557255973 0.46997068315828033 1
1627557256066 0.4357539642951005 2
1627557256156 0.4057270799119763 3
1627557256248 0.3793494697960848 4
1627557256341 0.356406992002348 5
1627557256429 0.336602314783825 6
1627557256520 0.3195622676118431 7
1627557256650 0.3048849271234173 8
1627557256728 0.29217420283260437 9
1627557256818 0.28110873124924335 10
1627557256944 0.2717004276305575 11
1627557257040 0.2636586269894598 12
1627557257132 0.2568724375134647 13
1627557257235 0.25096759670034946 14
1627557257366 0.2460578165983033 15
1627557257452 0.24180612363385712 16
1627557257546 0.23830039743460618 17
1627557257633 0.23529302949621875 18
1627557257716 0.23264770480654934 19
1627557257790 0.2302295277126296 20
1627557257865 0.22829428860871018 21
1627557257948 0.22661677425921045 22
1627557258014 0.2250453978317224 23
1627557258092 0.2236877638331292 24
1627557258163 0.2225198393798589 25
1627557258235 0.22150804198909088 26
1627557258307 0.22054479727842413 27
1627557258382 0.2197459927977246 28
1627557258449 0.2189325636415835 29
1627557258519 0.2181219869519104 30
1627557258599 0.21750868828588768 31
1627557258684 0.21684261420197734 32
1627557258753 0.21599952799020727 33
1627557258821 0.21549834638981083 34
1627557258890 0.21487183170584256 35
1627557258972 0.21440791608366278 36
1627557259048 0.21376504640854355 37
1627557259119 0.21329541407719543 38
1627557259182 0.21259348635144953 39
1627557259254 0.21222811873978667 40
1627557259318 0.21168357670835886 41
1627557259383 0.2111367835316302 42
1627557259452 0.2105632340241844 43
1627557259519 0.21026057492923447 44
1627557259578 0.20998821232441495 45
1627557259686 0.20925549066478444 46
1627557259753 0.2087480396838174 47
1627557259832 0.2082514661721492 48
1627557259948 0.20790235780978034 49
1627557260083 0.20728530365857972 50
1627557260156 0.20676853604462736 51
1627557260228 0.20651294645348772 52
1627557260307 0.20611486558482123 53
1627557260374 0.20589297356833697 54
1627557260440 0.2055517427778325 55
1627557260520 0.20488226857717504 56
1627557260585 0.20440465098090488 57
1627557260660 0.2041804293830415 58
1627557260724 0.20396441432024875 59
1627557260784 0.20373427590165055 60
1627557260844 0.2035139219130874 61
1627557260912 0.2032988840415902 62
1627557260976 0.20311876952279495 63
1627557261054 0.20258347558999282 64
1627557261128 0.20237067819531698 65
1627557261194 0.20215012678586092 66
1627557261262 0.20178016551145064 67
1627557261332 0.20124015176299886 68
1627557261390 0.20077473341805968 69
1627557261457 0.2005186179579003 70
1627557261523 0.20029323757161172 71
1627557261586 0.20009643751666883 72
1627557261666 0.19989268887412953 73
1627557261733 0.19944103787129963 74
1627557261804 0.19909922965058613 75
1627557261869 0.19891916916940236 76
1627557261939 0.19853645330484476 77
1627557262011 0.19827467953886463 78
1627557262079 0.1979911659759824 79
1627557262177 0.19764559673269633 80
1627557262239 0.19730312914584602 81
1627557262311 0.19698932381789558 82
1627557262371 0.19682078423802754 83
1627557262432 0.19663770938831637 84
1627557262503 0.19640889822847238 85
1627557262563 0.19624261901196505 86
1627557262624 0.19608287252285034 87
1627557262693 0.1957537380963895 88
1627557262763 0.19539560825212107 89
1627557262821 0.19522832404687904 90
1627557262883 0.19508096934004393 91
1627557262945 0.19493700305388006 92
1627557263004 0.19477821438104764 93
1627557263072 0.19458676888098286 94
1627557263139 0.1943850440309224 95
1627557263208 0.19425643900237224 96
1627557263278 0.19405048800037517 97
1627557263342 0.19376150800745778 98
1627557263406 0.19358375770149056 99
1627557263484 0.19339962443075498 100
1627557263546 0.19325205138758206 101
1627557263613 0.19303168002135296 102
1627557263698 0.19289133952227816 103
1627557263785 0.19258334344479308 104
1627557263849 0.1924391143494243 105
1627557263918 0.19220503414532578 106
1627557263970 0.1920839465120659 107
1627557264038 0.19192256219540116 108
1627557264130 0.19160138019757408 109
1627557264216 0.19127139480037456 110
1627557264265 0.1911418695120652 111
1627557264315 0.19095294448309155 112
1627557264386 0.19080719328638537 113
1627557264446 0.19067713579578935 114
1627557264516 0.19052619058644718 115
1627557264575 0.1903895292433231 116
1627557264639 0.19025790229054468 117
1627557264703 0.19010403731931222 118
1627557264806 0.18995222765556313 119
1627557264870 0.18982883561712785 120
1627557264937 0.18968681907017435 121
1627557265005 0.1895056534591663 122
1627557265091 0.1893473516486544 123
1627557265176 0.18913695781896092 124
1627557265243 0.18885684105884826 125
1627557265292 0.1887473748428634 126
1627557265358 0.18862039776930142 127
1627557265427 0.18843991431746024 128
1627557265486 0.18827776006042857 129
1627557265554 0.18805152968773337 130
1627557265605 0.18791002442582705 131
1627557265658 0.18779321034757737 132
1627557265715 0.1876374709698895 133
1627557265774 0.18750831895392328 134
1627557265828 0.18739705024786574 135
1627557265890 0.18728651920001702 136
1627557265953 0.18717328235557523 137
1627557266008 0.18705947639069265 138
1627557266074 0.18691299526655686 139
1627557266132 0.18674541550418522 140
1627557266196 0.1866376014403872 141
1627557266242 0.18653823013457244 142
1627557266305 0.18641344160292764 143
1627557266386 0.1863095494934503 144
1627557266452 0.18617334502908417 145
1627557266537 0.18601930523423935 146
1627557266585 0.1859125185808157 147
1627557266658 0.18581597434976949 148
1627557266723 0.18560984922469248 149
1627557266805 0.18551178066291737 150
1627557266847 0.18540688190136143 151
1627557266903 0.18520492643312877 152
1627557266964 0.18508772449097502 153
1627557267016 0.18494919263539603 154
1627557267082 0.18476823857168967 155
1627557267165 0.1846641949378728 156
1627557267258 0.18456225644016075 157
1627557267332 0.18434942756381612 158
1627557267412 0.18424393290481644 159
1627557267506 0.18406082794008233 160
1627557267564 0.18394316616599887 161
1627557267620 0.1837321385058844 162
1627557267674 0.18358937031682893 163
1627557267722 0.183503508917654 164
1627557267766 0.1834023228669928 165
1627557267826 0.18326147567915033 166
1627557267899 0.1830235854763595 167
1627557267982 0.1828817434835775 168
1627557268077 0.1826936626846872 169
1627557268157 0.18259218977237723 170
1627557268237 0.18247058682452194 171
1627557268301 0.18236083610685785 172
1627557268363 0.18227652854577261 173
1627557268452 0.182145378399924 174
1627557268508 0.18206908744591874 175
1627557268563 0.18196914215214938 176
1627557268636 0.1818519228927177 177
1627557268707 0.18176421103086088 178
1627557268774 0.1816642996358239 179
1627557268827 0.18158329372821996 180
1627557268885 0.18149330366630953 181
1627557268938 0.1814090257854557 182
1627557269007 0.18127636805122282 183
1627557269047 0.1811935759223255 184
1627557269106 0.1811070664026798 185
1627557269162 0.18102122858956185 186
1627557269250 0.18084062386070113 187
1627557269309 0.1807194005374547 188
1627557269355 0.18064008842303397 189
1627557269411 0.18055491540145324 190
1627557269464 0.1804557325762922 191
1627557269513 0.18034546197293458 192
1627557269569 0.1802057640994656 193
1627557269616 0.18012541203106894 194
1627557269676 0.17993633040651363 195
1627557269729 0.17985010701844215 196
1627557269779 0.17977225596268834 197
1627557269829 0.17962133241421377 198
1627557269877 0.17954083997734638 199
1627557269943 0.179462173322483 200
1627557269998 0.1793789631003866 201
1627557270065 0.17918123134008848 202
1627557270114 0.1790919513391751 203
1627557270170 0.17901141390571224 204
1627557270213 0.17893028561176114 205
1627557270255 0.1788536457309576 206
1627557270317 0.17866585166445995 207
1627557270373 0.17855006596350373 208
1627557270428 0.1784701638045321 209
1627557270486 0.1783819265311916 210
1627557270562 0.1782762352151873 211
1627557270673 0.1781158771029705 212
1627557270737 0.17804271727283286 213
1627557270806 0.1779556953162997 214
1627557270865 0.1778798943530676 215
1627557270930 0.17773755593944088 216
1627557270991 0.17762060994423598 217
1627557271045 0.17752215626925752 218
1627557271112 0.17737704549132158 219
1627557271160 0.17729764119403263 220
1627557271209 0.17721220799841406 221
1627557271255 0.17713736584743223 222
1627557271301 0.17706564011343479 223
1627557271361 0.1769562923009914 224
1627557271436 0.176873746569724 225
1627557271493 0.176778982722731 226
1627557271538 0.1767077307891971 227
1627557271590 0.17663112133969633 228
1627557271657 0.1765516843222558 229
1627557271709 0.17647422905118978 230
1627557271762 0.1763989441032072 231
1627557271809 0.17632965991025418 232
1627557271878 0.17622949229517604 233
1627557271932 0.1761286966981242 234
1627557271982 0.17604460959229162 235
1627557272050 0.17596087748972242 236
1627557272101 0.17588136422119507 237
1627557272162 0.17570845393095944 238
1627557272203 0.17564017113615618 239
1627557272242 0.17558105870769541 240
1627557272285 0.175514011891568 241
1627557272327 0.17544563642787941 242
1627557272375 0.17537683995085138 243
1627557272423 0.17530022299496686 244
1627557272488 0.17515525155453296 245
1627557272527 0.1750763624504786 246
1627557272565 0.17501304285852454 247
1627557272619 0.17492996551075599 248
1627557272674 0.17481108829054348 249
1627557272732 0.17474099975747986 250
1627557272779 0.17466703942257858 251
1627557272830 0.17459397430002824 252
1627557272881 0.17452530849707032 253
1627557272938 0.17445363073856987 254
1627557272981 0.17438208076125694 255
1627557273035 0.17430771989067917 256
1627557273087 0.17424399697643658 257
1627557273130 0.17417303547806523 258
1627557273190 0.17404851774146746 259
1627557273238 0.17398014696187888 260
1627557273284 0.17391374509468735 261
1627557273345 0.1737514839471924 262
1627557273400 0.17368101976053815 263
1627557273446 0.17361864328128768 264
1627557273486 0.17354600489177005 265
1627557273548 0.17338986158979972 266
1627557273617 0.17331542875215966 267
1627557273672 0.17324470314324605 268
1627557273717 0.1731788383479808 269
1627557273763 0.17311348328181697 270
1627557273818 0.17305233038208295 271
1627557273861 0.17298231204631312 272
1627557273911 0.1729126970715212 273
1627557273970 0.1727844750504447 274
1627557274025 0.1727131041394353 275
1627557274076 0.17264692478573385 276
1627557274122 0.17258046286818077 277
1627557274171 0.17251051555821695 278
1627557274228 0.1723927464715948 279
1627557274282 0.17232199124676342 280
1627557274330 0.17226023575363253 281
1627557274369 0.17220585856280615 282
1627557274404 0.17214597860183609 283
1627557274445 0.17208795268871463 284
1627557274502 0.1720167543391812 285
1627557274562 0.17195153053310527 286
1627557274605 0.17189294256098156 287
1627557274646 0.17183436444222938 288
1627557274687 0.171774232834923 289
1627557274757 0.17170102280175717 290
1627557274864 0.17154687067002036 291
1627557274918 0.17147715426007673 292
1627557274985 0.17138891284891933 293
1627557275038 0.17131895276123077 294
1627557275091 0.17126528179986636 295
1627557275158 0.17120847379045806 296
1627557275199 0.1711433094734407 297
1627557275258 0.17107260708031263 298
1627557275303 0.17101115249161764 299
1627557275363 0.1709541926141317 300
1627557275404 0.17089049383878976 301
1627557275452 0.1708164191905388 302
1627557275497 0.17075400614708125 303
1627557275548 0.17068634087242252 304
1627557275598 0.170622972960517 305
1627557275650 0.1705548553402544 306
1627557275698 0.17049275111795864 307
1627557275743 0.1704145160382407 308
1627557275789 0.17035451138048563 309
1627557275832 0.17029341629668374 310
1627557275887 0.17021717879892706 311
1627557275938 0.17014858010753844 312
1627557275992 0.17006616267450672 313
1627557276035 0.1700056382122466 314
1627557276103 0.16994129170917083 315
1627557276148 0.16988188955919173 316
1627557276197 0.16982358484193683 317
1627557276237 0.1697684739327028 318
1627557276292 0.16969961969218697 319
1627557276346 0.16962817287204007 320
1627557276385 0.16957288135866364 321
1627557276432 0.16950141816802616 322
1627557276497 0.16938611553335062 323
1627557276544 0.16932507068225996 324
1627557276605 0.1692652777785231 325
1627557276652 0.1692100630681284 326
1627557276700 0.16915663229230912 327
1627557276757 0.16910347366399314 328
1627557276798 0.16904728185229337 329
1627557276849 0.16897550553769197 330
1627557276897 0.1689166475846292 331
1627557276936 0.1688584549992153 332
1627557277017 0.1687255483514391 333
1627557277071 0.1686594668520771 334
1627557277165 0.1685180677313377 335
1627557277231 0.16846312107544964 336
1627557277319 0.16837101781475042 337
1627557277407 0.1682787280749065 338
1627557277469 0.1682188827500254 339
1627557277522 0.1681592285107492 340
1627557277571 0.16808229289834975 341
1627557277625 0.16802646367055069 342
1627557277668 0.1679738788569262 343
1627557277723 0.16790677346183946 344
1627557277769 0.16784482119063385 345
1627557277825 0.16777584598641357 346
1627557277871 0.16771516875705816 347
1627557277915 0.1676621531559347 348
1627557277954 0.16760442752702084 349
1627557278018 0.16753972493303532 350
1627557278097 0.16747995433302804 351
1627557278138 0.1674330659447645 352
1627557278181 0.1673769621199525 353
1627557278222 0.16732135788370686 354
1627557278282 0.16726694355100255 355
1627557278341 0.16721191754608644 356
1627557278377 0.16716320091999867 357
1627557278416 0.16710530614511293 358
1627557278477 0.167051097912076 359
1627557278531 0.1669879969389775 360
1627557278584 0.16693559404586708 361
1627557278637 0.16687104313640164 362
1627557278685 0.16681977766316025 363
1627557278728 0.16677047442631932 364
1627557278799 0.16668930977617213 365
1627557278858 0.16663401332659522 366
1627557278910 0.16657536434904338 367
1627557278956 0.16652964964144798 368
1627557279021 0.1664716154028928 369
1627557279079 0.16641482948193215 370
1627557279125 0.1663671543816179 371
1627557279162 0.16632481083457087 372
1627557279215 0.16627544538781439 373
1627557279251 0.1662355623434049 374
1627557279306 0.16617597995808556 375
1627557279362 0.16611129435010394 376
1627557279410 0.16605314937049453 377
1627557279451 0.1659995574241257 378
1627557279504 0.16593408922559455 379
1627557279550 0.1658778587926789 380
1627557279629 0.16576736131439956 381
1627557279689 0.1657093403424147 382
1627557279748 0.16565042450741843 383
1627557279804 0.1655977952808101 384
1627557279879 0.1655428229540473 385
1627557279942 0.16547997304202375 386
1627557280024 0.1653617205911861 387
1627557280058 0.16530838148350363 388
1627557280134 0.16522170679581633 389
1627557280189 0.1651698864342153 390
1627557280240 0.16511606423701802 391
1627557280280 0.16506966943984422 392
1627557280337 0.16501446407586023 393
1627557280384 0.1649673834293879 394
1627557280423 0.16491844791998125 395
1627557280469 0.16486760544858223 396
1627557280521 0.16478350759404703 397
1627557280570 0.16473825662422723 398
1627557280628 0.1646485738575648 399
1627557280691 0.1645864962060955 400
1627557280750 0.16453956188725274 401
1627557280809 0.1644820162288901 402
1627557280861 0.16442021552913727 403
1627557280900 0.16436642973348886 404
1627557280947 0.16431910388691717 405
1627557281046 0.16419004014334315 406
1627557281091 0.16412953327753413 407
1627557281132 0.1640791701899487 408
1627557281168 0.164027523050483 409
1627557281222 0.1639668836238404 410
1627557281267 0.16392175203863538 411
1627557281309 0.16386589451377154 412
1627557281353 0.1638142227385406 413
1627557281409 0.1637622272193799 414
1627557281477 0.16371622077517625 415
1627557281536 0.16366414974836957 416
1627557281607 0.16360726624779456 417
1627557281653 0.16353786726979203 418
1627557281691 0.16349330588428032 419
1627557281732 0.16343858061750627 420
1627557281786 0.16338657614809846 421
1627557281865 0.16332887407461819 422
1627557281924 0.16328800343606006 423
1627557281986 0.16323784941244335 424
1627557282059 0.16317959076876393 425
1627557282120 0.16312757726163818 426
1627557282172 0.16303100062580236 427
1627557282226 0.16293668215890644 428
1627557282266 0.16288727020817065 429
1627557282316 0.16282993688272146 430
1627557282375 0.1627444961954668 431
1627557282410 0.16270531794250342 432
1627557282455 0.16265260994625053 433
1627557282505 0.16260305070102704 434
1627557282548 0.16254329409797985 435
1627557282592 0.16249732440646822 436
1627557282634 0.16244954731690153 437
1627557282679 0.16239028140075978 438
1627557282721 0.1623414114398487 439
1627557282765 0.1622901779567172 440
1627557282814 0.16224670433910507 441
1627557282887 0.1621912043131374 442
1627557282926 0.16214791043602772 443
1627557282982 0.16209451371094566 444
1627557283026 0.16205046292136582 445
1627557283093 0.16199793068209647 446
1627557283152 0.1619533456067829 447
1627557283205 0.16187494673804534 448
1627557283246 0.16182841330559336 449
1627557283310 0.16178352936585444 450
1627557283361 0.16174005046216822 451
1627557283413 0.16168424015307403 452
1627557283451 0.16163354818840664 453
1627557283492 0.16159184671082083 454
1627557283537 0.1615278819434198 455
1627557283592 0.16145161583987555 456
1627557283638 0.16140460075263768 457
1627557283694 0.16134483906937008 458
1627557283740 0.16129531532390226 459
1627557283782 0.1612524809542668 460
1627557283821 0.16120239776936066 461
1627557283859 0.16116277821048264 462
1627557283908 0.16111409147814196 463
1627557283966 0.16106548703569126 464
1627557284004 0.1610204352729102 465
1627557284049 0.16097445066866256 466
1627557284086 0.1609299292237769 467
1627557284142 0.16088159950513778 468
1627557284209 0.16082745047359037 469
1627557284272 0.16077846795415093 470
1627557284337 0.16073175527605607 471
1627557284385 0.16068015775779246 472
1627557284427 0.16063881318669618 473
1627557284495 0.16058929121878368 474
1627557284555 0.16054730294622954 475
1627557284602 0.16049610832375866 476
1627557284655 0.16042430119675344 477
1627557284697 0.16038438475509736 478
1627557284736 0.1603339791478693 479
1627557284794 0.16028419464154187 480
1627557284843 0.16023376690251806 481
1627557284882 0.16018606595517487 482
1627557284925 0.1601419999985863 483
1627557284980 0.16005884166012313 484
1627557285021 0.16001228747578203 485
1627557285066 0.1599599216117651 486
1627557285117 0.15991559764191088 487
1627557285198 0.15983674507204026 488
1627557285245 0.15978724669887245 489
1627557285286 0.15974259890396908 490
1627557285335 0.15969020111108273 491
1627557285382 0.15964508619336265 492
1627557285432 0.15959966860019198 493
1627557285471 0.15955785843090264 494
1627557285521 0.1595097053974033 495
1627557285580 0.1594186838172621 496
1627557285619 0.15937420705553476 497
1627557285666 0.15932293203437795 498
1627557285725 0.1592540386382871 499
1627557285799 0.15920560271424736 500
1627557285888 0.15913045850798374 501
1627557285957 0.15908542824086552 502
1627557286015 0.15904053205405871 503
1627557286077 0.15899372436327872 504
1627557286142 0.15895206244204207 505
1627557286203 0.15890305330090604 506
1627557286248 0.15886179713935103 507
1627557286291 0.15882158608050576 508
1627557286331 0.1587816909055494 509
1627557286378 0.15872526804800172 510
1627557286415 0.158680878355769 511
1627557286452 0.15863836943147838 512
1627557286496 0.15859585516245464 513
1627557286553 0.15851089674234986 514
1627557286592 0.15846854255364323 515
1627557286627 0.15842501861910147 516
1627557286679 0.15837430442088762 517
1627557286733 0.15833515091619352 518
1627557286772 0.1582876387825781 519
1627557286813 0.15824073384768608 520
1627557286857 0.15818812390563772 521
1627557286900 0.15814127328136962 522
1627557286940 0.15809353708726126 523
1627557286984 0.158050220756582 524
1627557287033 0.1580039984705216 525
1627557287072 0.15795549799541272 526
1627557287115 0.15791656595479006 527
1627557287156 0.15786796322081595 528
1627557287202 0.15782454724667638 529
1627557287247 0.15778541058778894 530
1627557287294 0.15773806640236915 531
1627557287338 0.15769198444677054 532
1627557287384 0.15764482519845224 533
1627557287420 0.15761456588546902 534
1627557287464 0.15756968683335537 535
1627557287504 0.15752280713737637 536
1627557287549 0.15748111643393817 537
1627557287588 0.15743609886261714 538
1627557287647 0.15736394390866923 539
1627557287689 0.15731471001343975 540
1627557287728 0.1572697690480702 541
1627557287799 0.15717896742249718 542
1627557287839 0.15713227481395467 543
1627557287882 0.15708506030528074 544
1627557287922 0.15704674037206465 545
1627557287968 0.1569992244990135 546
1627557288015 0.15695670028219205 547
1627557288078 0.15687357387249226 548
1627557288119 0.15683025056599553 549
1627557288173 0.15678468073939625 550
1627557288212 0.15674044526409317 551
1627557288258 0.15669707686445683 552
1627557288298 0.1566500502900689 553
1627557288342 0.15660599333039585 554
1627557288381 0.1565667413339472 555
1627557288423 0.1565241495915011 556
1627557288463 0.1564830197141321 557
1627557288514 0.15644147573264564 558
1627557288559 0.15640242788884837 559
1627557288611 0.15635235567838168 560
1627557288662 0.15631149162522975 561
1627557288707 0.15626655360098923 562
1627557288745 0.15623023300970182 563
1627557288792 0.15619189873159045 564
1627557288829 0.15615961630739064 565
1627557288867 0.15611832197511316 566
1627557288906 0.15607499481491613 567
1627557288944 0.15603039709413752 568
1627557288985 0.15598274883256627 569
1627557289027 0.15594287038245588 570
1627557289070 0.15589332563481734 571
1627557289126 0.1558126682489064 572
1627557289169 0.15577016464031584 573
1627557289208 0.15572281776242514 574
1627557289264 0.15567169306243647 575
1627557289322 0.15562103523217277 576
1627557289380 0.15557863734684854 577
1627557289432 0.1555311188328192 578
1627557289490 0.15548490541356574 579
1627557289567 0.15544335792290664 580
1627557289633 0.15540340837385438 581
1627557289684 0.15536657540271748 582
1627557289733 0.15532701085953574 583
1627557289789 0.15528333757876234 584
1627557289833 0.15524223058057102 585
1627557289876 0.15520115945015217 586
1627557289913 0.1551546823417181 587
1627557289957 0.15510932322167723 588
1627557289996 0.15506864407225568 589
1627557290037 0.1550208376507784 590
1627557290075 0.15498479070963417 591
1627557290121 0.15493645963268163 592
1627557290153 0.1549006543204009 593
1627557290192 0.1548594043153705 594
1627557290247 0.15481077712652166 595
1627557290287 0.15476434076404916 596
1627557290339 0.15471768216893875 597
1627557290375 0.154678231593326 598
1627557290418 0.15462706988839015 599
1627557290474 0.15458928568097505 600
1627557290511 0.15455176084327074 601
1627557290553 0.15450826847067592 602
1627557290595 0.15447285308003433 603
1627557290647 0.1544235244721104 604
1627557290694 0.15437734874868553 605
1627557290736 0.1543319692898816 606
1627557290773 0.15429414164529598 607
1627557290814 0.15425028259040938 608
1627557290876 0.15419446965543832 609
1627557290917 0.15416115926644447 610
1627557290960 0.1541175928921868 611
1627557291013 0.15407501525523548 612
1627557291064 0.1540375268686373 613
1627557291111 0.1539919652037744 614
1627557291148 0.1539581756478566 615
1627557291197 0.15391699699504416 616
1627557291240 0.15388001521259181 617
1627557291276 0.15384848529182718 618
1627557291323 0.1538109981398015 619
1627557291378 0.15377670720012623 620
1627557291449 0.15373402851007179 621
1627557291507 0.15369393122933483 622
1627557291558 0.1536537201267407 623
1627557291592 0.15361945925379714 624
1627557291633 0.15358147660719815 625
1627557291675 0.15354939723114186 626
1627557291719 0.1535172323081168 627
1627557291759 0.15348056705596413 628
1627557291804 0.15343845779993967 629
1627557291850 0.1533995198883455 630
1627557291889 0.15336234076751193 631
1627557291928 0.15332604394498656 632
1627557291967 0.1532877716707514 633
1627557292013 0.1532379142357907 634
1627557292048 0.15319997005745378 635
1627557292087 0.15315894253408016 636
1627557292125 0.15312137488485675 637
1627557292165 0.153086318194962 638
1627557292206 0.15304242336452278 639
1627557292240 0.1530077207821598 640
1627557292275 0.1529683924752451 641
1627557292324 0.15292583865973142 642
1627557292371 0.15288240712078224 643
1627557292411 0.1528407948729743 644
1627557292451 0.1527997040547144 645
1627557292495 0.15275645969608084 646
1627557292535 0.15272279059095759 647
1627557292580 0.1526825940964581 648
1627557292620 0.1526423907082837 649
1627557292679 0.15260276721509244 650
1627557292721 0.15255912371405106 651
1627557292771 0.15250776299333557 652
1627557292814 0.15247093890498922 653
1627557292859 0.1524345259901282 654
1627557292943 0.1544235244721104 655
1627557297141 0.5095198746854461 0
1627557297248 0.4706797164798285 1
1627557297338 0.43651996864061177 2
1627557297429 0.4065558823215372 3
1627557297526 0.38007021790352724 4
1627557297616 0.35704297735655843 5
1627557297712 0.3371027441000342 6
1627557297799 0.3199048965522671 7
1627557297886 0.30517657710452273 8
1627557297972 0.2924344487180137 9
1627557298057 0.28135176789589367 10
1627557298142 0.2719128727225569 11
1627557298222 0.26379027748901973 12
1627557298308 0.2569361178011232 13
1627557298390 0.2510426362325537 14
1627557298471 0.24609409383168493 15
1627557298555 0.24183123657157615 16
1627557298668 0.23831553141599812 17
1627557298794 0.23528569160553944 18
1627557298921 0.2325971056928576 19
1627557299009 0.23023325933314795 20
1627557299090 0.22825242948327445 21
1627557299210 0.22663116700484057 22
1627557299294 0.22501576657569858 23
1627557299374 0.22371031896272076 24
1627557299449 0.22259439858015362 25
1627557299541 0.2214129028457026 26
1627557299625 0.2204392284006166 27
1627557299702 0.21956472470871383 28
1627557299785 0.21875724598299892 29
1627557299861 0.21792489421505393 30
1627557299950 0.21729645669502826 31
1627557300038 0.21659327401372536 32
1627557300107 0.21595352094093082 33
1627557300178 0.21534752654490422 34
1627557300244 0.2146924988385622 35
1627557300320 0.21410744847746366 36
1627557300394 0.21371616195706 37
1627557300464 0.21324095228609005 38
1627557300528 0.21257587462609426 39
1627557300599 0.21211485224061333 40
1627557300673 0.21145870150441717 41
1627557300739 0.21087457736057905 42
1627557300805 0.21055328567755566 43
1627557300876 0.2097590472553261 44
1627557300938 0.2094647944324538 45
1627557301005 0.20902154212592858 46
1627557301072 0.20842464710764594 47
1627557301136 0.20799040349846729 48
1627557301208 0.20750130990758145 49
1627557301298 0.20679452597149914 50
1627557301360 0.2065040507439946 51
1627557301422 0.2062360119347321 52
1627557301485 0.20557518148414325 53
1627557301558 0.20536693733217068 54
1627557301618 0.20505789888769713 55
1627557301694 0.2047593442925721 56
1627557301757 0.20453658421994284 57
1627557301819 0.20429737783359003 58
1627557301890 0.204036343128071 59
1627557301957 0.20370597358530562 60
1627557302034 0.20345780608615058 61
1627557302119 0.2029828800915125 62
1627557302230 0.20260146267282228 63
1627557302302 0.2024040932900009 64
1627557302400 0.20218304724646793 65
1627557302474 0.20193113476262775 66
1627557302572 0.20142858689739543 67
1627557302640 0.2011469380070336 68
1627557302704 0.2007983970347214 69
1627557302765 0.20058812100244838 70
1627557302827 0.20040540420394845 71
1627557302897 0.1998839923737984 72
1627557302956 0.1996152003632617 73
1627557303018 0.19918861372761726 74
1627557303086 0.19900776877871498 75
1627557303153 0.1987371439859297 76
1627557303231 0.19857303539314644 77
1627557303324 0.1981505699313689 78
1627557303414 0.197975740892997 79
1627557303509 0.19770677700076308 80
1627557303605 0.19740084379352327 81
1627557303685 0.19720896682562533 82
1627557303743 0.19705654506763828 83
1627557303807 0.196679217746681 84
1627557303862 0.19647836178288164 85
1627557303923 0.19625554179656848 86
1627557303983 0.19604886598729557 87
1627557304040 0.19581813518242216 88
1627557304116 0.19566197989950662 89
1627557304198 0.19546509159981693 90
1627557304301 0.195276277552752 91
1627557304395 0.1950811034995802 92
1627557304463 0.1947959804219877 93
1627557304521 0.19461833146769192 94
1627557304584 0.19442086332815314 95
1627557304653 0.1941528343199628 96
1627557304746 0.19384279061377302 97
1627557304818 0.19370933520678177 98
1627557304893 0.1935484730569918 99
1627557304981 0.19330814294098453 100
1627557305049 0.19315318327855727 101
1627557305108 0.19282154998434559 102
1627557305151 0.1926698786902335 103
1627557305210 0.19252877498193663 104
1627557305278 0.19235311770732944 105
1627557305335 0.19214486624474802 106
1627557305392 0.19195127284886496 107
1627557305460 0.19180166982876234 108
1627557305544 0.19166263499088873 109
1627557305633 0.19150309974586366 110
1627557305694 0.19136787554579324 111
1627557305751 0.19118922924103982 112
1627557305822 0.19106047107315421 113
1627557305910 0.19093499686196103 114
1627557305967 0.1908107417435975 115
1627557306023 0.1906676698251607 116
1627557306127 0.19036828617312157 117
1627557306206 0.19025127762361302 118
1627557306266 0.1900231163668679 119
1627557306318 0.18991185940965782 120
1627557306377 0.18977561192135428 121
1627557306432 0.18966728588600854 122
1627557306495 0.18939050175555983 123
1627557306561 0.18910459240357375 124
1627557306623 0.1889809937284519 125
1627557306694 0.18886651227861578 126
1627557306736 0.18874664463316743 127
1627557306795 0.18856330146169054 128
1627557306858 0.18839895965519152 129
1627557306915 0.18824285131228077 130
1627557306966 0.18814656570397034 131
1627557307020 0.18804640202755984 132
1627557307077 0.18790722731782383 133
1627557307124 0.18777090602234311 134
1627557307181 0.18763462255742702 135
1627557307248 0.1873223440877979 136
1627557307306 0.18721582644313509 137
1627557307383 0.1869373185318901 138
1627557307471 0.1868012742820091 139
1627557307528 0.18669220493395647 140
1627557307596 0.18648156088012566 141
1627557307662 0.1863687439496768 142
1627557307711 0.18626384755585804 143
1627557307770 0.18607032200808812 144
1627557307832 0.185864088298312 145
1627557307886 0.18577116303913882 146
1627557307953 0.18548815134251523 147
1627557308007 0.1853790188576624 148
1627557308072 0.18526559972295245 149
1627557308137 0.1851640590159086 150
1627557308193 0.18496176179382123 151
1627557308258 0.18476560431027905 152
1627557308353 0.18466154899833173 153
1627557308444 0.1844742643017629 154
1627557308504 0.18434353156061464 155
1627557308594 0.1842320939474247 156
1627557308674 0.18413058127212661 157
1627557308736 0.18402439476592086 158
1627557308785 0.18391509604636772 159
1627557308843 0.1837392948083393 160
1627557308909 0.18349020959059645 161
1627557308967 0.18339198975475954 162
1627557309029 0.18329304440911953 163
1627557309095 0.18308397525255715 164
1627557309138 0.18298094220234626 165
1627557309190 0.18287429079897688 166
1627557309267 0.1826578769526857 167
1627557309320 0.1825292525780281 168
1627557309365 0.18243953820191292 169
1627557309420 0.18227592039693763 170
1627557309475 0.1821664831914541 171
1627557309532 0.18205373224583868 172
1627557309573 0.1819695605991431 173
1627557309634 0.18180781866328183 174
1627557309689 0.18170958986192753 175
1627557309742 0.18161935610806268 176
1627557309806 0.18151886956580587 177
1627557309881 0.18140535101100957 178
1627557309948 0.18130676444897154 179
1627557310001 0.1812123603985083 180
1627557310045 0.1811307019479536 181
1627557310112 0.18103806811536965 182
1627557310193 0.1809007323236775 183
1627557310282 0.18071118711060905 184
1627557310362 0.18056071668458712 185
1627557310416 0.1804698781064729 186
1627557310469 0.18037670412765894 187
1627557310525 0.1802928083197243 188
1627557310579 0.1802011514681026 189
1627557310642 0.18004845320313573 190
1627557310730 0.179865243261577 191
1627557310778 0.1797811440719788 192
1627557310833 0.17968724651547446 193
1627557310904 0.17953562392925473 194
1627557310959 0.1793987317313744 195
1627557311024 0.1793142633339902 196
1627557311084 0.17919656543870496 197
1627557311147 0.17906045429207423 198
1627557311204 0.17898074290036964 199
1627557311277 0.17887120664598227 200
1627557311323 0.17879228576192285 201
1627557311368 0.1787086477214546 202
1627557311426 0.17861010970455557 203
1627557311490 0.17850974020026927 204
1627557311533 0.17842941288104905 205
1627557311585 0.178348790492694 206
1627557311642 0.17826361146743477 207
1627557311683 0.17819136523066054 208
1627557311724 0.17811207375187535 209
1627557311775 0.17802956426196817 210
1627557311834 0.17786665034617893 211
1627557311902 0.17778826990417837 212
1627557311955 0.17772031939164132 213
1627557312022 0.1776426055425457 214
1627557312094 0.1775680999873971 215
1627557312182 0.17749003851938636 216
1627557312229 0.1774100992659424 217
1627557312311 0.17729306894056251 218
1627557312389 0.17720675656331866 219
1627557312465 0.17710355687604365 220
1627557312526 0.17703111222213244 221
1627557312588 0.1769699824467038 222
1627557312674 0.176886562736523 223
1627557312725 0.17680917816679445 224
1627557312780 0.17671844360299743 225
1627557312825 0.17664878335794595 226
1627557312883 0.17654303864270762 227
1627557312935 0.17645791162691896 228
1627557312992 0.17634862736427984 229
1627557313034 0.17627640815494425 230
1627557313075 0.17620187505501936 231
1627557313132 0.17613384618837633 232
1627557313174 0.17606574029150127 233
1627557313214 0.1759852621828275 234
1627557313270 0.17588852374297156 235
1627557313326 0.17580976231897116 236
1627557313382 0.17572439377858162 237
1627557313459 0.17564986260737897 238
1627557313504 0.17558442700133334 239
1627557313553 0.17551446420915973 240
1627557313606 0.1754422696808732 241
1627557313657 0.1753652390024362 242
1627557313710 0.17529286670083236 243
1627557313759 0.17521500902577242 244
1627557313814 0.1751380906505245 245
1627557313876 0.17506793224604916 246
1627557313920 0.17499833982625537 247
1627557313979 0.17492699466596742 248
1627557314029 0.17487040902751952 249
1627557314113 0.17476654322866628 250
1627557314171 0.17466365798018996 251
1627557314246 0.17456029907562234 252
1627557314290 0.1744909649093137 253
1627557314337 0.17443009392128778 254
1627557314391 0.1743601208889163 255
1627557314468 0.17427223681533 256
1627557314550 0.17418799356398906 257
1627557314624 0.17410827757974234 258
1627557314695 0.17403683116364385 259
1627557314758 0.1739577642394685 260
1627557314804 0.17389679903206645 261
1627557314876 0.1738231604727586 262
1627557314957 0.17372551022634522 263
1627557315019 0.1736564861327665 264
1627557315102 0.1735668591400593 265
1627557315146 0.17350431983841894 266
1627557315194 0.1734338205370977 267
1627557315238 0.1733766575427533 268
1627557315314 0.17330062657837833 269
1627557315384 0.17322355613859997 270
1627557315426 0.1731611598699252 271
1627557315481 0.17308461000720707 272
1627557315531 0.17301413890603598 273
1627557315571 0.1729531729548519 274
1627557315619 0.17286598451359425 275
1627557315673 0.17280018418849943 276
1627557315713 0.1727256643952744 277
1627557315751 0.17266296180661805 278
1627557315811 0.17250962076273652 279
1627557315849 0.1724503021760489 280
1627557315898 0.17238638402242779 281
1627557315937 0.17232535772430604 282
1627557315983 0.17225148296850304 283
1627557316035 0.17218398574552635 284
1627557316086 0.17211413840371279 285
1627557316128 0.17206181710718876 286
1627557316167 0.1719976956242336 287
1627557316219 0.17190552485223884 288
1627557316265 0.17184054601815968 289
1627557316328 0.1716980579628644 290
1627557316362 0.17165020082890647 291
1627557316436 0.17154743511478188 292
1627557316486 0.17148748007374762 293
1627557316536 0.17142011824665174 294
1627557316572 0.17136469536960292 295
1627557316614 0.17129679598666778 296
1627557316668 0.1712198274976073 297
1627557316712 0.17115948103616893 298
1627557316753 0.17109767769427361 299
1627557316823 0.17099244188828416 300
1627557316874 0.17092961493036582 301
1627557316914 0.17087073781375067 302
1627557316963 0.17078952349543905 303
1627557317006 0.17072547752814596 304
1627557317071 0.1705953880207724 305
1627557317111 0.17053851266115982 306
1627557317163 0.17047281450028012 307
1627557317202 0.17042299970413988 308
1627557317251 0.17034086677806282 309
1627557317294 0.17028984846867184 310
1627557317348 0.1702252770539384 311
1627557317390 0.17016957283830011 312
1627557317438 0.17011433085238703 313
1627557317491 0.1700509012245462 314
1627557317553 0.16994233408592108 315
1627557317617 0.16988094399644568 316
1627557317693 0.16981327931883505 317
1627557317751 0.1697542331363808 318
1627557317816 0.16968379239503303 319
1627557317872 0.16960942507318996 320
1627557317927 0.1695415576954302 321
1627557317969 0.16947417198536088 322
1627557318029 0.16940398707572824 323
1627557318088 0.16931097487673377 324
1627557318125 0.16925775146519237 325
1627557318179 0.16918886429905602 326
1627557318230 0.1691323273045752 327
1627557318295 0.1690149368710512 328
1627557318337 0.16895724635770537 329
1627557318391 0.16890002888328012 330
1627557318435 0.1688421425782484 331
1627557318482 0.1687801557306356 332
1627557318539 0.1687020454336215 333
1627557318579 0.1686507747934885 334
1627557318635 0.16858877990277782 335
1627557318676 0.1685251250485306 336
1627557318723 0.1684677246369283 337
1627557318777 0.16838522650635626 338
1627557318814 0.16833388992162174 339
1627557318854 0.16826788396306266 340
1627557318902 0.16820897098550044 341
1627557318961 0.16809399643038728 342
1627557319015 0.1680344979158465 343
1627557319085 0.1679819288451917 344
1627557319143 0.1679257401853002 345
1627557319207 0.16786954711923055 346
1627557319275 0.1678056851886141 347
1627557319338 0.16775166321023594 348
1627557319385 0.16769718965991348 349
1627557319456 0.1676437780740285 350
1627557319511 0.1675338423868776 351
1627557319551 0.167480438737206 352
1627557319594 0.16742172289923912 353
1627557319659 0.16730906917344512 354
1627557319697 0.16726001759628426 355
1627557319732 0.16721740679866054 356
1627557319786 0.16715959929972532 357
1627557319838 0.16710129752881617 358
1627557319879 0.16704410516046964 359
1627557319941 0.16694186836983785 360
1627557319987 0.16687961987695432 361
1627557320032 0.1668270108306609 362
1627557320070 0.16677037310517134 363
1627557320109 0.16671280547456827 364
1627557320158 0.16664415724065135 365
1627557320204 0.16658284390649428 366
1627557320246 0.16653155968978173 367
1627557320285 0.16647496127615655 368
1627557320339 0.16640135030610942 369
1627557320381 0.16634777481545282 370
1627557320421 0.1662981156643287 371
1627557320462 0.16623725097410047 372
1627557320506 0.16618597204417054 373
1627557320544 0.1661380942735833 374
1627557320596 0.16604785199118793 375
1627557320635 0.16599509577107666 376
1627557320676 0.16594290681540524 377
1627557320724 0.16588517269255007 378
1627557320770 0.16582082017717778 379
1627557320819 0.1657421766156323 380
1627557320869 0.16568000022319362 381
1627557320910 0.16562996002870542 382
1627557320949 0.16558795286643416 383
1627557320989 0.16553311891373199 384
1627557321028 0.1654848713274781 385
1627557321072 0.16543984894089794 386
1627557321112 0.16539653694133574 387
1627557321156 0.16534736584690218 388
1627557321194 0.16529837495411892 389
1627557321245 0.16524398678056262 390
1627557321296 0.16518502156653495 391
1627557321345 0.16513202747210443 392
1627557321384 0.16507664262007288 393
1627557321425 0.16502966566855654 394
1627557321467 0.16497404252958403 395
1627557321511 0.16492419531769598 396
1627557321556 0.1648704926460467 397
1627557321595 0.1648229975784288 398
1627557321636 0.1647733364049516 399
1627557321705 0.16471808851419606 400
1627557321755 0.1646629080278967 401
1627557321802 0.16460958754832494 402
1627557321841 0.16455315891250621 403
1627557321890 0.1644997469265902 404
1627557321944 0.16445054706798118 405
1627557321997 0.16438020812235574 406
1627557322037 0.16433316393813754 407
1627557322091 0.16427650367241123 408
1627557322142 0.16422391297642647 409
1627557322184 0.16417092201593853 410
1627557322225 0.16411915098095833 411
1627557322268 0.16406988102489614 412
1627557322325 0.1668270108306609 413
1627557326235 0.5075811284572901 0
1627557326338 0.469047567823437 1
1627557326427 0.43491403421470004 2
1627557326516 0.40495577667696553 3
1627557326604 0.37862354236272544 4
1627557326693 0.35572073664039444 5
1627557326779 0.3359105510691795 6
1627557326860 0.31886410267450044 7
1627557326944 0.30420350689734205 8
1627557327030 0.2915812742359314 9
1627557327116 0.28066642741575704 10
1627557327200 0.2713963442061642 11
1627557327280 0.2634172948241706 12
1627557327370 0.25668136389063734 13
1627557327451 0.25088009952188556 14
1627557327536 0.24593867341730158 15
1627557327643 0.24173040054482173 16
1627557327725 0.23822501238356197 17
1627557327819 0.23521456971443425 18
1627557327895 0.2325362275805965 19
1627557327986 0.2301479696698047 20
1627557328069 0.22818163466624808 21
1627557328145 0.22651421861857332 22
1627557328215 0.2248762702362096 23
1627557328291 0.22345861805021036 24
1627557328360 0.22236510555410716 25
1627557328432 0.221257156976637 26
1627557328501 0.22032155360719713 27
1627557328570 0.21945885693166783 28
1627557328638 0.21861184919951007 29
1627557328706 0.21773172690484757 30
1627557328783 0.21710468423039195 31
1627557328848 0.2164124590183581 32
1627557328915 0.2157406531432172 33
1627557328986 0.21518553237564078 34
1627557329051 0.214421890899241 35
1627557329118 0.213722150448973 36
1627557329191 0.21317044948393787 37
1627557329262 0.2125803468852685 38
1627557329333 0.21219148410261734 39
1627557329398 0.21169681716032762 40
1627557329467 0.21108313358294212 41
1627557329532 0.2105220885401701 42
1627557329605 0.2098470360270415 43
1627557329672 0.2095177268166107 44
1627557329734 0.20910904133435462 45
1627557329798 0.20868073498805023 46
1627557329857 0.20839758048092175 47
1627557329930 0.20770049960056186 48
1627557329992 0.20707058249745083 49
1627557330061 0.2065118984584728 50
1627557330122 0.2061559554274719 51
1627557330184 0.20583476933170067 52
1627557330245 0.20539089466213697 53
1627557330304 0.20516167722911452 54
1627557330395 0.20476673453892205 55
1627557330484 0.20448829263677848 56
1627557330553 0.2042541142548542 57
1627557330629 0.20376215291520883 58
1627557330698 0.20348564713854997 59
1627557330760 0.20323862501394985 60
1627557330824 0.20301482898589918 61
1627557330887 0.20274785926430539 62
1627557330946 0.20255636744211214 63
1627557331008 0.20210165231963428 64
1627557331071 0.20155258882479657 65
1627557331135 0.20133792036756754 66
1627557331201 0.20085866203067548 67
1627557331271 0.20034969484916174 68
1627557331340 0.2000005832557922 69
1627557331410 0.19976935473696253 70
1627557331476 0.19948098288408123 71
1627557331538 0.19930835520989557 72
1627557331605 0.19894228484985982 73
1627557331673 0.1987508215650415 74
1627557331741 0.19854814617873534 75
1627557331804 0.19837194772565436 76
1627557331867 0.19815000977688063 77
1627557331945 0.197640293651558 78
1627557332007 0.1973302826875011 79
1627557332069 0.19695813999548478 80
1627557332134 0.19655857443058825 81
1627557332194 0.1963816941420451 82
1627557332254 0.19616065439596103 83
1627557332319 0.19596770640139105 84
1627557332380 0.19576685838048186 85
1627557332437 0.19560176973049007 86
1627557332496 0.19544876005519712 87
1627557332558 0.19528653432183818 88
1627557332620 0.19509529117286145 89
1627557332684 0.1947921341647365 90
1627557332770 0.19449782701136709 91
1627557332834 0.1941190004080265 92
1627557332899 0.19381332257972111 93
1627557332959 0.19364285411557178 94
1627557333021 0.1934450012940365 95
1627557333085 0.19330307636993393 96
1627557333155 0.1931567432718892 97
1627557333218 0.19302397716615136 98
1627557333271 0.1928791157150383 99
1627557333341 0.19273198151548435 100
1627557333400 0.1924660669597069 101
1627557333468 0.19214131713426524 102
1627557333532 0.19188814412461097 103
1627557333587 0.19176422711642485 104
1627557333645 0.19163073022038837 105
1627557333704 0.19146383992449498 106
1627557333765 0.19130124667262413 107
1627557333833 0.19113722391613416 108
1627557333898 0.19094017288947465 109
1627557333962 0.19075858754115596 110
1627557334021 0.19057526388214538 111
1627557334082 0.1902715107434725 112
1627557334146 0.19006283142073305 113
1627557334204 0.18993668123922 114
1627557334274 0.18980473224209873 115
1627557334335 0.18969213568836418 116
1627557334401 0.1894973238930848 117
1627557334459 0.1893700443120718 118
1627557334516 0.18925324477564445 119
1627557334583 0.189071181447239 120
1627557334655 0.18877817466073593 121
1627557334715 0.18865170935274328 122
1627557334775 0.18851717830483972 123
1627557334832 0.1883063512515429 124
1627557334890 0.1881872592240815 125
1627557334955 0.18789889536621104 126
1627557335014 0.18767625133617366 127
1627557335069 0.18750662466773943 128
1627557335141 0.18722861129751206 129
1627557335203 0.1871318558863902 130
1627557335253 0.18699419369934994 131
1627557335306 0.18689678328853018 132
1627557335357 0.18677901877059136 133
1627557335411 0.18667304955353942 134
1627557335472 0.1865379307659881 135
1627557335518 0.18641541370787726 136
1627557335579 0.18622967944638655 137
1627557335640 0.18611084986166004 138
1627557335698 0.18599291585132555 139
1627557335766 0.18576586847393975 140
1627557335830 0.1856383393363219 141
1627557335878 0.185536484023964 142
1627557335934 0.18534361223251855 143
1627557335987 0.18523296722598653 144
1627557336040 0.1851171167002628 145
1627557336105 0.18493020333871144 146
1627557336149 0.18481966492199708 147
1627557336198 0.18471981161738765 148
1627557336252 0.18452663565641922 149
1627557336322 0.18434983302026955 150
1627557336367 0.18425867035358356 151
1627557336437 0.18411945518999243 152
1627557336498 0.18402152316052042 153
1627557336545 0.18391568685294 154
1627557336594 0.18381194006395427 155
1627557336650 0.18371101516347918 156
1627557336707 0.1835954134721938 157
1627557336758 0.183488774718959 158
1627557336806 0.18339837838606346 159
1627557336855 0.18329320851033024 160
1627557336913 0.1832046865149303 161
1627557336987 0.18310697116100058 162
1627557337064 0.18290300326268472 163
1627557337118 0.1827369511024894 164
1627557337192 0.18264079747729925 165
1627557337255 0.18253221745126647 166
1627557337312 0.18243028786991133 167
1627557337382 0.1823024725223719 168
1627557337444 0.18216556537946602 169
1627557337495 0.18206320009340848 170
1627557337561 0.18188640489393113 171
1627557337614 0.18178518344029468 172
1627557337664 0.18168879264119672 173
1627557337715 0.18159738754233093 174
1627557337766 0.18150000092448557 175
1627557337820 0.18139501147922843 176
1627557337889 0.18117788597499065 177
1627557337956 0.18108377054900082 178
1627557338042 0.18094305652014464 179
1627557338100 0.18084403140164285 180
1627557338156 0.18075514252112343 181
1627557338218 0.1805257119220592 182
1627557338278 0.1804213748265739 183
1627557338344 0.18023891700955144 184
1627557338397 0.18015246132911947 185
1627557338452 0.18007135097772203 186
1627557338502 0.1799762668908386 187
1627557338545 0.1798873145564407 188
1627557338585 0.17981343648058942 189
1627557338669 0.17972517575798827 190
1627557338723 0.17965110837943074 191
1627557338790 0.17955364603866028 192
1627557338845 0.17945578816935234 193
1627557338901 0.17936158803418975 194
1627557338954 0.1792706126840177 195
1627557339023 0.17906527916326065 196
1627557339078 0.17899514581951814 197
1627557339133 0.17882357157393686 198
1627557339202 0.17873747488943545 199
1627557339265 0.17862858435589868 200
1627557339322 0.17854572023325493 201
1627557339378 0.17841099139023675 202
1627557339418 0.17833944433197702 203
1627557339482 0.1782025341284115 204
1627557339532 0.178121935869335 205
1627557339581 0.17804630937193894 206
1627557339633 0.17797235319601684 207
1627557339691 0.17785482633995123 208
1627557339740 0.1777638856448639 209
1627557339798 0.1776454781056847 210
1627557339863 0.17748315361922334 211
1627557339923 0.17736727198666294 212
1627557339966 0.17728826640267625 213
1627557340026 0.17714672995214706 214
1627557340073 0.17707512108201576 215
1627557340135 0.17698085449266948 216
1627557340176 0.17690569198757414 217
1627557340230 0.17683673601268157 218
1627557340277 0.1767610202927089 219
1627557340348 0.17667916794823793 220
1627557340409 0.17658699043550136 221
1627557340459 0.1765081899626682 222
1627557340500 0.17642923065118454 223
1627557340551 0.17635112619764517 224
1627557340597 0.176279354674473 225
1627557340633 0.17621704512507183 226
1627557340677 0.17614132003461336 227
1627557340722 0.17606518222305922 228
1627557340765 0.1759926032000784 229
1627557340817 0.1759147933884887 230
1627557340876 0.17582890822824634 231
1627557340935 0.17566657681332995 232
1627557340993 0.17558765794831518 233
1627557341063 0.17551501427988345 234
1627557341117 0.1754416058917431 235
1627557341178 0.17536854690511544 236
1627557341231 0.17529572764781945 237
1627557341289 0.17516846345948028 238
1627557341334 0.1750961763611384 239
1627557341389 0.17502563789333886 240
1627557341439 0.17495619334500925 241
1627557341480 0.17489348679970082 242
1627557341531 0.17477218240353967 243
1627557341575 0.17470744879851768 244
1627557341627 0.17461734221890046 245
1627557341670 0.1745421984736121 246
1627557341710 0.1744723875152583 247
1627557341758 0.17440357818745997 248
1627557341797 0.17434539403541718 249
1627557341859 0.17426806097475173 250
1627557341901 0.1742003579053634 251
1627557341955 0.17412750828976656 252
1627557342003 0.1740550730981893 253
1627557342051 0.17398925432895251 254
1627557342110 0.17388755432590738 255
1627557342152 0.17381841509883258 256
1627557342205 0.17375533307375912 257
1627557342251 0.1736800372152887 258
1627557342307 0.17355926666335525 259
1627557342350 0.17349403763318125 260
1627557342401 0.17341305828607692 261
1627557342456 0.1733292090042744 262
1627557342495 0.17326961009716021 263
1627557342544 0.17319856129965286 264
1627557342597 0.17312405708029585 265
1627557342652 0.172986033004033 266
1627557342703 0.17291339177579684 267
1627557342746 0.1728457816749403 268
1627557342790 0.1727738694500942 269
1627557342852 0.17262813067647967 270
1627557342895 0.1725685632697264 271
1627557342945 0.1725106833394775 272
1627557342995 0.17244583840615843 273
1627557343053 0.17237962269431778 274
1627557343095 0.17231443567287655 275
1627557343156 0.17224386183345944 276
1627557343202 0.17217216404752209 277
1627557343239 0.17211003028505595 278
1627557343278 0.17205933797171327 279
1627557343324 0.17199100471828452 280
1627557343375 0.17192023744556387 281
1627557343423 0.17186106413853688 282
1627557343472 0.1717799329991172 283
1627557343519 0.17170717604143293 284
1627557343578 0.1716421867727444 285
1627557343634 0.17151603021160822 286
1627557343675 0.17144710101912622 287
1627557343728 0.17137973188441544 288
1627557343772 0.17131099453084497 289
1627557343820 0.17124670997862704 290
1627557343875 0.17118505641091344 291
1627557343928 0.17109441261264016 292
1627557343976 0.1710317894692309 293
1627557344016 0.17097008789600757 294
1627557344073 0.1709026557929876 295
1627557344145 0.1708287900562687 296
1627557344207 0.17076226207316691 297
1627557344269 0.17063540802305144 298
1627557344310 0.17058532617125435 299
1627557344383 0.17047756797141933 300
1627557344431 0.17041631623748188 301
1627557344482 0.17034722675014602 302
1627557344523 0.1702859206230434 303
1627557344574 0.1702118837597215 304
1627557344614 0.17015416337539582 305
1627557344655 0.17008412432834483 306
1627557344706 0.1700263454766971 307
1627557344765 0.16990002094564752 308
1627557344808 0.16984080532192714 309
1627557344855 0.16977802362816008 310
1627557344911 0.16967302827532424 311
1627557344953 0.16961611382346517 312
1627557344996 0.16955576398045358 313
1627557345038 0.1694949222054515 314
1627557345105 0.16944286552171436 315
1627557345148 0.16938412126210198 316
1627557345195 0.16931993220987937 317
1627557345242 0.16926330865788197 318
1627557345303 0.16920267051927282 319
1627557345360 0.16913863356939046 320
1627557345410 0.16907235290882366 321
1627557345450 0.1690183737319098 322
1627557345518 0.1689254644677103 323
1627557345558 0.16887167517915738 324
1627557345603 0.16881617933955953 325
1627557345648 0.16875418753296845 326
1627557345708 0.1686550382590705 327
1627557345761 0.16859559574611754 328
1627557345811 0.16853856703401282 329
1627557345863 0.16848342853880366 330
1627557345907 0.16842777694714392 331
1627557345946 0.1683660218057063 332
1627557345987 0.1683083430284283 333
1627557346037 0.16824290673141215 334
1627557346086 0.16818702020034626 335
1627557346143 0.16812935036831633 336
1627557346216 0.1680269956466889 337
1627557346279 0.16797293790331216 338
1627557346354 0.1678773400623171 339
1627557346422 0.1678148565182429 340
1627557346473 0.16772351046887068 341
1627557346530 0.16764181383957646 342
1627557346583 0.16758094741419863 343
1627557346635 0.16751708038112786 344
1627557346675 0.16746304391984035 345
1627557346722 0.1674059271087642 346
1627557346772 0.16734892276129681 347
1627557346831 0.1672604480197385 348
1627557346884 0.16720511756272813 349
1627557346960 0.16713937657496267 350
1627557347004 0.16708492574540196 351
1627557347055 0.16703967986666723 352
1627557347088 0.1669948381387269 353
1627557347132 0.1669431537754698 354
1627557347175 0.1668942293788932 355
1627557347218 0.1668365564923885 356
1627557347259 0.16678191614228416 357
1627557347319 0.1666418664421206 358
1627557347359 0.16658629107886772 359
1627557347406 0.16652672150429196 360
1627557347461 0.16647476306501574 361
1627557347497 0.16641843341210494 362
1627557347537 0.16636178792742579 363
1627557347580 0.16630356521449322 364
1627557347627 0.166246951671788 365
1627557347667 0.1661900393444352 366
1627557347719 0.1661319835515875 367
1627557347775 0.16607941926838696 368
1627557347824 0.16600180850654275 369
1627557347864 0.1659476341447403 370
1627557347930 0.16585660651734802 371
1627557348007 0.16580097610212116 372
1627557348064 0.16575857530517923 373
1627557348103 0.1657160294216443 374
1627557348158 0.16563708851538977 375
1627557348203 0.16558420390471557 376
1627557348242 0.16553357910188038 377
1627557348286 0.16547494284646158 378
1627557348329 0.1654228475532862 379
1627557348387 0.16536319291067061 380
1627557348428 0.16530834426887264 381
1627557348468 0.16525470141630205 382
1627557348509 0.16519742627571773 383
1627557348563 0.1683083430284283 384
1627557352680 0.5103110650188352 0
1627557352794 0.4714465189468832 1
1627557352894 0.43704340129633423 2
1627557352982 0.40688014248574517 3
1627557353072 0.380438254237295 4
1627557353158 0.35745529476966864 5
1627557353241 0.33746253004174664 6
1627557353344 0.3202505927319848 7
1627557353466 0.30548290788619586 8
1627557353548 0.2927369851846643 9
1627557353632 0.28161526932599035 10
1627557353722 0.27222601380447264 11
1627557353814 0.2640545241410947 12
1627557353908 0.25722334591411794 13
1627557353998 0.25120375064489925 14
1627557354110 0.24621559933067433 15
1627557354186 0.24200629455781011 16
1627557354268 0.2385418705797357 17
1627557354348 0.23546993279938175 18
1627557354424 0.23268916549354662 19
1627557354497 0.23036222273933274 20
1627557354569 0.2284187630023401 21
1627557354643 0.2267527607539687 22
1627557354712 0.22523301519554284 23
1627557354786 0.22388619013578742 24
1627557354862 0.22278284818231472 25
1627557354930 0.22168537179239448 26
1627557355004 0.22072761614860203 27
1627557355080 0.2198696795617469 28
1627557355147 0.21901613840213985 29
1627557355214 0.21811054962100246 30
1627557355286 0.217388124889179 31
1627557355354 0.2167237640886226 32
1627557355423 0.21596514007393555 33
1627557355486 0.21529826800630264 34
1627557355545 0.21464473284731686 35
1627557355615 0.21400937957495428 36
1627557355682 0.2133149895736682 37
1627557355754 0.21285216253932862 38
1627557355823 0.2124189513626554 39
1627557355908 0.21211085789391262 40
1627557355966 0.21149485367494028 41
1627557356038 0.2110491599587479 42
1627557356139 0.21057485912713725 43
1627557356242 0.21027895396499424 44
1627557356333 0.21003139909418259 45
1627557356431 0.20942935205711677 46
1627557356521 0.20901170132853591 47
1627557356585 0.20857890511031443 48
1627557356656 0.2082740463445173 49
1627557356742 0.2075563450965032 50
1627557356803 0.20728504176923543 51
1627557356870 0.20703239932965148 52
1627557356940 0.2062740918950526 53
1627557357008 0.20576471330376228 54
1627557357076 0.20543794754290207 55
1627557357162 0.20475108222349722 56
1627557357247 0.20451369532219152 57
1627557357314 0.20420418464392373 58
1627557357390 0.2039417122899367 59
1627557357451 0.20371992561269667 60
1627557357528 0.20350925488545404 61
1627557357588 0.2032769462188212 62
1627557357663 0.20283979443678507 63
1627557357724 0.20259504081272808 64
1627557357788 0.2019865050081023 65
1627557357849 0.20178514078764703 66
1627557357923 0.2013812298900199 67
1627557358032 0.2009951459304363 68
1627557358136 0.20075545867330521 69
1627557358206 0.20033749352590272 70
1627557358291 0.2001083912304186 71
1627557358354 0.19987714816634708 72
1627557358418 0.1996343965185143 73
1627557358482 0.19942714024259017 74
1627557358549 0.19922888296454125 75
1627557358611 0.19890169503064908 76
1627557358670 0.19871589410403204 77
1627557358729 0.19856212238640997 78
1627557358795 0.19814155069381773 79
1627557358866 0.1978647249402212 80
1627557358931 0.1976761099715183 81
1627557358999 0.19738091753185016 82
1627557359060 0.19711494697551898 83
1627557359126 0.196792867866924 84
1627557359190 0.1965759097295919 85
1627557359251 0.19640232687440937 86
1627557359310 0.19626284514030484 87
1627557359369 0.1961080211744719 88
1627557359431 0.19587754386796002 89
1627557359495 0.1957232280905198 90
1627557359559 0.19542590803037851 91
1627557359623 0.19527227434416727 92
1627557359681 0.19503198933941446 93
1627557359741 0.1948698599633524 94
1627557359804 0.1946499426486545 95
1627557359870 0.19428738169635998 96
1627557359924 0.1941436852851742 97
1627557359983 0.19399200109418815 98
1627557360046 0.1938423347361652 99
1627557360123 0.19369366106273025 100
1627557360186 0.1935473256295286 101
1627557360249 0.19332727517949366 102
1627557360302 0.19321039473709858 103
1627557360355 0.19308276606443975 104
1627557360418 0.1927824828482382 105
1627557360476 0.19254881625567405 106
1627557360530 0.1924286850013573 107
1627557360605 0.19222109811697569 108
1627557360667 0.19208515944612073 109
1627557360728 0.19175987249844223 110
1627557360793 0.19161714762733054 111
1627557360849 0.19149685658382742 112
1627557360900 0.19138299904644526 113
1627557360960 0.19124354611340727 114
1627557361037 0.1910580126359874 115
1627557361096 0.19093321711608396 116
1627557361166 0.19075619794150755 117
1627557361270 0.19047179502692177 118
1627557361348 0.19018506219797396 119
1627557361406 0.1899767921833215 120
1627557361449 0.18985392520997163 121
1627557361508 0.18966001269683258 122
1627557361563 0.18954229893606003 123
1627557361619 0.18935998007966579 124
1627557361695 0.1891933316601758 125
1627557361755 0.1890776804129928 126
1627557361810 0.18887350045932652 127
1627557361883 0.1887072986354061 128
1627557361939 0.18858532917067775 129
1627557361993 0.18835920083247376 130
1627557362081 0.18813112908538443 131
1627557362138 0.18801940493777314 132
1627557362195 0.18790689103516067 133
1627557362257 0.18774530342952145 134
1627557362317 0.18762175908119438 135
1627557362375 0.18748092944786815 136
1627557362425 0.1873606733866071 137
1627557362492 0.18722581016646872 138
1627557362562 0.18710463837317406 139
1627557362637 0.18682288306870617 140
1627557362704 0.186598393405994 141
1627557362760 0.18648018578534548 142
1627557362828 0.18636022460518598 143
1627557362893 0.18621316067188293 144
1627557362942 0.1861195754484065 145
1627557363003 0.18594759371299094 146
1627557363060 0.18580034837108766 147
1627557363114 0.18568879984501305 148
1627557363169 0.18548982426061122 149
1627557363249 0.18530565603367524 150
1627557363326 0.18517426159692896 151
1627557363410 0.18503657652931887 152
1627557363469 0.18490511479459107 153
1627557363524 0.18480022502276947 154
1627557363576 0.18466411271203723 155
1627557363645 0.1845383743151342 156
1627557363710 0.18441982278099348 157
1627557363767 0.18431592291483964 158
1627557363828 0.18420214905153315 159
1627557363896 0.18405598834119408 160
1627557363944 0.18394072386390992 161
1627557364010 0.18380848160870802 162
1627557364078 0.18354262742851007 163
1627557364140 0.18337092407499503 164
1627557364191 0.1832751552175562 165
1627557364266 0.1831696380974972 166
1627557364319 0.1830382355986406 167
1627557364366 0.18293956678389417 168
1627557364412 0.18284903524896903 169
1627557364475 0.18270506556669058 170
1627557364526 0.1825590896960009 171
1627557364576 0.1824578194430253 172
1627557364631 0.18235306475455973 173
1627557364686 0.18225991817685344 174
1627557364732 0.18216333084901173 175
1627557364775 0.18207947524618964 176
1627557364825 0.18197186421097178 177
1627557364870 0.18188980055922843 178
1627557364923 0.18180454535554524 179
1627557364978 0.18168204180369865 180
1627557365020 0.1816022950930218 181
1627557365083 0.18152235608927128 182
1627557365144 0.18142392036684732 183
1627557365199 0.18132596685189903 184
1627557365255 0.18115403499127797 185
1627557365323 0.1809596875110523 186
1627557365384 0.18084796336572728 187
1627557365432 0.1807627138452736 188
1627557365489 0.18067458365727163 189
1627557365536 0.18059270817644776 190
1627557365594 0.18041446842500003 191
1627557365634 0.1803317716637721 192
1627557365676 0.18025742498169442 193
1627557365714 0.1801712577763698 194
1627557365767 0.18008367778775933 195
1627557365821 0.1799968104931597 196
1627557365873 0.1799105914082608 197
1627557365928 0.17979736054059087 198
1627557365978 0.1797119425117723 199
1627557366044 0.1796377998547279 200
1627557366107 0.17953115494161426 201
1627557366171 0.17929443531080647 202
1627557366224 0.17920679966585254 203
1627557366269 0.17913266423241964 204
1627557366332 0.17905020275843053 205
1627557366402 0.17896877238581196 206
1627557366451 0.17890503415225964 207
1627557366529 0.17881649549207426 208
1627557366574 0.17874029004822525 209
1627557366621 0.17866869492731233 210
1627557366668 0.17859237680701326 211
1627557366710 0.17850640919061797 212
1627557366751 0.1784338942622424 213
1627557366808 0.178355377748167 214
1627557366869 0.1782747310436992 215
1627557366921 0.17818182018651632 216
1627557366965 0.1781082856210111 217
1627557367009 0.17803444942448413 218
1627557367093 0.17789969718269522 219
1627557367150 0.1778254835362346 220
1627557367203 0.17773838341351983 221
1627557367245 0.1776584063865564 222
1627557367305 0.1775079056836171 223
1627557367353 0.17742306687235057 224
1627557367409 0.1773275226461966 225
1627557367469 0.17719560730988082 226
1627557367520 0.17711347597952898 227
1627557367564 0.17703917534513222 228
1627557367613 0.17696620540858485 229
1627557367664 0.1768896999946026 230
1627557367709 0.17681492586104017 231
1627557367750 0.17675548925069304 232
1627557367797 0.17668011578467063 233
1627557367842 0.1766193395986018 234
1627557367889 0.17655508015303273 235
1627557367937 0.17646791475056461 236
1627557367995 0.1763346206809052 237
1627557368045 0.17626256682358707 238
1627557368096 0.17617219180400434 239
1627557368154 0.1760997806358582 240
1627557368196 0.17603468635346828 241
1627557368241 0.1759633406264709 242
1627557368290 0.17589253923742715 243
1627557368338 0.17582570524771185 244
1627557368401 0.17567373109104792 245
1627557368461 0.17558299741945574 246
1627557368516 0.17547440317889018 247
1627557368576 0.17539027822916625 248
1627557368631 0.175264081559889 249
1627557368718 0.1751577444837558 250
1627557368780 0.17507206781910647 251
1627557368844 0.1749972217972576 252
1627557368899 0.17491948641283622 253
1627557368955 0.17483813460946163 254
1627557368993 0.1747787858385698 255
1627557369040 0.1747090227313203 256
1627557369099 0.17455585233181226 257
1627557369139 0.17448827800548072 258
1627557369182 0.1744278468954907 259
1627557369223 0.174364248027772 260
1627557369272 0.17428963830148916 261
1627557369322 0.17421620628791948 262
1627557369376 0.17415098672564272 263
1627557369424 0.17408402479068077 264
1627557369474 0.17401363891680616 265
1627557369528 0.17394136015524347 266
1627557369575 0.17387030967193468 267
1627557369613 0.1738104414747317 268
1627557369652 0.17374812767889428 269
1627557369712 0.1736743165599658 270
1627557369761 0.17360653969873635 271
1627557369814 0.1734881018361467 272
1627557369848 0.1734310477671384 273
1627557369888 0.17336046874863636 274
1627557369948 0.1732459492275891 275
1627557370008 0.17308917397700432 276
1627557370055 0.1730196043970591 277
1627557370096 0.1729499700739709 278
1627557370170 0.17287821746545257 279
1627557370214 0.1728023690995756 280
1627557370272 0.17271633625661761 281
1627557370322 0.17264871673874957 282
1627557370374 0.17258459588487285 283
1627557370452 0.17243039246661446 284
1627557370501 0.17237451220741917 285
1627557370568 0.17223804285718533 286
1627557370619 0.1721644668962177 287
1627557370674 0.17207472884782063 288
1627557370715 0.17201880584700607 289
1627557370750 0.1719675465607633 290
1627557370807 0.17186125305709038 291
1627557370855 0.17180322441513973 292
1627557370913 0.17173192933288436 293
1627557370954 0.17167063064682014 294
1627557371005 0.1716014032378949 295
1627557371044 0.17154362652067676 296
1627557371090 0.1714748496134904 297
1627557371145 0.1713997602659144 298
1627557371199 0.17133970563452122 299
1627557371264 0.17126604342247234 300
1627557371307 0.17120349298269205 301
1627557371369 0.17114228770261164 302
1627557371418 0.17107812977535666 303
1627557371463 0.17101879862480754 304
1627557371508 0.17096272831009826 305
1627557371550 0.17090555542665503 306
1627557371595 0.1708431577338163 307
1627557371654 0.17072138553463173 308
1627557371693 0.17066977817823295 309
1627557371731 0.17061111784306082 310
1627557371781 0.17053315074338377 311
1627557371841 0.17043809569860763 312
1627557371896 0.1703788600004835 313
1627557371938 0.17032214460446543 314
1627557372016 0.17018864757688504 315
1627557372061 0.17012418282364863 316
1627557372102 0.17006552423396534 317
1627557372144 0.17000317718922495 318
1627557372211 0.1698635625195544 319
1627557372251 0.16981154062640483 320
1627557372297 0.1697533712019526 321
1627557372349 0.16967246165859087 322
1627557372417 0.16951920817477012 323
1627557372464 0.16945888897481257 324
1627557372522 0.16939275223792483 325
1627557372567 0.16933386977053694 326
1627557372630 0.16927461484621156 327
1627557372700 0.16913064654637863 328
1627557372767 0.16900561669719374 329
1627557372822 0.16893108438187712 330
1627557372865 0.1688716170663348 331
1627557372924 0.16880090987569055 332
1627557372986 0.16873549169162408 333
1627557373024 0.16867700986513703 334
1627557373065 0.16862010309900038 335
1627557373113 0.1685513627634022 336
1627557373184 0.1684893957644055 337
1627557373257 0.16841937657173198 338
1627557373305 0.1683577391425989 339
1627557373348 0.168304368157342 340
1627557373391 0.1682434527962524 341
1627557373443 0.168175640676689 342
1627557373500 0.16811839421141023 343
1627557373581 0.16798584176574444 344
1627557373647 0.16791084470970702 345
1627557373696 0.16785197462436427 346
1627557373741 0.16780318083737014 347
1627557373783 0.16774264266678507 348
1627557373825 0.16768400116246035 349
1627557373897 0.16762455829794115 350
1627557373954 0.1675418031034971 351
1627557374013 0.1674617036863619 352
1627557374062 0.1674045614928104 353
1627557374115 0.16734737916000228 354
1627557374173 0.16728439494314248 355
1627557374216 0.16723211660760579 356
1627557374261 0.1671745997013593 357
1627557374312 0.16709950142057756 358
1627557374357 0.1670397967191722 359
1627557374397 0.16698916583158602 360
1627557374447 0.1669314334114422 361
1627557374495 0.16687521097025354 362
1627557374536 0.16682708232057367 363
1627557374589 0.16676332959738271 364
1627557374640 0.1667029498015349 365
1627557374682 0.1666464035061999 366
1627557374716 0.16660062555809999 367
1627557374760 0.16654487543996124 368
1627557374804 0.16649347000077278 369
1627557374848 0.16643797378627784 370
1627557374907 0.1663814521725733 371
1627557374956 0.16632192515374028 372
1627557374998 0.16626101603915444 373
1627557375057 0.16620791542380614 374
1627557375105 0.16614339686402135 375
1627557375154 0.1660852825224929 376
1627557375203 0.16602050069724483 377
1627557375242 0.16596128470428537 378
1627557375310 0.16585399596668388 379
1627557375351 0.16580136142564336 380
1627557375403 0.16569038147799434 381
1627557375454 0.16562883497389097 382
1627557375500 0.16557451103888854 383
1627557375551 0.16549674690463115 384
1627557375599 0.16544008692338294 385
1627557375638 0.1653919520558396 386
1627557375690 0.16532973186559322 387
1627557375732 0.1652782883822741 388
1627557375769 0.16523705878853093 389
1627557375814 0.1651808510206236 390
1627557375858 0.16512596643933627 391
1627557375896 0.16506877126359643 392
1627557375940 0.16502183574505175 393
1627557375988 0.16497391618262908 394
1627557376037 0.1649196904986964 395
1627557376089 0.16484787838919385 396
1627557376130 0.1648069197960774 397
1627557376175 0.1647495516279267 398
1627557376228 0.16469327939283007 399
1627557376300 0.1646363161696037 400
1627557376354 0.16457803862507597 401
1627557376394 0.16453079266924586 402
1627557376435 0.1644784164166427 403
1627557376476 0.16442742394942736 404
1627557376537 0.16437296504360174 405
1627557376586 0.1643217264481492 406
1627557376630 0.16427771566158772 407
1627557376684 0.16422819962298574 408
1627557376724 0.16417669425816578 409
1627557376779 0.1641177935264093 410
1627557376821 0.1640584826301087 411
1627557376866 0.1640113689828304 412
1627557376912 0.16396000370785146 413
1627557376959 0.16390634155570466 414
1627557377002 0.16385363736520264 415
1627557377049 0.16380095633633796 416
1627557377108 0.16369408896229806 417
1627557377148 0.16364880213685778 418
1627557377187 0.16360126725545632 419
1627557377239 0.16353217173407728 420
1627557377283 0.1634850339409478 421
1627557377324 0.16343002797049197 422
1627557377363 0.163384871309247 423
1627557377408 0.1633330904534938 424
1627557377454 0.16327488833401357 425
1627557377494 0.16322709538151145 426
1627557377541 0.16316582048530576 427
1627557377599 0.1630783369899532 428
1627557377637 0.16302910204550217 429
1627557377687 0.16295868123240512 430
1627557377736 0.16288282138256288 431
1627557377771 0.16283399058862888 432
1627557377808 0.16279184504005545 433
1627557377850 0.16273406277016578 434
1627557377911 0.16265362725009427 435
1627557377958 0.16260092120449468 436
1627557378006 0.16255002381881517 437
1627557378044 0.16251282049016133 438
1627557378082 0.1624630737547419 439
1627557378135 0.16240890950537606 440
1627557378180 0.16236661511799003 441
1627557378232 0.16231399187052248 442
1627557378271 0.162270557488594 443
1627557378313 0.16222407089159957 444
1627557378351 0.16218868245020324 445
1627557378392 0.16214053658145142 446
1627557378439 0.16209382541980763 447
1627557378479 0.16204732069106703 448
1627557378524 0.16199402954840597 449
1627557378591 0.16194426985769397 450
1627557378640 0.16190035889493318 451
1627557378687 0.16185031372564984 452
1627557378723 0.16180756612633748 453
1627557378769 0.16175551434605612 454
1627557378808 0.1617034251834216 455
1627557378863 0.16159145856671558 456
1627557378914 0.16152697540574593 457
1627557378975 0.16143250663258563 458
1627557379033 0.16135847981623908 459
1627557379077 0.1613125185971123 460
1627557379115 0.16126006900822687 461
1627557379158 0.16121290901165355 462
1627557379196 0.16117229848460315 463
1627557379255 0.16109023116323712 464
1627557379302 0.16104043410530414 465
1627557379351 0.16099041417140292 466
1627557379391 0.1609438889138355 467
1627557379442 0.16089495327465905 468
1627557379498 0.1608485680461357 469
1627557379546 0.16080026835187972 470
1627557379594 0.16075374318957383 471
1627557379637 0.1607074460266005 472
1627557379680 0.1606637266220493 473
1627557379720 0.16061417336625625 474
1627557379766 0.16057041414480755 475
1627557379804 0.1605275239081314 476
1627557379845 0.16048236924215348 477
1627557379894 0.16043150482052304 478
1627557379936 0.16038403874677049 479
1627557379982 0.16033199726468977 480
1627557380019 0.1602911123040721 481
1627557380075 0.16021390000603258 482
1627557380112 0.16017368589516534 483
1627557380153 0.1601205402581871 484
1627557380205 0.16005220245687554 485
1627557380246 0.16000706350958907 486
1627557380284 0.15996852238347892 487
1627557380325 0.15992930864243365 488
1627557380366 0.15987804657961016 489
1627557380408 0.15983057260057212 490
1627557380466 0.15977297864458376 491
1627557380511 0.1597208213944413 492
1627557380548 0.15968339383307215 493
1627557380592 0.1596291481247197 494
1627557380623 0.15958877342717817 495
1627557380672 0.15953976231184408 496
1627557380715 0.15948921055967902 497
1627557380757 0.1594424064780385 498
1627557380802 0.15939888490703974 499
1627557380860 0.15935121470614602 500
1627557380908 0.1593067126831155 501
1627557380957 0.15926332605581472 502
1627557381000 0.15922188858514733 503
1627557381040 0.15917238745764106 504
1627557381086 0.1591222043208193 505
1627557381125 0.15908022291943588 506
1627557381168 0.1590393145996265 507
1627557381221 0.15898711323496917 508
1627557381271 0.15893654146715486 509
1627557381326 0.1588640275348943 510
1627557381364 0.15882250856734167 511
1627557381414 0.15876621298933113 512
1627557381450 0.15871851447453192 513
1627557381487 0.1586746921419841 514
1627557381558 0.16109023116323712 515
