1627563868816 0.5091091709469634 0
1627563868940 0.46990255828765465 1
1627563869054 0.43523192153242457 2
1627563869168 0.40480472271262363 3
1627563869284 0.37803983638005323 4
1627563869396 0.35477849355032687 5
1627563869505 0.33459871623196585 6
1627563869618 0.3172647349200188 7
1627563869728 0.3022728177469147 8
1627563869837 0.28935082058170813 9
1627563869970 0.27817751685767156 10
1627563870080 0.2687082085889192 11
1627563870184 0.2605754791383147 12
1627563870297 0.2536704282721774 13
1627563870401 0.24764619934231966 14
1627563870510 0.2427063424528967 15
1627563870608 0.23840763994332506 16
1627563870722 0.2348991634044568 17
1627563870829 0.23187177094483097 18
1627563870930 0.22914402374766074 19
1627563871026 0.2267955387509423 20
1627563871124 0.22479445105570905 21
1627563871224 0.22309659298196027 22
1627563871318 0.22154215395826035 23
1627563871425 0.22021989289924596 24
1627563871523 0.21909624481693757 25
1627563871610 0.21795808008615036 26
1627563871701 0.21690892998664033 27
1627563871792 0.2159301481368886 28
1627563871880 0.21496467026255686 29
1627563871985 0.21417534896478077 30
1627563872079 0.21347895162655076 31
1627563872194 0.2126651504642555 32
1627563872292 0.21183584767006464 33
1627563872378 0.21121673553936895 34
1627563872467 0.21029670937050796 35
1627563872592 0.20955207659627847 36
1627563872697 0.20872366748990195 37
1627563872812 0.2082017329516272 38
1627563872899 0.20735142961929373 39
1627563872980 0.2069402921264397 40
1627563873063 0.20628279874380495 41
1627563873147 0.20579057269647386 42
1627563873239 0.2049407950642529 43
1627563873335 0.2044755482979066 44
1627563873420 0.2041640227455368 45
1627563873531 0.20319571483627047 46
1627563873635 0.20278802431978035 47
1627563873721 0.20221057486948796 48
1627563873809 0.20191244005036932 49
1627563873918 0.20101844417353554 50
1627563873996 0.20073521825129884 51
1627563874085 0.20038160705692418 52
1627563874176 0.1999984123441342 53
1627563874264 0.19932705243363028 54
1627563874344 0.1989737000233533 55
1627563874430 0.1984541575177109 56
1627563874507 0.19820199254068477 57
1627563874591 0.1979245010874826 58
1627563874687 0.19719635687171508 59
1627563874766 0.19690732927146273 60
1627563874856 0.196226277339679 61
1627563874944 0.19594718658800855 62
1627563875020 0.1957119275608062 63
1627563875107 0.19532619506040688 64
1627563875187 0.19505620163131457 65
1627563875274 0.1946613740983156 66
1627563875360 0.19423685295936513 67
1627563875460 0.19362580117024106 68
1627563875583 0.19323177496898072 69
1627563875682 0.19298914643988008 70
1627563875765 0.19269337864891442 71
1627563875884 0.19239451867768337 72
1627563875968 0.19219010123795613 73
1627563876082 0.19170412459978803 74
1627563876224 0.19126592034172776 75
1627563876352 0.19105016659621968 76
1627563876477 0.19083399545333424 77
1627563876573 0.1906002896456814 78
1627563876651 0.19034936078160167 79
1627563876737 0.19015295728075246 80
1627563876823 0.18992212406195666 81
1627563876916 0.18970068621830907 82
1627563877005 0.1892697446080571 83
1627563877094 0.18897672019072004 84
1627563877217 0.18868793292333905 85
1627563877294 0.18848484548080793 86
1627563877375 0.18820564591641487 87
1627563877453 0.18801056866253463 88
1627563877532 0.1878024512221104 89
1627563877616 0.187591863326925 90
1627563877715 0.18726275087652525 91
1627563877798 0.18708314130965262 92
1627563877898 0.1866853142164844 93
1627563877972 0.18650478602511378 94
1627563878058 0.18631550779321396 95
1627563878133 0.1861722037572175 96
1627563878200 0.18600258252843024 97
1627563878278 0.185699302795443 98
1627563878358 0.18550768323504743 99
1627563878449 0.18531532076101798 100
1627563878540 0.18495547944028803 101
1627563878621 0.18467748045729793 102
1627563878749 0.18438329804320597 103
1627563878830 0.18421292121350125 104
1627563878910 0.1839642640404996 105
1627563878983 0.18378487616347366 106
1627563879053 0.18363294848614314 107
1627563879127 0.18346763726112703 108
1627563879207 0.18319986009366857 109
1627563879283 0.1830220367123358 110
1627563879359 0.1828555620607099 111
1627563879446 0.18253690024306968 112
1627563879512 0.1823781794147579 113
1627563879599 0.1822024800904844 114
1627563879677 0.18204769011693936 115
1627563879747 0.18189963803204706 116
1627563879822 0.18175169008298075 117
1627563879902 0.1815812598184468 118
1627563879984 0.1814226134085591 119
1627563880038 0.1812810558181356 120
1627563880104 0.18110480863767367 121
1627563880191 0.18090139285235945 122
1627563880322 0.18076386273021797 123
1627563880435 0.1806177338079439 124
1627563880487 0.18050317753983797 125
1627563880548 0.18036954958330645 126
1627563880654 0.18009041774373913 127
1627563880708 0.17996814394913357 128
1627563880786 0.1797325692735874 129
1627563880863 0.1794841821310215 130
1627563880925 0.1793483300591887 131
1627563880994 0.17923010668370767 132
1627563881059 0.17909438573769615 133
1627563881144 0.1788686643781312 134
1627563881252 0.17870174052897045 135
1627563881346 0.17857552672828145 136
1627563881408 0.17842862251491787 137
1627563881474 0.17827921770345742 138
1627563881541 0.17814964277944859 139
1627563881602 0.17802109090993945 140
1627563881685 0.17777359631269035 141
1627563881752 0.17764196378209723 142
1627563881807 0.17749876261847813 143
1627563881879 0.1773566330887249 144
1627563881958 0.17719396174008387 145
1627563882028 0.17705554021624018 146
1627563882090 0.1769306028675181 147
1627563882159 0.17680463597807447 148
1627563882246 0.17667128645508798 149
1627563882321 0.1765503662772657 150
1627563882400 0.1763560468585317 151
1627563882473 0.17621489797709697 152
1627563882542 0.17610226926911698 153
1627563882630 0.1758666988666451 154
1627563882702 0.17575246698471228 155
1627563882765 0.1756497209055642 156
1627563882825 0.17552026961936415 157
1627563882897 0.17535011930615954 158
1627563882971 0.17521399668782814 159
1627563883042 0.17510487872163277 160
1627563883127 0.17484848538970682 161
1627563883193 0.1747323518714189 162
1627563883283 0.17462092976369442 163
1627563883396 0.17451613017675133 164
1627563883502 0.17439668150600826 165
1627563883593 0.17429046745370452 166
1627563883658 0.17418023451726838 167
1627563883724 0.17406737222480587 168
1627563883800 0.17394320567080432 169
1627563883869 0.1738005491677147 170
1627563883920 0.17369791903366502 171
1627563883970 0.17360975949136062 172
1627563884087 0.17339655384775696 173
1627563884212 0.17322450368355494 174
1627563884286 0.17313767009333406 175
1627563884349 0.1730326830290072 176
1627563884444 0.17292593404336024 177
1627563884498 0.17282010861659022 178
1627563884566 0.1727077167483134 179
1627563884678 0.1724942002569584 180
1627563884733 0.17239552155482354 181
1627563884858 0.17220077159804545 182
1627563884971 0.1720949097811092 183
1627563885055 0.17195131068007763 184
1627563885140 0.171847074795119 185
1627563885244 0.1717307384102586 186
1627563885307 0.17163437542316462 187
1627563885379 0.17153169730050058 188
1627563885457 0.1713660867787858 189
1627563885525 0.1712662370928795 190
1627563885585 0.1711711558178897 191
1627563885649 0.17106822771865526 192
1627563885723 0.17091049055646385 193
1627563885784 0.1708068890029597 194
1627563885847 0.17071504448693645 195
1627563885915 0.1706220206515145 196
1627563885971 0.17051895380803317 197
1627563886087 0.17031718405493396 198
1627563886170 0.1702087241258829 199
1627563886242 0.17012693070441204 200
1627563886314 0.17002361962339288 201
1627563886418 0.16985845384274564 202
1627563886492 0.16974611406467935 203
1627563886561 0.16965067415827792 204
1627563886614 0.1695567706884707 205
1627563886680 0.16942886909335317 206
1627563886750 0.16933390044512722 207
1627563886816 0.16923029825160263 208
1627563886875 0.16913206846880485 209
1627563886939 0.16902609486082149 210
1627563886994 0.1689449248455719 211
1627563887053 0.1688441757404211 212
1627563887101 0.16876417559038714 213
1627563887172 0.16865134687867658 214
1627563887243 0.16855626264125542 215
1627563887339 0.16846671133825658 216
1627563887396 0.16835998994368645 217
1627563887464 0.16825970518058792 218
1627563887533 0.16815663756315358 219
1627563887637 0.1680704381769962 220
1627563887702 0.16798196568688745 221
1627563887757 0.1678902723717125 222
1627563887835 0.16776472808285825 223
1627563887906 0.1676644994008524 224
1627563887969 0.16757817296120572 225
1627563888042 0.16748655630680118 226
1627563888092 0.16738642117916955 227
1627563888157 0.1672859241909698 228
1627563888212 0.16720121478619934 229
1627563888288 0.16707315044735244 230
1627563888351 0.16697151098516191 231
1627563888457 0.16681507293733877 232
1627563888510 0.16674453205172748 233
1627563888574 0.16666162480305172 234
1627563888639 0.16655268042174562 235
1627563888722 0.16639773442759548 236
1627563888779 0.16630619260377358 237
1627563888840 0.1662119777544352 238
1627563888903 0.16611740884325965 239
1627563888960 0.16603700732528018 240
1627563889012 0.16594479683794883 241
1627563889087 0.16583100074347384 242
1627563889154 0.16572090781314594 243
1627563889205 0.1656478005572917 244
1627563889277 0.16556298462513983 245
1627563889339 0.1654875443798115 246
1627563889390 0.16540868979516646 247
1627563889441 0.16533961370498998 248
1627563889495 0.16525228686939006 249
1627563889566 0.16515946305118626 250
1627563889633 0.16505723632216882 251
1627563889718 0.1649264583899247 252
1627563889765 0.1648605443465786 253
1627563889822 0.16478344018461394 254
1627563889881 0.1646904478172357 255
1627563889965 0.16459105311663688 256
1627563890047 0.16451466985194896 257
1627563890116 0.1644216222341449 258
1627563890197 0.1642572984612626 259
1627563890257 0.1641718267205525 260
1627563890304 0.16410988410553654 261
1627563890346 0.1640454927021713 262
1627563890408 0.16395652987034215 263
1627563890474 0.16387204097870003 264
1627563890538 0.16378228279103196 265
1627563890609 0.1636796328967518 266
1627563890663 0.16359429386287705 267
1627563890722 0.16349791164362384 268
1627563890788 0.163405073017043 269
1627563890835 0.16333761761561585 270
1627563890914 0.16325453662027178 271
1627563890987 0.16316757155663092 272
1627563891060 0.1630521220325853 273
1627563891156 0.16294219133683077 274
1627563891223 0.16285954332203292 275
1627563891286 0.1627863508252025 276
1627563891341 0.16272305367562517 277
1627563891408 0.1626375449631075 278
1627563891467 0.1625626894826568 279
1627563891526 0.16249157542566164 280
1627563891586 0.1624256899901123 281
1627563891645 0.16234963600066543 282
1627563891713 0.16226725423472657 283
1627563891770 0.16218556856061234 284
1627563891824 0.16213155457912665 285
1627563891880 0.16205973419274913 286
1627563891944 0.1619730604974322 287
1627563891996 0.1619014434299998 288
1627563892065 0.16179430365922748 289
1627563892135 0.161698875187759 290
1627563892192 0.1616285861398656 291
1627563892261 0.16153290578859483 292
1627563892316 0.16145615924457346 293
1627563892377 0.1613663453066409 294
1627563892427 0.16129777490994646 295
1627563892486 0.16121543693175178 296
1627563892560 0.16114957679782418 297
1627563892640 0.16107670654547215 298
1627563892699 0.1609833971488486 299
1627563892769 0.1609110639167544 300
1627563892840 0.16082868441970283 301
1627563892928 0.16073271657883334 302
1627563892993 0.16064768112106464 303
1627563893067 0.16050273646790145 304
1627563893132 0.16041490936699648 305
1627563893192 0.16032646132963316 306
1627563893263 0.1602460918986325 307
1627563893319 0.16017675201372056 308
1627563893364 0.16011420995198425 309
1627563893414 0.16003538900333092 310
1627563893467 0.15996766348934957 311
1627563893523 0.15988871205200814 312
1627563893580 0.15981924640619888 313
1627563893640 0.15975114566122656 314
1627563893700 0.15967238190856106 315
1627563893791 0.15955903553395237 316
1627563893858 0.15949346508467818 317
1627563893913 0.15940871759142602 318
1627563893984 0.15933899768528637 319
1627563894034 0.1592681503824185 320
1627563894094 0.15919151926198963 321
1627563894143 0.15913219012709248 322
1627563894212 0.1590491882976273 323
1627563894286 0.15898382034218234 324
1627563894375 0.15891960865471869 325
1627563894452 0.1588481928085247 326
1627563894527 0.15876842231188573 327
1627563894603 0.1586452077729394 328
1627563894668 0.1585708688449279 329
1627563894721 0.15850348455139313 330
1627563894802 0.15837797984671792 331
1627563894854 0.1583103020179456 332
1627563894914 0.15823532439055968 333
1627563894974 0.1581647766570498 334
1627563895045 0.15808291006817102 335
1627563895102 0.15801552147680434 336
1627563895158 0.15793957351010304 337
1627563895224 0.15786503654377226 338
1627563895278 0.15780277288829989 339
1627563895351 0.15769203495406675 340
1627563895419 0.15762716251049821 341
1627563895485 0.157551306853967 342
1627563895560 0.15746736279455603 343
1627563895631 0.15735652239454845 344
1627563895688 0.15728259494883534 345
1627563895746 0.15721239659081815 346
1627563895798 0.15714616226808792 347
1627563895862 0.1570722059690136 348
1627563895919 0.15700068127399153 349
1627563896005 0.15692488103974914 350
1627563896079 0.1568629572370941 351
1627563896141 0.15680217775444813 352
1627563896211 0.15673305492974457 353
1627563896285 0.15667192280607273 354
1627563896360 0.1566053117749778 355
1627563896417 0.1565438821319905 356
1627563896496 0.1564856732484963 357
1627563896595 0.15635746730407607 358
1627563896652 0.15628409043934255 359
1627563896738 0.15620635544393585 360
1627563896816 0.15615620737192693 361
1627563896869 0.15608132747414588 362
1627563896923 0.15600377072066102 363
1627563896981 0.1559349133229418 364
1627563897038 0.1558663827112088 365
1627563897090 0.1557961612612705 366
1627563897146 0.15572109047886434 367
1627563897195 0.15565306222585978 368
1627563897249 0.1555944517514876 369
1627563897306 0.1555136644688032 370
1627563897361 0.15544915213695568 371
1627563897422 0.1553877591960213 372
1627563897474 0.1553293138813676 373
1627563897531 0.15526298894013033 374
1627563897603 0.15519369006809386 375
1627563897677 0.15511607977822164 376
1627563897745 0.1550600851448955 377
1627563897843 0.15498017647467682 378
1627563897911 0.15491655814840896 379
1627563898006 0.1548434767036855 380
1627563898070 0.15479134658391475 381
1627563898121 0.1547251818152036 382
1627563898177 0.15467249720909013 383
1627563898222 0.1546011010133879 384
1627563898298 0.15453425511960628 385
1627563898364 0.1544799003371437 386
1627563898415 0.154420668879266 387
1627563898468 0.15434451796121113 388
1627563898537 0.15425240277002747 389
1627563898593 0.15418845819593816 390
1627563898645 0.1541361227981228 391
1627563898699 0.15407520020082063 392
1627563898794 0.1539844619061198 393
1627563898840 0.1539338546615365 394
1627563898897 0.15386352141974433 395
1627563898967 0.1537803605226184 396
1627563899012 0.15372992699622692 397
1627563899056 0.15366382268526715 398
1627563899129 0.1535867037876402 399
1627563899203 0.15352283904519556 400
1627563899284 0.1534577806686562 401
1627563899389 0.15335622325081247 402
1627563899468 0.1532628102156705 403
1627563899513 0.1532104973118413 404
1627563899575 0.15315339743953807 405
1627563899627 0.1530861657426009 406
1627563899688 0.15302086848975635 407
1627563899753 0.1529539648773895 408
1627563899808 0.15289603837706392 409
1627563899874 0.15282907119491454 410
1627563899960 0.1527491002448921 411
1627563900025 0.15266250607910548 412
1627563900086 0.1525954152670214 413
1627563900161 0.15251294531850493 414
1627563900240 0.1559349133229418 415
1627563904423 0.508403081409645 0
1627563904555 0.4692624801985117 1
1627563904672 0.4347366482115535 2
1627563904789 0.40433012582103367 3
1627563904911 0.3776948140068258 4
1627563905031 0.3544893479546337 5
1627563905190 0.3344213683332624 6
1627563905341 0.31711035826745837 7
1627563905451 0.3022230775587751 8
1627563905561 0.28936127019748803 9
1627563905667 0.27824932163115995 10
1627563905774 0.2687228879796375 11
1627563905873 0.2605651617633968 12
1627563905979 0.25368281784616 13
1627563906072 0.24768651589602567 14
1627563906188 0.24272210823354812 15
1627563906298 0.2384305637320397 16
1627563906408 0.2349323156633271 17
1627563906516 0.23194985427257972 18
1627563906613 0.22918049264409684 19
1627563906703 0.22676002655776553 20
1627563906796 0.22478248781401558 21
1627563906891 0.22306319727299057 22
1627563906982 0.22141771845133776 23
1627563907082 0.22008638852875154 24
1627563907178 0.21894341554474975 25
1627563907267 0.21780813693732887 26
1627563907362 0.21677319574360104 27
1627563907455 0.21585823948121885 28
1627563907541 0.21490822356886355 29
1627563907642 0.21404918228067005 30
1627563907738 0.21315800496623014 31
1627563907846 0.21238881145347335 32
1627563907959 0.21180962085050895 33
1627563908061 0.211116328375766 34
1627563908145 0.21054143007837847 35
1627563908225 0.20966336014297127 36
1627563908315 0.20910053150817698 37
1627563908403 0.2085718102997423 38
1627563908485 0.2077471561295566 39
1627563908569 0.2072903601010366 40
1627563908647 0.2064927521251656 41
1627563908740 0.20571537187027647 42
1627563908830 0.2052113105649596 43
1627563908917 0.20478771198824575 44
1627563908997 0.2044352736182197 45
1627563909082 0.20380619791409704 46
1627563909169 0.2030136208054626 47
1627563909252 0.20247730747591614 48
1627563909342 0.20202623835824945 49
1627563909452 0.20117599049353152 50
1627563909539 0.20088261029811047 51
1627563909627 0.20053238227264578 52
1627563909708 0.20023549432624824 53
1627563909787 0.19986737433838153 54
1627563909908 0.19930406458333527 55
1627563910024 0.1989764973174478 56
1627563910111 0.19870514742319964 57
1627563910211 0.1981175094221456 58
1627563910298 0.19785554277316805 59
1627563910419 0.19735641735518053 60
1627563910498 0.1971144028661684 61
1627563910636 0.19651431860778784 62
1627563910711 0.19626502224059753 63
1627563910799 0.19582791241360803 64
1627563910891 0.19515317326460693 65
1627563910971 0.19490087374858409 66
1627563911066 0.19436708051020476 67
1627563911152 0.19393484073595654 68
1627563911235 0.19369448659520633 69
1627563911315 0.1933659301870318 70
1627563911396 0.19310925534646325 71
1627563911488 0.19288887499302132 72
1627563911601 0.1925121163875816 73
1627563911695 0.192259703971438 74
1627563911785 0.19203442785163788 75
1627563911867 0.19168260371008133 76
1627563911989 0.19133291606810524 77
1627563912100 0.19113776665175491 78
1627563912226 0.19091962810466367 79
1627563912316 0.1905128251879729 80
1627563912394 0.19032336079383758 81
1627563912487 0.19002162711224693 82
1627563912554 0.18982728698309942 83
1627563912643 0.18959111344662788 84
1627563912731 0.18917200541214654 85
1627563912826 0.1889713945614056 86
1627563912948 0.18860602797384432 87
1627563913038 0.1884275782811482 88
1627563913130 0.1882210559202875 89
1627563913238 0.18792102217168064 90
1627563913324 0.18774195534226007 91
1627563913409 0.18755235398569314 92
1627563913488 0.18736103166577736 93
1627563913578 0.18708352226724906 94
1627563913667 0.186844844688379 95
1627563913751 0.1864848166317385 96
1627563913824 0.18629355097459002 97
1627563913939 0.18595523632330027 98
1627563914053 0.18578089559850006 99
1627563914182 0.18559148462037905 100
1627563914322 0.18521278082411147 101
1627563914394 0.1850240850545993 102
1627563914481 0.18479828727772868 103
1627563914552 0.18464212838637709 104
1627563914660 0.18440006208454787 105
1627563914740 0.1842335357104816 106
1627563914827 0.1840009010816269 107
1627563914915 0.18373061250401923 108
1627563914992 0.1834835957863641 109
1627563915071 0.18318087282873075 110
1627563915137 0.18300430663626502 111
1627563915220 0.18282316443005542 112
1627563915291 0.18265638092433967 113
1627563915366 0.18249203565771716 114
1627563915448 0.1823109331335784 115
1627563915526 0.18206582205069521 116
1627563915597 0.18191854836312962 117
1627563915671 0.18174462727910878 118
1627563915733 0.18160895362401047 119
1627563915811 0.18145605391594422 120
1627563915893 0.18124955355635172 121
1627563915953 0.18110343985370247 122
1627563916030 0.18095645654174045 123
1627563916116 0.18066954034531307 124
1627563916178 0.18052233601400397 125
1627563916248 0.18036823510888647 126
1627563916309 0.18024652538208932 127
1627563916400 0.1800972042260833 128
1627563916475 0.1799415214524028 129
1627563916547 0.17978240567961176 130
1627563916627 0.17956318349646105 131
1627563916690 0.17943054408579936 132
1627563916770 0.17924689665015575 133
1627563916848 0.1791199520790438 134
1627563916906 0.17898358942213152 135
1627563916985 0.17878931109840718 136
1627563917049 0.1786713448510898 137
1627563917143 0.1783745972266795 138
1627563917206 0.17824633100684514 139
1627563917273 0.17811561888940636 140
1627563917340 0.17792537733364072 141
1627563917429 0.17779283925163228 142
1627563917489 0.17768086482283466 143
1627563917550 0.17753634275026522 144
1627563917631 0.1773255796307181 145
1627563917746 0.17717919808360053 146
1627563917836 0.17690641115748587 147
1627563917896 0.17677800884472689 148
1627563917963 0.1766650289339156 149
1627563918046 0.1765387915423538 150
1627563918104 0.17642488112262425 151
1627563918190 0.17621093036447558 152
1627563918238 0.17611008287089014 153
1627563918322 0.1758980554555822 154
1627563918400 0.17578684500935243 155
1627563918472 0.17565759145937232 156
1627563918524 0.17554884583266828 157
1627563918596 0.17543745371626435 158
1627563918718 0.1752056034695598 159
1627563918769 0.17511082301391195 160
1627563918853 0.17488277232137203 161
1627563918921 0.17476487482559602 162
1627563918977 0.17467018350144387 163
1627563919039 0.17455308696368846 164
1627563919126 0.17435747006344796 165
1627563919203 0.17420466811930524 166
1627563919285 0.17405182982969045 167
1627563919347 0.17393043667584945 168
1627563919405 0.1738208499144665 169
1627563919477 0.1736809770456122 170
1627563919539 0.17355652499877877 171
1627563919611 0.17342619828305522 172
1627563919669 0.17331317236835295 173
1627563919730 0.1732013854064277 174
1627563919797 0.17308029479294312 175
1627563919874 0.17295128546770464 176
1627563919958 0.17283929663696207 177
1627563920074 0.1727075402999387 178
1627563920134 0.17261877728858024 179
1627563920221 0.17249782377783235 180
1627563920312 0.1723899657238812 181
1627563920428 0.172225241645044 182
1627563920494 0.17209749269969785 183
1627563920551 0.17199222939914363 184
1627563920610 0.17190311101209382 185
1627563920675 0.17176220832369743 186
1627563920726 0.17164817813368163 187
1627563920787 0.17153826982671316 188
1627563920870 0.17142934608517985 189
1627563920943 0.17132052049635482 190
1627563921021 0.17115967805090038 191
1627563921091 0.17104466222514667 192
1627563921166 0.17092716998763818 193
1627563921225 0.17081926827450158 194
1627563921274 0.1707127905052545 195
1627563921322 0.17061474995012565 196
1627563921400 0.17046317186304505 197
1627563921494 0.1703401351256805 198
1627563921552 0.1702298734527137 199
1627563921650 0.17013095026429834 200
1627563921702 0.1700612576341998 201
1627563921780 0.16997637191689188 202
1627563921859 0.1698431034752393 203
1627563921909 0.16977120148995894 204
1627563921984 0.1696535072250546 205
1627563922059 0.16956073820649925 206
1627563922126 0.16947118643699388 207
1627563922214 0.1692962353722353 208
1627563922278 0.1692010995418423 209
1627563922333 0.16910329563062007 210
1627563922412 0.16890757605039286 211
1627563922495 0.16879514258259273 212
1627563922562 0.16871747461970663 213
1627563922620 0.16863271991454887 214
1627563922697 0.1684800279916965 215
1627563922771 0.16838191577675599 216
1627563922846 0.16825583621893664 217
1627563922912 0.16815823284496267 218
1627563922994 0.16806339894132316 219
1627563923051 0.1679681964294758 220
1627563923113 0.16785938348099844 221
1627563923163 0.16777637112000876 222
1627563923219 0.16768803083253925 223
1627563923272 0.1675965543487089 224
1627563923328 0.16751826312340365 225
1627563923403 0.16735819600000088 226
1627563923463 0.1672439289344381 227
1627563923522 0.1671629623824386 228
1627563923580 0.16706685155230208 229
1627563923638 0.16697482155375587 230
1627563923714 0.16687380598095258 231
1627563923814 0.1667658718535245 232
1627563923896 0.16667727490795556 233
1627563923947 0.16658943060051343 234
1627563924006 0.16650774492692536 235
1627563924061 0.16643347985760293 236
1627563924116 0.16636166795885793 237
1627563924191 0.16626851833338382 238
1627563924251 0.16617152707026375 239
1627563924316 0.1660922554265103 240
1627563924393 0.16596385307168895 241
1627563924452 0.16589622366973075 242
1627563924547 0.16573259307402155 243
1627563924616 0.16563649890276752 244
1627563924675 0.16554428218779785 245
1627563924744 0.16544554103588305 246
1627563924826 0.16535820311371424 247
1627563924900 0.1652831344355673 248
1627563924952 0.16519949046376703 249
1627563925043 0.16509587224290115 250
1627563925123 0.16495524986387913 251
1627563925173 0.1648880482227455 252
1627563925239 0.16479587119315928 253
1627563925340 0.16471437107536094 254
1627563925437 0.16454764840769523 255
1627563925503 0.16445388360670107 256
1627563925571 0.16436695656121916 257
1627563925622 0.16430489780103186 258
1627563925705 0.16416232198856606 259
1627563925766 0.1640676415716409 260
1627563925849 0.16392646108538267 261
1627563925912 0.1638415712943489 262
1627563925967 0.16376420183946008 263
1627563926020 0.16368539637587567 264
1627563926090 0.16359008761823912 265
1627563926187 0.16347388518532957 266
1627563926237 0.16338722127129982 267
1627563926301 0.16329620728604838 268
1627563926387 0.1632125730235654 269
1627563926460 0.16313355677583838 270
1627563926526 0.16305724986556422 271
1627563926603 0.1629727848679543 272
1627563926678 0.162855105950912 273
1627563926724 0.1627705817569828 274
1627563926804 0.16263539090396936 275
1627563926855 0.16257170791585163 276
1627563926931 0.16247422239681142 277
1627563926996 0.1623901298688101 278
1627563927060 0.16230986271809988 279
1627563927136 0.16223168857516465 280
1627563927186 0.1621688127711041 281
1627563927254 0.16208553090965822 282
1627563927318 0.16200116338776924 283
1627563927381 0.1619119830324512 284
1627563927448 0.16182004536846667 285
1627563927500 0.161753385220935 286
1627563927563 0.16165621941682107 287
1627563927644 0.16154335220729762 288
1627563927695 0.16148259428736794 289
1627563927757 0.161398390868861 290
1627563927810 0.1613484181618414 291
1627563927872 0.16127714325026907 292
1627563927944 0.16116895388105915 293
1627563928004 0.161080278452516 294
1627563928068 0.16099764365091207 295
1627563928137 0.1609119241882145 296
1627563928196 0.16083292267970153 297
1627563928262 0.16075974367714252 298
1627563928335 0.16065410539672292 299
1627563928417 0.16057949386362122 300
1627563928474 0.16050318035721114 301
1627563928539 0.1604240413074536 302
1627563928602 0.1603478877545844 303
1627563928737 0.16020936864457183 304
1627563928824 0.16015018283493557 305
1627563928932 0.16004832361650684 306
1627563929036 0.15997114701721402 307
1627563929143 0.15989811201251708 308
1627563929214 0.15982397930904643 309
1627563929280 0.15976225354764992 310
1627563929344 0.15969345332487697 311
1627563929415 0.15961587798411483 312
1627563929496 0.15954110331180954 313
1627563929559 0.15947256533569726 314
1627563929608 0.15940393611151166 315
1627563929669 0.1593347851894029 316
1627563929740 0.1592523479367786 317
1627563929802 0.15917145813483372 318
1627563929852 0.15910659947911832 319
1627563929921 0.1590149801025643 320
1627563929975 0.1589625588733173 321
1627563930036 0.15888781843846148 322
1627563930121 0.15875238112587517 323
1627563930190 0.15868320883776327 324
1627563930254 0.15860527198277943 325
1627563930309 0.1585249027724394 326
1627563930386 0.15840764316298248 327
1627563930461 0.158336968054783 328
1627563930520 0.15826446636485403 329
1627563930568 0.15819766520707082 330
1627563930619 0.15812658350886832 331
1627563930670 0.15804166303010259 332
1627563930730 0.15796648099963173 333
1627563930791 0.1578874381085125 334
1627563930853 0.1578187855516045 335
1627563930909 0.1577568851443137 336
1627563930960 0.157696597446797 337
1627563931021 0.15760952577594886 338
1627563931077 0.15753562929857073 339
1627563931135 0.15745901122259212 340
1627563931193 0.1573808608326712 341
1627563931241 0.15732862482433052 342
1627563931300 0.15725068031145534 343
1627563931349 0.15719678531258185 344
1627563931427 0.1571101636394247 345
1627563931487 0.1570515841313071 346
1627563931533 0.15698699955178014 347
1627563931583 0.1569249401649908 348
1627563931654 0.15682401169530277 349
1627563931720 0.15676409194237215 350
1627563931787 0.15666416276414277 351
1627563931844 0.1565949406784379 352
1627563931916 0.15648086036031716 353
1627563931999 0.1563579210236068 354
1627563932061 0.15629354252054556 355
1627563932105 0.15623621984799466 356
1627563932159 0.15616470285966047 357
1627563932219 0.15609239116671142 358
1627563932273 0.15601437344098273 359
1627563932336 0.15593785280787642 360
1627563932385 0.15588562306916248 361
1627563932459 0.15579214577487063 362
1627563932531 0.1557011416919287 363
1627563932582 0.15563391999707718 364
1627563932637 0.15556828051488805 365
1627563932709 0.1554729211987671 366
1627563932759 0.15540971027966083 367
1627563932821 0.1553404727212832 368
1627563932885 0.1552724291798288 369
1627563932950 0.15519390946123313 370
1627563933015 0.15511965898206947 371
1627563933075 0.15503244360933402 372
1627563933127 0.15497441968208758 373
1627563933182 0.15491526058730767 374
1627563933259 0.15483756531437215 375
1627563933311 0.1547772631994616 376
1627563933365 0.15470997453450436 377
1627563933410 0.15465243896983388 378
1627563933476 0.15459327152633012 379
1627563933538 0.15452734988251388 380
1627563933596 0.15447290040960845 381
1627563933660 0.15439065361805643 382
1627563933716 0.15433963059014474 383
1627563933775 0.15426928312607277 384
1627563933830 0.15420580582632898 385
1627563933889 0.15412654743888823 386
1627563933951 0.15405456531695305 387
1627563934022 0.15396938056359424 388
1627563934072 0.1539155691128581 389
1627563934125 0.1538577807087347 390
1627563934173 0.15379602244942361 391
1627563934230 0.15371957794221452 392
1627563934277 0.15365177584833703 393
1627563934338 0.1535862737099823 394
1627563934393 0.15352547511031894 395
1627563934449 0.15345506216663415 396
1627563934514 0.15339025370485987 397
1627563934566 0.15332708028067468 398
1627563934615 0.1532767084501662 399
1627563934685 0.15319952957402455 400
1627563934739 0.15312478726144324 401
1627563934796 0.15305497183440595 402
1627563934868 0.15297735181031497 403
1627563934939 0.1528900320162802 404
1627563935028 0.1563579210236068 405
1627563939143 0.5091844194175806 0
1627563939271 0.469972863043225 1
1627563939408 0.43535993880956664 2
1627563939524 0.40491858466283004 3
1627563939655 0.37815397162516057 4
1627563939804 0.3549164615793106 5
1627563939977 0.3347914116127936 6
1627563940106 0.3174466164893146 7
1627563940272 0.3025108533446948 8
1627563940382 0.2895834938934319 9
1627563940487 0.27837533793514063 10
1627563940600 0.2688984612576123 11
1627563940711 0.2607606357384188 12
1627563940870 0.25379496225342946 13
1627563940974 0.24784484205467885 14
1627563941076 0.24283601594358378 15
1627563941174 0.23852612207355234 16
1627563941284 0.2349970620027486 17
1627563941400 0.2319761235088095 18
1627563941506 0.22916868168570295 19
1627563941600 0.22675841665721652 20
1627563941705 0.2247437957412006 21
1627563941845 0.2231186711600883 22
1627563941960 0.22153195639138978 23
1627563942067 0.22020793059669042 24
1627563942169 0.2191086287116549 25
1627563942260 0.21788616012137485 26
1627563942383 0.21688617720268583 27
1627563942484 0.21585003170545058 28
1627563942606 0.214910168580632 29
1627563942702 0.2139338611664017 30
1627563942793 0.21323210652895414 31
1627563942881 0.2124682642274746 32
1627563943019 0.21179054732909475 33
1627563943105 0.2111621232740097 34
1627563943186 0.21041018011564222 35
1627563943273 0.20963635648678752 36
1627563943358 0.20888113015633397 37
1627563943448 0.20830056490000676 38
1627563943566 0.2075413482068539 39
1627563943675 0.207086839642349 40
1627563943760 0.2064083944142188 41
1627563943846 0.2056897393708282 42
1627563943947 0.20514103992146 43
1627563944036 0.20477293296258559 44
1627563944113 0.2044733373338773 45
1627563944203 0.2036415767990665 46
1627563944315 0.20318033988007955 47
1627563944399 0.20257956769551644 48
1627563944483 0.20211625657005303 49
1627563944594 0.20130533268396184 50
1627563944672 0.2009957535868768 51
1627563944758 0.20073622751776907 52
1627563944849 0.20008475491043623 53
1627563944934 0.19967516421823522 54
1627563945017 0.19927474843159046 55
1627563945106 0.19896139040356414 56
1627563945191 0.19867110836923838 57
1627563945278 0.19817811221108253 58
1627563945380 0.19767576516864913 59
1627563945470 0.19742011943594326 60
1627563945600 0.1967381722264147 61
1627563945683 0.19646459118657028 62
1627563945767 0.19621932312753299 63
1627563945899 0.19561477938901564 64
1627563946028 0.19529829809264668 65
1627563946103 0.19508539029665942 66
1627563946190 0.19454189313160627 67
1627563946280 0.19423638996643855 68
1627563946357 0.19400182437849892 69
1627563946451 0.1934177142493413 70
1627563946524 0.19309646867311459 71
1627563946595 0.19287730236721104 72
1627563946679 0.1926610284053269 73
1627563946761 0.19238976153283305 74
1627563946849 0.19183892857574322 75
1627563946929 0.19154648709009392 76
1627563947017 0.19107118062503278 77
1627563947091 0.1908622340963859 78
1627563947163 0.1906459984562463 79
1627563947241 0.1904258844477447 80
1627563947327 0.19007036900267682 81
1627563947418 0.18976888612687998 82
1627563947483 0.18957210728998114 83
1627563947564 0.18934392274710146 84
1627563947650 0.18906973706402308 85
1627563947731 0.18887259451499752 86
1627563947812 0.1886966316500504 87
1627563947893 0.18850383765386544 88
1627563947984 0.18829382394092992 89
1627563948070 0.18807778488945318 90
1627563948145 0.18786220422587596 91
1627563948229 0.18757377488096727 92
1627563948298 0.18737175674606374 93
1627563948388 0.18712959799409812 94
1627563948471 0.18693203593490365 95
1627563948561 0.1865046177450251 96
1627563948632 0.1863367278401987 97
1627563948714 0.1861648337987506 98
1627563948794 0.18599601744891464 99
1627563948937 0.1855956935160211 100
1627563949021 0.18524330057493532 101
1627563949133 0.18506167889473382 102
1627563949207 0.18488901044474024 103
1627563949303 0.18456029683588598 104
1627563949386 0.18435541231459837 105
1627563949473 0.18403297142121314 106
1627563949550 0.18386298824894418 107
1627563949648 0.18369733795733087 108
1627563949733 0.1835466904453165 109
1627563949813 0.1833539226683737 110
1627563949888 0.18314692288942533 111
1627563949969 0.1828385601679581 112
1627563950043 0.1826727143899456 113
1627563950112 0.1825229714191248 114
1627563950187 0.18235613303521278 115
1627563950257 0.18221322577876464 116
1627563950334 0.18206324870840093 117
1627563950414 0.18185709143681345 118
1627563950497 0.1815762625492705 119
1627563950552 0.1814499166655536 120
1627563950648 0.1812828389954714 121
1627563950752 0.1811458658231289 122
1627563950899 0.18087238980206458 123
1627563951009 0.18073557819353023 124
1627563951092 0.1805916792565854 125
1627563951182 0.18030303362554775 126
1627563951273 0.18002179949411085 127
1627563951366 0.1798104795562767 128
1627563951446 0.17961595562814747 129
1627563951515 0.17948616772167186 130
1627563951606 0.17932273400934354 131
1627563951699 0.17919323396603512 132
1627563951774 0.17905515283706194 133
1627563951854 0.1788056316207901 134
1627563951923 0.17862130230304352 135
1627563951986 0.17848760440662734 136
1627563952048 0.17836072735521277 137
1627563952115 0.17822138981949023 138
1627563952184 0.1780820434522961 139
1627563952265 0.1778877975023989 140
1627563952340 0.17777701855781267 141
1627563952412 0.17765022207982345 142
1627563952496 0.17751821791469788 143
1627563952587 0.17738448350517186 144
1627563952667 0.1772425139256911 145
1627563952720 0.17712957534353113 146
1627563952790 0.177005982710943 147
1627563952865 0.17686512627829137 148
1627563952944 0.1767277192650721 149
1627563953028 0.17659847642437 150
1627563953107 0.1764848128539162 151
1627563953198 0.17633581021108102 152
1627563953270 0.17623273504764475 153
1627563953365 0.17608148824259534 154
1627563953464 0.1759009158674508 155
1627563953538 0.17578533507577307 156
1627563953624 0.175606259430219 157
1627563953694 0.17548001121916135 158
1627563953771 0.1753638907626897 159
1627563953835 0.17525032957099687 160
1627563953906 0.17513766594120114 161
1627563953959 0.17504593686520456 162
1627563954028 0.17493048532378333 163
1627563954096 0.17481798677137747 164
1627563954162 0.17470203565253833 165
1627563954241 0.17451740126920867 166
1627563954330 0.17439920621192717 167
1627563954435 0.1742733606395448 168
1627563954549 0.17410456736312008 169
1627563954620 0.17397528616894586 170
1627563954669 0.17387287503439705 171
1627563954737 0.17370330682897694 172
1627563954804 0.17357010714363233 173
1627563954903 0.1733992802154146 174
1627563954978 0.1732865424084965 175
1627563955069 0.1731461479481921 176
1627563955133 0.1730327970370268 177
1627563955201 0.17290004453917632 178
1627563955257 0.17280332018749034 179
1627563955321 0.17268840601096397 180
1627563955401 0.17252775505037618 181
1627563955470 0.1724208175177365 182
1627563955545 0.17230866125393743 183
1627563955607 0.1721839894066538 184
1627563955672 0.17204948557624147 185
1627563955743 0.17193157270168496 186
1627563955795 0.17183445080832035 187
1627563955846 0.17176094518702023 188
1627563955923 0.17164500439345307 189
1627563955983 0.17154688945771723 190
1627563956071 0.17131799525716448 191
1627563956134 0.1712215495911071 192
1627563956200 0.17110365748596795 193
1627563956263 0.17099382825951445 194
1627563956336 0.17089168434934143 195
1627563956410 0.1707806156038655 196
1627563956486 0.17061949657621384 197
1627563956555 0.17052105527775785 198
1627563956626 0.17040464266057725 199
1627563956718 0.17022234195701652 200
1627563956786 0.17010744056860078 201
1627563956877 0.17000268989655204 202
1627563956945 0.16989170870736767 203
1627563957011 0.16976933648876397 204
1627563957068 0.16966828952109878 205
1627563957137 0.16957666241428884 206
1627563957190 0.16948637438505065 207
1627563957246 0.16940709236586912 208
1627563957311 0.16931721554558066 209
1627563957399 0.16911941425545057 210
1627563957448 0.1690425650145653 211
1627563957506 0.16895548060925902 212
1627563957562 0.1688646393912722 213
1627563957623 0.16878291799717438 214
1627563957688 0.16869541899917065 215
1627563957747 0.16859927661745328 216
1627563957816 0.1684980128138554 217
1627563957871 0.168413575856035 218
1627563957928 0.16830667231246507 219
1627563958003 0.16819891388233976 220
1627563958068 0.16811797131944914 221
1627563958133 0.168042638812269 222
1627563958188 0.1679621980023539 223
1627563958249 0.16788148268443834 224
1627563958295 0.16781234675681847 225
1627563958374 0.16763631559136602 226
1627563958448 0.16750079374632185 227
1627563958494 0.1674239304175205 228
1627563958614 0.16725493041841066 229
1627563958677 0.16715505684302195 230
1627563958779 0.16701808406252833 231
1627563958820 0.16692827637633148 232
1627563958886 0.1668423458767853 233
1627563958960 0.1667481581645727 234
1627563959017 0.1666444564143996 235
1627563959089 0.16652747756595626 236
1627563959184 0.16644112228422284 237
1627563959285 0.1663427146758787 238
1627563959379 0.16626033082987693 239
1627563959471 0.16617040263162394 240
1627563959582 0.16604279837592678 241
1627563959663 0.16596277001562018 242
1627563959716 0.16588860540040476 243
1627563959781 0.16579207347653238 244
1627563959853 0.16570514932794658 245
1627563959912 0.1656001852483906 246
1627563959961 0.16553015033021423 247
1627563960035 0.16536903330346736 248
1627563960110 0.16527785980809473 249
1627563960177 0.16519046850625518 250
1627563960254 0.16510224700335013 251
1627563960305 0.16501263226813342 252
1627563960378 0.16488693733239654 253
1627563960444 0.16481180620520477 254
1627563960521 0.16471580560474702 255
1627563960587 0.16461939135611225 256
1627563960637 0.1645438191606022 257
1627563960709 0.1644662284019524 258
1627563960790 0.1643543789425603 259
1627563960854 0.16426627854774054 260
1627563960934 0.16414943645985938 261
1627563961003 0.16400823842343537 262
1627563961071 0.16391773815013244 263
1627563961128 0.16382681695862486 264
1627563961183 0.1637525069297269 265
1627563961251 0.1636468218145456 266
1627563961316 0.16355566135170943 267
1627563961373 0.16347145141114422 268
1627563961436 0.1633875500509581 269
1627563961508 0.16330380790258908 270
1627563961567 0.16322810200231658 271
1627563961636 0.16314773004553243 272
1627563961709 0.16303354398708947 273
1627563961782 0.16291823389119203 274
1627563961845 0.16285005952591436 275
1627563961923 0.16271327788868492 276
1627563961976 0.16263976218357293 277
1627563962038 0.16254436123752566 278
1627563962104 0.162460366543039 279
1627563962146 0.16238399331571446 280
1627563962217 0.16228031566494797 281
1627563962283 0.16217638357818337 282
1627563962339 0.16210464871968044 283
1627563962424 0.16201670022964526 284
1627563962501 0.16192536500238622 285
1627563962554 0.16184606440897548 286
1627563962625 0.1617522633849163 287
1627563962685 0.16167665140081963 288
1627563962757 0.16157805244508094 289
1627563962836 0.16146123039775093 290
1627563962894 0.16138605968439426 291
1627563962950 0.16131153629332978 292
1627563963015 0.16122979460339215 293
1627563963074 0.16115862003517348 294
1627563963132 0.16107816809429026 295
1627563963193 0.16100005502636222 296
1627563963245 0.16093334741715892 297
1627563963299 0.1608705122763611 298
1627563963352 0.16078200849953111 299
1627563963441 0.1606522802208101 300
1627563963495 0.16058703165994972 301
1627563963553 0.16050413562870608 302
1627563963615 0.1604267543962128 303
1627563963672 0.16034067937998503 304
1627563963719 0.16026161026116095 305
1627563963773 0.16018809021366348 306
1627563963842 0.16011299520928912 307
1627563963921 0.16003173075194774 308
1627563964001 0.15996461222829172 309
1627563964061 0.15987680875498367 310
1627563964117 0.1598058608075086 311
1627563964171 0.1597347900753015 312
1627563964219 0.15967361126481575 313
1627563964270 0.15960546455076505 314
1627563964358 0.15945988145147486 315
1627563964429 0.1593664628602917 316
1627563964494 0.15928472559958592 317
1627563964563 0.15921156142667403 318
1627563964628 0.1591432501169026 319
1627563964692 0.15906547492313092 320
1627563964750 0.15899620386239174 321
1627563964804 0.15893743401509142 322
1627563964867 0.15883076507667274 323
1627563964916 0.15876554456674344 324
1627563964972 0.15870365055032426 325
1627563965019 0.15862696802832923 326
1627563965086 0.1585470281064204 327
1627563965153 0.15847342379049184 328
1627563965214 0.15840716129886664 329
1627563965271 0.15833224854550632 330
1627563965327 0.15825225992584094 331
1627563965395 0.15816956938411442 332
1627563965484 0.15808771609312983 333
1627563965561 0.15800934812982914 334
1627563965636 0.15794237086578167 335
1627563965700 0.1578683182678515 336
1627563965759 0.15779859794850545 337
1627563965815 0.15772854309677678 338
1627563965868 0.15766504081162688 339
1627563965914 0.15761013071772792 340
1627563965977 0.15753821423513295 341
1627563966053 0.15747299089970385 342
1627563966137 0.157392448255762 343
1627563966216 0.157321619332085 344
1627563966279 0.15724032078168854 345
1627563966337 0.15717832085356304 346
1627563966403 0.15711165335564883 347
1627563966498 0.15703934742737388 348
1627563966556 0.15696291151826014 349
1627563966614 0.15690379052138065 350
1627563966674 0.15683259815234762 351
1627563966727 0.15676543119816147 352
1627563966803 0.15665963417925372 353
1627563966863 0.15658500379692933 354
1627563966920 0.15651520255151274 355
1627563966968 0.1564599042622196 356
1627563967044 0.15638120582510473 357
1627563967103 0.15630847621833827 358
1627563967157 0.1562405944124073 359
1627563967212 0.15617337553543115 360
1627563967274 0.15611056937084636 361
1627563967335 0.1560498612777727 362
1627563967392 0.1559810851866341 363
1627563967467 0.155883098551353 364
1627563967534 0.1558159903538331 365
1627563967604 0.15945988145147486 366
1627563971950 0.5071659345927269 0
1627563972077 0.4681870626380888 1
1627563972191 0.4337742148435453 2
1627563972307 0.40354322763812517 3
1627563972426 0.37696818338288773 4
1627563972539 0.35382568981654394 5
1627563972650 0.3338059487347262 6
1627563972761 0.3165609082469323 7
1627563972869 0.3016911082312251 8
1627563972975 0.28883585928206934 9
1627563973082 0.2777399156288214 10
1627563973205 0.26828579239783107 11
1627563973333 0.2601589972838958 12
1627563973452 0.2532612725377136 13
1627563973580 0.24733713757332387 14
1627563973683 0.24243335164499336 15
1627563973784 0.23819417572307286 16
1627563973892 0.23470249076264174 17
1627563973993 0.23168277199773418 18
1627563974091 0.22892956134045428 19
1627563974189 0.2265645021536449 20
1627563974281 0.224621925713424 21
1627563974382 0.2229041178833732 22
1627563974476 0.22126130201456307 23
1627563974571 0.21989354402690697 24
1627563974661 0.2187064369347738 25
1627563974778 0.21762064964270922 26
1627563974865 0.21658305406715947 27
1627563974995 0.2157320278786204 28
1627563975083 0.21475264925608728 29
1627563975194 0.2137885114335459 30
1627563975285 0.21303654136689892 31
1627563975378 0.2122532759975684 32
1627563975466 0.21145896245751075 33
1627563975555 0.21083847254285357 34
1627563975642 0.21004226552800964 35
1627563975731 0.20934289412537632 36
1627563975819 0.20860767299941926 37
1627563975905 0.20799653798001952 38
1627563975992 0.20715616754896843 39
1627563976089 0.20649780381514987 40
1627563976173 0.20584433118014486 41
1627563976256 0.20531329239270132 42
1627563976348 0.20477102385255613 43
1627563976437 0.20419738390476663 44
1627563976522 0.2038138360237736 45
1627563976614 0.2029822014553506 46
1627563976699 0.20240481452160822 47
1627563976787 0.20207275263925845 48
1627563976875 0.20178127733918602 49
1627563976989 0.2009977769277669 50
1627563977074 0.20067317618065886 51
1627563977159 0.2003579501499854 52
1627563977259 0.19966837447920727 53
1627563977347 0.1993187159236447 54
1627563977434 0.19886751567435174 55
1627563977531 0.19825076177155557 56
1627563977614 0.19796443046333426 57
1627563977700 0.19767095010178798 58
1627563977803 0.19739853096984925 59
1627563977883 0.1971440129020988 60
1627563977980 0.19647522563335887 61
1627563978074 0.1960479962465996 62
1627563978149 0.19583893875320693 63
1627563978232 0.1953730996117489 64
1627563978318 0.19478468285985234 65
1627563978399 0.19451054275297044 66
1627563978476 0.1941990644892716 67
1627563978569 0.19359745751211818 68
1627563978646 0.1933674713721925 69
1627563978734 0.19308112339105937 70
1627563978818 0.19272316899278544 71
1627563978905 0.192347299491995 72
1627563978993 0.1918425338320297 73
1627563979076 0.19160927774797323 74
1627563979163 0.1911549325854694 75
1627563979252 0.19093007340709778 76
1627563979341 0.1906957922404622 77
1627563979421 0.1904944281017405 78
1627563979494 0.19022392150883272 79
1627563979581 0.1898006116289827 80
1627563979674 0.18936966005724146 81
1627563979760 0.18913206338158028 82
1627563979835 0.1889407506044778 83
1627563979911 0.18873936167367422 84
1627563979995 0.18851359422464045 85
1627563980073 0.18827591895557594 86
1627563980148 0.1880735368531874 87
1627563980224 0.18786925204100777 88
1627563980302 0.1876582280378352 89
1627563980375 0.18741091135923255 90
1627563980456 0.18709779932273324 91
1627563980543 0.18692752625881445 92
1627563980615 0.18671739253213146 93
1627563980692 0.18653974646187593 94
1627563980775 0.18619368660766294 95
1627563980864 0.18602526763867086 96
1627563980982 0.18570666972436314 97
1627563981072 0.18550940589367096 98
1627563981171 0.18533495780795034 99
1627563981268 0.1851611222374159 100
1627563981350 0.18495988937764637 101
1627563981427 0.18466187527075506 102
1627563981493 0.18445305741177176 103
1627563981594 0.18427706324273288 104
1627563981655 0.18411087121660574 105
1627563981739 0.1838029731756665 106
1627563981830 0.18365979536915444 107
1627563981908 0.18347604554923458 108
1627563981993 0.18320593064455487 109
1627563982070 0.18304630343080777 110
1627563982139 0.18288823411905564 111
1627563982217 0.18272893793221973 112
1627563982286 0.1825610554222913 113
1627563982354 0.18240148457099645 114
1627563982421 0.18225634939866708 115
1627563982480 0.1821033195340636 116
1627563982561 0.18194386236506935 117
1627563982641 0.1817844409698546 118
1627563982723 0.18153331858357272 119
1627563982780 0.1814094927677302 120
1627563982842 0.1812659634668308 121
1627563982930 0.1809767062327741 122
1627563982989 0.18083120896467195 123
1627563983101 0.18050427820338943 124
1627563983183 0.18027767811689574 125
1627563983282 0.18010587618550183 126
1627563983342 0.179959131557952 127
1627563983412 0.17981636169093781 128
1627563983494 0.17962141314661473 129
1627563983575 0.17948550621480305 130
1627563983640 0.17935648384855787 131
1627563983705 0.17921936194702684 132
1627563983784 0.17902267051531076 133
1627563983866 0.17880379429185136 134
1627563983943 0.17865583531119567 135
1627563984012 0.1785081478609004 136
1627563984105 0.1782383049012766 137
1627563984175 0.17806799339240068 138
1627563984243 0.17793017302816522 139
1627563984307 0.17779634634567304 140
1627563984393 0.17759210071703127 141
1627563984486 0.17745479332476446 142
1627563984552 0.1773093213153329 143
1627563984634 0.17716951733290714 144
1627563984711 0.17703018626817382 145
1627563984785 0.17690848635465412 146
1627563984880 0.17665199996721948 147
1627563984950 0.1765140093892469 148
1627563985033 0.1763393907031228 149
1627563985109 0.17621903129530367 150
1627563985173 0.17609528575646877 151
1627563985247 0.17588696207725013 152
1627563985307 0.17576987041750577 153
1627563985365 0.17563773390058765 154
1627563985449 0.17548589522788657 155
1627563985542 0.17537184880523593 156
1627563985676 0.17514310979899425 157
1627563985758 0.17501744477020328 158
1627563985809 0.1749250864110896 159
1627563985883 0.17479225311600993 160
1627563985968 0.1746777985973885 161
1627563986049 0.17456472390804975 162
1627563986145 0.17445371527777287 163
1627563986256 0.17433413114699592 164
1627563986323 0.17421645892811988 165
1627563986421 0.17409240876276663 166
1627563986511 0.17399289952799005 167
1627563986606 0.17388975002490129 168
1627563986699 0.17377369078931798 169
1627563986782 0.1736669539026208 170
1627563986884 0.17354892815114897 171
1627563986950 0.17341922254064562 172
1627563987003 0.17330065690199153 173
1627563987073 0.1731843791776102 174
1627563987152 0.17301573632494224 175
1627563987225 0.17288371181130047 176
1627563987296 0.17278259945268348 177
1627563987344 0.1726819116591796 178
1627563987404 0.17257906385309488 179
1627563987487 0.17236466095941458 180
1627563987555 0.1722525718500025 181
1627563987622 0.17212073087625962 182
1627563987710 0.1720030015341621 183
1627563987772 0.1718931582326038 184
1627563987893 0.17165823169432154 185
1627563987958 0.17152999500306182 186
1627563988029 0.17142243762577716 187
1627563988103 0.17130742278344283 188
1627563988190 0.17110034849127884 189
1627563988247 0.17100261238662637 190
1627563988324 0.1708626768878287 191
1627563988382 0.1707714003197815 192
1627563988452 0.17065716672343045 193
1627563988526 0.17055002676906947 194
1627563988600 0.1704430360752807 195
1627563988650 0.17036247041226824 196
1627563988732 0.17025713324551114 197
1627563988823 0.1701643488693896 198
1627563988900 0.17004951961197987 199
1627563989007 0.16985423603100983 200
1627563989095 0.16975616520670292 201
1627563989151 0.16965203968563738 202
1627563989230 0.1695408845992968 203
1627563989334 0.16937225388059016 204
1627563989395 0.16926038627737117 205
1627563989467 0.16913959678352328 206
1627563989530 0.16904544617894696 207
1627563989620 0.1688524592358556 208
1627563989697 0.1687557628460968 209
1627563989745 0.16867562186186644 210
1627563989838 0.168517494461123 211
1627563989902 0.16841482230908297 212
1627563989950 0.16833475647158977 213
1627563990024 0.16824551974723762 214
1627563990110 0.16815112262636864 215
1627563990188 0.16805432743235502 216
1627563990286 0.16792390953437297 217
1627563990354 0.1678122577555602 218
1627563990401 0.16773064864313697 219
1627563990493 0.16760671707353708 220
1627563990569 0.16751734571081037 221
1627563990620 0.16742049099730708 222
1627563990691 0.16732370812762382 223
1627563990749 0.16725087042416437 224
1627563990815 0.1671705221683977 225
1627563990884 0.16708301967800918 226
1627563990953 0.16696534850110817 227
1627563991009 0.16687613116381747 228
1627563991060 0.16678476232835276 229
1627563991117 0.16669481953899248 230
1627563991187 0.16659047380455488 231
1627563991236 0.1665271330269247 232
1627563991287 0.16645059767117018 233
1627563991351 0.1663635113083569 234
1627563991410 0.16627518473372857 235
1627563991463 0.16619750664032343 236
1627563991517 0.16611657686626713 237
1627563991578 0.16603131975268834 238
1627563991649 0.16593469443210782 239
1627563991741 0.16575785119078007 240
1627563991806 0.16564754421087208 241
1627563991859 0.16555807593469493 242
1627563991930 0.16547490477278312 243
1627563991997 0.16536530739782446 244
1627563992059 0.1652801530539095 245
1627563992120 0.16521184734212122 246
1627563992185 0.16511751226482232 247
1627563992249 0.16503831017789516 248
1627563992307 0.16495487614846796 249
1627563992372 0.1648796456858596 250
1627563992423 0.16481189464506302 251
1627563992523 0.16469999610926506 252
1627563992600 0.16456163385690759 253
1627563992675 0.16443583162619207 254
1627563992724 0.16435151545316545 255
1627563992775 0.16426080315094455 256
1627563992839 0.16418187763538516 257
1627563992909 0.1640862029001437 258
1627563992961 0.16401855689930714 259
1627563993030 0.1638959238507537 260
1627563993108 0.16377378057274325 261
1627563993191 0.16369316151507893 262
1627563993268 0.16360487777051777 263
1627563993330 0.16352234063958965 264
1627563993424 0.1634277138164032 265
1627563993494 0.1633420276959952 266
1627563993567 0.1632537893035923 267
1627563993646 0.16316735423104325 268
1627563993702 0.16308960155008964 269
1627563993756 0.1630143210164116 270
1627563993816 0.16292598980632705 271
1627563993872 0.16285471971647614 272
1627563993930 0.16276142494022414 273
1627563993980 0.16267988951401954 274
1627563994057 0.16255909237656005 275
1627563994121 0.16247945777960726 276
1627563994172 0.16241609731126577 277
1627563994235 0.16230946334087548 278
1627563994296 0.1622440732206785 279
1627563994357 0.16215543385180473 280
1627563994422 0.1620761035431326 281
1627563994480 0.16199321129216665 282
1627563994546 0.16191076249371425 283
1627563994601 0.16183286265842262 284
1627563994685 0.16171220311522544 285
1627563994773 0.1615795073649619 286
1627563994839 0.16149659564439317 287
1627563994921 0.16136129523969645 288
1627563995012 0.16127889222748057 289
1627563995085 0.16120497459196273 290
1627563995141 0.1611328572677662 291
1627563995212 0.1610509830204743 292
1627563995269 0.16098635294177774 293
1627563995325 0.16090876935595408 294
1627563995413 0.16078404978271643 295
1627563995475 0.1607023660265126 296
1627563995539 0.16061594846037816 297
1627563995602 0.1605471713896565 298
1627563995655 0.16048063334801194 299
1627563995732 0.16040296310098803 300
1627563995785 0.1603375396259628 301
1627563995841 0.16027190179287631 302
1627563995900 0.16019363399709863 303
1627563995956 0.16011677650239495 304
1627563996013 0.16004869866667984 305
1627563996063 0.15996559517278267 306
1627563996126 0.15990300576718952 307
1627563996201 0.15982576402897047 308
1627563996257 0.15975102818761097 309
1627563996301 0.15969298730590667 310
1627563996376 0.15959166888088175 311
1627563996436 0.16377378057274325 312
1627564000551 0.50996975997156 0
1627564000685 0.47069611850806886 1
1627564000803 0.43602778474508935 2
1627564000920 0.40555181893524556 3
1627564001051 0.37877178954103796 4
1627564001206 0.3554442188626839 5
1627564001332 0.3352574029864256 6
1627564001451 0.31783389303639875 7
1627564001562 0.3028651552222153 8
1627564001666 0.28990126499161023 9
1627564001824 0.27872229689756595 10
1627564001941 0.26919610760259427 11
1627564002043 0.2610118172216745 12
1627564002176 0.2540435665035123 13
1627564002296 0.2480552964071336 14
1627564002403 0.24306639344317593 15
1627564002505 0.23880198206751446 16
1627564002624 0.23525043014156977 17
1627564002731 0.23222604438298064 18
1627564002871 0.22948700875364447 19
1627564002978 0.2270990154627067 20
1627564003081 0.22513259712015074 21
1627564003182 0.2233990589385413 22
1627564003269 0.221712130522308 23
1627564003366 0.2202209760021152 24
1627564003455 0.21905766811384667 25
1627564003544 0.21787246635238264 26
1627564003636 0.21686210211492843 27
1627564003731 0.21593515898807755 28
1627564003859 0.21487523351287047 29
1627564004001 0.21397644996280477 30
1627564004147 0.2131231970406207 31
1627564004295 0.21234514103415422 32
1627564004387 0.21160938942100016 33
1627564004472 0.21095894049705827 34
1627564004553 0.21019473819920265 35
1627564004643 0.20945566716925754 36
1627564004728 0.20857754275478158 37
1627564004818 0.20812227972422487 38
1627564004909 0.20745281014525166 39
1627564004990 0.20707649180720714 40
1627564005079 0.2063850300286778 41
1627564005166 0.2059498659812539 42
1627564005257 0.2049749480562156 43
1627564005358 0.20444091221076804 44
1627564005440 0.20413708675317677 45
1627564005542 0.20333585449747704 46
1627564005625 0.2029388077422643 47
1627564005709 0.20248861657117315 48
1627564005811 0.2021401551571195 49
1627564005944 0.2014469846952294 50
1627564006049 0.20114416153057207 51
1627564006163 0.20077882800665278 52
1627564006300 0.19992993560942243 53
1627564006404 0.19935023734754634 54
1627564006490 0.19881327863210224 55
1627564006576 0.19842079727365844 56
1627564006651 0.19818952872723297 57
1627564006731 0.1979097003429095 58
1627564006829 0.1971310302707996 59
1627564006917 0.19683920571882302 60
1627564007008 0.19649222492150165 61
1627564007097 0.19617798112774232 62
1627564007189 0.19589482545249856 63
1627564007287 0.1953343654732161 64
1627564007376 0.19504691914156894 65
1627564007466 0.19476911314763756 66
1627564007563 0.1941846185085498 67
1627564007663 0.19356834738898818 68
1627564007746 0.19334394041725678 69
1627564007831 0.193113218956709 70
1627564007920 0.19287045966547423 71
1627564007994 0.1925347269571825 72
1627564008076 0.19234005382930836 73
1627564008158 0.192091156440597 74
1627564008239 0.19161956328855617 75
1627564008318 0.19137724041046203 76
1627564008398 0.1911582680982314 77
1627564008491 0.19071710400965255 78
1627564008576 0.19050203810286015 79
1627564008657 0.19029895469493735 80
1627564008750 0.18987031138087473 81
1627564008832 0.18964303949144773 82
1627564008925 0.1892898290203886 83
1627564009007 0.18910224654612687 84
1627564009090 0.188824784160656 85
1627564009168 0.18863829566458268 86
1627564009237 0.1884431150133521 87
1627564009312 0.18825717047021082 88
1627564009399 0.18804428284492164 89
1627564009478 0.18781000922015484 90
1627564009561 0.18746255602249462 91
1627564009645 0.18707618204385795 92
1627564009716 0.18689294077972332 93
1627564009797 0.18670093085148676 94
1627564009883 0.1863272462471987 95
1627564009971 0.18614997984181106 96
1627564010040 0.1859496136002599 97
1627564010159 0.1856005031706537 98
1627564010251 0.1854120990212234 99
1627564010347 0.18523786924560065 100
1627564010439 0.18504129259020224 101
1627564010518 0.1847386177091707 102
1627564010588 0.1845732654359197 103
1627564010656 0.1844106615433216 104
1627564010731 0.1842166647386568 105
1627564010810 0.1839671825235184 106
1627564010865 0.18383096420120734 107
1627564010947 0.1836322233345822 108
1627564011034 0.1833259413830757 109
1627564011116 0.18314690917835302 110
1627564011199 0.18290040500684593 111
1627564011278 0.18266417248450775 112
1627564011343 0.18250977051855743 113
1627564011418 0.1823438948509338 114
1627564011530 0.1821918039950138 115
1627564011654 0.18200003002790557 116
1627564011763 0.18166381696964815 117
1627564011875 0.18145141085715646 118
1627564011997 0.18130595328813123 119
1627564012137 0.18101270982527765 120
1627564012243 0.18085906686866063 121
1627564012341 0.18071330497615343 122
1627564012457 0.1805718508293016 123
1627564012527 0.18041251620193294 124
1627564012619 0.1802188329324264 125
1627564012678 0.1800878696264121 126
1627564012740 0.1799563183699236 127
1627564012815 0.17975626967250063 128
1627564012870 0.17961985553154902 129
1627564012944 0.17948405976677284 130
1627564013009 0.1793469633329941 131
1627564013103 0.17920017809564265 132
1627564013195 0.17906022525677553 133
1627564013324 0.1787979418862845 134
1627564013417 0.17863781067402076 135
1627564013513 0.17849147165965357 136
1627564013588 0.1783533175585042 137
1627564013689 0.17809456424726114 138
1627564013754 0.17791618647674085 139
1627564013827 0.17775692928038495 140
1627564013944 0.177593779560469 141
1627564014002 0.17747843933823643 142
1627564014053 0.17735562821944933 143
1627564014135 0.17717388379379992 144
1627564014209 0.17702842314863773 145
1627564014282 0.17690120762453315 146
1627564014348 0.17679214920627684 147
1627564014414 0.17665455621191822 148
1627564014482 0.17651858977875784 149
1627564014563 0.1763776843917989 150
1627564014632 0.17625406168355295 151
1627564014743 0.17605842663457907 152
1627564014815 0.17594518747162047 153
1627564014881 0.17582037600069636 154
1627564014975 0.175696536672981 155
1627564015068 0.17557425370232935 156
1627564015158 0.17544777219571253 157
1627564015236 0.17534044472454335 158
1627564015356 0.17511802940757415 159
1627564015446 0.17499267360344592 160
1627564015524 0.1748924907594791 161
1627564015576 0.17478400335762584 162
1627564015634 0.17469272059661328 163
1627564015712 0.1745435602710434 164
1627564015760 0.17443617674217204 165
1627564015828 0.1743086598778884 166
1627564015879 0.17419591327698225 167
1627564015954 0.17404974286949904 168
1627564016021 0.17393435366142485 169
1627564016083 0.17381090709598826 170
1627564016142 0.17369756418089483 171
1627564016260 0.17356892627594936 172
1627564016352 0.17344908766856695 173
1627564016423 0.1733350689318137 174
1627564016489 0.17320651658870423 175
1627564016591 0.1730808969139486 176
1627564016655 0.17296144779900455 177
1627564016712 0.17286782973742965 178
1627564016789 0.17275318316828406 179
1627564016854 0.17263452499685458 180
1627564016946 0.17251882061218302 181
1627564017037 0.17240026905110342 182
1627564017117 0.17218769241515464 183
1627564017175 0.17208734293186295 184
1627564017251 0.17197804766971134 185
1627564017333 0.17180026668879858 186
1627564017396 0.17169289805952578 187
1627564017474 0.17148037013483367 188
1627564017529 0.17139284436071017 189
1627564017612 0.17129434849554442 190
1627564017701 0.1711630606722528 191
1627564017788 0.17097773381713197 192
1627564017848 0.1708664082422647 193
1627564017900 0.17077926775768842 194
1627564017955 0.17068204842502813 195
1627564018064 0.17055415899420245 196
1627564018149 0.1704628754157256 197
1627564018256 0.1702909956267204 198
1627564018323 0.1701907716603105 199
1627564018409 0.1700857999904452 200
1627564018502 0.1699900927007037 201
1627564018609 0.16978450184770016 202
1627564018685 0.1696738005733464 203
1627564018750 0.1695786903895544 204
1627564018835 0.16943382654848374 205
1627564018898 0.1693317179532425 206
1627564018971 0.16923328487766578 207
1627564019021 0.16914518705259482 208
1627564019108 0.16896825867683005 209
1627564019164 0.16887260235372797 210
1627564019210 0.1687929070791691 211
1627564019263 0.16869998823582172 212
1627564019321 0.1686115625876874 213
1627564019390 0.16851876302006027 214
1627564019443 0.1684342997265463 215
1627564019512 0.1683159145727707 216
1627564019578 0.1682074863043247 217
1627564019625 0.1681295923690783 218
1627564019689 0.16803684858550802 219
1627564019774 0.16785136969226547 220
1627564019834 0.16776674376872572 221
1627564019898 0.1676644841923838 222
1627564019946 0.16758912571589454 223
1627564019991 0.16751071065912007 224
1627564020041 0.1674418157350881 225
1627564020099 0.16735654772597214 226
1627564020179 0.16722008728415558 227
1627564020240 0.16713952917277455 228
1627564020306 0.16703701495332998 229
1627564020410 0.16688941014432904 230
1627564020484 0.16678989213303197 231
1627564020554 0.16670806618772058 232
1627564020612 0.1666204051545788 233
1627564020661 0.16653017448979004 234
1627564020719 0.16644554002753859 235
1627564020790 0.16633148030768535 236
1627564020856 0.1662435533861099 237
1627564020929 0.16614580223021552 238
1627564020984 0.16606518196911746 239
1627564021093 0.16598311771023472 240
1627564021177 0.1658921812328415 241
1627564021241 0.1658017479243678 242
1627564021308 0.16571826028690664 243
1627564021360 0.16565262546424403 244
1627564021412 0.16557449633558083 245
1627564021465 0.16548677231939793 246
1627564021535 0.16537949998407714 247
1627564021615 0.16523010863893395 248
1627564021689 0.1651182569024582 249
1627564021770 0.16502264017115226 250
1627564021822 0.16494722107983756 251
1627564021874 0.16488041795732156 252
1627564021935 0.1647845635547501 253
1627564022009 0.1646543884655159 254
1627564022070 0.1645667603541187 255
1627564022138 0.1644766832512001 256
1627564022203 0.16440056194709954 257
1627564022269 0.16430748728620534 258
1627564022334 0.1642210094814329 259
1627564022390 0.16415044507061938 260
1627564022457 0.16405308361114976 261
1627564022532 0.16393445382268904 262
1627564022603 0.16384840802651235 263
1627564022683 0.16375527669550433 264
1627564022751 0.1636605743179149 265
1627564022818 0.16355830869757418 266
1627564022871 0.1634788924062715 267
1627564022929 0.1633949026371783 268
1627564022970 0.16333264507802767 269
1627564023024 0.1632614001523771 270
1627564023087 0.16318323409567734 271
1627564023148 0.1631043485748821 272
1627564023195 0.1630265036484677 273
1627564023253 0.16296031799441968 274
1627564023314 0.16289348616035282 275
1627564023386 0.16279096323160258 276
1627564023452 0.16270062770176402 277
1627564023504 0.16262975536162258 278
1627564023568 0.16252825360988662 279
1627564023644 0.16238649788484882 280
1627564023710 0.1623020083341804 281
1627564023765 0.16221749751690745 282
1627564023829 0.16214885690959546 283
1627564023882 0.16206913253545183 284
1627564023940 0.1619870008259636 285
1627564024000 0.16191398119446962 286
1627564024055 0.16183082019982536 287
1627564024112 0.16177163672019756 288
1627564024164 0.16169104134341583 289
1627564024220 0.16161845794172672 290
1627564024340 0.1614696262299198 291
1627564024433 0.16139265131802105 292
1627564024512 0.16129467083205082 293
1627564024576 0.16122744921829016 294
1627564024673 0.16113069619894488 295
1627564024737 0.16104772055423985 296
1627564024803 0.16096020257901447 297
1627564024858 0.16089075409443868 298
1627564024916 0.16082063227850737 299
1627564025003 0.16073710485863144 300
1627564025079 0.16062305770818544 301
1627564025142 0.16054152593565224 302
1627564025195 0.16047194779978782 303
1627564025254 0.16037944691086573 304
1627564025308 0.16030747729933525 305
1627564025365 0.1602316994594804 306
1627564025427 0.16015529187013577 307
1627564025491 0.16008039046449313 308
1627564025549 0.16001307465468684 309
1627564025605 0.15994146259383896 310
1627564025673 0.15985320545587547 311
1627564025730 0.15978744612198648 312
1627564025778 0.15972893148635112 313
1627564025827 0.1596564585556581 314
1627564025892 0.15956588413169076 315
1627564025949 0.15949788445478724 316
1627564026002 0.15944255263235177 317
1627564026065 0.1593697411660822 318
1627564026119 0.1592876699141206 319
1627564026177 0.15921601784077724 320
1627564026239 0.1591330435634159 321
1627564026318 0.15903413040560763 322
1627564026398 0.1589113688814204 323
1627564026472 0.15879618311580546 324
1627564026531 0.15872946007144192 325
1627564026583 0.15865841843910655 326
1627564026634 0.15860104111896767 327
1627564026686 0.158541338200746 328
1627564026766 0.15840430105637746 329
1627564026827 0.15832499888918256 330
1627564026904 0.15821531122087804 331
1627564026966 0.15813535864712108 332
1627564027026 0.15805379581040063 333
1627564027087 0.1579768736833269 334
1627564027141 0.15790888457977575 335
1627564027214 0.157816247371988 336
1627564027284 0.15772848886059804 337
1627564027357 0.15766061722231686 338
1627564027411 0.157589006211947 339
1627564027463 0.1575170716287321 340
1627564027519 0.1574544204548728 341
1627564027589 0.15737406061845188 342
1627564027657 0.15729643512058109 343
1627564027711 0.15722914503805366 344
1627564027791 0.15711889500931195 345
1627564027876 0.15704660982728436 346
1627564027925 0.1569812352071348 347
1627564027979 0.15690428882571367 348
1627564028040 0.15682446522487 349
1627564028100 0.15675808929286805 350
1627564028173 0.15669413821242184 351
1627564028249 0.15662414309827682 352
1627564028309 0.15656324638637995 353
1627564028369 0.15649406366492713 354
1627564028441 0.15641433720248485 355
1627564028498 0.1563520448520861 356
1627564028555 0.1562996763911458 357
1627564028610 0.1562410018726394 358
1627564028659 0.1561784437421516 359
1627564028711 0.15612777683079773 360
1627564028775 0.1560662302173092 361
1627564028851 0.15599138692476996 362
1627564028913 0.15591373317297694 363
1627564028961 0.15586183467775575 364
1627564029030 0.15579942528513216 365
1627564029101 0.155726773011671 366
1627564029177 0.15565296613600657 367
1627564029234 0.15559355976419414 368
1627564029299 0.15552185961681575 369
1627564029348 0.1554677580298099 370
1627564029397 0.15539598532187346 371
1627564029472 0.1553224176663028 372
1627564029531 0.15525185675372896 373
1627564029587 0.15518871417822855 374
1627564029641 0.1551181115671125 375
1627564029704 0.15505290350084172 376
1627564029759 0.1549892761978116 377
1627564029825 0.1549130902064481 378
1627564029882 0.15485419843408577 379
1627564029958 0.15479786566228962 380
1627564030024 0.15473099832149234 381
1627564030087 0.15466051467893013 382
1627564030155 0.1545912140728508 383
1627564030211 0.15451971069249626 384
1627564030271 0.15444158522647508 385
1627564030329 0.1543735376721144 386
1627564030397 0.15429613283514249 387
1627564030450 0.1542192307811979 388
1627564030509 0.15415765273873475 389
1627564030562 0.154089345956239 390
1627564030616 0.15402366547470367 391
1627564030661 0.15396633580197439 392
1627564030730 0.15389111294970093 393
1627564030785 0.15382948936752158 394
1627564030829 0.1537618459400386 395
1627564030904 0.15711889500931195 396
