1627564823777 0.001098320258243063 0
1627564823925 0.0010127609210590462 1
1627564824058 0.000937089372403963 2
1627564824201 0.0008705370200068911 3
1627564824341 0.000811994860805926 4
1627564824476 0.0007610420693579091 5
1627564824614 0.000716804121319636 6
1627564824747 0.0006787199844453885 7
1627564824886 0.000645885102211916 8
1627564825018 0.0006174286978633088 9
1627564825188 0.0005928620811539116 10
1627564825373 0.0005718336373942926 11
1627564825528 0.0005538191108499519 12
1627564825666 0.0005386144496264922 13
1627564825824 0.0005254122137103787 14
1627564826015 0.0005144115053871463 15
1627564826146 0.000504931464070369 16
1627564826284 0.0004971019388678162 17
1627564826415 0.0004903716643591657 18
1627564826542 0.00048408889200987854 19
1627564826730 0.000478895254723086 20
1627564826872 0.00047448607419145266 21
1627564827035 0.0004704443937014938 22
1627564827161 0.000466345254539384 23
1627564827337 0.0004631059718972413 24
1627564827454 0.000460384482896854 25
1627564827645 0.0004573245044878864 26
1627564827823 0.0004550571941722967 27
1627564827946 0.0004530233767993292 28
1627564828067 0.00045088250796780855 29
1627564828177 0.00044883482670569826 30
1627564828296 0.0004472636075348101 31
1627564828409 0.0004448858083075089 32
1627564828518 0.0004432188698993137 33
1627564828622 0.0004417234849093998 34
1627564828721 0.00044009155351930324 35
1627564828841 0.0004381993808299382 36
1627564828959 0.0004359319596992328 37
1627564829079 0.0004344608392100095 38
1627564829207 0.0004322312450889941 39
1627564829328 0.0004312530898673251 40
1627564829440 0.00042960048610635166 41
1627564829557 0.0004270327890301994 42
1627564829669 0.00042552850513659764 43
1627564829821 0.0004241759846615888 44
1627564829930 0.0004233097687788436 45
1627564830065 0.00042186727297403593 46
1627564830169 0.00042049501617528177 47
1627564830260 0.0004197198713090227 48
1627564830369 0.0004185364006594187 49
1627564830513 0.0004158270242050824 50
1627564830608 0.00041501862421108263 51
1627564830720 0.0004141332349446816 52
1627564830836 0.00041249759984982124 53
1627564830930 0.00041163573673782107 54
1627564831048 0.00041044372388094116 55
1627564831186 0.00040828072716388083 56
1627564831286 0.00040758604003949747 57
1627564831403 0.0004068323568749043 58
1627564831509 0.00040612645021135185 59
1627564831617 0.0004054781927987849 60
1627564831736 0.00040386112528534 61
1627564831858 0.00040233161145514793 62
1627564831953 0.00040163496447165515 63
1627564832058 0.0004009366371979429 64
1627564832170 0.0004003571559801883 65
1627564832282 0.0003994633611181695 66
1627564832383 0.00039882301968214423 67
1627564832491 0.0003978531196276419 68
1627564832596 0.0003968581963359145 69
1627564832718 0.0003957326635622233 70
1627564832817 0.0003950369795974537 71
1627564832930 0.00039441782919838334 72
1627564833058 0.0003929290953752748 73
1627564833171 0.00039214073067342684 74
1627564833272 0.00039116875645549515 75
1627564833386 0.00038996901305081796 76
1627564833475 0.0003893893175808983 77
1627564833570 0.00038877588131771407 78
1627564833663 0.00038826317372535503 79
1627564833787 0.0003877015244824855 80
1627564833900 0.0003868568997082815 81
1627564834056 0.0003862662140042524 82
1627564834150 0.0003857213510806331 83
1627564834238 0.00038520815580687934 84
1627564834343 0.0003846517571794825 85
1627564834447 0.00038410053100035747 86
1627564834556 0.00038357654285166705 87
1627564834663 0.00038301066280738274 88
1627564834766 0.0003824016207108139 89
1627564834860 0.00038190687901657903 90
1627564834954 0.00038142111420150194 91
1627564835074 0.0003803643224389444 92
1627564835175 0.00037966579268087255 93
1627564835274 0.0003791591442584782 94
1627564835392 0.00037821830784075727 95
1627564835496 0.0003777783966537355 96
1627564835630 0.0003768376155398141 97
1627564835736 0.0003763487534879616 98
1627564835852 0.00037587369581190173 99
1627564835981 0.00037538649719382074 100
1627564836106 0.00037483377273893055 101
1627564836226 0.0003743948554233552 102
1627564836365 0.0003737028399249734 103
1627564836460 0.00037327261410791975 104
1627564836569 0.0003728260475645162 105
1627564836672 0.0003723564892460544 106
1627564836748 0.0003719486609829503 107
1627564836848 0.0003714243099591677 108
1627564836974 0.0003706485149504227 109
1627564837121 0.00037019474273841083 110
1627564837216 0.0003697497207156743 111
1627564837319 0.0003693119276809485 112
1627564837474 0.0003687486344125247 113
1627564837612 0.00036811088560554435 114
1627564837732 0.00036767851895415946 115
1627564837824 0.00036727236533033367 116
1627564837917 0.0003668570727423478 117
1627564838030 0.0003663689518881822 118
1627564838120 0.00036595741500238454 119
1627564838208 0.0003655133832017316 120
1627564838284 0.00036513638048270373 121
1627564838409 0.0003647092399721149 122
1627564838511 0.0003643091493021939 123
1627564838603 0.0003639177053962038 124
1627564838689 0.00036352253951075055 125
1627564838785 0.00036311667175429967 126
1627564838902 0.0003624778903560349 127
1627564839038 0.0003621214479055299 128
1627564839174 0.0003617452149448225 129
1627564839299 0.0003613914323805549 130
1627564839383 0.000361062482547078 131
1627564839471 0.0003606601857487081 132
1627564839553 0.00036030465189387345 133
1627564839638 0.0003599374976382954 134
1627564839730 0.0003595835246166309 135
1627564839826 0.00035921313809190905 136
1627564839912 0.00035884819725267154 137
1627564840007 0.0003584757782654299 138
1627564840104 0.0003581135489822712 139
1627564840183 0.0003577808670196274 140
1627564840299 0.00035730249460554645 141
1627564840420 0.0003569532888841624 142
1627564840530 0.0003565645068006732 143
1627564840632 0.0003561655419647982 144
1627564840725 0.00035578823825138287 145
1627564840814 0.00035544996319715623 146
1627564840905 0.00035509688209501303 147
1627564841003 0.00035471754310617353 148
1627564841083 0.00035436067444763 149
1627564841183 0.00035403207698185487 150
1627564841269 0.00035367636736553077 151
1627564841339 0.00035335755105533656 152
1627564841417 0.000353031707988069 153
1627564841496 0.0003527327199258119 154
1627564841611 0.0003522390296767734 155
1627564841682 0.00035191915537702057 156
1627564841753 0.0003515599891617873 157
1627564841857 0.00035123129599361755 158
1627564841951 0.00035081775002430683 159
1627564842048 0.00035052264063258667 160
1627564842122 0.0003501837025254509 161
1627564842250 0.00034978440409188426 162
1627564842331 0.00034953412170096894 163
1627564842435 0.00034914398615148594 164
1627564842526 0.00034880260158619834 165
1627564842606 0.00034850118106925386 166
1627564842713 0.00034816940983439256 167
1627564842788 0.00034786700413967056 168
1627564842867 0.0003475374116421081 169
1627564842959 0.00034717962761000127 170
1627564843062 0.0003467871456138693 171
1627564843161 0.00034649534398631675 172
1627564843243 0.0003461849830224895 173
1627564843314 0.00034588807863704445 174
1627564843401 0.00034555133783049875 175
1627564843503 0.00034518442487902157 176
1627564843594 0.000344869862035263 177
1627564843673 0.00034458026632791516 178
1627564843745 0.0003443064547426515 179
1627564843841 0.00034386506423607095 180
1627564843950 0.00034353655684341374 181
1627564844081 0.00034329399253350845 182
1627564844250 0.0003428462444900642 183
1627564844367 0.0003425405057882656 184
1627564844494 0.00034217495182589614 185
1627564844614 0.0003416619692757844 186
1627564844694 0.0003413447228790044 187
1627564844772 0.0003410423456723722 188
1627564844859 0.0003407636840570867 189
1627564844942 0.0003404630633226004 190
1627564845048 0.00034010623913603456 191
1627564845140 0.0003397981900744318 192
1627564845261 0.00033952583708946033 193
1627564845352 0.00033922472127848226 194
1627564845430 0.00033899521133392516 195
1627564845559 0.0003387266247069229 196
1627564845670 0.0003384591522257285 197
1627564845851 0.00033794819951315206 198
1627564845961 0.0003376822379917482 199
1627564846055 0.0003373684126740708 200
1627564846149 0.0003370669511636329 201
1627564846303 0.00033669035736503237 202
1627564846396 0.00033638697895026985 203
1627564846465 0.00033616253459412937 204
1627564846541 0.0003358836027245099 205
1627564846618 0.000335651194916635 206
1627564846703 0.00033538150387800203 207
1627564846783 0.0003351056741421884 208
1627564846867 0.0003348428370633152 209
1627564846949 0.0003345352857977847 210
1627564847100 0.00033413231456089687 211
1627564847191 0.00033385045822742406 212
1627564847269 0.0003335786151184712 213
1627564847357 0.0003333055392476667 214
1627564847448 0.0003330404966411192 215
1627564847532 0.00033281206751519795 216
1627564847624 0.0003325559236418046 217
1627564847688 0.00033231725435468336 218
1627564847756 0.00033204959306678536 219
1627564847856 0.00033179780909022813 220
1627564847934 0.0003315164067636079 221
1627564848011 0.0003312904352667358 222
1627564848083 0.00033107665065917305 223
1627564848186 0.00033072069767319006 224
1627564848256 0.0003305062942793796 225
1627564848354 0.00033024349320994617 226
1627564848439 0.00032996276904664315 227
1627564848546 0.00032962737870178616 228
1627564848628 0.0003294117258323607 229
1627564848694 0.000329147602253287 230
1627564848763 0.0003288814454577745 231
1627564848851 0.0003285919891277381 232
1627564848937 0.0003283469193760547 233
1627564849035 0.0003280172733252621 234
1627564849106 0.00032776551230403214 235
1627564849199 0.00032754110699083545 236
1627564849297 0.0003271846672829309 237
1627564849382 0.0003269300984975799 238
1627564849487 0.00032665795259091164 239
1627564849573 0.00032639958315022256 240
1627564849647 0.0003261351811824167 241
1627564849718 0.0003258940490856987 242
1627564849806 0.00032565336704991 243
1627564849884 0.00032541372587470007 244
1627564849964 0.0003251760966916793 245
1627564850039 0.00032493608428683755 246
1627564850117 0.00032468663739201317 247
1627564850203 0.00032443286820420117 248
1627564850288 0.0003241871661250616 249
1627564850382 0.0003239514078895712 250
1627564850471 0.0003236989945981213 251
1627564850573 0.00032344062829217066 252
1627564850647 0.0003231984785657917 253
1627564850735 0.00032297201316301824 254
1627564850810 0.00032273598154680596 255
1627564850879 0.00032252006730998736 256
1627564850951 0.0003223190984248784 257
1627564851014 0.0003221237812020683 258
1627564851093 0.0003219077314242807 259
1627564851165 0.0003216651742273596 260
1627564851252 0.0003214269056570007 261
1627564851317 0.00032124201651580783 262
1627564851394 0.0003210462631783256 263
1627564851482 0.00032076793408896537 264
1627564851572 0.0003204869041950648 265
1627564851669 0.0003202137947286881 266
1627564851750 0.0003199732040134083 267
1627564851822 0.00031973800087489425 268
1627564851902 0.0003194984738832067 269
1627564851990 0.00031928195860613266 270
1627564852071 0.00031905837670601674 271
1627564852153 0.00031883110777363723 272
1627564852222 0.00031861607022257453 273
1627564852294 0.0003183998086051475 274
1627564852378 0.0003181887992111899 275
1627564852450 0.00031799961738731116 276
1627564852516 0.0003178175435286655 277
1627564852610 0.00031754994010112664 278
1627564852687 0.0003173309240243629 279
1627564852760 0.00031707324500057784 280
1627564852839 0.00031684505188867126 281
1627564852918 0.00031663516980203886 282
1627564852992 0.00031639061697196733 283
1627564853058 0.0003161833335277789 284
1627564853140 0.00031596587199686624 285
1627564853234 0.00031575758018338496 286
1627564853309 0.00031552368457006546 287
1627564853405 0.0003271846672829309 288
1627564857656 0.0010981347902565977 0
1627564857820 0.0010126194287071707 1
1627564857976 0.000937070682031388 2
1627564858116 0.0008706354437866156 3
1627564858264 0.000812389082513678 4
1627564858407 0.000761615437407174 5
1627564858555 0.0007176179217740029 6
1627564858690 0.0006795996805844054 7
1627564858823 0.0006468721663244581 8
1627564858957 0.0006186101029258201 9
1627564859084 0.0005941223020343772 10
1627564859219 0.000573152193489291 11
1627564859365 0.0005551608906699152 12
1627564859541 0.000539949783647761 13
1627564859724 0.0005267719313651579 14
1627564859849 0.000515851332062826 15
1627564859983 0.0005062115140402081 16
1627564860111 0.0004983675689716033 17
1627564860245 0.0004915416290290208 18
1627564860386 0.00048525382066648827 19
1627564860502 0.00047990987602264835 20
1627564860629 0.00047551021411635806 21
1627564860751 0.00047168087974723804 22
1627564860888 0.00046824472158543646 23
1627564861010 0.0004648489283781781 24
1627564861125 0.00046227024702245043 25
1627564861246 0.00045983948346313983 26
1627564861362 0.0004571539723375754 27
1627564861487 0.00045504103912406667 28
1627564861602 0.0004527419153174508 29
1627564861710 0.0004506771773234414 30
1627564861827 0.0004491193480158464 31
1627564861949 0.000447106071720377 32
1627564862065 0.00044538735848249667 33
1627564862173 0.0004436686411452201 34
1627564862301 0.0004421124968306141 35
1627564862417 0.00043976861597338796 36
1627564862544 0.00043758447294077647 37
1627564862656 0.0004363567140363127 38
1627564862766 0.00043452321311635434 39
1627564862878 0.00043351351314537884 40
1627564862981 0.00043136567249492716 41
1627564863089 0.00042897570110635234 42
1627564863204 0.00042675228341373424 43
1627564863314 0.00042545213744366327 44
1627564863415 0.00042452066903555255 45
1627564863560 0.0004234799105484006 46
1627564863690 0.0004215453841252568 47
1627564863800 0.0004204394209152612 48
1627564863921 0.0004194230873161083 49
1627564864062 0.000417016652045643 50
1627564864161 0.00041618996331392204 51
1627564864261 0.00041491754379298145 52
1627564864394 0.00041280779029938253 53
1627564864514 0.00041191867857554905 54
1627564864626 0.0004108678182443319 55
1627564864788 0.00040907796180843735 56
1627564864891 0.0004084273115235473 57
1627564864985 0.00040774006650776904 58
1627564865131 0.00040678060921347847 59
1627564865284 0.00040608843317225277 60
1627564865398 0.0004047997021384693 61
1627564865560 0.00040406573291827994 62
1627564865689 0.0004034194898810191 63
1627564865863 0.0004025254617880693 64
1627564865970 0.00040180947921178233 65
1627564866081 0.0004007622240526975 66
1627564866205 0.0003994922455390476 67
1627564866327 0.00039797701446966054 68
1627564866427 0.00039737141161697096 69
1627564866603 0.0003964924688060966 70
1627564866700 0.0003958360694800918 71
1627564866827 0.0003952283889493708 72
1627564866948 0.0003941370116855035 73
1627564867058 0.000393359599202029 74
1627564867164 0.00039266142516861336 75
1627564867258 0.0003920275546829786 76
1627564867360 0.00039148218792139645 77
1627564867460 0.00039089184425177725 78
1627564867583 0.0003896210672014335 79
1627564867686 0.00038900755762326584 80
1627564867789 0.00038834591959006204 81
1627564867900 0.0003878077900365761 82
1627564868038 0.0003869975178683347 83
1627564868168 0.000386447890540668 84
1627564868272 0.00038586045956750755 85
1627564868409 0.0003850236031183259 86
1627564868500 0.0003844651968288831 87
1627564868600 0.0003838532718137929 88
1627564868693 0.0003833315834275149 89
1627564868782 0.0003828246400028195 90
1627564868903 0.00038175747909641265 91
1627564869023 0.00038078849920669217 92
1627564869117 0.0003802425033948924 93
1627564869212 0.00037973162510147006 94
1627564869309 0.0003791744968716538 95
1627564869414 0.00037866667628445015 96
1627564869509 0.00037816603569175715 97
1627564869638 0.00037771882351142087 98
1627564869776 0.00037725367199679927 99
1627564869929 0.0003763086914832417 100
1627564870059 0.00037566309597858764 101
1627564870188 0.0003748748203335023 102
1627564870321 0.0003744084114363118 103
1627564870454 0.0003739655062157057 104
1627564870551 0.0003735346381442001 105
1627564870688 0.00037303785564171536 106
1627564870786 0.0003724937012530647 107
1627564870882 0.00037203847876571283 108
1627564871001 0.00037162716282006724 109
1627564871108 0.0003711882650424779 110
1627564871192 0.0003707221910924688 111
1627564871303 0.00037015648023349236 112
1627564871400 0.00036968167587946124 113
1627564871494 0.0003692482657391684 114
1627564871599 0.0003688487905114399 115
1627564871687 0.0003684619218431364 116
1627564871775 0.00036805178357602567 117
1627564871897 0.0003676516372290805 118
1627564872005 0.00036715164096759207 119
1627564872090 0.00036671275292634404 120
1627564872196 0.0003663034855685039 121
1627564872293 0.0003658599433102454 122
1627564872418 0.0003653722604286808 123
1627564872551 0.0003647364652476506 124
1627564872654 0.00036435342725449745 125
1627564872772 0.0003639631491898518 126
1627564872932 0.00036341768119529857 127
1627564873057 0.0003630305348606065 128
1627564873194 0.00036263372421768355 129
1627564873283 0.0003622563747911832 130
1627564873368 0.0003618888732841111 131
1627564873504 0.00036151512775396384 132
1627564873577 0.0003611825182725585 133
1627564873670 0.0003608227044910466 134
1627564873761 0.0003603740690045784 135
1627564873850 0.00035998505360168294 136
1627564873956 0.0003594061651933986 137
1627564874039 0.000359035766354184 138
1627564874126 0.0003585837965473079 139
1627564874250 0.00035819842272489486 140
1627564874427 0.00035761467716814124 141
1627564874551 0.00035725910958754945 142
1627564874706 0.000356854408238652 143
1627564874830 0.00035646935578120505 144
1627564874958 0.00035610911612230975 145
1627564875067 0.0003557687259351883 146
1627564875166 0.00035539988300638584 147
1627564875262 0.0003550319471891226 148
1627564875350 0.0003546567316906375 149
1627564875451 0.0003543297068067722 150
1627564875530 0.0003540485795171502 151
1627564875630 0.00035364778809143294 152
1627564875704 0.0003533481034113505 153
1627564875777 0.000353029873810236 154
1627564875879 0.000352698139654567 155
1627564875987 0.0003523648275815487 156
1627564876071 0.00035202595176447973 157
1627564876166 0.00035161690288033963 158
1627564876295 0.0003512293921875789 159
1627564876389 0.00035087609517420106 160
1627564876482 0.0003505548561819787 161
1627564876575 0.0003502596806466395 162
1627564876648 0.00034997234926259496 163
1627564876779 0.00034965362133264875 164
1627564876866 0.0003492903959503858 165
1627564876951 0.00034897366431155627 166
1627564877073 0.00034867967308420346 167
1627564877190 0.00034835620422726175 168
1627564877271 0.00034804555995784334 169
1627564877374 0.0003476789717109541 170
1627564877476 0.00034736734473137735 171
1627564877571 0.00034705694338195604 172
1627564877666 0.0003467306363517655 173
1627564877756 0.00034643101430479267 174
1627564877834 0.0003461187333967175 175
1627564877918 0.0003458009200818173 176
1627564878004 0.00034550317337476847 177
1627564878072 0.0003452140313436998 178
1627564878144 0.00034494927897747 179
1627564878218 0.00034463970604556673 180
1627564878304 0.00034433881458566067 181
1627564878369 0.0003440556004436802 182
1627564878458 0.0003437193797255575 183
1627564878544 0.00034339449277518135 184
1627564878638 0.00034306424701600023 185
1627564878717 0.0003427547533819482 186
1627564878803 0.0003424575211258822 187
1627564878887 0.0003422008388003909 188
1627564879004 0.00034170769169831897 189
1627564879086 0.0003414376454094912 190
1627564879158 0.0003411922214988512 191
1627564879254 0.0003408961775257197 192
1627564879371 0.000340629305438408 193
1627564879449 0.000340417190613049 194
1627564879594 0.0003400870347738185 195
1627564879687 0.00033982288115765676 196
1627564879768 0.0003395408490371609 197
1627564879851 0.00033926768436709666 198
1627564879931 0.00033903688734922386 199
1627564880014 0.000338768699583727 200
1627564880103 0.00033848431979206203 201
1627564880209 0.0003380856834062143 202
1627564880301 0.00033778151732837377 203
1627564880370 0.00033754333632785927 204
1627564880449 0.0003372527036631403 205
1627564880535 0.00033697243998675265 206
1627564880616 0.0003366945149802496 207
1627564880704 0.0003364413059252385 208
1627564880817 0.00033615510428947455 209
1627564880903 0.00033588425068520035 210
1627564881029 0.0003354801271601438 211
1627564881101 0.00033519070896182487 212
1627564881192 0.00033493793407941396 213
1627564881268 0.0003346769666673614 214
1627564881350 0.000334411614574216 215
1627564881420 0.0003341658833530624 216
1627564881502 0.00033393923701895714 217
1627564881568 0.0003337087666269337 218
1627564881639 0.0003334331985602112 219
1627564881721 0.0003331333782621746 220
1627564881793 0.00033287269843391656 221
1627564881868 0.0003326029130428927 222
1627564881946 0.0003323420267501545 223
1627564882052 0.0003320896812864579 224
1627564882160 0.00033185412801965496 225
1627564882251 0.00033156213119081346 226
1627564882323 0.00033129848607769106 227
1627564882405 0.0003310175301457345 228
1627564882480 0.00033077435673957694 229
1627564882565 0.0003305051488650929 230
1627564882681 0.0003302496533108437 231
1627564882841 0.00032990571064436163 232
1627564882978 0.00032966114650684287 233
1627564883085 0.00032944656279349015 234
1627564883157 0.00032923703986227355 235
1627564883265 0.0003289692179665534 236
1627564883390 0.00032873614787329303 237
1627564883485 0.0003285117698396243 238
1627564883575 0.0003282499498012364 239
1627564883701 0.0003279968347340488 240
1627564883768 0.0003277353134942206 241
1627564883835 0.0003275006006896545 242
1627564883910 0.00032723954383360543 243
1627564883977 0.00032697919050540434 244
1627564884073 0.00032676204825963866 245
1627564884146 0.0003265117590281738 246
1627564884218 0.00032627107293083037 247
1627564884278 0.0003260224796398305 248
1627564884339 0.00032582076916473526 249
1627564884412 0.0003255720551511269 250
1627564884480 0.00032532466442880694 251
1627564884559 0.0003250758769950493 252
1627564884647 0.00032480298279997434 253
1627564884732 0.00033778151732837377 254
1627564888814 0.0010991370915523963 0
1627564888972 0.0010134618697870607 1
1627564889121 0.0009377452226894451 2
1627564889267 0.0008711438414971675 3
1627564889412 0.0008128409541536094 4
1627564889552 0.0007621041453948665 5
1627564889694 0.0007180572620725486 6
1627564889835 0.000680020201886367 7
1627564889981 0.0006470870567444165 8
1627564890123 0.000618634699232771 9
1627564890251 0.0005939856618739371 10
1627564890385 0.0005729313054300175 11
1627564890510 0.0005548227640282893 12
1627564890645 0.0005395111062453352 13
1627564890775 0.0005264506579847574 14
1627564890897 0.0005151527266943865 15
1627564891032 0.0005056493594309378 16
1627564891161 0.0004978019326911175 17
1627564891292 0.000490978397542625 18
1627564891419 0.00048467097284493675 19
1627564891579 0.00047945679735782735 20
1627564891761 0.0004748410970287279 21
1627564891953 0.00047077495000497055 22
1627564892076 0.00046704296305176467 23
1627564892195 0.00046391801670861324 24
1627564892317 0.0004612909289463206 25
1627564892435 0.0004583274000678288 26
1627564892553 0.0004558815853704254 27
1627564892669 0.0004537508334174589 28
1627564892772 0.00045149601408380017 29
1627564892874 0.00044904736095121743 30
1627564892985 0.000447393747100016 31
1627564893127 0.0004451053830853625 32
1627564893267 0.00044336077904624425 33
1627564893373 0.00044190843044549356 34
1627564893489 0.00044033421247551495 35
1627564893670 0.0004385629583660517 36
1627564893825 0.0004366535338126621 37
1627564893982 0.00043503591760446107 38
1627564894104 0.00043315106177505816 39
1627564894204 0.0004318760532796968 40
1627564894306 0.00042996082998175266 41
1627564894415 0.00042815045032570443 42
1627564894529 0.00042627821591018035 43
1627564894685 0.00042472177348115985 44
1627564894790 0.000423895413674366 45
1627564894905 0.0004221412575956479 46
1627564895023 0.0004205570470209532 47
1627564895131 0.00041950393660530595 48
1627564895235 0.0004185464539543033 49
1627564895365 0.00041652159790929113 50
1627564895462 0.0004156832016606477 51
1627564895574 0.00041480265496176573 52
1627564895766 0.00041334106935916095 53
1627564895918 0.0004126510905735123 54
1627564896032 0.0004116610678822633 55
1627564896197 0.00041066430621435296 56
1627564896341 0.0004099186532054251 57
1627564896489 0.00040919152468149654 58
1627564896670 0.00040761934797984656 59
1627564896773 0.0004068721925564991 60
1627564896933 0.0004061433256173085 61
1627564897082 0.0004049492734483629 62
1627564897183 0.0004042730239775908 63
1627564897290 0.00040364235862582056 64
1627564897416 0.00040208718090529327 65
1627564897522 0.0004014104368307178 66
1627564897626 0.0004004201332416321 67
1627564897766 0.0003986037936725864 68
1627564897868 0.0003979006994258118 69
1627564897974 0.0003972479062146322 70
1627564898073 0.00039663927571106694 71
1627564898197 0.0003952022492760288 72
1627564898320 0.0003940310362485978 73
1627564898423 0.0003934333238382869 74
1627564898525 0.00039271260398848594 75
1627564898634 0.0003920906155616657 76
1627564898724 0.00039144424839834667 77
1627564898809 0.0003908914106365894 78
1627564898904 0.0003903471130044139 79
1627564899018 0.00038952331938167775 80
1627564899130 0.00038826964720302805 81
1627564899234 0.0003876918840968321 82
1627564899327 0.0003871664967216886 83
1627564899445 0.00038618726197203165 84
1627564899545 0.00038563715403522244 85
1627564899642 0.0003850903040495534 86
1627564899745 0.00038442053229956533 87
1627564899875 0.00038392181137428103 88
1627564900041 0.000382992177090001 89
1627564900150 0.00038247935867944825 90
1627564900286 0.0003819885200971939 91
1627564900417 0.00038098368175214627 92
1627564900507 0.00038050205344780045 93
1627564900642 0.00037998566924090754 94
1627564900753 0.00037949872581497873 95
1627564900843 0.00037898189527209487 96
1627564900963 0.00037820390837645454 97
1627564901051 0.00037776922728542867 98
1627564901156 0.0003772941514377209 99
1627564901266 0.0003768222658644628 100
1627564901372 0.0003761055741111732 101
1627564901453 0.000375635822449373 102
1627564901553 0.0003751218800616368 103
1627564901645 0.0003746849014862046 104
1627564901768 0.00037398739100323884 105
1627564901862 0.000373490989611408 106
1627564901949 0.00037306681272884106 107
1627564902053 0.00037261373855306586 108
1627564902148 0.0003720116175919686 109
1627564902238 0.0003715807732871987 110
1627564902333 0.00037114552980943653 111
1627564902417 0.00037073312520029554 112
1627564902519 0.00037025920701048027 113
1627564902615 0.00036987129418006363 114
1627564902703 0.0003694715503570353 115
1627564902798 0.00036899665189203505 116
1627564902875 0.0003686244609662849 117
1627564902971 0.00036817109872664365 118
1627564903068 0.0003676929066968579 119
1627564903177 0.0003671023618546836 120
1627564903275 0.00036668869759898937 121
1627564903389 0.00036602736757964635 122
1627564903485 0.00036557295939343095 123
1627564903570 0.0003650906603313198 124
1627564903645 0.00036468007850682494 125
1627564903720 0.0003643338487757388 126
1627564903807 0.0003639926573311861 127
1627564903899 0.00036361371204677776 128
1627564903981 0.00036322291993181 129
1627564904064 0.0003629062878654241 130
1627564904150 0.0003625298779898818 131
1627564904233 0.00036214611351314705 132
1627564904321 0.0003617825798354619 133
1627564904420 0.0003614040660286078 134
1627564904503 0.000361016602016606 135
1627564904594 0.00036061241298082945 136
1627564904683 0.00036026687252663404 137
1627564904763 0.0003598617254810692 138
1627564904878 0.00035949193572947045 139
1627564905000 0.00035915423662140344 140
1627564905106 0.00035858132891419337 141
1627564905235 0.0003581957922705745 142
1627564905319 0.00035788362825662053 143
1627564905431 0.00035746179699162195 144
1627564905574 0.0003570256208313376 145
1627564905648 0.0003567024523671749 146
1627564905803 0.00035605114259521436 147
1627564905893 0.00035569330895675506 148
1627564905986 0.000355332240372015 149
1627564906100 0.0003548873711346383 150
1627564906182 0.0003545530689239711 151
1627564906278 0.00035422478000981763 152
1627564906362 0.0003539066607905475 153
1627564906453 0.00035354734829827277 154
1627564906546 0.0003532077697256526 155
1627564906642 0.000352733619985454 156
1627564906726 0.0003523551065737693 157
1627564906811 0.00035199880995536337 158
1627564906897 0.0003516482756303929 159
1627564906989 0.00035133750524340176 160
1627564907086 0.0003509668526002159 161
1627564907167 0.0003506712189279299 162
1627564907260 0.00035025151877984736 163
1627564907365 0.00034994017595573693 164
1627564907486 0.00034960625832909393 165
1627564907572 0.0003492512616015048 166
1627564907658 0.00034892013073746823 167
1627564907801 0.00034847279275629866 168
1627564907885 0.0003481554783122099 169
1627564907975 0.000347846620373785 170
1627564908073 0.00034755723102036594 171
1627564908179 0.00034728639089774086 172
1627564908298 0.0003469386032704593 173
1627564908383 0.0003466153286308922 174
1627564908456 0.0003463360074975833 175
1627564908532 0.0003460324134263031 176
1627564908610 0.0003457488028900046 177
1627564908689 0.0003454214684363301 178
1627564908780 0.0003450943714984361 179
1627564908904 0.0003447591507197219 180
1627564908979 0.00034445081407637087 181
1627564909069 0.00034410979673496034 182
1627564909143 0.0003438225364257208 183
1627564909211 0.0003435407262339225 184
1627564909286 0.0003432184871449239 185
1627564909376 0.0003428869254924481 186
1627564909445 0.00034264319422857843 187
1627564909544 0.0003422131462824377 188
1627564909641 0.00034191751303691624 189
1627564909748 0.0003416367634340203 190
1627564909826 0.0003413987214523686 191
1627564909901 0.0003411344175161118 192
1627564910040 0.0003408478242291109 193
1627564910149 0.00034058947445721996 194
1627564910317 0.00034019624764108653 195
1627564910439 0.0003399202626217562 196
1627564910521 0.00033964096631249074 197
1627564910590 0.0003394162055356196 198
1627564910671 0.0003391360472542361 199
1627564910792 0.0003386986805485603 200
1627564910878 0.0003384255595634368 201
1627564911006 0.0003380614784182493 202
1627564911087 0.0003377242092258193 203
1627564911179 0.0003374043452211699 204
1627564911279 0.00033711747698232034 205
1627564911369 0.00033684093208635887 206
1627564911448 0.00033655602193778607 207
1627564911576 0.0003362871831594103 208
1627564911712 0.00033586556930427833 209
1627564911817 0.00033559359758868494 210
1627564911919 0.00033536273057393844 211
1627564912033 0.0003350547569116528 212
1627564912101 0.00033477049854579115 213
1627564912171 0.00033455687198623047 214
1627564912253 0.0003342841246136063 215
1627564912323 0.0003340146294082125 216
1627564912397 0.0003337577154835343 217
1627564912468 0.0003334996176568658 218
1627564912553 0.00033322738908020134 219
1627564912632 0.00033293791403191634 220
1627564912717 0.00033271286559902495 221
1627564912805 0.0003324292431928999 222
1627564912873 0.00033217343546207157 223
1627564912947 0.00033194130562953637 224
1627564913011 0.00033168840342837617 225
1627564913081 0.00033145013105632384 226
1627564913156 0.0003311722059375024 227
1627564913246 0.0003308907867786959 228
1627564913320 0.00033063793559967304 229
1627564913397 0.0003303660266393604 230
1627564913480 0.0003301116137052587 231
1627564913570 0.0003298918413563742 232
1627564913625 0.00032964264540467274 233
1627564913718 0.00032939870243959256 234
1627564913803 0.0003290979541826541 235
1627564913891 0.00032886791257831364 236
1627564914012 0.0003286199165952478 237
1627564914122 0.0003283698040921499 238
1627564914184 0.00032811955985681665 239
1627564914262 0.0003278816774663311 240
1627564914330 0.0003276511359405643 241
1627564914398 0.0003274130163616849 242
1627564914505 0.0003270686592505448 243
1627564914579 0.000326856524804038 244
1627564914649 0.00032663591928481036 245
1627564914714 0.0003264268473115672 246
1627564914788 0.00032618277758847343 247
1627564914870 0.0003259205700310139 248
1627564914944 0.00032566626196731894 249
1627564915025 0.0003254446658107945 250
1627564915095 0.0003251738150122058 251
1627564915173 0.00032492182663223715 252
1627564915247 0.0003246466200226431 253
1627564915353 0.00032440092200902574 254
1627564915458 0.00032417422014544944 255
1627564915545 0.00032393028133190173 256
1627564915621 0.00032369572316307357 257
1627564915691 0.00032347209795064266 258
1627564915776 0.00032321846153383 259
1627564915862 0.00033586556930427833 260
1627564920073 0.0010966190134014174 0
1627564920230 0.001011313389378666 1
1627564920374 0.0009359467381800903 2
1627564920525 0.000869697124348254 3
1627564920669 0.0008114550363619139 4
1627564920814 0.0007607008697193688 5
1627564920960 0.0007167767911697736 6
1627564921097 0.0006787295863729654 7
1627564921276 0.0006460179342586973 8
1627564921433 0.0006178422262434371 9
1627564921586 0.0005934182470548188 10
1627564921754 0.0005725762976779214 11
1627564921899 0.0005546066049678274 12
1627564922053 0.0005394745281015652 13
1627564922195 0.0005263505936668997 14
1627564922345 0.0005153784398844234 15
1627564922489 0.0005060793333583012 16
1627564922626 0.0004981051932279597 17
1627564922799 0.0004912965256251657 18
1627564922994 0.00048488381295685594 19
1627564923132 0.00047950806992230467 20
1627564923257 0.0004750228361715556 21
1627564923381 0.00047101731508971496 22
1627564923534 0.00046743989672674233 23
1627564923728 0.00046448362204439545 24
1627564923907 0.0004618434607667323 25
1627564924039 0.0004593196194832176 26
1627564924196 0.0004569244528276914 27
1627564924321 0.0004545729039648515 28
1627564924431 0.00045222110209503256 29
1627564924539 0.0004501918685591555 30
1627564924661 0.0004481710519470685 31
1627564924775 0.0004460548831136639 32
1627564924880 0.00044436221514065823 33
1627564924986 0.0004430318931830875 34
1627564925087 0.0004412576587237328 35
1627564925191 0.00043906961463220244 36
1627564925303 0.0004369918957977993 37
1627564925405 0.0004358571781676386 38
1627564925518 0.0004334518397329281 39
1627564925634 0.0004323924398020568 40
1627564925756 0.00042994219408780637 41
1627564925871 0.0004277887770854939 42
1627564925977 0.00042628022442611253 43
1627564926103 0.00042535105701616016 44
1627564926207 0.000424525793167789 45
1627564926330 0.0004227950011656277 46
1627564926487 0.00042171863532927505 47
1627564926608 0.0004203604567111688 48
1627564926765 0.0004195784475700882 49
1627564926938 0.0004169986672536999 50
1627564927047 0.0004162369213833995 51
1627564927213 0.0004141987704833679 52
1627564927360 0.00041328366839584846 53
1627564927458 0.0004126103814915858 54
1627564927571 0.00041117925023317344 55
1627564927715 0.0004089599307871123 56
1627564927801 0.00040822358369391887 57
1627564927897 0.00040742026647899845 58
1627564928003 0.000406757798645463 59
1627564928106 0.0004059695886992885 60
1627564928215 0.00040529460662486384 61
1627564928342 0.0004037314600129951 62
1627564928448 0.00040304014619253184 63
1627564928636 0.00040163467772649954 64
1627564928756 0.0004009559814840608 65
1627564928920 0.0004002563188370388 66
1627564929110 0.0003991429313900843 67
1627564929300 0.0003976469167957667 68
1627564929408 0.0003964818085725502 69
1627564929513 0.00039591707649128664 70
1627564929631 0.0003949225006513297 71
1627564929723 0.0003943170573641464 72
1627564929849 0.00039310459982200134 73
1627564929972 0.00039245725899954964 74
1627564930090 0.00039157064278711574 75
1627564930196 0.00039099647914294625 76
1627564930326 0.00039037076792502106 77
1627564930448 0.0003898120016340924 78
1627564930580 0.0003892853415826943 79
1627564930736 0.0003887273294251579 80
1627564930885 0.00038808605557661584 81
1627564931007 0.00038755550698329864 82
1627564931111 0.0003868959472018172 83
1627564931222 0.0003859555892983413 84
1627564931325 0.00038537863251373526 85
1627564931440 0.00038468350996973227 86
1627564931536 0.00038415457311368053 87
1627564931650 0.00038345781135682626 88
1627564931744 0.0003829500620609777 89
1627564931844 0.0003823792151458075 90
1627564931968 0.000381325252238057 91
1627564932063 0.00038086687895824483 92
1627564932233 0.000380037211268438 93
1627564932377 0.0003795284679316553 94
1627564932497 0.0003787136503158137 95
1627564932589 0.0003782480264063555 96
1627564932672 0.00037778518510335333 97
1627564932785 0.0003770074296724234 98
1627564932880 0.0003765523525322688 99
1627564933002 0.0003761032146022597 100
1627564933093 0.0003755410053649204 101
1627564933168 0.00037512642677301703 102
1627564933250 0.0003746880033003756 103
1627564933346 0.00037421378773587927 104
1627564933448 0.0003736549527171139 105
1627564933560 0.0003731186522109352 106
1627564933684 0.00037238237699851535 107
1627564933843 0.00037190834500833945 108
1627564934017 0.0003711516835596475 109
1627564934109 0.0003706994618296973 110
1627564934203 0.00037025959632314273 111
1627564934372 0.00036939880303527955 112
1627564934464 0.0003689659379415454 113
1627564934568 0.0003684469226011615 114
1627564934661 0.0003680178032873424 115
1627564934752 0.000367464017142824 116
1627564934843 0.00036706897233983426 117
1627564934928 0.0003666405977557264 118
1627564935021 0.00036625166517940245 119
1627564935132 0.00036571347460540086 120
1627564935268 0.00036532107784116607 121
1627564935366 0.00036488023462455155 122
1627564935488 0.0003645108085771691 123
1627564935593 0.0003641370477517403 124
1627564935685 0.0003636870772988905 125
1627564935774 0.0003633406093241417 126
1627564935917 0.00036295606961060347 127
1627564936042 0.00036235807822687513 128
1627564936119 0.0003619777623024018 129
1627564936207 0.0003615851141805309 130
1627564936324 0.00036100725241999863 131
1627564936433 0.00036064102318399534 132
1627564936520 0.0003602506199549788 133
1627564936612 0.00035989245749746624 134
1627564936752 0.00035936921223656503 135
1627564936876 0.000359027285439973 136
1627564936956 0.0003586886893722438 137
1627564937061 0.00035829788192747906 138
1627564937150 0.00035793164564342596 139
1627564937217 0.00035757431566412585 140
1627564937348 0.0003570007135124712 141
1627564937438 0.00035658695768413717 142
1627564937523 0.0003562350278160633 143
1627564937614 0.0003558878106827618 144
1627564937702 0.0003555463523504711 145
1627564937821 0.0003552062874076831 146
1627564937910 0.0003548547960304326 147
1627564938009 0.00035448889631980215 148
1627564938105 0.00035417450809811747 149
1627564938208 0.0003538142855505009 150
1627564938294 0.000353497943130619 151
1627564938435 0.0003529673498655753 152
1627564938573 0.0003526207436043272 153
1627564938654 0.0003522824275771318 154
1627564938745 0.00035197630983704387 155
1627564938848 0.0003516520179868769 156
1627564938930 0.00035130846666276176 157
1627564939015 0.00035099147685763735 158
1627564939089 0.00035069191629819333 159
1627564939173 0.000350370052383915 160
1627564939249 0.00035007731313983835 161
1627564939337 0.00034970765939876036 162
1627564939410 0.00034942463711586536 163
1627564939496 0.00034909800193898955 164
1627564939579 0.0003487868380581605 165
1627564939657 0.0003484980136267753 166
1627564939763 0.00034800391593102796 167
1627564939848 0.00034768047873628196 168
1627564939937 0.0003473706596717254 169
1627564940026 0.0003470356152715806 170
1627564940132 0.00034669045464019553 171
1627564940220 0.0003463763581821688 172
1627564940300 0.0003460642604743002 173
1627564940388 0.0003457823616649153 174
1627564940454 0.0003454861072509003 175
1627564940545 0.0003451618526698034 176
1627564940630 0.0003448734221961956 177
1627564940708 0.00034455809165512795 178
1627564940797 0.00034424805292824546 179
1627564940895 0.0003438723093379947 180
1627564940984 0.0003436094664498377 181
1627564941090 0.00034335021458416296 182
1627564941177 0.0003430780643674278 183
1627564941255 0.00034276444111452947 184
1627564941345 0.0003424693178532328 185
1627564941413 0.0003422091737681414 186
1627564941503 0.00034191863646438865 187
1627564941584 0.00034165146467161434 188
1627564941701 0.0003411944908381457 189
1627564941784 0.0003409132671207779 190
1627564941853 0.000340677198510045 191
1627564941960 0.0003402424974122093 192
1627564942039 0.0003399701283913302 193
1627564942119 0.00033971879213641097 194
1627564942192 0.0003394539739631366 195
1627564942268 0.00033921733218835587 196
1627564942360 0.00033884260337593445 197
1627564942444 0.0003385652323264206 198
1627564942514 0.0003383394302497896 199
1627564942625 0.00033804207841462965 200
1627564942711 0.0003377640212297789 201
1627564942797 0.0003374851488276218 202
1627564942891 0.00033718235926561275 203
1627564942974 0.0003368930835301552 204
1627564943098 0.0003365730275085439 205
1627564943183 0.00033628148806101073 206
1627564943250 0.0003360455347106722 207
1627564943359 0.0003356083265202168 208
1627564943448 0.0003353343901723111 209
1627564943531 0.00033504196856272737 210
1627564943631 0.0003346898776260986 211
1627564943717 0.0003343684721444219 212
1627564943792 0.0003341212416712691 213
1627564943879 0.0003338708589219067 214
1627564943962 0.0003336004376485701 215
1627564944033 0.000333358193255043 216
1627564944105 0.00033313078259316524 217
1627564944178 0.0003328686604780839 218
1627564944237 0.0003326462095973817 219
1627564944314 0.0003324222675367113 220
1627564944397 0.0003321575448596943 221
1627564944465 0.00033192937190674315 222
1627564944539 0.00033173393804703096 223
1627564944630 0.0003314629760376434 224
1627564944717 0.00033124369773806004 225
1627564944801 0.0003309855605830876 226
1627564944873 0.0003307272482971075 227
1627564944946 0.00033047233075771473 228
1627564945056 0.00033009070087478806 229
1627564945134 0.00032980901005888116 230
1627564945203 0.0003295890378887985 231
1627564945271 0.0003293852029652956 232
1627564945357 0.000329110350429214 233
1627564945444 0.00032884962922095467 234
1627564945527 0.00032857715531682557 235
1627564945630 0.00032831829934397503 236
1627564945715 0.00032806103299374076 237
1627564945802 0.0003278265769879173 238
1627564945872 0.0003275706360448856 239
1627564945950 0.00032734365447183606 240
1627564946026 0.0003270725221881646 241
1627564946103 0.0003268186277918424 242
1627564946178 0.0003265674142635686 243
1627564946257 0.0003263565118656893 244
1627564946407 0.00032603610462898287 245
1627564946558 0.0003257323126905326 246
1627564946685 0.0003254811448953037 247
1627564946798 0.0003252504812575032 248
1627564946872 0.0003250547394091867 249
1627564946960 0.0003248323027429795 250
1627564947023 0.00032458210144962855 251
1627564947104 0.0003243377340166879 252
1627564947209 0.0003240810341958875 253
1627564947314 0.000323862546119212 254
1627564947404 0.00032363780118385444 255
1627564947500 0.0003234328280221746 256
1627564947575 0.00032321711093956086 257
1627564947646 0.0003229810243302374 258
1627564947725 0.00032275356461780645 259
1627564947798 0.0003224932543419525 260
1627564947866 0.0003222839077503986 261
1627564947942 0.0003220434653949571 262
1627564948019 0.000321792788713042 263
1627564948087 0.00032159033305609503 264
1627564948163 0.00032139339150719277 265
1627564948240 0.00032116266834195345 266
1627564948329 0.0003208867880322527 267
1627564948399 0.0003206611289931091 268
1627564948477 0.000320405383305844 269
1627564948566 0.0003201336255191284 270
1627564948665 0.0003324222675367113 271
1627564952672 0.0010996756526545936 0
1627564952820 0.0010140628339918058 1
1627564952963 0.0009384284373864567 2
1627564953170 0.0008718625668616499 3
1627564953318 0.0008133480702341107 4
1627564953527 0.0007623933215078401 5
1627564953674 0.0007181369098143827 6
1627564953814 0.0006799746171102181 7
1627564953960 0.0006470383197799407 8
1627564954102 0.0006186256238162706 9
1627564954236 0.0005940796599911432 10
1627564954375 0.0005731405121358859 11
1627564954496 0.0005550335848514794 12
1627564954645 0.0005396951279927987 13
1627564954820 0.0005265470320579635 14
1627564954961 0.0005154906092442413 15
1627564955090 0.0005060382724862409 16
1627564955228 0.000498166078802767 17
1627564955359 0.0004914315134805018 18
1627564955482 0.00048517823313544916 19
1627564955617 0.00047975437767083036 20
1627564955776 0.0004751963407334094 21
1627564955902 0.0004710465401966818 22
1627564956021 0.0004677009621682521 23
1627564956135 0.000464529278204552 24
1627564956290 0.00046189888745582977 25
1627564956426 0.00045926849293872205 26
1627564956541 0.00045689086161070384 27
1627564956654 0.00045458389536181154 28
1627564956755 0.0004522579768926301 29
1627564956861 0.0004502077358284806 30
1627564956978 0.00044862657982573076 31
1627564957108 0.0004467944711087777 32
1627564957256 0.00044450299143956813 33
1627564957376 0.0004429322316167464 34
1627564957508 0.0004408456140258765 35
1627564957619 0.0004385102068400576 36
1627564957740 0.00043642152813737014 37
1627564957847 0.0004353705231565558 38
1627564957962 0.0004331891494310176 39
1627564958065 0.0004322054787065616 40
1627564958183 0.0004295589606627846 41
1627564958285 0.0004280364558445539 42
1627564958389 0.00042709431009329765 43
1627564958506 0.0004253095704853003 44
1627564958604 0.0004243527514740859 45
1627564958719 0.00042260122246747585 46
1627564958825 0.0004213449245790887 47
1627564958932 0.0004205824549687652 48
1627564959098 0.0004187896832471851 49
1627564959230 0.0004173517046673324 50
1627564959327 0.0004163432428486394 51
1627564959434 0.0004155517537984173 52
1627564959551 0.00041386980621366633 53
1627564959667 0.00041219189578033057 54
1627564959798 0.00041141749084607344 55
1627564959956 0.00041046456140538695 56
1627564960059 0.00040977124127608105 57
1627564960162 0.0004088406129748525 58
1627564960274 0.0004069817058992396 59
1627564960370 0.0004062612252381639 60
1627564960492 0.00040464279452640954 61
1627564960594 0.00040400082214811636 62
1627564960702 0.0004032951625833655 63
1627564960816 0.00040195027721439986 64
1627564960943 0.0004001995755432936 65
1627564961047 0.0003995069502227018 66
1627564961141 0.0003989054445178294 67
1627564961253 0.00039824540975907035 68
1627564961369 0.00039713384949108005 69
1627564961476 0.00039652890597488165 70
1627564961573 0.00039587438578059746 71
1627564961677 0.00039500742475745513 72
1627564961801 0.00039387184096554954 73
1627564961894 0.0003932063436368375 74
1627564962021 0.000392577600020988 75
1627564962112 0.0003919885117131208 76
1627564962217 0.00039140380009230623 77
1627564962307 0.0003908553858784721 78
1627564962415 0.00038996837860780594 79
1627564962523 0.00038939982620627545 80
1627564962624 0.0003888534551495564 81
1627564962730 0.0003882403292376887 82
1627564962824 0.0003876726042561445 83
1627564962930 0.00038709513964549136 84
1627564963032 0.00038658468345254 85
1627564963150 0.000385648282875497 86
1627564963241 0.00038512103588712887 87
1627564963343 0.0003846040333452347 88
1627564963447 0.00038404873403139974 89
1627564963567 0.0003831085238921346 90
1627564963689 0.00038203729507594404 91
1627564963789 0.00038149840192036344 92
1627564963908 0.00038094939396046413 93
1627564964016 0.0003804340138564819 94
1627564964116 0.0003799334379198893 95
1627564964225 0.0003794007636494822 96
1627564964367 0.0003786021379524245 97
1627564964457 0.00037807368349377675 98
1627564964548 0.00037759301650788595 99
1627564964652 0.0003770933727092632 100
1627564964767 0.00037626128491489996 101
1627564964868 0.0003757103495937996 102
1627564964964 0.0003752394137223253 103
1627564965070 0.000374722049626987 104
1627564965180 0.0003742701619761115 105
1627564965286 0.0003737949814614319 106
1627564965405 0.00037301315484996776 107
1627564965505 0.00037257218280267414 108
1627564965618 0.0003717486308678594 109
1627564965717 0.00037130849118263503 110
1627564965824 0.0003708166797487404 111
1627564965964 0.00037042146472302835 112
1627564966069 0.00037002090531575545 113
1627564966158 0.00036959594269649933 114
1627564966261 0.0003690623594081245 115
1627564966344 0.00036863080095357056 116
1627564966470 0.0003682220993250672 117
1627564966570 0.0003677895835482894 118
1627564966644 0.0003674433278333719 119
1627564966721 0.0003670572812688164 120
1627564966806 0.00036666379391494294 121
1627564966903 0.0003662502308516686 122
1627564967000 0.00036581174756650047 123
1627564967108 0.0003652331564576062 124
1627564967210 0.00036465859678755 125
1627564967287 0.0003643220964412575 126
1627564967388 0.0003639006430561606 127
1627564967493 0.0003633259506545238 128
1627564967585 0.00036294666471890183 129
1627564967698 0.00036230476698811617 130
1627564967789 0.000361920402950503 131
1627564967887 0.00036155849588165865 132
1627564967974 0.0003611721922990591 133
1627564968078 0.00036080082400148433 134
1627564968171 0.0003604171572238742 135
1627564968301 0.00036003431138934667 136
1627564968400 0.000359680175730154 137
1627564968478 0.0003593102252269509 138
1627564968578 0.0003589259895703205 139
1627564968671 0.00035849998471485005 140
1627564968760 0.0003581517765595116 141
1627564968845 0.000357809612081961 142
1627564968919 0.00035750911088432705 143
1627564969015 0.00035713423529637234 144
1627564969089 0.0003567929588362442 145
1627564969207 0.0003563468787336919 146
1627564969338 0.0003560308455229353 147
1627564969461 0.00035571767158797476 148
1627564969616 0.0003553023081840196 149
1627564969737 0.00035496790799096093 150
1627564969823 0.00035467609953392885 151
1627564969939 0.0003541432289491137 152
1627564970030 0.00035379959654924497 153
1627564970105 0.0003534631134682094 154
1627564970183 0.00035316761804823357 155
1627564970277 0.00035285259358291195 156
1627564970373 0.0003525057365146905 157
1627564970476 0.00035210288165170783 158
1627564970574 0.00035162947356670804 159
1627564970653 0.00035133825088603436 160
1627564970736 0.0003509459920005912 161
1627564970828 0.00035063027519251737 162
1627564970919 0.00035028380502255085 163
1627564971045 0.00034997036494768135 164
1627564971136 0.0003495885060230809 165
1627564971216 0.0003492662408006638 166
1627564971304 0.0003489460907378345 167
1627564971401 0.00034863592289909165 168
1627564971481 0.00034829370111047654 169
1627564971603 0.0003479418736295042 170
1627564971682 0.00034766639537336887 171
1627564971797 0.00034734915498688503 172
1627564971869 0.0003470478505525382 173
1627564971962 0.0003467307645040959 174
1627564972049 0.00034639821165735645 175
1627564972134 0.0003460282547897117 176
1627564972206 0.0003457520577535659 177
1627564972274 0.00034548712418781043 178
1627564972361 0.00034518214945920963 179
1627564972429 0.0003449171568671006 180
1627564972508 0.00034462216076726576 181
1627564972577 0.00034433976597126025 182
1627564972656 0.0003440327845526215 183
1627564972745 0.0003437209604114997 184
1627564972848 0.00034331909458647583 185
1627564972939 0.00034296189242883767 186
1627564973023 0.00034265067637927914 187
1627564973144 0.00034237983456138687 188
1627564973258 0.0003420801378012572 189
1627564973390 0.0003418153906747573 190
1627564973509 0.00034132655201513654 191
1627564973600 0.00034100134277083267 192
1627564973718 0.000340713994876144 193
1627564973783 0.00034044546779851817 194
1627564973891 0.0003401890638084448 195
1627564974005 0.0003398956480697451 196
1627564974149 0.000339587594527101 197
1627564974287 0.00033921340712299584 198
1627564974376 0.00033893509030854537 199
1627564974518 0.00033865724037127754 200
1627564974601 0.0003383696468322389 201
1627564974732 0.0003379824237753497 202
1627564974809 0.0003376811774777461 203
1627564974880 0.0003374280529169898 204
1627564974949 0.00033716300174891327 205
1627564975020 0.0003369418690290443 206
1627564975106 0.00033672591212051986 207
1627564975176 0.00033646340692871843 208
1627564975268 0.0003362056358523251 209
1627564975368 0.0003359557126604984 210
1627564975474 0.00033572082091742965 211
1627564975544 0.0003354562768794512 212
1627564975633 0.0003351977873858952 213
1627564975718 0.0003349568308674184 214
1627564975796 0.0003347039290559719 215
1627564975862 0.00033447982117751877 216
1627564975953 0.00033419493958186425 217
1627564976043 0.0003338987812359878 218
1627564976122 0.00033362365185192944 219
1627564976214 0.00033333514784831094 220
1627564976310 0.00033306733463510233 221
1627564976422 0.00033271981358317553 222
1627564976504 0.00033247058619801365 223
1627564976584 0.0003322573274607447 224
1627564976681 0.0003320098468293073 225
1627564976776 0.00033174002845495786 226
1627564976847 0.00033148203803907446 227
1627564976927 0.0003312030689693104 228
1627564977006 0.0003309155388742044 229
1627564977098 0.00033066592328718277 230
1627564977224 0.00033035511173933497 231
1627564977332 0.0003300764334919946 232
1627564977432 0.00032981065120913386 233
1627564977520 0.00032955951931952694 234
1627564977616 0.0003292759123983672 235
1627564977715 0.0003290043732184739 236
1627564977788 0.00032877151608861894 237
1627564977874 0.0003285391825259127 238
1627564977954 0.00032829288228831814 239
1627564978029 0.00032807059089285496 240
1627564978093 0.00032785686122726963 241
1627564978169 0.0003276042896705902 242
1627564978246 0.00032739664929564924 243
1627564978309 0.0003271687470104189 244
1627564978384 0.0003269259374788305 245
1627564978451 0.0003267075675224192 246
1627564978533 0.0003264404502190364 247
1627564978633 0.00032607669036381306 248
1627564978716 0.0003258841573855007 249
1627564978807 0.0003256542926754045 250
1627564978870 0.0003254268507777974 251
1627564978955 0.0003251691527068086 252
1627564979010 0.0003249275018206579 253
1627564979112 0.00032470056110378044 254
1627564979183 0.0003244617671189655 255
1627564979257 0.0003242255924024144 256
1627564979389 0.0003239697043978767 257
1627564979470 0.00032373543000036834 258
1627564979543 0.00032351410947740106 259
1627564979624 0.00032324997843135217 260
1627564979712 0.0003230052567448054 261
1627564979782 0.00032277229189076994 262
1627564979866 0.0003225150461317874 263
1627564979945 0.0003222662232578968 264
1627564980019 0.0003220194241941751 265
1627564980094 0.0003218282897097184 266
1627564980190 0.0003214786549203894 267
1627564980292 0.00032118702391523753 268
1627564980364 0.00032095714479123453 269
1627564980443 0.00032073696510903605 270
1627564980526 0.0003205131028693729 271
1627564980594 0.0003203520039476334 272
1627564980690 0.000320099032406766 273
1627564980791 0.00031988427249599315 274
1627564980927 0.0003196541002511311 275
1627564981056 0.0003194243796966933 276
1627564981145 0.0003191822006653271 277
1627564981232 0.0003189048677446377 278
1627564981333 0.00031867979436987754 279
1627564981433 0.0003184347814296529 280
1627564981504 0.000318220080540795 281
1627564981611 0.0003178628173263164 282
1627564981684 0.0003176219933084089 283
1627564981772 0.0003173414578693732 284
1627564981840 0.00031708187530152563 285
1627564981915 0.0003168700271958499 286
1627564981987 0.0003166611415781269 287
1627564982081 0.0003164554410059822 288
1627564982142 0.0003162646231184655 289
1627564982243 0.00032829288228831814 290
