1627561626433 0.001098650517652224 0
1627561626582 0.0010134308334502852 1
1627561626725 0.0009381002857791161 2
1627561626866 0.0008718460947513521 3
1627561627009 0.000813583324636627 4
1627561627143 0.0007629460200381139 5
1627561627275 0.0007189289242174794 6
1627561627424 0.0006810872088153176 7
1627561627572 0.0006483881461089782 8
1627561627717 0.0006201327046159729 9
1627561627862 0.0005957492074772161 10
1627561627999 0.0005748684784501262 11
1627561628143 0.0005569449210716269 12
1627561628319 0.0005418854693760653 13
1627561628468 0.000528885631640076 14
1627561628625 0.0005180164564032078 15
1627561628760 0.0005086470031070612 16
1627561628888 0.0005008746838596139 17
1627561629021 0.0004942197790661829 18
1627561629162 0.00048817984911472194 19
1627561629290 0.00048300155664719437 20
1627561629434 0.00047861589394448945 21
1627561629556 0.00047492628708455136 22
1627561629706 0.0004710816510505154 23
1627561629884 0.00046812048017507763 24
1627561630016 0.0004654435099240233 25
1627561630199 0.00046280865783953663 26
1627561630322 0.00046063602597218534 27
1627561630482 0.00045841798194214736 28
1627561630599 0.00045610920065816105 29
1627561630743 0.00045420209776026544 30
1627561630862 0.00045259231320770384 31
1627561630988 0.0004504860275319477 32
1627561631111 0.0004487271740075491 33
1627561631264 0.00044733406080109964 34
1627561631413 0.0004452933144184552 35
1627561631541 0.00044384057586308127 36
1627561631659 0.0004418285944248427 37
1627561631769 0.0004406931222348792 38
1627561631884 0.0004384589671507041 39
1627561631997 0.000437402673633178 40
1627561632113 0.00043585746565701956 41
1627561632243 0.0004340350730897587 42
1627561632360 0.00043192402269593734 43
1627561632476 0.00043093998103218943 44
1627561632604 0.0004301805238788926 45
1627561632752 0.0004285311317106901 46
1627561632933 0.0004271998199867888 47
1627561633112 0.0004264357244939517 48
1627561633260 0.00042433962565953284 49
1627561633375 0.0004224872345964135 50
1627561633498 0.00042180320100687054 51
1627561633611 0.0004207552355833742 52
1627561633722 0.00041986547657907244 53
1627561633836 0.00041893005487713216 54
1627561633946 0.00041809221906024337 55
1627561634057 0.00041726435148007024 56
1627561634175 0.00041643764086496046 57
1627561634316 0.00041578179068681604 58
1627561634424 0.00041508153400612136 59
1627561634585 0.0004142203257635197 60
1627561634692 0.00041360905193387946 61
1627561634796 0.00041300055300987873 62
1627561634904 0.00041236586069284836 63
1627561635026 0.00041102591759752344 64
1627561635144 0.0004095046880412102 65
1627561635265 0.00040888322627688755 66
1627561635390 0.00040828917572604384 67
1627561635500 0.0004069608361930813 68
1627561635609 0.0004063720139667158 69
1627561635727 0.00040576500543610555 70
1627561635869 0.0004046200453378096 71
1627561635982 0.00040402865119832916 72
1627561636131 0.00040313393479432264 73
1627561636245 0.00040199360694397437 74
1627561636364 0.0004009205515449986 75
1627561636476 0.00040012666031702697 76
1627561636590 0.00039958146717183484 77
1627561636735 0.0003985841102966737 78
1627561636850 0.0003980570512893401 79
1627561636966 0.0003975076276212257 80
1627561637077 0.000396481939411903 81
1627561637207 0.00039585237372596665 82
1627561637316 0.00039511749674995075 83
1627561637438 0.000394512370667254 84
1627561637563 0.00039396762140164873 85
1627561637692 0.0003934722388938365 86
1627561637804 0.00039247493051042465 87
1627561637930 0.00039201946201523826 88
1627561638066 0.0003914968647639538 89
1627561638190 0.00039099366526617257 90
1627561638320 0.00039040199088322575 91
1627561638435 0.00038963876645744714 92
1627561638542 0.00038871132223751393 93
1627561638660 0.00038825181245130875 94
1627561638777 0.000387391675685408 95
1627561638909 0.0003869313654036456 96
1627561639016 0.00038651359185331316 97
1627561639129 0.0003860956407972132 98
1627561639287 0.0003856767840617211 99
1627561639402 0.0003852508709936227 100
1627561639512 0.00038483928523485824 101
1627561639620 0.00038436563156059425 102
1627561639713 0.0003839763933991068 103
1627561639819 0.000383581995890148 104
1627561639937 0.00038296863127071536 105
1627561640039 0.0003825652576219144 106
1627561640149 0.00038198532187151696 107
1627561640250 0.0003816003700668607 108
1627561640364 0.000380949124390003 109
1627561640472 0.0003802344649153932 110
1627561640589 0.00037982385829799566 111
1627561640702 0.0003793888635370049 112
1627561640814 0.00037899799346299726 113
1627561640923 0.00037860437498314317 114
1627561641025 0.0003781989044905244 115
1627561641124 0.00037780002002563975 116
1627561641221 0.00037731513071680167 117
1627561641329 0.00037691491057091517 118
1627561641445 0.00037656435912585386 119
1627561641560 0.0003759216811045763 120
1627561641705 0.0003755349408658841 121
1627561641817 0.0003751220407863398 122
1627561641934 0.0003747524759862002 123
1627561642048 0.00037403054246718686 124
1627561642182 0.0003736860916626904 125
1627561642296 0.00037333130510078466 126
1627561642414 0.00037289133968062416 127
1627561642554 0.00037255931005697636 128
1627561642712 0.0003721903072337995 129
1627561642883 0.00037164391751096597 130
1627561642992 0.0003713177358946054 131
1627561643090 0.0003709941994542094 132
1627561643199 0.0003706307609819038 133
1627561643299 0.00037020497390430194 134
1627561643415 0.0003696877365045523 135
1627561643519 0.0003692947987407849 136
1627561643619 0.0003689087897246815 137
1627561643713 0.0003685444497383555 138
1627561643824 0.0003682039447526345 139
1627561643935 0.0003678631300232143 140
1627561644045 0.0003673231809004517 141
1627561644140 0.0003670065651421568 142
1627561644232 0.00036665558918888113 143
1627561644341 0.0003663081854925853 144
1627561644489 0.0003659612904972851 145
1627561644570 0.0003657089847058001 146
1627561644665 0.00036528747200948033 147
1627561644773 0.00036493095821902953 148
1627561644884 0.00036459718237334676 149
1627561644994 0.00036419695471416326 150
1627561645084 0.000363928586944614 151
1627561645174 0.00036367971914790865 152
1627561645258 0.00036339666153424046 153
1627561645360 0.0003631018751083563 154
1627561645468 0.00036279038685464114 155
1627561645605 0.00036252212088236954 156
1627561645745 0.00036223613419559126 157
1627561645900 0.0003619132061415781 158
1627561645998 0.000361599565255179 159
1627561646094 0.0003613183897823949 160
1627561646184 0.0003610629454359786 161
1627561646281 0.00036079849807448753 162
1627561646376 0.00036053271348105575 163
1627561646485 0.0003601728160489526 164
1627561646579 0.0003598805923000307 165
1627561646685 0.0003595964184207921 166
1627561646793 0.00035930554046063954 167
1627561646905 0.0003587119751193288 168
1627561647014 0.00035827220175726636 169
1627561647161 0.00035797244370446604 170
1627561647304 0.00035768672195602607 171
1627561647413 0.0003574238440596583 172
1627561647516 0.0003571290576545031 173
1627561647636 0.00035683707096325316 174
1627561647783 0.0003564985532918149 175
1627561647884 0.00035617559218218856 176
1627561648016 0.00035582128020109397 177
1627561648111 0.00035554339935367464 178
1627561648218 0.0003552527409477883 179
1627561648316 0.00035495400333893096 180
1627561648425 0.0003546563823950004 181
1627561648507 0.00035440092249143935 182
1627561648610 0.00035402943121481305 183
1627561648754 0.0003537440607344123 184
1627561648913 0.00035344370164312093 185
1627561649050 0.00035316541191743014 186
1627561649151 0.00035289736347021456 187
1627561649251 0.00035258147923442523 188
1627561649366 0.00035230070431468047 189
1627561649469 0.0003520571379228543 190
1627561649579 0.00035183843679214145 191
1627561649684 0.0003515514470880576 192
1627561649776 0.0003513228516720919 193
1627561649865 0.00035110320446252717 194
1627561649939 0.00035089502378159713 195
1627561650042 0.00035063580153545446 196
1627561650131 0.00035039615769203 197
1627561650235 0.00035014198224705934 198
1627561650331 0.00034989718405929694 199
1627561650408 0.00034969747316184894 200
1627561650516 0.00034950792397691265 201
1627561650629 0.0003492799582383065 202
1627561650735 0.00034887036180988233 203
1627561650841 0.0003485726915512408 204
1627561650947 0.000348304544146678 205
1627561651049 0.0003480488857101048 206
1627561651157 0.0003477900011174326 207
1627561651272 0.00034735442941980307 208
1627561651378 0.00034705792669581796 209
1627561651492 0.00034676329521404997 210
1627561651575 0.0003465530144624474 211
1627561651662 0.0003463302693467762 212
1627561651738 0.00034614344285029244 213
1627561651875 0.0003459024919300123 214
1627561651994 0.0003456628349880184 215
1627561652122 0.0003454212182457142 216
1627561652208 0.00034517973891329105 217
1627561652306 0.000344917605767998 218
1627561652419 0.0003446151126890805 219
1627561652500 0.00034440454752033965 220
1627561652581 0.0003441459929325184 221
1627561652672 0.00034394499343199097 222
1627561652768 0.00034367123018602577 223
1627561652859 0.00034343301082838737 224
1627561652936 0.0003432454649101057 225
1627561653045 0.00034281156572952756 226
1627561653151 0.0003425633967931139 227
1627561653250 0.00034233203161750445 228
1627561653352 0.0003420907724989675 229
1627561653457 0.000341862131552595 230
1627561653571 0.0003415849918634944 231
1627561653655 0.00034138000665960105 232
1627561653731 0.0003411496873525128 233
1627561653859 0.0003409322493814954 234
1627561653957 0.0003406808559162498 235
1627561654067 0.0003404594133877048 236
1627561654189 0.0003402591328990451 237
1627561654289 0.0003399673975210812 238
1627561654373 0.0003397505468420823 239
1627561654453 0.0003395468775105737 240
1627561654552 0.000339223825119489 241
1627561654655 0.0003389907353083582 242
1627561654747 0.0003386879879491837 243
1627561654837 0.00033845171673283837 244
1627561654929 0.0003382584470390578 245
1627561655030 0.00033802968083146006 246
1627561655128 0.0003377954273679512 247
1627561655227 0.0003375694799165693 248
1627561655319 0.0003373443531715207 249
1627561655416 0.0003371122668016083 250
1627561655511 0.0003368970575244375 251
1627561655594 0.0003366961150585409 252
1627561655688 0.0003364503315859629 253
1627561655773 0.00033627027020052515 254
1627561655896 0.00033603582041263625 255
1627561656027 0.00033582682194617487 256
1627561656131 0.0003356175086606842 257
1627561656264 0.0003353904376231467 258
1627561656375 0.00033514683860538417 259
1627561656469 0.0003349296050182444 260
1627561656594 0.000334679110564615 261
1627561656704 0.0003344938128556475 262
1627561656774 0.0003463302693467762 263
1627561660823 0.001098474534904886 0
1627561660953 0.0010133059397255356 1
1627561661129 0.0009380898818701893 2
1627561661252 0.0008720017984886735 3
1627561661421 0.000814041387320192 4
1627561661554 0.0007634755765297849 5
1627561661725 0.0007197707192881513 6
1627561661861 0.0006820058364012027 7
1627561661991 0.0006494400916656044 8
1627561662115 0.0006213432576579808 9
1627561662303 0.0005970499323331565 10
1627561662425 0.0005762483200739897 11
1627561662586 0.00055837439124615 12
1627561662706 0.0005432569729069409 13
1627561662819 0.0005301747873434098 14
1627561662942 0.0005192454360664706 15
1627561663061 0.0005097641747558639 16
1627561663179 0.0005019855133849181 17
1627561663314 0.0004953767344048266 18
1627561663435 0.0004893259103464885 19
1627561663569 0.00048409135070534624 20
1627561663701 0.00047967119113187626 21
1627561663834 0.00047601972173564444 22
1627561663940 0.0004723368069311022 23
1627561664067 0.0004694126750305088 24
1627561664174 0.0004668036302340444 25
1627561664316 0.0004642769409419952 26
1627561664420 0.00046200499525237646 27
1627561664541 0.00045966699998366804 28
1627561664638 0.00045760150349200425 29
1627561664742 0.0004556523515754018 30
1627561664847 0.00045410472988772495 31
1627561664941 0.00045211642385764697 32
1627561665043 0.0004503268744503509 33
1627561665144 0.00044864580234659613 34
1627561665241 0.00044688885425722447 35
1627561665343 0.00044482822869621304 36
1627561665446 0.0004425958249413232 37
1627561665541 0.00044158279409363757 38
1627561665640 0.0004401461127360922 39
1627561665736 0.00043912850469239367 40
1627561665843 0.00043707543520138745 41
1627561665985 0.00043521895198384876 42
1627561666103 0.00043308953682279254 43
1627561666250 0.00043201584369650047 44
1627561666348 0.000431298955098433 45
1627561666491 0.0004302415834502487 46
1627561666606 0.00042832589433604724 47
1627561666721 0.0004270401806152441 48
1627561666819 0.0004263194433370483 49
1627561666926 0.0004244440955869764 50
1627561667009 0.000423657045128343 51
1627561667111 0.0004228711209982949 52
1627561667249 0.0004210885632443214 53
1627561667337 0.0004202652329402115 54
1627561667421 0.00041942218170027036 55
1627561667524 0.0004177541950123699 56
1627561667616 0.00041671216784754626 57
1627561667703 0.00041606828927466847 58
1627561667805 0.00041501863363660403 59
1627561667896 0.0004143216040706554 60
1627561667999 0.00041263329498550437 61
1627561668092 0.00041166179886340535 62
1627561668192 0.00041078671642050897 63
1627561668302 0.00041021725378752186 64
1627561668455 0.0004087804006751077 65
1627561668535 0.0004082131156649682 66
1627561668646 0.0004073269852064665 67
1627561668735 0.0004066843474367556 68
1627561668814 0.0004061319813159855 69
1627561668909 0.0004055507565009888 70
1627561669017 0.00040455072323342865 71
1627561669099 0.0004039662408748623 72
1627561669186 0.00040337827793813835 73
1627561669287 0.0004025721506321809 74
1627561669387 0.0004018871767607169 75
1627561669481 0.0004006937044427091 76
1627561669557 0.0004001882785961725 77
1627561669639 0.00039969597050424965 78
1627561669734 0.0003990052370923268 79
1627561669849 0.0003979897455849651 80
1627561669940 0.00039743161461452573 81
1627561670036 0.0003969458550070817 82
1627561670116 0.00039635890630854495 83
1627561670201 0.0003957950652734604 84
1627561670288 0.00039520732570555423 85
1627561670365 0.00039472564766664944 86
1627561670450 0.00039424684968920344 87
1627561670554 0.00039331824943678013 88
1627561670638 0.00039285041985734825 89
1627561670731 0.0003921147770902249 90
1627561670828 0.0003911409124897734 91
1627561670911 0.00039051191345548515 92
1627561670992 0.0003900370194494699 93
1627561671072 0.00038957006855002584 94
1627561671163 0.00038910780848975553 95
1627561671258 0.0003886747818969139 96
1627561671387 0.0003878530972874414 97
1627561671472 0.0003873896254370774 98
1627561671565 0.00038696818294246886 99
1627561671675 0.0003862471351129014 100
1627561671769 0.00038573772561568086 101
1627561671885 0.0003848777936436527 102
1627561671966 0.00038446633242180983 103
1627561672055 0.00038404869077460967 104
1627561672163 0.0003833791197075056 105
1627561672242 0.0003829477871495397 106
1627561672324 0.0003825318346017216 107
1627561672399 0.00038212202621161 108
1627561672484 0.000381518013792829 109
1627561672544 0.0003811288093156143 110
1627561672607 0.00038071582739937363 111
1627561672702 0.0003799744682210561 112
1627561672778 0.00037958599350784196 113
1627561672872 0.0003791594114755133 114
1627561672953 0.00037877805376345405 115
1627561673027 0.0003783891364673822 116
1627561673129 0.0003779439491597471 117
1627561673206 0.0003775289285505481 118
1627561673319 0.000377142542170086 119
1627561673443 0.0003767652326053865 120
1627561673503 0.0003764263788745814 121
1627561673580 0.0003760625708833401 122
1627561673703 0.0003756908201354377 123
1627561673802 0.0003750994343380897 124
1627561673891 0.0003747309817757566 125
1627561673969 0.00037437159079835417 126
1627561674045 0.00037407587507307935 127
1627561674149 0.00037374708515665236 128
1627561674234 0.0003733642157147612 129
1627561674313 0.0003729762092106534 130
1627561674402 0.00037265879198278246 131
1627561674497 0.0003720522937719664 132
1627561674573 0.0003717073730831431 133
1627561674634 0.00037136583392147996 134
1627561674723 0.00037101349167785507 135
1627561674812 0.0003706685004927722 136
1627561674888 0.00037033563741960203 137
1627561674969 0.0003699465069264648 138
1627561675043 0.0003696160830782609 139
1627561675129 0.00036926289530123 140
1627561675197 0.00036897460913704755 141
1627561675291 0.0003685119689597482 142
1627561675373 0.0003682157332325118 143
1627561675461 0.00036775212939545155 144
1627561675550 0.0003673102900519917 145
1627561675653 0.00036698171851929837 146
1627561675778 0.00036640219884346675 147
1627561675848 0.00036605678219568254 148
1627561675924 0.0003657668139822565 149
1627561676003 0.00036545973042957994 150
1627561676082 0.00036520162080809184 151
1627561676174 0.0003648784368767305 152
1627561676240 0.0003646224006918338 153
1627561676326 0.0003642811164176597 154
1627561676412 0.0003639778162499805 155
1627561676497 0.0003636713740319734 156
1627561676566 0.00036340593550974033 157
1627561676646 0.00036310123527328626 158
1627561676729 0.00036278784240307275 159
1627561676817 0.00036244615309400594 160
1627561676889 0.00036215452848164533 161
1627561676961 0.0003618830907914964 162
1627561677033 0.0003616241104419999 163
1627561677106 0.0003613151983870414 164
1627561677183 0.00036092232522137106 165
1627561677261 0.0003606042950838112 166
1627561677325 0.0003603190111408965 167
1627561677408 0.0003600883790338358 168
1627561677489 0.0003597350650714994 169
1627561677556 0.00035944690424066767 170
1627561677623 0.0003591451796036972 171
1627561677711 0.0003587046036236421 172
1627561677778 0.0003584023839620586 173
1627561677847 0.00035811301499653637 174
1627561677924 0.0003578161773476362 175
1627561677998 0.0003574880011765212 176
1627561678158 0.0003570558843982154 177
1627561678247 0.0003568140679753584 178
1627561678320 0.00035652220483804297 179
1627561678398 0.0003562484970803447 180
1627561678474 0.000355936116853109 181
1627561678537 0.0003557193156878399 182
1627561678643 0.00035518751468233524 183
1627561678707 0.0003549265408020848 184
1627561678760 0.00035471940823684817 185
1627561678838 0.00035435404992347516 186
1627561678921 0.00035407566250682883 187
1627561679032 0.00035381191285101157 188
1627561679106 0.0003535812695821933 189
1627561679176 0.0003533403507754095 190
1627561679273 0.00035286745405587757 191
1627561679337 0.000352592244311315 192
1627561679428 0.00035235698932487675 193
1627561679529 0.0003520789892886188 194
1627561679602 0.0003518684080504452 195
1627561679675 0.00035166692685862847 196
1627561679763 0.00035142523587996263 197
1627561679868 0.00035114143462988467 198
1627561679952 0.00035085833082070265 199
1627561680015 0.00035063111704853716 200
1627561680092 0.00035026594431205633 201
1627561680171 0.0003500261127231849 202
1627561680238 0.0003497534394633393 203
1627561680301 0.00034952317865802855 204
1627561680380 0.00034921144383420066 205
1627561680442 0.00034897253194116816 206
1627561680524 0.00034870813694963716 207
1627561680581 0.0003485040701014123 208
1627561680670 0.00034812919855980936 209
1627561680745 0.00034782737717016624 210
1627561680826 0.0003475617432230686 211
1627561680898 0.00034729075765108227 212
1627561680978 0.00034696908769003024 213
1627561681045 0.0003467405405969978 214
1627561681111 0.00034653372328405445 215
1627561681189 0.0003462949485331719 216
1627561681261 0.0003460406975394224 217
1627561681333 0.00034576526172769176 218
1627561681398 0.00034551833353164144 219
1627561681504 0.00034522068038223696 220
1627561681561 0.00034499709599684843 221
1627561681632 0.00034473084429308284 222
1627561681703 0.00034446452684216397 223
1627561681797 0.00034407294190358384 224
1627561681864 0.0003438314498023018 225
1627561681926 0.0003435935185281368 226
1627561681998 0.00034332387231904884 227
1627561682061 0.00034312536758850966 228
1627561682142 0.00034284234326351174 229
1627561682217 0.00034261060434751027 230
1627561682277 0.00034238805915364287 231
1627561682340 0.0003421749243347396 232
1627561682400 0.00034198993561681103 233
1627561682475 0.00034175500960369995 234
1627561682544 0.0003415215465939598 235
1627561682618 0.00034128883917183595 236
1627561682688 0.0003410657845770567 237
1627561682761 0.00034083542012833604 238
1627561682819 0.0003406213385448628 239
1627561682893 0.0003403943159341847 240
1627561682967 0.00034016362045536204 241
1627561683024 0.00033996803579595616 242
1627561683105 0.00033970442603492134 243
1627561683170 0.00033947708427289896 244
1627561683244 0.0003392386424816202 245
1627561683308 0.00033900761877340047 246
1627561683369 0.0003387824137886091 247
1627561683422 0.0003385661940754991 248
1627561683495 0.0003383422781747489 249
1627561683565 0.0003380987828773884 250
1627561683640 0.0003378504520265992 251
1627561683708 0.0003376049737468328 252
1627561683766 0.0003374130371371424 253
1627561683834 0.00033722835453706243 254
1627561683895 0.0003370512935485216 255
1627561683957 0.00033686570709327124 256
1627561684043 0.0003365806478916391 257
1627561684102 0.000336363893376261 258
1627561684174 0.00033612889627043405 259
1627561684242 0.0003359010340816727 260
1627561684307 0.00033571818976311005 261
1627561684377 0.0003354549942318503 262
1627561684449 0.00033526158870664984 263
1627561684516 0.00033505994448498406 264
1627561684586 0.00033483354861149194 265
1627561684675 0.0003345001745755641 266
1627561684744 0.0003342835644898219 267
1627561684805 0.0003340807498127897 268
1627561684859 0.0003338828242663823 269
1627561684913 0.0003337055051728684 270
1627561684984 0.0003335007411543546 271
1627561685044 0.00033330004218326765 272
1627561685127 0.0003330068296704188 273
1627561685194 0.0003328440435389191 274
1627561685258 0.00033265211178999465 275
1627561685331 0.00033244956603868154 276
1627561685409 0.0003321917723472478 277
1627561685479 0.00033198827691059755 278
1627561685551 0.00033180606279618993 279
1627561685611 0.0003315995856702333 280
1627561685673 0.0003313792672251027 281
1627561685762 0.0003310919169721471 282
1627561685820 0.00033092666579817603 283
1627561685888 0.0003307281790975179 284
1627561685964 0.0003305266911126565 285
1627561686019 0.0003303873677883968 286
1627561686094 0.00033013427773082683 287
1627561686179 0.0003299284835003975 288
1627561686231 0.00032978308724236963 289
1627561686287 0.0003295714334219759 290
1627561686380 0.0003292907533090464 291
1627561686439 0.00032911987620887656 292
1627561686496 0.0003289446573791357 293
1627561686565 0.0003287315928731834 294
1627561686621 0.0003285249318778081 295
1627561686684 0.0003283145503096732 296
1627561686748 0.00032810645170774124 297
1627561686809 0.0003279022250176788 298
1627561686877 0.0003277006103202108 299
1627561686944 0.0003275316117658911 300
1627561687009 0.0003273187582397677 301
1627561687075 0.00032711244558603954 302
1627561687143 0.0003269110161922217 303
1627561687222 0.00032667594319314486 304
1627561687304 0.00032647116430279625 305
1627561687374 0.0003262822693404835 306
1627561687459 0.00032606710188029124 307
1627561687530 0.0003258724832561708 308
1627561687596 0.00032568751151398185 309
1627561687689 0.00032545505326945264 310
1627561687770 0.0003252903116436194 311
1627561687832 0.0003251089146110477 312
1627561687888 0.00032491559003479116 313
1627561687950 0.0003247159228712217 314
1627561688010 0.00032452871063552474 315
1627561688067 0.00032437588431838047 316
1627561688138 0.00032416535362859235 317
1627561688209 0.0003239652998934671 318
1627561688295 0.0003238224784877542 319
1627561688377 0.0003236489338447907 320
1627561688439 0.0003234703874696953 321
1627561688519 0.00032323887847993 322
1627561688593 0.00032307909470740266 323
1627561688663 0.0003228745525751174 324
1627561688730 0.00032270739404663184 325
1627561688790 0.00032251252445549694 326
1627561688857 0.0003223295764401599 327
1627561688922 0.0003221967005031612 328
1627561688992 0.00032203316400345133 329
1627561689053 0.0003218565675038408 330
1627561689129 0.00032164903581196025 331
1627561689205 0.0003214413087473139 332
1627561689275 0.0003212463136264654 333
1627561689342 0.00032105673547331995 334
1627561689427 0.00032080831119151137 335
1627561689500 0.0003206040262769228 336
1627561689583 0.00032040215601360515 337
1627561689670 0.0003202109003772438 338
1627561689756 0.00031997398559439416 339
1627561689825 0.00031978321406223823 340
1627561689907 0.00031959255102073436 341
1627561689997 0.0003193935495191136 342
1627561690087 0.00032911987620887656 343
1627561694265 0.0010994991059129922 0
1627561694405 0.0010141397050565748 1
1627561694554 0.0009387701766187927 2
1627561694680 0.0008724967680073159 3
1627561694828 0.0008144456041316279 4
1627561694954 0.0007637846207508275 5
1627561695104 0.0007200880677549773 6
1627561695226 0.0006822184707151814 7
1627561695353 0.0006495514034359587 8
1627561695477 0.0006212747877910347 9
1627561695602 0.0005968313355493028 10
1627561695728 0.0005760387006250909 11
1627561695843 0.0005580619175673915 12
1627561695956 0.0005428331840783248 13
1627561696065 0.0005297831235224405 14
1627561696189 0.0005187218244010942 15
1627561696350 0.000509299746484481 16
1627561696489 0.0005015809081214106 17
1627561696625 0.0004948713573431716 18
1627561696738 0.0004885425954602844 19
1627561696856 0.0004834056319859969 20
1627561696986 0.00047901022287134007 21
1627561697087 0.00047469264686656197 22
1627561697222 0.0004710208705436515 23
1627561697339 0.00046791427762235045 24
1627561697439 0.0004652541459271716 25
1627561697586 0.00046269964013064506 26
1627561697747 0.00046047417364183317 27
1627561697889 0.00045850467300895156 28
1627561698016 0.00045607389230860676 29
1627561698122 0.000454080848817819 30
1627561698258 0.00045261919860334294 31
1627561698395 0.000450542593135076 32
1627561698518 0.0004486934529770949 33
1627561698643 0.000447425827316934 34
1627561698772 0.00044610748656256785 35
1627561698875 0.00044468133369398547 36
1627561699006 0.00044266478502521877 37
1627561699100 0.00044118800951998345 38
1627561699198 0.0004391486868388635 39
1627561699296 0.00043823482867486036 40
1627561699391 0.0004365472207293734 41
1627561699493 0.0004342112827963182 42
1627561699597 0.0004330682436879354 43
1627561699693 0.00043209569374661383 44
1627561699782 0.0004312388026421872 45
1627561699874 0.0004300613374532414 46
1627561699962 0.0004289479999863783 47
1627561700063 0.0004273729438344852 48
1627561700164 0.0004262067156988549 49
1627561700325 0.00042435888008682764 50
1627561700457 0.0004236847306456989 51
1627561700556 0.00042219092017644277 52
1627561700648 0.00042104187327750216 53
1627561700738 0.00042045767115217046 54
1627561700841 0.00041874451200934494 55
1627561700960 0.0004169882807477184 56
1627561701050 0.0004163365221019634 57
1627561701149 0.0004156433479254373 58
1627561701277 0.0004148213289836316 59
1627561701369 0.00041414290805849444 60
1627561701468 0.0004135353912394246 61
1627561701615 0.0004119509190491014 62
1627561701700 0.0004113483979075142 63
1627561701799 0.0004105352519500011 64
1627561701910 0.0004090385024132192 65
1627561702001 0.0004084049322624531 66
1627561702104 0.00040754462582182 67
1627561702229 0.0004067807879685416 68
1627561702319 0.0004062688614308663 69
1627561702413 0.00040509076324902793 70
1627561702497 0.00040454506428240305 71
1627561702587 0.0004039428573158409 72
1627561702691 0.0004032916498681709 73
1627561702779 0.0004027530943864097 74
1627561702881 0.0004016597787210059 75
1627561702987 0.00040047546438442633 76
1627561703075 0.00039974458805205703 77
1627561703174 0.0003989529907502571 78
1627561703264 0.0003982214221878271 79
1627561703356 0.0003977049612197392 80
1627561703453 0.00039696506131278367 81
1627561703548 0.00039646338074483643 82
1627561703632 0.00039589147951204644 83
1627561703728 0.00039540918970465205 84
1627561703832 0.0003948851352034608 85
1627561703947 0.00039440247670317793 86
1627561704064 0.00039378187659664537 87
1627561704189 0.0003928822853658133 88
1627561704320 0.0003922655107449985 89
1627561704412 0.00039177732445424526 90
1627561704532 0.0003910766249903486 91
1627561704634 0.000390610883811373 92
1627561704731 0.0003901638839853678 93
1627561704824 0.0003897065873021516 94
1627561704943 0.00038923711909580214 95
1627561705069 0.00038884322803122004 96
1627561705194 0.00038817165435093675 97
1627561705274 0.00038773997114941025 98
1627561705375 0.0003870677511106567 99
1627561705479 0.00038619204331188293 100
1627561705575 0.0003854702277317725 101
1627561705658 0.00038490674452171795 102
1627561705746 0.0003844731724885453 103
1627561705837 0.00038405708949925386 104
1627561705937 0.0003833105112162148 105
1627561706001 0.000382924942027372 106
1627561706105 0.0003821949822150652 107
1627561706178 0.0003817828945069979 108
1627561706262 0.00038137682641383136 109
1627561706354 0.00038087468641206197 110
1627561706444 0.00038045795313724963 111
1627561706538 0.00038004331808553517 112
1627561706614 0.0003796497715805749 113
1627561706710 0.00037925320002365684 114
1627561706793 0.00037887745032213143 115
1627561706874 0.00037842869300630934 116
1627561706972 0.00037775670400288613 117
1627561707042 0.00037739697975909677 118
1627561707127 0.00037703159545877945 119
1627561707206 0.0003766795533540049 120
1627561707344 0.0003760545339851939 121
1627561707417 0.000375672961597954 122
1627561707486 0.00037532938968327803 123
1627561707595 0.000374966375710437 124
1627561707693 0.000374601869459667 125
1627561707777 0.0003742745080334428 126
1627561707866 0.0003739000673067453 127
1627561707954 0.0003735507720173161 128
1627561708031 0.00037318830203873603 129
1627561708105 0.0003728577474765416 130
1627561708184 0.0003725154466700777 131
1627561708277 0.00037205944277237535 132
1627561708353 0.0003717562605591632 133
1627561708436 0.0003714303407851423 134
1627561708517 0.00037112847377442234 135
1627561708627 0.00037057495798686776 136
1627561708742 0.0003700720894460349 137
1627561708818 0.0003697167525853657 138
1627561708903 0.00036928716730511203 139
1627561708977 0.0003689856531691367 140
1627561709079 0.00036839580733268187 141
1627561709176 0.00036785937286182166 142
1627561709251 0.0003675568680915953 143
1627561709327 0.000367221514720336 144
1627561709399 0.0003669063538753595 145
1627561709505 0.0003665995839790295 146
1627561709572 0.000366312163634181 147
1627561709670 0.0003659692881614286 148
1627561709770 0.0003653632712641049 149
1627561709878 0.00036506772781595855 150
1627561709980 0.00036472127955218 151
1627561710057 0.00036438792133585844 152
1627561710128 0.00036412000421367753 153
1627561710222 0.00036380805964166186 154
1627561710304 0.0003635086819286415 155
1627561710386 0.0003632288791635487 156
1627561710492 0.00036290037548223703 157
1627561710568 0.0003626343001285132 158
1627561710659 0.00036223515492467875 159
1627561710750 0.0003618092505824897 160
1627561710823 0.0003615604838319421 161
1627561710903 0.0003612756354962734 162
1627561710968 0.0003610246410693736 163
1627561711040 0.00036077968137157904 164
1627561711113 0.00036048372032217114 165
1627561711186 0.0003601996070362539 166
1627561711249 0.00035998230950220957 167
1627561711337 0.0003597099191613695 168
1627561711434 0.00035941838044119436 169
1627561711521 0.00035912275246522643 170
1627561711602 0.0003587953253761786 171
1627561711695 0.0003585277471166851 172
1627561711793 0.0003582638224454019 173
1627561711890 0.0003580397014157066 174
1627561711967 0.00035774809745901565 175
1627561712038 0.00035746365333863013 176
1627561712119 0.000357186840102749 177
1627561712189 0.0003569208646664919 178
1627561712250 0.00035664350337326133 179
1627561712323 0.0003563642589003815 180
1627561712396 0.0003560791762214415 181
1627561712497 0.00035580406085915765 182
1627561712578 0.0003555567943105146 183
1627561712635 0.00035531910249592065 184
1627561712703 0.0003550486901700133 185
1627561712770 0.0003547742941083897 186
1627561712843 0.00035449049031971447 187
1627561712964 0.000354028669612523 188
1627561713025 0.0003538076770023056 189
1627561713125 0.0003535813694858092 190
1627561713216 0.0003533431311678195 191
1627561713310 0.00035293901237103294 192
1627561713467 0.0003525171902215869 193
1627561713579 0.00035225793846438284 194
1627561713714 0.0003520050261116573 195
1627561713825 0.00035178003191930563 196
1627561713942 0.0003515127269827842 197
1627561714063 0.0003511865513169561 198
1627561714213 0.00035082683080989353 199
1627561714340 0.0003505314784422941 200
1627561714416 0.00035029012127022385 201
1627561714486 0.0003500481637902219 202
1627561714551 0.00034981686170497346 203
1627561714616 0.00034956799598567887 204
1627561714684 0.0003493313374290582 205
1627561714761 0.00034906353919015703 206
1627561714836 0.0003488336375460552 207
1627561714918 0.00034855188395765464 208
1627561715000 0.0003483144442608936 209
1627561715062 0.0003480806080081723 210
1627561715150 0.00034773473639702364 211
1627561715225 0.00034748142936962955 212
1627561715285 0.00034730427810595617 213
1627561715391 0.00034690363407220877 214
1627561715459 0.0003466775244205402 215
1627561715538 0.00034643415302899546 216
1627561715647 0.0003461919188362651 217
1627561715721 0.0003459386943472814 218
1627561715785 0.0003457004507144504 219
1627561715868 0.00034547869338290424 220
1627561715982 0.0003452493809304929 221
1627561716081 0.000345052015163098 222
1627561716188 0.00034480601161054365 223
1627561716310 0.0003445097023838616 224
1627561716371 0.00034429211910686316 225
1627561716437 0.0003440848584031897 226
1627561716518 0.0003438544762690839 227
1627561716586 0.00034361709107288323 228
1627561716646 0.00034343730049790476 229
1627561716718 0.0003432020212593586 230
1627561716787 0.0003429651930654511 231
1627561716870 0.0003427217050303577 232
1627561716945 0.0003424423654842635 233
1627561717035 0.000342067523627415 234
1627561717101 0.00034185952809064887 235
1627561717185 0.0003415464896640029 236
1627561717255 0.000341339155263755 237
1627561717318 0.00034111656357991774 238
1627561717385 0.00034088407522214303 239
1627561717462 0.0003406584271877759 240
1627561717527 0.00034047089156206706 241
1627561717603 0.00034021367515341757 242
1627561717686 0.0003399839115405142 243
1627561717751 0.00033979280825805353 244
1627561717823 0.000339590222112444 245
1627561717894 0.00033935382544458077 246
1627561717972 0.00033909835324863447 247
1627561718044 0.0003388965288790841 248
1627561718122 0.00033869553702546194 249
1627561718181 0.0003384476667100195 250
1627561718258 0.00033821086924007914 251
1627561718326 0.0003379994167185883 252
1627561718392 0.00033781407608751685 253
1627561718509 0.0003374556490740272 254
1627561718590 0.00033721525123931324 255
1627561718694 0.00033700427842264726 256
1627561718780 0.00033678762103076166 257
1627561718881 0.0003365533381327621 258
1627561719014 0.00033634111895348875 259
1627561719075 0.00033612562473344184 260
1627561719175 0.0003359224422758924 261
1627561719261 0.0003357067579449517 262
1627561719334 0.0003355330293224561 263
1627561719396 0.00033535055577116915 264
1627561719476 0.00033512143541429085 265
1627561719544 0.0003349327020514686 266
1627561719616 0.00033472051207624354 267
1627561719676 0.00033451313277201174 268
1627561719735 0.0003342909298417614 269
1627561719806 0.00033410764038904983 270
1627561719867 0.00033394825758829334 271
1627561719979 0.0003336366466613591 272
1627561720040 0.0003334345633374482 273
1627561720106 0.0003332593434861668 274
1627561720194 0.0003330701072034561 275
1627561720251 0.00033289015807834227 276
1627561720310 0.00033271762586677177 277
1627561720374 0.00033250375188703776 278
1627561720452 0.0003322956269639513 279
1627561720522 0.00033211735758832147 280
1627561720619 0.0003319541437598527 281
1627561720725 0.00033173124077225493 282
1627561720819 0.0003314660213653605 283
1627561720897 0.00033121689891333717 284
1627561720971 0.0003310289954788574 285
1627561721051 0.00033077576713364833 286
1627561721121 0.0003415464896640029 287
1627561725389 0.0010969650738641584 0
1627561725545 0.0010119965133465003 1
1627561725742 0.000936971411038816 2
1627561725897 0.0008710364269115634 3
1627561726034 0.0008129904046596734 4
1627561726184 0.0007624560984008416 5
1627561726315 0.000718703119562852 6
1627561726478 0.000680905901322711 7
1627561726613 0.0006483942122338799 8
1627561726746 0.0006203690386214329 9
1627561726874 0.0005961194362180249 10
1627561727008 0.0005755031967507129 11
1627561727132 0.0005576478929914384 12
1627561727262 0.0005426294488912423 13
1627561727425 0.0005298445935450844 14
1627561727545 0.0005189565519253894 15
1627561727700 0.000509696872887742 16
1627561727829 0.0005018837370830259 17
1627561727967 0.0004951959436118379 18
1627561728101 0.0004891214324841123 19
1627561728215 0.0004840920410169446 20
1627561728323 0.0004797831522687398 21
1627561728449 0.0004760366470293152 22
1627561728567 0.0004722777859286225 23
1627561728700 0.0004690112405151984 24
1627561728822 0.0004664078668040254 25
1627561728918 0.0004637058698652486 26
1627561728980 0.00046127258539894317 27
1627561729046 0.0004588619219846204 28
1627561729103 0.00045679323160100204 29
1627561729164 0.00045495991931632067 30
1627561729231 0.0004532024873209452 31
1627561729293 0.0004511456905638673 32
1627561729353 0.0004491921428228472 33
1627561729406 0.0004475956958381187 34
1627561729465 0.0004460748892690619 35
1627561729523 0.0004440126811525355 36
1627561729590 0.0004420629739830476 37
1627561729648 0.00044097576225971767 38
1627561729712 0.00043886637103387956 39
1627561729770 0.00043787745334660557 40
1627561729826 0.0004361146671399733 41
1627561729891 0.0004340632159113277 42
1627561729953 0.0004329787092851906 43
1627561730021 0.00043161372198613626 44
1627561730073 0.00043082674486393804 45
1627561730133 0.0004298081613573299 46
1627561730196 0.00042816362566929216 47
1627561730255 0.00042709902942061743 48
1627561730317 0.00042604549253777164 49
1627561730377 0.00042468709202595124 50
1627561730429 0.0004240347244895696 51
1627561730502 0.0004219986181757318 52
1627561730566 0.0004211960101626172 53
1627561730616 0.0004205583089052739 54
1627561730664 0.0004197272326002903 55
1627561730742 0.00041775296033336163 56
1627561730790 0.00041710243521463753 57
1627561730843 0.000416495112065507 58
1627561730908 0.0004153540765306634 59
1627561730962 0.00041470658583484926 60
1627561731033 0.00041299251472682994 61
1627561731103 0.0004115871321503384 62
1627561731164 0.000410699550957272 63
1627561731221 0.00041005163013663627 64
1627561731286 0.0004093542444687524 65
1627561731344 0.00040868031887784234 66
1627561731390 0.0004080904399081301 67
1627561731469 0.0004066237380395464 68
1627561731528 0.00040606241358052053 69
1627561731582 0.00040551139086221933 70
1627561731637 0.00040495721711924566 71
1627561731708 0.00040376490998701205 72
1627561731770 0.0004029011918924228 73
1627561731844 0.0004016874487760988 74
1627561731911 0.00040065054271931085 75
1627561731971 0.0004000048232305745 76
1627561732017 0.00039944903618921126 77
1627561732067 0.00039891938238325296 78
1627561732120 0.0003984079929222895 79
1627561732189 0.00039758517951542823 80
1627561732263 0.0003965724630109779 81
1627561732326 0.00039606515416760405 82
1627561732376 0.0003955710370974219 83
1627561732431 0.00039506076154415356 84
1627561732489 0.000394432612916131 85
1627561732537 0.0003939745825982119 86
1627561732592 0.00039340188139255994 87
1627561732645 0.00039293510522970295 88
1627561732698 0.0003924377318550522 89
1627561732746 0.00039195394099877056 90
1627561732798 0.0003915065881925462 91
1627561732856 0.00039070681331530345 92
1627561732904 0.00039021908449601145 93
1627561732959 0.00038973206231268903 94
1627561733030 0.00038879849190635353 95
1627561733081 0.0003883630403110544 96
1627561733136 0.00038791886140994853 97
1627561733204 0.0003871469666530144 98
1627561733255 0.0003867100305782129 99
1627561733314 0.0003862887094622242 100
1627561733370 0.000385808292591721 101
1627561733443 0.0003849193832346417 102
1627561733485 0.0003844873990739949 103
1627561733556 0.0003838205631294371 104
1627561733611 0.0003834083943730775 105
1627561733657 0.00038298430970599105 106
1627561733710 0.00038258250512655383 107
1627561733762 0.00038217001724319763 108
1627561733807 0.00038181773764809414 109
1627561733874 0.00038104101490380306 110
1627561733930 0.0003805380950270688 111
1627561733992 0.0003799747886702896 112
1627561734043 0.00037953639890715056 113
1627561734089 0.0003791486589422684 114
1627561734154 0.00037867999779196633 115
1627561734198 0.0003782899085560518 116
1627561734249 0.00037780661694176727 117
1627561734297 0.0003774208560460463 118
1627561734343 0.0003770761275346624 119
1627561734391 0.00037671719773029876 120
1627561734430 0.0003763260352626693 121
1627561734476 0.00037594745049364424 122
1627561734527 0.0003755691378240087 123
1627561734598 0.0003748868320912197 124
1627561734644 0.0003745401277411215 125
1627561734692 0.0003741929258984222 126
1627561734749 0.0003737825391386292 127
1627561734809 0.00037332866060384265 128
1627561734853 0.0003729691520140797 129
1627561734914 0.00037245404734904665 130
1627561734953 0.00037214132922084355 131
1627561735014 0.0003717477602510702 132
1627561735057 0.0003714029899321665 133
1627561735118 0.00037095012533775866 134
1627561735153 0.00037061476329070556 135
1627561735198 0.00037028790958339847 136
1627561735255 0.00036993960829831776 137
1627561735301 0.0003695619003205477 138
1627561735349 0.00036920637580229766 139
1627561735413 0.00036867378738233807 140
1627561735463 0.0003682968911915183 141
1627561735511 0.00036794357300252767 142
1627561735561 0.0003676026388743362 143
1627561735610 0.00036725155924352814 144
1627561735649 0.0003669545294845702 145
1627561735701 0.00036660658437137405 146
1627561735741 0.00036632165887966287 147
1627561735786 0.0003659667562626454 148
1627561735825 0.00036568934362801015 149
1627561735878 0.0003652815061941543 150
1627561735917 0.0003649985716414228 151
1627561735978 0.00036450557057018544 152
1627561736025 0.0003642049229946593 153
1627561736078 0.0003638122678421694 154
1627561736131 0.00036344277448794763 155
1627561736172 0.0003631922119156051 156
1627561736218 0.0003628502511170247 157
1627561736263 0.00036256590234672004 158
1627561736309 0.0003622615407728274 159
1627561736366 0.0003619754129641069 160
1627561736425 0.00036156132594901484 161
1627561736475 0.0003612312270367999 162
1627561736513 0.0003609680496898762 163
1627561736565 0.00036065227354497697 164
1627561736603 0.0003603706018289634 165
1627561736640 0.00036008412312744177 166
1627561736686 0.00035981629092884747 167
1627561736729 0.0003594696764775655 168
1627561736763 0.0003591838271126995 169
1627561736803 0.00035890671561520217 170
1627561736845 0.00035862967830658734 171
1627561736886 0.0003583999897234564 172
1627561736931 0.00035813123520157987 173
1627561736978 0.00035784372519637175 174
1627561737004 0.0003575995435590638 175
1627561737040 0.00035731422645214817 176
1627561737086 0.00035703152767030275 177
1627561737128 0.00035676738803485806 178
1627561737168 0.0003564745752177403 179
1627561737226 0.000356089733677359 180
1627561737262 0.00035579548510177315 181
1627561737298 0.0003555778169359661 182
1627561737333 0.00035533709677345714 183
1627561737379 0.00035506074292152533 184
1627561737417 0.00035481814169400984 185
1627561737448 0.00035460716301878337 186
1627561737486 0.00035433927408651776 187
1627561737532 0.00035399548164287046 188
1627561737579 0.0003537650802370548 189
1627561737620 0.0003534925595004351 190
1627561737672 0.00035310996893290694 191
1627561737704 0.00035290223086037237 192
1627561737742 0.0003526337128934673 193
1627561737786 0.0003523755118176183 194
1627561737833 0.00035210444993915625 195
1627561737871 0.00035185879096481684 196
1627561737916 0.00035158393305069024 197
1627561737952 0.0003513760334350825 198
1627561738002 0.0003511134554990917 199
1627561738047 0.0003508843774601175 200
1627561738092 0.0003506534795637412 201
1627561738138 0.00035037094159933314 202
1627561738180 0.0003500735639294929 203
1627561738225 0.00034981230371878327 204
1627561738261 0.0003495545461262772 205
1627561738308 0.0003492824367716828 206
1627561738346 0.00034905796231082006 207
1627561738379 0.0003488792810977932 208
1627561738426 0.000348647428902284 209
1627561738486 0.00034820698614412246 210
1627561738531 0.0003479693497842203 211
1627561738568 0.00034770051956943077 212
1627561738606 0.00034747682842084916 213
1627561738653 0.0003472282844210928 214
1627561738716 0.0003468085019374556 215
1627561738750 0.0003466117253435444 216
1627561738800 0.00034629258711741724 217
1627561738832 0.00034608129739004476 218
1627561738868 0.0003458829762170506 219
1627561738909 0.0003456515532749123 220
1627561738958 0.0003453850224794055 221
1627561739005 0.0003451446051906061 222
1627561739035 0.00034495162675751326 223
1627561739078 0.0003447416626672131 224
1627561739127 0.00034450729177250245 225
1627561739195 0.00034423705377413185 226
1627561739228 0.0003439926620820762 227
1627561739270 0.00034373531849155275 228
1627561739305 0.00034347165208764444 229
1627561739345 0.0003432206661174708 230
1627561739385 0.00034298220185790385 231
1627561739431 0.000342765821920008 232
1627561739470 0.0003425450387739187 233
1627561739518 0.00034226683466503666 234
1627561739552 0.00034206588912354536 235
1627561739592 0.0003418757656176993 236
1627561739656 0.00034151489324222043 237
1627561739691 0.0003413193723282521 238
1627561739728 0.0003410768415262748 239
1627561739770 0.0003408692440886567 240
1627561739811 0.0003406042173572133 241
1627561739848 0.00034036381708747526 242
1627561739894 0.0003401652623830997 243
1627561739932 0.0003399189717526032 244
1627561739974 0.0003397007105901257 245
1627561740009 0.0003394837627316431 246
1627561740049 0.0003392542944832592 247
1627561740082 0.0003390567824303249 248
1627561740114 0.0003388883025264408 249
1627561740145 0.00033866478839430326 250
1627561740182 0.0003384393617064207 251
1627561740210 0.0003382685830179132 252
1627561740246 0.0003380746344251876 253
1627561740279 0.00033791433182671013 254
1627561740323 0.00033769376640615725 255
1627561740365 0.0003374639730164233 256
1627561740400 0.00033726991713444295 257
1627561740442 0.0003370514144904552 258
1627561740502 0.00033667351490550734 259
1627561740538 0.0003364451739804895 260
1627561740576 0.00033625290349675093 261
1627561740630 0.00033590356426062393 262
1627561740670 0.0003356615442959137 263
1627561740709 0.00033541815557848416 264
1627561740745 0.0003351880093595027 265
1627561740786 0.0003349981645367955 266
1627561740834 0.000334772287244174 267
1627561740866 0.00033457385492431364 268
1627561740902 0.00033434539439550985 269
1627561740936 0.0003341763270418116 270
1627561740964 0.0003339765814578817 271
1627561741011 0.00033376112643972796 272
1627561741058 0.0003335122271020425 273
1627561741088 0.0003333066176816698 274
1627561741135 0.00033309220011908575 275
1627561741181 0.00033286872410907007 276
1627561741214 0.0003326630901516547 277
1627561741256 0.0003324248868507288 278
1627561741296 0.0003322191496235596 279
1627561741338 0.00033200255832039797 280
1627561741369 0.0003318524017264817 281
1627561741403 0.0003316485962994694 282
1627561741448 0.0003314496687438516 283
1627561741479 0.00033125082074365457 284
1627561741515 0.00033108590184451357 285
1627561741581 0.00033072005139347233 286
1627561741611 0.00033050572645651114 287
1627561741645 0.00033033296753276 288
1627561741676 0.0003301793829477624 289
1627561741730 0.0003410768415262748 290
1627561745614 0.0010999704968932215 0
1627561745804 0.001014672211967181 1
1627561745944 0.0009393271657376921 2
1627561746126 0.0008730727635016172 3
1627561746260 0.0008147965365708857 4
1627561746389 0.0007641096319714963 5
1627561746546 0.0007201354855164449 6
1627561746694 0.0006822378726230048 7
1627561746849 0.0006495324073649666 8
1627561746974 0.0006212637237991827 9
1627561747151 0.0005969159297507223 10
1627561747342 0.0005761287084196553 11
1627561747467 0.0005581410704067953 12
1627561747587 0.0005430317220069945 13
1627561747699 0.0005298307060600509 14
1627561747818 0.000518943914633336 15
1627561747935 0.0005096237101717968 16
1627561748100 0.0005018061477359338 17
1627561748267 0.0004951573580897444 18
1627561748437 0.0004890739259294002 19
1627561748572 0.00048398984286140094 20
1627561748691 0.0004795866748218266 21
1627561748804 0.00047588421338831915 22
1627561748920 0.0004725146314909609 23
1627561749037 0.0004687424285789504 24
1627561749137 0.00046618862508038695 25
1627561749242 0.0004637931749142054 26
1627561749345 0.0004614638365573803 27
1627561749458 0.00045932797433969165 28
1627561749559 0.00045715494400707464 29
1627561749694 0.00045523982452376846 30
1627561749821 0.0004536953872506196 31
1627561749950 0.0004521311980973657 32
1627561750049 0.0004501236752547802 33
1627561750149 0.00044867355390785927 34
1627561750262 0.00044643011730432505 35
1627561750367 0.00044447619408741245 36
1627561750464 0.0004425051780372445 37
1627561750562 0.0004414836257032353 38
1627561750652 0.000440030345076908 39
1627561750741 0.00043869450719611334 40
1627561750830 0.0004371520375673115 41
1627561750927 0.0004352021393738793 42
1627561751030 0.0004338127007849423 43
1627561751131 0.00043244788524889754 44
1627561751226 0.0004317017502835925 45
1627561751329 0.0004305774525489357 46
1627561751480 0.00042857242514896654 47
1627561751579 0.00042709194515587386 48
1627561751678 0.00042610604783867133 49
1627561751775 0.0004248387690188397 50
1627561751879 0.0004239586708641836 51
1627561751978 0.00042289458862028456 52
1627561752095 0.0004209646212642001 53
1627561752203 0.00041933658044152966 54
1627561752299 0.0004183984657922142 55
1627561752402 0.0004173451998298823 56
1627561752484 0.0004167248215613901 57
1627561752568 0.00041610439904856176 58
1627561752667 0.0004151540852307867 59
1627561752770 0.0004144945669434315 60
1627561752929 0.0004139068136821995 61
1627561753031 0.0004132964662766642 62
1627561753137 0.00041203424837216564 63
1627561753251 0.0004104322852560209 64
1627561753365 0.0004089933250981013 65
1627561753462 0.00040835876390849223 66
1627561753560 0.0004077755202546417 67
1627561753658 0.0004070415666598245 68
1627561753756 0.00040639693030800723 69
1627561753853 0.00040581628561490947 70
1627561753967 0.0004045463740396029 71
1627561754069 0.0004038317904146973 72
1627561754166 0.00040326029603726763 73
1627561754251 0.0004027416482036962 74
1627561754350 0.00040153192391766313 75
1627561754454 0.00040026170776998927 76
1627561754548 0.0003994256098819564 77
1627561754630 0.0003989150184064932 78
1627561754715 0.00039841532237782246 79
1627561754819 0.00039749098968569886 80
1627561754922 0.00039642848460670556 81
1627561755017 0.00039592396282176596 82
1627561755104 0.00039540491716888004 83
1627561755194 0.00039467644802568545 84
1627561755289 0.00039412750770350676 85
1627561755376 0.0003935402045122965 86
1627561755475 0.0003930697687552122 87
1627561755572 0.00039260678101057266 88
1627561755665 0.0003921265607545825 89
1627561755779 0.0003912295290398505 90
1627561755866 0.0003906574849947742 91
1627561755960 0.0003899162241930393 92
1627561756044 0.0003894607112685763 93
1627561756136 0.00038890952617533643 94
1627561756225 0.000388224675694489 95
1627561756317 0.00038778058422937566 96
1627561756409 0.00038702648755736845 97
1627561756489 0.00038661457824110097 98
1627561756577 0.00038617293577881615 99
1627561756675 0.0003857132110202958 100
1627561756768 0.00038524550473764235 101
1627561756874 0.00038437450750904655 102
1627561756967 0.0003838122810889898 103
1627561757046 0.0003833860029608861 104
1627561757143 0.00038299198420262435 105
1627561757231 0.0003825892410810818 106
1627561757315 0.00038211626877796456 107
1627561757395 0.0003817177983792801 108
1627561757475 0.0003813207738345016 109
1627561757566 0.0003808182988215078 110
1627561757659 0.00038038866631380795 111
1627561757742 0.00038000392964540727 112
1627561757819 0.0003796014995174354 113
1627561757900 0.00037919221315703687 114
1627561758001 0.0003784401316400189 115
1627561758071 0.0003780153535226243 116
1627561758148 0.00037764907478476023 117
1627561758219 0.0003772909393898318 118
1627561758337 0.0003769285141430067 119
1627561758454 0.0003765884229661574 120
1627561758563 0.0003762304972827998 121
1627561758641 0.0003758889935008252 122
1627561758734 0.00037551990254261274 123
1627561758797 0.00037519470312186707 124
1627561758882 0.00037483444213442217 125
1627561758986 0.00037426458982133556 126
1627561759051 0.00037396054637384905 127
1627561759166 0.00037323371813352004 128
1627561759247 0.00037286789266970766 129
1627561759325 0.00037252345691381417 130
1627561759420 0.00037193210840251976 131
1627561759504 0.0003713895588615112 132
1627561759581 0.00037103792683164274 133
1627561759666 0.00037069217809678856 134
1627561759754 0.00037033629164675625 135
1627561759862 0.00037000032281629886 136
1627561759958 0.00036960103180079605 137
1627561760056 0.00036925312439071056 138
1627561760198 0.00036887137695313017 139
1627561760279 0.00036853246258652413 140
1627561760372 0.00036820957757863177 141
1627561760455 0.00036794041357519696 142
1627561760531 0.00036767617621483807 143
1627561760622 0.0003673375195732656 144
1627561760696 0.00036702130594116464 145
1627561760782 0.00036666289839111353 146
1627561760871 0.00036635433196315705 147
1627561760978 0.00036605898617539736 148
1627561761062 0.0003657563362308729 149
1627561761137 0.0003654316719854151 150
1627561761243 0.00036493150864818697 151
1627561761325 0.0003645318978139718 152
1627561761403 0.0003642594368377341 153
1627561761466 0.00036399273007187795 154
1627561761555 0.0003635758050609276 155
1627561761626 0.0003632589183599107 156
1627561761706 0.00036293755518687014 157
1627561761809 0.0003626567047895656 158
1627561761920 0.0003623391417886818 159
1627561761990 0.0003620546372738861 160
1627561762075 0.0003617544475286221 161
1627561762190 0.00036146314539857536 162
1627561762293 0.0003612131724183827 163
1627561762379 0.0003607875142173949 164
1627561762449 0.0003604881364448371 165
1627561762527 0.000360191366905821 166
1627561762595 0.0003598835805424418 167
1627561762668 0.0003595988136761095 168
1627561762737 0.00035926506395089997 169
1627561762818 0.0003589645413329368 170
1627561762882 0.0003586991999267624 171
1627561762951 0.0003584146392583063 172
1627561763034 0.00035810263087774486 173
1627561763121 0.00035779834608190705 174
1627561763204 0.00035748813748743695 175
1627561763283 0.0003572043131645753 176
1627561763403 0.00035690848459588194 177
1627561763466 0.00035664226082938907 178
1627561763551 0.0003563129655084575 179
1627561763615 0.00035602015970334064 180
1627561763688 0.0003557481344777707 181
1627561763753 0.00035553239066155496 182
1627561763890 0.0003550616487596701 183
1627561763949 0.0003548164346348718 184
1627561764031 0.0003544908627533213 185
1627561764122 0.0003541068277990075 186
1627561764206 0.00035380323331953435 187
1627561764285 0.0003535460838019875 188
1627561764362 0.00035329606204205537 189
1627561764432 0.00035303310668576856 190
1627561764489 0.00035282148799432525 191
1627561764561 0.0003525578498060554 192
1627561764633 0.00035231474869633946 193
1627561764705 0.0003520648856462374 194
1627561764783 0.0003517864789190289 195
1627561764847 0.0003515365731954511 196
1627561764928 0.000351292777211294 197
1627561765005 0.00035104791177152254 198
1627561765104 0.0003508128882890813 199
1627561765176 0.0003505734655304727 200
1627561765243 0.0003503223608743596 201
1627561765323 0.0003499909442067984 202
1627561765419 0.0003496318233183586 203
1627561765481 0.00034940576193277046 204
1627561765555 0.0003491486518172522 205
1627561765621 0.0003489347376722021 206
1627561765698 0.000348705330899229 207
1627561765773 0.00034846971583110025 208
1627561765852 0.0003481986096737174 209
1627561765940 0.00034789256378742547 210
1627561766010 0.0003476705493742979 211
1627561766082 0.0003474094640092855 212
1627561766145 0.0003471482937074197 213
1627561766208 0.0003469216500755431 214
1627561766291 0.0003466614304698181 215
1627561766381 0.00034640487385190677 216
1627561766453 0.00034614555650436463 217
1627561766514 0.000345937572108238 218
1627561766592 0.0003456787654052428 219
1627561766689 0.0003453358295234413 220
1627561766747 0.0003451539742545534 221
1627561766834 0.00034490033642019333 222
1627561766927 0.0003446800171883884 223
1627561767056 0.0003443609079323833 224
1627561767183 0.0003441326323601857 225
1627561767272 0.00034395827811129615 226
1627561767341 0.000343707067344041 227
1627561767422 0.00034346149529273866 228
1627561767487 0.00034328329848520823 229
1627561767560 0.00034301628314235805 230
1627561767631 0.0003427782264496409 231
1627561767708 0.00034254708821102644 232
1627561767779 0.00034231922515079606 233
1627561767842 0.00034208055331451734 234
1627561767916 0.00034188193651908005 235
1627561767997 0.00034165228055506774 236
1627561768057 0.00034145885526500074 237
1627561768120 0.0003412540862178379 238
1627561768189 0.00034102720411722105 239
1627561768274 0.0003407374634364739 240
1627561768337 0.0003405172421451418 241
1627561768399 0.00034030394869433514 242
1627561768457 0.0003400757994969477 243
1627561768525 0.00033984252757948355 244
1627561768592 0.00033966386889975453 245
1627561768691 0.00033943781964168677 246
1627561768766 0.0003392042227070777 247
1627561768871 0.0003389964788605142 248
1627561768932 0.00033881861847661894 249
1627561768993 0.0003386307628086915 250
1627561769060 0.0003384128030690014 251
1627561769123 0.00033816394906136974 252
1627561769190 0.000337948439324186 253
1627561769260 0.00033773990757998094 254
1627561769325 0.00033753351456754303 255
1627561769386 0.0003373230706997547 256
1627561769472 0.0003371073008220899 257
1627561769535 0.00033689290016532546 258
1627561769592 0.000336732631489922 259
1627561769668 0.0003365073103656613 260
1627561769724 0.00033636608513961785 261
1627561769793 0.00033614775679154216 262
1627561769863 0.00033593215721645307 263
1627561769937 0.00033571830302417806 264
1627561770001 0.00033550731614527746 265
1627561770107 0.0003352848330893769 266
1627561770220 0.0003350551592650604 267
1627561770318 0.00033477338495314284 268
1627561770384 0.0003345464205148646 269
1627561770467 0.00033424387568423364 270
1627561770534 0.0003340617148726807 271
1627561770637 0.00033382584521834344 272
1627561770723 0.00033360851482701635 273
1627561770808 0.00033339505959573633 274
1627561770904 0.00033316314856994295 275
1627561770980 0.00033296065682949274 276
1627561771046 0.0003327666467489089 277
1627561771104 0.0003325586588975046 278
1627561771167 0.00033236311649729593 279
1627561771226 0.0003321774078159139 280
1627561771320 0.0003318146122164793 281
1627561771391 0.0003316037997841682 282
1627561771455 0.00033142971781211183 283
1627561771523 0.0003312107051564423 284
1627561771598 0.0003310059519158424 285
1627561771660 0.00033080205019235797 286
1627561771716 0.0003306112736308317 287
1627561771780 0.00033039503483293665 288
1627561771841 0.00033024601831471327 289
1627561771900 0.0003300698603074813 290
1627561771978 0.0003407374634364739 291
