1627558860305 0.0010986717315422585 0
1627558860428 0.001013395194811074 1
1627558860554 0.0009379883788653232 2
1627558860699 0.0008717053456853227 3
1627558860834 0.0008134580865932418 4
1627558860970 0.0007627825908588474 5
1627558861104 0.0007188283632092095 6
1627558861230 0.0006809744343472261 7
1627558861349 0.0006482718005862382 8
1627558861475 0.0006199544528932209 9
1627558861594 0.0005955274407647929 10
1627558861716 0.0005746867122632412 11
1627558861830 0.0005567351437463724 12
1627558861948 0.000541612952612199 13
1627558862061 0.0005283187332965393 14
1627558862204 0.0005174270248378321 15
1627558862314 0.0005080585948161093 16
1627558862432 0.000500288848745233 17
1627558862548 0.0004935778203316288 18
1627558862657 0.0004874602593486825 19
1627558862762 0.0004822044262911095 20
1627558862870 0.00047783807173072446 21
1627558862981 0.0004739088032285682 22
1627558863090 0.00047062920496223666 23
1627558863201 0.00046771842972230613 24
1627558863330 0.0004650304247073665 25
1627558863427 0.00046265340479460185 26
1627558863523 0.0004604579861536379 27
1627558863657 0.00045831172019427464 28
1627558863760 0.00045608815558546866 29
1627558863851 0.0004540397725045387 30
1627558863951 0.0004518561942480351 31
1627558864052 0.0004497667514581662 32
1627558864145 0.0004478109616061151 33
1627558864231 0.0004463418026432871 34
1627558864332 0.0004445358887691361 35
1627558864436 0.0004429918589959571 36
1627558864538 0.0004406318440962678 37
1627558864638 0.0004396777993521754 38
1627558864758 0.0004374181963126093 39
1627558864888 0.0004359118378740602 40
1627558864987 0.00043433468788643936 41
1627558865086 0.00043273910525721507 42
1627558865183 0.0004317449285808037 43
1627558865292 0.00043057061415849177 44
1627558865383 0.00042982635532598436 45
1627558865500 0.0004272547366097771 46
1627558865600 0.0004259499064235228 47
1627558865695 0.0004252367026752619 48
1627558865801 0.0004244206081992991 49
1627558865905 0.00042230368780451615 50
1627558865994 0.00042154930910430266 51
1627558866084 0.00042032885415674444 52
1627558866199 0.0004182364645098609 53
1627558866295 0.000417350884901513 54
1627558866430 0.00041663834535855717 55
1627558866592 0.00041530733096180696 56
1627558866687 0.0004144444873617848 57
1627558866787 0.00041381721461640285 58
1627558866888 0.00041292433438822035 59
1627558866993 0.0004115772074023049 60
1627558867105 0.00041020619742436243 61
1627558867200 0.00040959534492980527 62
1627558867287 0.00040892430405097284 63
1627558867379 0.0004080420075227161 64
1627558867487 0.0004067525695813858 65
1627558867573 0.000406022435461501 66
1627558867676 0.00040470237602658205 67
1627558867766 0.0004038703196492692 68
1627558867860 0.00040305930708715 69
1627558867949 0.0004024650823734882 70
1627558868028 0.00040189347397535924 71
1627558868111 0.00040139307661782693 72
1627558868207 0.00040038453961530453 73
1627558868296 0.00039983982012880366 74
1627558868388 0.00039920419882387187 75
1627558868479 0.0003986638214912422 76
1627558868569 0.0003981516461853405 77
1627558868665 0.00039764037105118505 78
1627558868809 0.00039707602858027015 79
1627558868924 0.00039594392979729986 80
1627558869030 0.00039493081462160925 81
1627558869122 0.0003944097351830377 82
1627558869201 0.00039396641251899107 83
1627558869294 0.00039347976277651596 84
1627558869383 0.0003929844317997257 85
1627558869463 0.0003924597549039139 86
1627558869549 0.0003920112744836899 87
1627558869638 0.0003914490197449514 88
1627558869719 0.00039096252621985416 89
1627558869793 0.00039055621717548226 90
1627558869879 0.00039012329226183006 91
1627558870015 0.00038909561706837237 92
1627558870179 0.0003883967617651861 93
1627558870276 0.000387904992545826 94
1627558870368 0.0003874807206070827 95
1627558870460 0.00038694531267488287 96
1627558870550 0.00038651596515854226 97
1627558870659 0.00038564287891357685 98
1627558870746 0.0003851742053271969 99
1627558870834 0.00038472577142914326 100
1627558870923 0.00038413976803662337 101
1627558871052 0.00038309334621079217 102
1627558871127 0.00038269518934005124 103
1627558871206 0.000382268261873553 104
1627558871307 0.00038188965488077044 105
1627558871399 0.0003814918404979347 106
1627558871509 0.0003811080009056951 107
1627558871636 0.0003804527519885512 108
1627558871721 0.0003800407631417847 109
1627558871822 0.0003792789133252892 110
1627558871903 0.00037884834319832256 111
1627558871984 0.0003784239962939263 112
1627558872068 0.00037793975891249685 113
1627558872153 0.0003775175598900581 114
1627558872235 0.0003771356903393175 115
1627558872304 0.00037676037436850643 116
1627558872389 0.00037619366889837764 117
1627558872469 0.0003758076623571499 118
1627558872566 0.00037516828321902245 119
1627558872695 0.00037468512643403645 120
1627558872769 0.00037430268131227675 121
1627558872845 0.0003739268943951589 122
1627558872928 0.0003735597330730876 123
1627558873023 0.00037318717284161155 124
1627558873143 0.0003728168334758825 125
1627558873239 0.0003721318662973919 126
1627558873367 0.0003716701105056379 127
1627558873480 0.0003709702815853641 128
1627558873560 0.00037062014824670126 129
1627558873640 0.0003703178071129143 130
1627558873716 0.0003700334471966736 131
1627558873798 0.0003696881084040849 132
1627558873884 0.0003693477613562583 133
1627558873980 0.0003689651400734941 134
1627558874055 0.0003686416569934401 135
1627558874162 0.0003682904911251515 136
1627558874271 0.0003675769449081852 137
1627558874345 0.000367256208492456 138
1627558874435 0.0003668644312527901 139
1627558874513 0.00036653544137876733 140
1627558874628 0.0003659238674118098 141
1627558874703 0.0003655901934404995 142
1627558874787 0.0003652467560371327 143
1627558874900 0.00036495299657350117 144
1627558874989 0.00036460570875981 145
1627558875078 0.00036428847047798463 146
1627558875167 0.0003638932785021134 147
1627558875226 0.0003636038817365984 148
1627558875291 0.0003633091640343997 149
1627558875362 0.00036299639920396647 150
1627558875459 0.00036248693210920734 151
1627558875530 0.00036222459048861527 152
1627558875637 0.00036191721089122404 153
1627558875707 0.00036162428778137393 154
1627558875809 0.00036133014516425674 155
1627558875886 0.000361029012059905 156
1627558875977 0.00036069648391828915 157
1627558876075 0.0003603029543288804 158
1627558876182 0.00035999572738182263 159
1627558876263 0.0003596846191996811 160
1627558876364 0.00035939591958164964 161
1627558876459 0.00035909187059011933 162
1627558876535 0.00035881981964224185 163
1627558876628 0.0003583960768937194 164
1627558876694 0.00035813975235424807 165
1627558876774 0.0003578354553900716 166
1627558876834 0.0003575831252301593 167
1627558876912 0.0003573359082308602 168
1627558876986 0.00035706062123927896 169
1627558877063 0.00035675288640853696 170
1627558877153 0.0003564218558438907 171
1627558877262 0.00035613667155032116 172
1627558877331 0.0003558518211313187 173
1627558877397 0.0003555878350100335 174
1627558877476 0.0003552990063815377 175
1627558877557 0.00035498843186852763 176
1627558877656 0.00035456701634113897 177
1627558877732 0.0003542803856865651 178
1627558877807 0.0003540406120475003 179
1627558877875 0.0003537820725298899 180
1627558877949 0.00035350810219755466 181
1627558878024 0.0003532285578279057 182
1627558878103 0.000352979989334137 183
1627558878189 0.0003526885333388644 184
1627558878260 0.00035240989632771917 185
1627558878336 0.00035212575141032253 186
1627558878398 0.00035191401386260295 187
1627558878478 0.0003516356231879524 188
1627558878564 0.0003513494750897458 189
1627558878635 0.00035107911281313813 190
1627558878722 0.0003508160008081755 191
1627558878794 0.0003505745415964988 192
1627558878877 0.00035030831293473045 193
1627558878968 0.00035007030077968085 194
1627558879079 0.00034970866582920965 195
1627558879142 0.0003494950608612845 196
1627558879211 0.0003492394143681878 197
1627558879296 0.0003489646536977117 198
1627558879378 0.0003487202653618022 199
1627558879471 0.00034840667256213576 200
1627558879558 0.00034811755706922506 201
1627558879631 0.0003478486593891695 202
1627558879704 0.00034757948085401284 203
1627558879784 0.00034730140093231296 204
1627558879846 0.000347063871288564 205
1627558879926 0.0003468095424739926 206
1627558880006 0.00034655592749909263 207
1627558880070 0.0003463097114207427 208
1627558880145 0.00034605682364576 209
1627558880212 0.0003457964220402652 210
1627558880316 0.0003453930158065851 211
1627558880380 0.0003451379315393108 212
1627558880460 0.00034489824867169007 213
1627558880551 0.00034463677038021996 214
1627558880623 0.000344414484494605 215
1627558880698 0.0003441711419294923 216
1627558880766 0.0003439574010188184 217
1627558880847 0.0003436916311633522 218
1627558880910 0.00034347709671663315 219
1627558880985 0.0003432728683343055 220
1627558881059 0.00034303543785747516 221
1627558881138 0.0003428020275704299 222
1627558881210 0.0003425715242919842 223
1627558881274 0.00034236306113423655 224
1627558881337 0.00034216272795989394 225
1627558881406 0.00034194347345439726 226
1627558881469 0.0003416976680467373 227
1627558881533 0.0003414726944523215 228
1627558881614 0.00034122152140097167 229
1627558881686 0.0003409687266537909 230
1627558881760 0.0003407215558095027 231
1627558881832 0.00034048708567909847 232
1627558881913 0.00034026010008591026 233
1627558881986 0.0003400310948121672 234
1627558882055 0.00033977128942593493 235
1627558882125 0.0003395689559586871 236
1627558882203 0.0003393452890867402 237
1627558882286 0.00033911349631940435 238
1627558882369 0.0003388589899015703 239
1627558882476 0.00033850944364466936 240
1627558882546 0.00033827475643672224 241
1627558882615 0.0003380405057169717 242
1627558882698 0.00033781366852683075 243
1627558882758 0.00033759391351622807 244
1627558882835 0.0003373816832621029 245
1627558882902 0.00033712955674896294 246
1627558882974 0.000336880156832034 247
1627558883041 0.0003366694951467701 248
1627558883121 0.0003364525351597787 249
1627558883189 0.0003361991972824086 250
1627558883259 0.0003359573614045811 251
1627558883325 0.0003357208024169524 252
1627558883406 0.00033547421193218073 253
1627558883486 0.00033522634654602245 254
1627558883563 0.00033499610071464046 255
1627558883639 0.00033476887853248216 256
1627558883702 0.0003345998051030279 257
1627558883774 0.00033436767953266334 258
1627558883884 0.0003339954431789534 259
1627558883970 0.0003337842169154967 260
1627558884045 0.0003335719024609498 261
1627558884119 0.00033338151299719404 262
1627558884220 0.00033308014076822534 263
1627558884294 0.00033284949869313645 264
1627558884378 0.000332604473361607 265
1627558884481 0.00033229386924670147 266
1627558884557 0.0003320914428849413 267
1627558884629 0.00033187103176771316 268
1627558884700 0.0003316664633175603 269
1627558884773 0.00033142757808366814 270
1627558884854 0.0003311753397276027 271
1627558884907 0.00033099840578329823 272
1627558884969 0.0003307932321782293 273
1627558885032 0.00033058651417108034 274
1627558885096 0.00033037730955313836 275
1627558885172 0.0003301731530922587 276
1627558885228 0.00032997307328065174 277
1627558885313 0.0003297648135551387 278
1627558885422 0.000329575793129883 279
1627558885518 0.0003293796333125349 280
1627558885594 0.00032920478823201117 281
1627558885653 0.0003290069588719616 282
1627558885721 0.0003287949063053423 283
1627558885752 0.0003285923517028112 284
1627558885788 0.0003283883753605036 285
1627558885844 0.00032806603375691205 286
1627558885882 0.0003278768984637477 287
1627558885919 0.0003276726621374598 288
1627558885964 0.00032746332366185915 289
1627558886003 0.0003272494263119814 290
1627558886049 0.0003270504120761769 291
1627558886083 0.000326858315520797 292
1627558886129 0.00032661823866812176 293
1627558886163 0.00032642368728478003 294
1627558886194 0.0003262383828855679 295
1627558886224 0.00032602994483606874 296
1627558886259 0.00032582952862193705 297
1627558886304 0.0003256000710018665 298
1627558886333 0.00032544646398102473 299
1627558886380 0.000325247060239834 300
1627558886411 0.00032503073842629133 301
1627558886446 0.0003248208120229562 302
1627558886495 0.00032461963594964814 303
1627558886532 0.0003244095494616074 304
1627558886562 0.000324250250247313 305
1627558886594 0.0003240315256011651 306
1627558886630 0.0003238331314081882 307
1627558886668 0.00032365865891338614 308
1627558886717 0.00032339792907444716 309
1627558886748 0.0003231997397460911 310
1627558886798 0.0003229152356012079 311
1627558886828 0.00032274363482328217 312
1627558886868 0.0003225411347060567 313
1627558886895 0.00032235898305619685 314
1627558886933 0.00032217912172076424 315
1627558886964 0.00032197554567001005 316
1627558886994 0.000321790462025534 317
1627558887030 0.00032158793049432983 318
1627558887063 0.0003214265929860371 319
1627558887095 0.0003212260922865869 320
1627558887137 0.0003210247716403181 321
1627558887174 0.0003208027472556916 322
1627558887201 0.0003206320560183186 323
1627558887242 0.000320465229330519 324
1627558887290 0.0003202637704099314 325
1627558887322 0.00032007610528600553 326
1627558887366 0.00031987048269231026 327
1627558887397 0.0003197096825220034 328
1627558887446 0.00031945753629057433 329
1627558887491 0.00031927542406096825 330
1627558887525 0.0003191094667460637 331
1627558887556 0.00031892972951693544 332
1627558887584 0.0003187450998222381 333
1627558887620 0.0003185513565395208 334
1627558887654 0.0003183609943200464 335
1627558887683 0.00031818918818097896 336
1627558887725 0.00031800946076808803 337
1627558887757 0.0003178675171116513 338
1627558887791 0.00031772606613514944 339
1627558887820 0.00031754476014528635 340
1627558887855 0.00031736821096138866 341
1627558887898 0.000317175135680383 342
1627558887926 0.00031700168533075435 343
1627558887967 0.00031682327346163223 344
1627558888033 0.00032642368728478003 345
1627558891964 0.001098519956132614 0
1627558892137 0.0010133602077457293 1
1627558892298 0.0009380952193410062 2
1627558892438 0.0008718979754933131 3
1627558892570 0.0008137885218566131 4
1627558892709 0.0007631692314998049 5
1627558892845 0.0007192813647537697 6
1627558892974 0.0006814851959676081 7
1627558893097 0.0006489781030684049 8
1627558893222 0.0006208066785933742 9
1627558893363 0.0005964982327167728 10
1627558893490 0.0005758294269073267 11
1627558893609 0.0005579343030368162 12
1627558893735 0.0005427171327068308 13
1627558893848 0.00052980739310102 14
1627558894016 0.0005187734609647295 15
1627558894154 0.000509453784804087 16
1627558894282 0.0005016394377530246 17
1627558894402 0.0004949846534700349 18
1627558894511 0.000488890626348425 19
1627558894619 0.0004838093383658977 20
1627558894728 0.0004793617503622654 21
1627558894858 0.0004756895727690196 22
1627558894966 0.0004720870054743456 23
1627558895077 0.00046882076979770393 24
1627558895179 0.0004662666245305394 25
1627558895280 0.0004637648073743229 26
1627558895377 0.00046126753601635556 27
1627558895480 0.0004592396531912236 28
1627558895619 0.00045701506341517005 29
1627558895781 0.0004549024719988299 30
1627558895951 0.00045301138104249185 31
1627558896057 0.0004514514016247208 32
1627558896175 0.0004493773551877086 33
1627558896269 0.00044785329877590637 34
1627558896375 0.0004463771500000797 35
1627558896495 0.000443868411873534 36
1627558896604 0.0004419082394476996 37
1627558896707 0.000440729905035647 38
1627558896810 0.0004389984874392403 39
1627558896910 0.00043797964793767586 40
1627558897006 0.0004359781398964776 41
1627558897099 0.0004350559011312191 42
1627558897204 0.000433636704234476 43
1627558897301 0.0004321868947239205 44
1627558897394 0.0004309138802945177 45
1627558897498 0.0004291475510514313 46
1627558897602 0.00042722575200865624 47
1627558897700 0.0004261667674812162 48
1627558897803 0.00042540229850567137 49
1627558897904 0.0004244064521026248 50
1627558897997 0.0004236846959180637 51
1627558898141 0.00042158829209746197 52
1627558898263 0.0004195944453945834 53
1627558898374 0.00041890839016167804 54
1627558898511 0.0004179071690062585 55
1627558898610 0.00041677232068540714 56
1627558898697 0.00041603847030607905 57
1627558898779 0.000415394911309258 58
1627558898884 0.0004146969379000283 59
1627558898998 0.0004141017300629077 60
1627558899096 0.0004135260776572321 61
1627558899198 0.00041196539108637534 62
1627558899287 0.00041138449443943687 63
1627558899394 0.00040992169523853 64
1627558899492 0.0004086426611487619 65
1627558899586 0.0004080085101100462 66
1627558899687 0.0004069441707872367 67
1627558899793 0.00040594560810118595 68
1627558899895 0.0004050780711946252 69
1627558899990 0.0004044586337258825 70
1627558900088 0.00040383250078071607 71
1627558900172 0.00040329610521527495 72
1627558900276 0.00040240696324107345 73
1627558900393 0.00040104456402844947 74
1627558900504 0.00039995283631187714 75
1627558900592 0.00039943566022735387 76
1627558900678 0.00039891945487694744 77
1627558900765 0.00039840750395380434 78
1627558900857 0.0003977831729661618 79
1627558900964 0.00039672781593324305 80
1627558901049 0.0003961959767104884 81
1627558901153 0.00039565291703423747 82
1627558901239 0.0003951276492328313 83
1627558901345 0.0003945929818626361 84
1627558901462 0.0003939711739419715 85
1627558901537 0.0003934766512598042 86
1627558901620 0.0003930005745842657 87
1627558901708 0.00039250979475315167 88
1627558901802 0.00039198036673766487 89
1627558901912 0.0003909570551317844 90
1627558902022 0.00038981890998254407 91
1627558902133 0.0003893714962241989 92
1627558902215 0.0003888810751815446 93
1627558902299 0.00038842892914865587 94
1627558902381 0.0003877665625549431 95
1627558902477 0.000387214500817758 96
1627558902574 0.00038658129086446136 97
1627558902684 0.0003860630438652442 98
1627558902823 0.00038558748897521465 99
1627558902942 0.0003848331727093296 100
1627558903040 0.000384415007882839 101
1627558903138 0.00038372850107748973 102
1627558903211 0.0003833357876915437 103
1627558903289 0.00038291649764673856 104
1627558903367 0.0003825144255123046 105
1627558903443 0.00038207251949543415 106
1627558903521 0.00038165395305307377 107
1627558903598 0.00038122013177859746 108
1627558903686 0.0003808460799853117 109
1627558903777 0.0003803908698728726 110
1627558903866 0.00037992488687241764 111
1627558903949 0.00037942400040666093 112
1627558904030 0.0003790216012880645 113
1627558904106 0.00037860878280206075 114
1627558904218 0.00037823440959010844 115
1627558904311 0.000377839031472019 116
1627558904455 0.0003771975197818558 117
1627558904531 0.00037682608240648016 118
1627558904624 0.00037625263017247826 119
1627558904733 0.0003758907291849938 120
1627558904799 0.0003755488733380296 121
1627558904889 0.00037513003591614326 122
1627558905021 0.0003747625417941128 123
1627558905139 0.00037432408819985035 124
1627558905210 0.0003739483677248968 125
1627558905290 0.0003736127564259637 126
1627558905410 0.00037296262247985446 127
1627558905544 0.00037256447796721174 128
1627558905636 0.00037220044173618435 129
1627558905762 0.0003717923187844743 130
1627558905913 0.00037135085143346085 131
1627558906041 0.00037103103181121297 132
1627558906166 0.0003706711775797894 133
1627558906245 0.0003703552106635336 134
1627558906307 0.0003700086513455024 135
1627558906380 0.0003696743961857415 136
1627558906446 0.0003693809310167101 137
1627558906513 0.0003690587600757658 138
1627558906577 0.00036873844385490435 139
1627558906666 0.000368277777799596 140
1627558906747 0.0003679287536229721 141
1627558906815 0.0003675840660595599 142
1627558906896 0.0003672323778920407 143
1627558906966 0.0003669182347182122 144
1627558907056 0.00036650226949107116 145
1627558907200 0.0003661778932293444 146
1627558907267 0.0003658823846366705 147
1627558907339 0.0003655528418343739 148
1627558907421 0.00036516824100400383 149
1627558907503 0.0003648574001249691 150
1627558907569 0.0003645871191220319 151
1627558907658 0.0003640900110146428 152
1627558907748 0.00036366720276898945 153
1627558907862 0.0003633438661131591 154
1627558907989 0.0003630424596144619 155
1627558908102 0.00036272132674624804 156
1627558908211 0.0003624272249304489 157
1627558908299 0.00036196532419270784 158
1627558908368 0.00036165877485429954 159
1627558908453 0.0003612033032405001 160
1627558908557 0.00036062489914699756 161
1627558908633 0.0003602522770083718 162
1627558908696 0.0003599877818847686 163
1627558908799 0.00035968778783994484 164
1627558908858 0.00035939881956516744 165
1627558908946 0.00035903126196901175 166
1627558909051 0.00035875794602818056 167
1627558909161 0.0003584873162146647 168
1627558909240 0.0003582201497713446 169
1627558909362 0.0003579031680095374 170
1627558909443 0.0003575956437563038 171
1627558909552 0.0003573091974281916 172
1627558909667 0.00035701680617046354 173
1627558909781 0.0003567182034505659 174
1627558909883 0.000356444509187055 175
1627558909998 0.000356150007431871 176
1627558910116 0.0003558880773681028 177
1627558910171 0.00035564725436695676 178
1627558910236 0.00035535183797781285 179
1627558910306 0.0003551033440577053 180
1627558910383 0.00035481364084639347 181
1627558910443 0.0003545552775120496 182
1627558910538 0.0003540921209310606 183
1627558910596 0.0003538476023039954 184
1627558910681 0.0003534345914618923 185
1627558910751 0.00035314314907592255 186
1627558910820 0.0003528994738297252 187
1627558910884 0.0003526665669201767 188
1627558910949 0.000352408196886293 189
1627558911044 0.00035207287445401645 190
1627558911130 0.0003517983314767042 191
1627558911197 0.00035153419421636394 192
1627558911271 0.00035127932963686313 193
1627558911335 0.0003509956046511402 194
1627558911413 0.0003507330703057395 195
1627558911490 0.0003504742653915109 196
1627558911556 0.00035022078994684106 197
1627558911613 0.00034998340361990757 198
1627558911701 0.0003497045739587314 199
1627558911775 0.0003494277367788917 200
1627558911883 0.0003491700967750124 201
1627558911951 0.00034896575196788576 202
1627558912012 0.0003487080035877133 203
1627558912109 0.0003483605520915018 204
1627558912200 0.00034811300881443274 205
1627558912271 0.00034787675791039807 206
1627558912374 0.0003474742854917813 207
1627558912451 0.0003472247141749539 208
1627558912529 0.00034698796253715853 209
1627558912613 0.00034672391614018103 210
1627558912706 0.0003464623743930825 211
1627558912776 0.0003461904698008478 212
1627558912836 0.0003459478346658942 213
1627558912906 0.0003456652645621989 214
1627558912974 0.00034544272338261396 215
1627558913049 0.00034521862388341834 216
1627558913118 0.00034496485353971185 217
1627558913195 0.00034468727799624716 218
1627558913257 0.00034445234558090816 219
1627558913332 0.00034420396434567033 220
1627558913415 0.00034399844871067613 221
1627558913505 0.0003437533147352198 222
1627558913589 0.0003434597942977321 223
1627558913643 0.00034325160396029647 224
1627558913702 0.00034303398535485947 225
1627558913760 0.00034282811160712257 226
1627558913817 0.0003426050304242094 227
1627558913877 0.0003424061007669534 228
1627558913966 0.0003421995248381965 229
1627558914041 0.0003419898244040184 230
1627558914113 0.00034172447921900466 231
1627558914205 0.00034146724406931486 232
1627558914309 0.0003412022321431429 233
1627558914379 0.0003409773314270689 234
1627558914449 0.0003407388731249822 235
1627558914509 0.0003405424698156376 236
1627558914591 0.00034030861761313516 237
1627558914681 0.00034006776948025707 238
1627558914744 0.0003398446467670579 239
1627558914809 0.0003396366442907176 240
1627558914871 0.0003394134002947077 241
1627558914939 0.0003391989356856031 242
1627558914998 0.0003389685217311446 243
1627558915059 0.0003387649704058082 244
1627558915150 0.0003384854024799187 245
1627558915207 0.0003382736807194126 246
1627558915274 0.0003380573624394964 247
1627558915360 0.0003378442112612471 248
1627558915437 0.0003376414102087807 249
1627558915524 0.0003373779221812244 250
1627558915645 0.0003371335754996468 251
1627558915718 0.0003369001385884068 252
1627558915794 0.00033671078708339135 253
1627558915877 0.0003365099238159665 254
1627558915935 0.0003363422105891425 255
1627558915998 0.0003361280176781057 256
1627558916073 0.0003359269327734707 257
1627558916148 0.0003356941521109705 258
1627558916218 0.0003354534482719436 259
1627558916303 0.0003352185432339577 260
1627558916429 0.000334939375871847 261
1627558916500 0.0003464623743930825 262
1627558920606 0.0010994030524730653 0
1627558920783 0.0010140285009727476 1
1627558920960 0.0009386001756374893 2
1627558921127 0.0008723216084074856 3
1627558921277 0.0008142439776636891 4
1627558921407 0.0007635074436974876 5
1627558921548 0.0007195547048799107 6
1627558921676 0.0006817418153715979 7
1627558921810 0.0006492266948605719 8
1627558921933 0.0006208153837678011 9
1627558922058 0.0005963446500310478 10
1627558922177 0.000575476862866906 11
1627558922295 0.0005575906148116834 12
1627558922409 0.0005423155274917315 13
1627558922527 0.0005294377234837999 14
1627558922646 0.0005185346201075135 15
1627558922759 0.0005091939328160252 16
1627558922933 0.0005013756072085645 17
1627558923114 0.0004946822989461108 18
1627558923272 0.0004885846530222123 19
1627558923378 0.0004833413643517882 20
1627558923486 0.0004789304106006845 21
1627558923591 0.000475071030567607 22
1627558923726 0.0004714394672381199 23
1627558923848 0.0004681977167762584 24
1627558923944 0.00046562493784400004 25
1627558924043 0.00046298614769440567 26
1627558924145 0.0004605442354061249 27
1627558924248 0.0004583702479410671 28
1627558924351 0.00045589481805814237 29
1627558924447 0.000454079320234785 30
1627558924554 0.00045213677155171885 31
1627558924664 0.0004501500869250502 32
1627558924763 0.0004482695794418491 33
1627558924868 0.00044663068938625094 34
1627558924966 0.0004450723163503958 35
1627558925090 0.00044287462817827947 36
1627558925216 0.00044114780765917464 37
1627558925334 0.0004395226698435708 38
1627558925433 0.0004379281560067193 39
1627558925522 0.0004368971567480559 40
1627558925620 0.0004351326189919031 41
1627558925718 0.0004332323855052199 42
1627558925812 0.0004323980316585538 43
1627558925918 0.0004309902771910255 44
1627558926014 0.0004299503006867847 45
1627558926115 0.00042834250465528047 46
1627558926203 0.0004274501162874691 47
1627558926294 0.00042641667859603244 48
1627558926393 0.0004255500845682863 49
1627558926505 0.00042382674545739495 50
1627558926604 0.00042307107528160643 51
1627558926699 0.000421769642734608 52
1627558926817 0.0004196875918815137 53
1627558926917 0.0004183919569145796 54
1627558927010 0.00041722223667450315 55
1627558927120 0.0004163156576094924 56
1627558927212 0.0004154411509618545 57
1627558927294 0.00041476932030307426 58
1627558927400 0.0004139096335315568 59
1627558927488 0.0004132770103771896 60
1627558927593 0.0004116137212570515 61
1627558927691 0.00041034738923922373 62
1627558927806 0.00040952348724102825 63
1627558927907 0.0004089528307541682 64
1627558928005 0.0004082263468772007 65
1627558928098 0.00040761996803722684 66
1627558928198 0.0004067498742883494 67
1627558928303 0.00040607271416324026 68
1627558928397 0.00040552113597833883 69
1627558928514 0.00040488982353427833 70
1627558928606 0.0004043342719089113 71
1627558928724 0.0004038395964577314 72
1627558928839 0.00040244191612195127 73
1627558928934 0.0004018871552594411 74
1627558929033 0.0004013994829485564 75
1627558929111 0.0004008937372529124 76
1627558929206 0.00040017102655540864 77
1627558929311 0.00039932049891871536 78
1627558929399 0.00039879781611859664 79
1627558929521 0.00039826110868533516 80
1627558929624 0.000397521867037224 81
1627558929759 0.0003969182062098905 82
1627558929869 0.0003958844183160105 83
1627558929980 0.0003952883710954785 84
1627558930081 0.0003947651810658004 85
1627558930185 0.000394334094234448 86
1627558930277 0.0003936658716931085 87
1627558930368 0.0003932002560929889 88
1627558930463 0.0003927182734296327 89
1627558930563 0.0003922225333777801 90
1627558930690 0.0003910778387705172 91
1627558930787 0.00039045472704485226 92
1627558930859 0.0003900121928445596 93
1627558930937 0.00038959697892546996 94
1627558931041 0.00038880893337343104 95
1627558931137 0.00038824893096618506 96
1627558931222 0.0003877869678798148 97
1627558931323 0.0003869874280954481 98
1627558931407 0.0003865015641682492 99
1627558931507 0.00038604968215293626 100
1627558931613 0.0003854927047616536 101
1627558931694 0.0003850703277646157 102
1627558931777 0.0003846175345417007 103
1627558931894 0.00038394049027693064 104
1627558931992 0.00038344799642993864 105
1627558932079 0.00038304368226705135 106
1627558932163 0.00038260681442881347 107
1627558932248 0.00038216445356746223 108
1627558932339 0.0003817113504888503 109
1627558932425 0.0003812967471920356 110
1627558932518 0.00038087789352050336 111
1627558932689 0.00037995931600273063 112
1627558932855 0.0003791958716171713 113
1627558932976 0.0003787865223878931 114
1627558933048 0.00037842268621760493 115
1627558933121 0.00037802410069285745 116
1627558933215 0.0003774256590402883 117
1627558933300 0.00037695677082483995 118
1627558933366 0.0003766322581482351 119
1627558933454 0.00037612978573489593 120
1627558933547 0.0003757559618981704 121
1627558933634 0.00037531931954157136 122
1627558933720 0.00037491492755387253 123
1627558933818 0.0003744116081405763 124
1627558933883 0.00037409814012760864 125
1627558933967 0.00037377173071296356 126
1627558934067 0.00037309906400414015 127
1627558934148 0.0003727567244758777 128
1627558934234 0.0003723580461430117 129
1627558934308 0.0003720259977050999 130
1627558934387 0.000371695714460844 131
1627558934480 0.00037132568206198625 132
1627558934563 0.0003709594006966428 133
1627558934672 0.00037015647264607995 134
1627558934758 0.0003698107604442739 135
1627558934827 0.0003694926017434651 136
1627558934908 0.00036916498398773423 137
1627558934988 0.0003688133137828239 138
1627558935064 0.0003684696689764995 139
1627558935166 0.00036812630475590365 140
1627558935237 0.00036783825674335796 141
1627558935311 0.00036751213199079954 142
1627558935372 0.0003672344649289815 143
1627558935449 0.00036690188965174175 144
1627558935526 0.0003665539905825545 145
1627558935629 0.0003662106248756943 146
1627558935703 0.00036591190201200357 147
1627558935767 0.0003656326377207917 148
1627558935859 0.0003652914653337267 149
1627558935938 0.0003649320658605731 150
1627558936013 0.00036459706586463534 151
1627558936084 0.0003642992256411129 152
1627558936161 0.00036400139347462975 153
1627558936256 0.0003636829153121406 154
1627558936342 0.0003633613040428536 155
1627558936417 0.0003630633034517824 156
1627558936487 0.00036275075159068943 157
1627558936546 0.0003625132508067029 158
1627558936631 0.00036212188184523824 159
1627558936727 0.0003618165438656306 160
1627558936811 0.0003615041428292851 161
1627558936876 0.00036120735401996975 162
1627558936971 0.00036091964676156576 163
1627558937097 0.0003604863510375054 164
1627558937227 0.0003601758745357753 165
1627558937307 0.00035986274714230567 166
1627558937393 0.00035936386858207445 167
1627558937489 0.000358859914081761 168
1627558937550 0.00035858255114485906 169
1627558937622 0.00035831455117113194 170
1627558937729 0.0003580262995047489 171
1627558937801 0.00035776263510214955 172
1627558937882 0.0003574300744027809 173
1627558937959 0.0003571373636334478 174
1627558938027 0.00035684488341438883 175
1627558938119 0.0003564369191659525 176
1627558938275 0.00035596133380870996 177
1627558938343 0.00035567257438903944 178
1627558938424 0.0003554011047875539 179
1627558938492 0.0003551633729232827 180
1627558938581 0.00035489414044718586 181
1627558938680 0.00035436281743707695 182
1627558938782 0.00035407727942794086 183
1627558938866 0.0003538160981162926 184
1627558938963 0.00035335149966108254 185
1627558939053 0.0003530783970653918 186
1627558939158 0.00035279650816085574 187
1627558939232 0.0003525277401486176 188
1627558939297 0.00035225941923259883 189
1627558939377 0.0003520027288060999 190
1627558939437 0.00035177981630907457 191
1627558939508 0.00035148058524847077 192
1627558939566 0.0003512507992029922 193
1627558939632 0.0003509945009671736 194
1627558939721 0.0003505634403159465 195
1627558939798 0.00035031439376069306 196
1627558939893 0.0003498822245629914 197
1627558939955 0.0003496493142693711 198
1627558940031 0.000349414638753591 199
1627558940092 0.00034920030186663805 200
1627558940182 0.00034883603593881024 201
1627558940265 0.00034855971606261986 202
1627558940322 0.0003482933395275984 203
1627558940398 0.0003480273847994537 204
1627558940457 0.00034777169440383606 205
1627558940533 0.0003475414542301134 206
1627558940613 0.00034719371495852953 207
1627558940676 0.0003469858011920451 208
1627558940753 0.00034672627176639736 209
1627558940841 0.00034649806810225587 210
1627558940966 0.0003462609849852657 211
1627558941053 0.0003459989177385912 212
1627558941133 0.00034574576579094065 213
1627558941195 0.0003455369321527693 214
1627558941302 0.00034529691701624287 215
1627558941424 0.0003450441520712759 216
1627558941527 0.00034479440178196555 217
1627558941592 0.0003445837857257285 218
1627558941709 0.00034432530987371337 219
1627558941793 0.00034409465944395265 220
1627558941861 0.0003438776130383968 221
1627558941979 0.00034363494610212036 222
1627558942088 0.00034341009769235415 223
1627558942160 0.00034316514972594674 224
1627558942224 0.0003429492245533039 225
1627558942318 0.0003427414880528677 226
1627558942420 0.000342496481606665 227
1627558942483 0.00034224883983559914 228
1627558942552 0.00034197256980379937 229
1627558942606 0.00034178468100292157 230
1627558942666 0.0003415683580269558 231
1627558942757 0.00034121783428418324 232
1627558942829 0.00034091234776195364 233
1627558942897 0.00034068312853769025 234
1627558942967 0.0003404356221664856 235
1627558943032 0.00034021614259867024 236
1627558943105 0.0003399968292658199 237
1627558943182 0.00033976443897884524 238
1627558943248 0.00033954133534928323 239
1627558943315 0.0003393124515871632 240
1627558943402 0.00033911429886734033 241
1627558943512 0.0003388739295920241 242
1627558943572 0.0003386627276927278 243
1627558943633 0.0003384536690329536 244
1627558943749 0.0003380464323671904 245
1627558943811 0.00033782124233201554 246
1627558943869 0.00033760359101282235 247
1627558943943 0.00033738716205554837 248
1627558944003 0.0003371591375163031 249
1627558944061 0.00033692311076618316 250
1627558944123 0.0003367111507324947 251
1627558944202 0.0003364572583966726 252
1627558944266 0.0003362128376132482 253
1627558944332 0.0003360170260087346 254
1627558944394 0.00033579297558354127 255
1627558944461 0.00034777169440383606 256
1627558948845 0.0010971769970395074 0
1627558948979 0.0010123457677670164 1
1627558949104 0.0009375613507781682 2
1627558949235 0.0008713317491707645 3
1627558949365 0.0008132639005258283 4
1627558949568 0.000762693509015472 5
1627558949772 0.0007189400870386775 6
1627558949973 0.0006810366085295136 7
1627558950144 0.0006484586518457961 8
1627558950291 0.0006203075615002706 9
1627558950432 0.0005960113448644292 10
1627558950565 0.0005752712387629511 11
1627558950687 0.0005574536797562827 12
1627558950807 0.0005423570011484415 13
1627558950912 0.0005293523859221962 14
1627558951029 0.0005185729328490907 15
1627558951143 0.0005094232686011888 16
1627558951261 0.000501648665399309 17
1627558951381 0.0004950008041335642 18
1627558951498 0.0004889180386724157 19
1627558951603 0.00048374839458254263 20
1627558951706 0.0004792338388761389 21
1627558951819 0.0004754493821590254 22
1627558951924 0.0004720533790317232 23
1627558952028 0.0004684397605636458 24
1627558952133 0.00046573649212117813 25
1627558952230 0.0004633539426226944 26
1627558952330 0.0004612017371689961 27
1627558952440 0.00045897205426733974 28
1627558952538 0.00045672336342036284 29
1627558952635 0.0004542742514431038 30
1627558952737 0.00045192764992416676 31
1627558952842 0.0004500400611732875 32
1627558952943 0.00044825652298402616 33
1627558953047 0.0004470376753657413 34
1627558953136 0.00044566398401091285 35
1627558953238 0.00044393640065306587 36
1627558953342 0.00044158328790162393 37
1627558953435 0.0004403461272451621 38
1627558953535 0.00043896028472543584 39
1627558953683 0.0004377953375015333 40
1627558953767 0.00043589575231401626 41
1627558953882 0.00043395557792527456 42
1627558954045 0.000431707494884433 43
1627558954145 0.00043035230625674734 44
1627558954231 0.00042942305746681664 45
1627558954326 0.00042802886856302673 46
1627558954420 0.0004271448609917136 47
1627558954528 0.00042582408629246226 48
1627558954629 0.00042497351024146923 49
1627558954731 0.0004236782865811322 50
1627558954833 0.0004220427421986035 51
1627558954930 0.00042107559909193516 52
1627558955031 0.0004198581525612958 53
1627558955131 0.0004192080017347068 54
1627558955264 0.0004182359695460379 55
1627558955398 0.00041751522106751724 56
1627558955495 0.00041679656921160037 57
1627558955602 0.0004161975332068002 58
1627558955702 0.00041501779532687364 59
1627558955826 0.00041340870199858116 60
1627558955934 0.00041186318001150006 61
1627558956031 0.00041064410392829343 62
1627558956121 0.00041004093207523353 63
1627558956233 0.0004088792899523003 64
1627558956342 0.00040765996976550634 65
1627558956432 0.00040708521113756415 66
1627558956521 0.0004064643930672836 67
1627558956624 0.00040556931598564926 68
1627558956715 0.00040498569040496173 69
1627558956804 0.0004043999388405302 70
1627558956907 0.0004034006335763777 71
1627558957003 0.00040287282297914845 72
1627558957096 0.00040235017559065085 73
1627558957194 0.0004015925097748459 74
1627558957289 0.00040058816444966423 75
1627558957408 0.00039997173425460557 76
1627558957499 0.000399365563730758 77
1627558957588 0.0003988436107405085 78
1627558957674 0.00039832834641377433 79
1627558957760 0.0003977463990331857 80
1627558957855 0.0003971755843748654 81
1627558957954 0.0003963577158264027 82
1627558958058 0.00039548670726502206 83
1627558958158 0.0003948931949285432 84
1627558958244 0.000394423456156134 85
1627558958334 0.0003938790875015908 86
1627558958419 0.0003933660346568086 87
1627558958512 0.0003927527507726529 88
1627558958599 0.00039227900452110863 89
1627558958680 0.00039181012237046557 90
1627558958764 0.0003913636243490336 91
1627558958878 0.0003904542417330272 92
1627558959006 0.00038976699111495594 93
1627558959094 0.00038931302111010283 94
1627558959203 0.00038877841265361657 95
1627558959310 0.00038783469852660005 96
1627558959445 0.000387417352652463 97
1627558959557 0.00038696728299956546 98
1627558959648 0.0003865407645767021 99
1627558959738 0.0003861264829794062 100
1627558959830 0.00038570936560157536 101
1627558959918 0.0003852040537369874 102
1627558960013 0.00038453477684996664 103
1627558960088 0.00038407451051764566 104
1627558960181 0.00038357482480098996 105
1627558960254 0.0003831791918532163 106
1627558960351 0.00038250962508713744 107
1627558960436 0.0003820586578789225 108
1627558960539 0.00038134129576514756 109
1627558960634 0.0003806226749500422 110
1627558960721 0.00038020219183316524 111
1627558960800 0.00037977875366103803 112
1627558960876 0.00037938629127894097 113
1627558960956 0.00037899836032505215 114
1627558961034 0.0003786134844236505 115
1627558961107 0.00037823301545100734 116
1627558961187 0.0003778585547305382 117
1627558961282 0.00037727788236655257 118
1627558961361 0.0003768938996306 119
1627558961451 0.0003762440019813022 120
1627558961519 0.0003758717209092958 121
1627558961591 0.00037550952740319235 122
1627558961681 0.000375138938469158 123
1627558961789 0.00037476200855398836 124
1627558961920 0.0003743805998212889 125
1627558962002 0.00037402209880639964 126
1627558962085 0.00037367860781502033 127
1627558962217 0.00037334125104236286 128
1627558962319 0.0003729805083634352 129
1627558962433 0.0003726488972778767 130
1627558962525 0.0003723072409668913 131
1627558962603 0.0003719962947402262 132
1627558962692 0.0003716592317797945 133
1627558962791 0.00037128118036417563 134
1627558962863 0.0003709494247104558 135
1627558962941 0.0003705069156075225 136
1627558963033 0.000369841856574708 137
1627558963110 0.0003694976205593109 138
1627558963183 0.0003691266484424457 139
1627558963250 0.000368808581872297 140
1627558963322 0.00036847347933266256 141
1627558963390 0.00036813910439973253 142
1627558963476 0.0003678105383509989 143
1627558963541 0.0003674859444166738 144
1627558963618 0.00036717161002911393 145
1627558963704 0.0003666441722882176 146
1627558963798 0.00036611083258902144 147
1627558963943 0.0003655893459824466 148
1627558964060 0.000365253506667312 149
1627558964123 0.00036497450416851684 150
1627558964217 0.0003646795659788749 151
1627558964314 0.0003643865954853728 152
1627558964408 0.0003639210524705979 153
1627558964468 0.0003636349659974661 154
1627558964551 0.0003633351573559569 155
1627558964630 0.0003630102181078685 156
1627558964697 0.0003627038872297948 157
1627558964766 0.00036242016606814216 158
1627558964850 0.00036209542652130265 159
1627558964943 0.00036160034572960636 160
1627558965003 0.00036133811561990824 161
1627558965067 0.0003610915407128749 162
1627558965156 0.00036071085433302135 163
1627558965218 0.00036044408897308174 164
1627558965294 0.00036013709647994395 165
1627558965376 0.00035983364186867496 166
1627558965463 0.00035951713992897537 167
1627558965545 0.0003592038668289995 168
1627558965612 0.00035893486577856916 169
1627558965690 0.0003586408902468163 170
1627558965769 0.00035833132185112733 171
1627558965891 0.0003580180601297443 172
1627558966001 0.0003577178310174495 173
1627558966123 0.00035740996713676205 174
1627558966242 0.00035710219902876047 175
1627558966325 0.0003568067074341756 176
1627558966433 0.00035619415979937073 177
1627558966497 0.0003559186746962097 178
1627558966569 0.0003556314980470571 179
1627558966644 0.0003553427580487681 180
1627558966716 0.00035506132441723396 181
1627558966812 0.00035450982607704485 182
1627558966893 0.0003542499865786924 183
1627558966979 0.00035391805516278655 184
1627558967047 0.0003536491260166908 185
1627558967121 0.0003533596729680879 186
1627558967179 0.00035309203842600825 187
1627558967257 0.0003528220963310462 188
1627558967334 0.0003525288892919628 189
1627558967407 0.00035226841961688907 190
1627558967470 0.00035204524306956436 191
1627558967554 0.00035171633410483133 192
1627558967642 0.0003513125030686113 193
1627558967716 0.00035101844305812635 194
1627558967793 0.0003507436295918847 195
1627558967858 0.0003504945262336221 196
1627558967938 0.0003502511817254455 197
1627558968010 0.00035000164211002114 198
1627558968075 0.0003497545919610894 199
1627558968138 0.0003495437588990145 200
1627558968215 0.0003492840792409052 201
1627558968293 0.00034903248626825 202
1627558968360 0.00034876125565370475 203
1627558968438 0.000348438293530132 204
1627558968502 0.0003481630964640661 205
1627558968573 0.0003479383966581463 206
1627558968634 0.0003477107456464057 207
1627558968703 0.00034746521666897647 208
1627558968775 0.0003472151891657201 209
1627558968841 0.0003469596480854577 210
1627558968899 0.0003467078068204407 211
1627558968962 0.0003464606088914975 212
1627558969024 0.00034622361039968603 213
1627558969098 0.00034594119514431336 214
1627558969168 0.000345711143434252 215
1627558969221 0.00034547946507261794 216
1627558969278 0.0003452485422925865 217
1627558969336 0.00034502100470263394 218
1627558969408 0.0003447711882114138 219
1627558969481 0.00034450999283003016 220
1627558969559 0.0003442722796394916 221
1627558969640 0.0003440473276043987 222
1627558969712 0.00034379049226104943 223
1627558969767 0.00034358048540201796 224
1627558969830 0.0003433703719086111 225
1627558969887 0.0003431723471547747 226
1627558969957 0.00034292971500430463 227
1627558970018 0.00034269481101231394 228
1627558970109 0.0003423577715857952 229
1627558970171 0.0003421363141693848 230
1627558970235 0.0003418998806911318 231
1627558970341 0.00034145111803210074 232
1627558970416 0.00034122591013612734 233
1627558970498 0.0003410087917353778 234
1627558970553 0.0003407758556843194 235
1627558970636 0.0003405352884836244 236
1627558970745 0.0003402357396300977 237
1627558970828 0.00034000973093146293 238
1627558970890 0.0003397749781968387 239
1627558970979 0.00033950297319113075 240
1627558971043 0.00033928557696205847 241
1627558971104 0.0003390748461523748 242
1627558971183 0.0003388388470887934 243
1627558971254 0.00033860232356816507 244
1627558971312 0.0003384224240393003 245
1627558971377 0.0003507436295918847 246
1627558975462 0.0010999613006795498 0
1627558975596 0.0010146085685175733 1
1627558975721 0.0009391806462358803 2
1627558975845 0.0008727540470641629 3
1627558975978 0.0008144345333209718 4
1627558976104 0.0007636866559730186 5
1627558976244 0.0007197301907261237 6
1627558976401 0.0006817930505956632 7
1627558976521 0.0006490039957476898 8
1627558976648 0.0006208924720141745 9
1627558976801 0.0005964440288033858 10
1627558976912 0.0005757021888878983 11
1627558977089 0.0005577480521095206 12
1627558977280 0.0005426419867180066 13
1627558977390 0.0005294556004119672 14
1627558977568 0.0005185216677121821 15
1627558977676 0.0005092463610982991 16
1627558977796 0.0005012687912083029 17
1627558977910 0.0004944592121696112 18
1627558978020 0.00048818720132007715 19
1627558978149 0.00048302046099970935 20
1627558978298 0.00047854410694424574 21
1627558978473 0.00047472357073354026 22
1627558978642 0.00047143569667100764 23
1627558978749 0.0004681380198807051 24
1627558978850 0.0004654974104809941 25
1627558979000 0.0004630758128299309 26
1627558979097 0.00046065708553436453 27
1627558979241 0.0004587402087730303 28
1627558979387 0.00045664169665051205 29
1627558979534 0.00045463381923087744 30
1627558979639 0.00045253717192675715 31
1627558979774 0.0004505281572590699 32
1627558979882 0.00044867706565326866 33
1627558980004 0.00044749593526010993 34
1627558980104 0.000445489258883362 35
1627558980206 0.00044323924394848213 36
1627558980364 0.00044138967986722435 37
1627558980501 0.00044009715297605145 38
1627558980601 0.0004383733846179614 39
1627558980738 0.00043730843071905875 40
1627558980876 0.00043497927573006264 41
1627558980968 0.00043330057093465216 42
1627558981129 0.000431342128794669 43
1627558981272 0.00042975916365248354 44
1627558981361 0.00042898150942309647 45
1627558981502 0.00042749895097316524 46
1627558981608 0.0004265113434101723 47
1627558981729 0.0004246738410472042 48
1627558981830 0.00042321526867121587 49
1627558981958 0.00042184149874906457 50
1627558982059 0.00042108766101733657 51
1627558982185 0.0004202803629791161 52
1627558982322 0.00041841673374263443 53
1627558982457 0.0004177226171602035 54
1627558982542 0.00041706966011158155 55
1627558982667 0.0004152215407321011 56
1627558982800 0.00041450822698233506 57
1627558982943 0.00041373506851308256 58
1627558983062 0.0004130710844441874 59
1627558983142 0.00041244176156001605 60
1627558983288 0.00041092954717124157 61
1627558983432 0.00041019231147017396 62
1627558983511 0.000409572272287443 63
1627558983628 0.000408964524817364 64
1627558983749 0.00040750937984212495 65
1627558983837 0.00040688981766905276 66
1627558983932 0.00040611190473085844 67
1627558984027 0.00040517174162499586 68
1627558984165 0.0004044108069321773 69
1627558984272 0.00040387777572615917 70
1627558984378 0.00040330398116206575 71
1627558984467 0.0004027535983041543 72
1627558984570 0.0004015255532395745 73
1627558984668 0.0004009472538045012 74
1627558984773 0.00040040306020855653 75
1627558984877 0.0003997538987853837 76
1627558984969 0.00039915795703794556 77
1627558985056 0.0003986675899076409 78
1627558985156 0.00039788608976696574 79
1627558985255 0.0003970928158793923 80
1627558985351 0.00039610275327387 81
1627558985436 0.0003956126012977804 82
1627558985540 0.00039482226636633786 83
1627558985624 0.00039433483932500396 84
1627558985704 0.0003938240196796723 85
1627558985791 0.00039332160535419404 86
1627558985877 0.0003928273483033361 87
1627558985959 0.00039234711193482705 88
1627558986064 0.0003914545677154214 89
1627558986145 0.00039094890965521147 90
1627558986247 0.0003900726369182838 91
1627558986379 0.0003891142886213888 92
1627558986492 0.00038863678243994805 93
1627558986580 0.0003881136949393186 94
1627558986688 0.0003876068439976267 95
1627558986787 0.00038704049432616416 96
1627558986878 0.00038620131302430165 97
1627558986951 0.0003858061315113308 98
1627558987033 0.00038536856477620104 99
1627558987119 0.00038487230814425807 100
1627558987187 0.00038447130199338613 101
1627558987283 0.0003840065148658326 102
1627558987373 0.00038353647319648007 103
1627558987461 0.00038311569482563773 104
1627558987555 0.00038271976789161255 105
1627558987645 0.0003821434696061546 106
1627558987733 0.00038164333327616473 107
1627558987824 0.0003812270117634137 108
1627558987925 0.00038086160481821073 109
1627558988005 0.00038044842446096185 110
1627558988081 0.000380057368015062 111
1627558988168 0.0003796632046095566 112
1627558988245 0.00037928500959175923 113
1627558988333 0.00037882038776812 114
1627558988421 0.00037834443148103517 115
1627558988491 0.0003780086079126278 116
1627558988575 0.0003776254740985171 117
1627558988655 0.0003772315374651485 118
1627558988732 0.0003766782335417184 119
1627558988820 0.0003760465093922125 120
1627558988897 0.0003756879496103935 121
1627558988960 0.0003753042602030986 122
1627558989061 0.00037469219564137743 123
1627558989166 0.0003743338093896638 124
1627558989250 0.0003739158876047719 125
1627558989324 0.00037356862270051166 126
1627558989419 0.0003729809139795703 127
1627558989494 0.0003726328058304646 128
1627558989577 0.000372240165966812 129
1627558989665 0.0003718929466167902 130
1627558989752 0.00037155293556595233 131
1627558989839 0.000371118224758962 132
1627558989948 0.00037058171593282104 133
1627558990035 0.0003700943264874925 134
1627558990110 0.00036974886341203874 135
1627558990207 0.00036939903416480225 136
1627558990270 0.00036903356607742897 137
1627558990350 0.0003686761200248324 138
1627558990429 0.0003682992727793708 139
1627558990511 0.0003678788751347446 140
1627558990595 0.0003674617714341751 141
1627558990694 0.000367024730101541 142
1627558990770 0.00036671670830774596 143
1627558990851 0.0003663838815030286 144
1627558990925 0.00036602577849063043 145
1627558991055 0.0003656850425803998 146
1627558991184 0.0003653580038418601 147
1627558991279 0.0003650345703587478 148
1627558991385 0.00036471542008152994 149
1627558991560 0.0003641086272149906 150
1627558991635 0.0003638281598718452 151
1627558991729 0.0003634429134918081 152
1627558991855 0.0003631616554643898 153
1627558991977 0.00036284634365538686 154
1627558992075 0.00036226073526328243 155
1627558992150 0.0003619569425218181 156
1627558992232 0.00036161622154690093 157
1627558992300 0.0003613548669711158 158
1627558992378 0.00036101805187237353 159
1627558992462 0.0003605720481356409 160
1627558992528 0.00036029160373748887 161
1627558992612 0.0003599984494209247 162
1627558992694 0.0003597288025333601 163
1627558992770 0.00035940757287891006 164
1627558992856 0.00035902556012604826 165
1627558992939 0.0003586863579694314 166
1627558993023 0.00035834020820559574 167
1627558993107 0.00035785624724155187 168
1627558993177 0.0003575591129208872 169
1627558993253 0.0003572755198498704 170
1627558993318 0.0003569990844290218 171
1627558993395 0.00035669648611036777 172
1627558993495 0.00035638189911746707 173
1627558993570 0.00035615232186797437 174
1627558993645 0.0003558335449594787 175
1627558993709 0.0003555766401188466 176
1627558993785 0.0003552989723084914 177
1627558993852 0.00035500390371059903 178
1627558993923 0.0003547122227688452 179
1627558993986 0.00035445193585430793 180
1627558994061 0.00035415226015116466 181
1627558994144 0.0003538608793122766 182
1627558994235 0.0003535283507639329 183
1627558994299 0.000353238442648684 184
1627558994385 0.00035298270791717166 185
1627558994471 0.00035268377539828346 186
1627558994556 0.0003523749566586554 187
1627558994661 0.00035185588564707807 188
1627558994748 0.00035150847018604884 189
1627558994820 0.0003512578163975733 190
1627558994904 0.0003509095330626603 191
1627558994978 0.0003506317198790575 192
1627558995042 0.00035038350697338315 193
1627558995110 0.00035013344652316667 194
1627558995176 0.0003499352340740885 195
1627558995247 0.0003496854279456149 196
1627558995327 0.0003494215436155116 197
1627558995403 0.00034916153370249313 198
1627558995480 0.00034886627733500287 199
1627558995550 0.0003486217825092448 200
1627558995630 0.00034839477062236374 201
1627558995701 0.00034813466186624453 202
1627558995784 0.00034775830539829285 203
1627558995852 0.0003475197751631746 204
1627558995920 0.0003472698809753962 205
1627558995993 0.00034699285272598684 206
1627558996063 0.00034675694004774373 207
1627558996167 0.0003465216551077524 208
1627558996294 0.0003462743792976959 209
1627558996392 0.00034601916477383865 210
1627558996472 0.0003457769055287583 211
1627558996529 0.00034552641371606843 212
1627558996639 0.000345090256276048 213
1627558996710 0.00034486275793145943 214
1627558996792 0.0003445616587501271 215
1627558996896 0.0003441620955047345 216
1627558996955 0.0003439332127196253 217
1627558997035 0.0003436692857629911 218
1627558997106 0.00034343408572607835 219
1627558997177 0.0003431877542671329 220
1627558997234 0.00034298238873840554 221
1627558997306 0.000342743803760919 222
1627558997364 0.00034254000576967056 223
1627558997424 0.00034231964031977035 224
1627558997492 0.0003421087934893104 225
1627558997565 0.000341848831631307 226
1627558997640 0.0003415720548928407 227
1627558997702 0.00034133896224980816 228
1627558997772 0.00034110414474076967 229
1627558997845 0.00034084494078959096 230
1627558997919 0.00034059581844985445 231
1627558997994 0.0003403589050256599 232
1627558998058 0.00034013998371479066 233
1627558998173 0.00033971935563838413 234
1627558998260 0.000339479205986775 235
1627558998331 0.0003392173024451864 236
1627558998404 0.0003389904099179038 237
1627558998557 0.0003386222734451534 238
1627558998623 0.0003383842218719973 239
1627558998722 0.00033810242809389086 240
1627558998781 0.00033790018543093496 241
1627558998845 0.00033769130910840553 242
1627558998926 0.0003374490804442814 243
1627558998997 0.0003372056992708934 244
1627558999069 0.00033692199405588883 245
1627558999139 0.00033667048146255837 246
1627558999209 0.00033644581521414645 247
1627558999291 0.0003361959828977527 248
1627558999357 0.00033599959588278037 249
1627558999421 0.00033578274728840365 250
1627558999486 0.0003355614227648065 251
1627558999550 0.0003353423228708875 252
1627558999618 0.00033513348551985825 253
1627558999707 0.0003349074885314544 254
1627558999770 0.0003346972343665856 255
1627558999848 0.0003344669585176259 256
1627558999919 0.0003342421639161721 257
1627558999981 0.0003340308355660155 258
1627559000056 0.000333802920387526 259
1627559000130 0.0003336089368182008 260
1627559000215 0.00033340854388042886 261
1627559000301 0.0003330583070462883 262
1627559000364 0.00033288019358246725 263
1627559000425 0.00033267191023414764 264
1627559000487 0.00033245382575152296 265
1627559000555 0.00033226533988089377 266
1627559000633 0.0003320517982400902 267
1627559000725 0.00033183818532873943 268
1627559000828 0.0003316158577885546 269
1627559000963 0.0003313567588783172 270
1627559001089 0.0003311356881550117 271
1627559001178 0.0003308839268068945 272
1627559001261 0.0003306571429129113 273
1627559001355 0.0003304668044839053 274
1627559001439 0.0003302705467664393 275
1627559001531 0.0003300392538425328 276
1627559001622 0.0003298300000499281 277
1627559001707 0.0003295788890254834 278
1627559001788 0.0003293813134993703 279
1627559001850 0.0003291842194962361 280
1627559001918 0.00032898135044750554 281
1627559001979 0.0003288025139542323 282
1627559002035 0.00032863614010404847 283
1627559002107 0.00032840998848325775 284
1627559002164 0.00032820909691904824 285
1627559002229 0.0003279689870987092 286
1627559002354 0.00032773843886157425 287
1627559002472 0.00032756457542929473 288
1627559002571 0.000327396832411923 289
1627559002679 0.00032720879847511817 290
1627559002756 0.0003270318979080968 291
1627559002824 0.0003268434319309724 292
1627559002891 0.0003266581728535106 293
1627559002956 0.00032645556471147936 294
1627559003067 0.0003262154609743641 295
1627559003127 0.0003260020746251642 296
1627559003198 0.00032579710853562527 297
1627559003279 0.00032560747768964224 298
1627559003364 0.00032535661062251827 299
1627559003431 0.0003251741100510728 300
1627559003489 0.00032496161429907333 301
1627559003550 0.0003247964993480019 302
1627559003617 0.00032462519684363367 303
1627559003693 0.00032439945502787655 304
1627559003762 0.0003242242194975582 305
1627559003821 0.0003240392601031987 306
1627559003887 0.00032386612444427343 307
1627559003951 0.00032369215817612735 308
1627559004017 0.00032351116871751474 309
1627559004091 0.00032331235674282514 310
1627559004171 0.00032307785687390886 311
1627559004233 0.00032292782788117527 312
1627559004311 0.00032269333578474445 313
1627559004369 0.00032251047502354256 314
1627559004443 0.00032226274880247865 315
1627559004501 0.0003220819944638344 316
1627559004558 0.00032188663294027676 317
1627559004612 0.0003217019340698947 318
1627559004709 0.000321403355930399 319
1627559004770 0.0003211996420996495 320
1627559004831 0.0003210106759308328 321
1627559004894 0.0003208118866528207 322
1627559004965 0.00032061975843040297 323
1627559005033 0.0003204292733535846 324
1627559005107 0.00032024262507591685 325
1627559005165 0.0003200445889910815 326
1627559005232 0.000319851777722299 327
1627559005308 0.0003196564600481309 328
1627559005390 0.0003194758004507586 329
1627559005453 0.00031928559108474044 330
1627559005541 0.0003291842194962361 331
