1627554169475 0.001099156881403513 0
1627554169604 0.0010140653381671685 1
1627554169740 0.0009391837469329288 2
1627554169892 0.0008733973448548851 3
1627554170013 0.000814961889105634 4
1627554170123 0.0007643506287400328 5
1627554170249 0.0007201646433680136 6
1627554170376 0.0006821203640628664 7
1627554170494 0.0006495419102603634 8
1627554170596 0.0006216579433009739 9
1627554170712 0.0005975312906982838 10
1627554170853 0.0005769634219731956 11
1627554170963 0.0005588350197693968 12
1627554171071 0.0005433642424446012 13
1627554171175 0.0005303467941247138 14
1627554171284 0.0005193176802725056 15
1627554171429 0.0005103570883559455 16
1627554171527 0.0005027881866056494 17
1627554171627 0.0004963932187386542 18
1627554171733 0.0004905912153324483 19
1627554171833 0.0004854306021458501 20
1627554171930 0.00048096171209145966 21
1627554172029 0.00047702891363803296 22
1627554172129 0.00047353047013771245 23
1627554172228 0.00047043956410773 24
1627554172358 0.0004681469004899835 25
1627554172466 0.0004658949132056443 26
1627554172553 0.00046390179678224437 27
1627554172650 0.0004612180470369444 28
1627554172738 0.00045866907749183444 29
1627554172851 0.0004565046100852591 30
1627554172970 0.00045397976824550115 31
1627554173092 0.0004515333615002346 32
1627554173201 0.00044943219848309995 33
1627554173283 0.00044775316869825036 34
1627554173372 0.00044591602024938017 35
1627554173465 0.00044472981525148973 36
1627554173565 0.0004428076389969363 37
1627554173655 0.0004411328251124589 38
1627554173744 0.00043877023105613126 39
1627554173834 0.00043720464070770224 40
1627554173914 0.000435593783536865 41
1627554174001 0.0004339398705863776 42
1627554174097 0.0004317652717338681 43
1627554174186 0.00043085686532678817 44
1627554174262 0.000430100032551254 45
1627554174363 0.0004277305159144509 46
1627554174439 0.00042716435464463105 47
1627554174518 0.0004263809958363759 48
1627554174651 0.00042566343086595224 49
1627554174768 0.00042334689049807443 50
1627554174878 0.0004226574906904316 51
1627554174964 0.00042160794558769056 52
1627554175073 0.0004190368523105613 53
1627554175154 0.0004183569136427393 54
1627554175236 0.00041769695971941056 55
1627554175349 0.0004156320795527537 56
1627554175424 0.0004150173667479659 57
1627554175498 0.0004143876658550731 58
1627554175605 0.0004124208808347095 59
1627554175684 0.0004117785482047797 60
1627554175781 0.00040988550833390743 61
1627554175881 0.0004084312715694381 62
1627554175955 0.0004079376312816612 63
1627554176025 0.0004074073647430439 64
1627554176113 0.0004065953466948868 65
1627554176196 0.00040606888183126235 66
1627554176277 0.0004055575392415016 67
1627554176391 0.0004043423061574655 68
1627554176515 0.0004034771811269553 69
1627554176608 0.0004028699405406112 70
1627554176686 0.0004023408014377484 71
1627554176764 0.00040186533512624577 72
1627554176852 0.0004013116371012543 73
1627554176943 0.00040073430742554474 74
1627554177033 0.0004002022360622536 75
1627554177125 0.00039963333744969795 76
1627554177194 0.00039916030012006456 77
1627554177266 0.0003986778763574179 78
1627554177351 0.0003980962901707075 79
1627554177443 0.0003970888779340413 80
1627554177534 0.0003961967533045603 81
1627554177619 0.00039565515308225485 82
1627554177696 0.00039526184415505526 83
1627554177776 0.0003944981310957412 84
1627554177862 0.0003939411015253749 85
1627554177933 0.0003934731645406054 86
1627554178002 0.000393035036447435 87
1627554178067 0.00039258319267516944 88
1627554178144 0.000392112884900788 89
1627554178211 0.0003916923970420942 90
1627554178314 0.0003912584347038344 91
1627554178404 0.0003906802226317349 92
1627554178481 0.00039021812058626115 93
1627554178568 0.00038972651888773835 94
1627554178658 0.0003890258028346877 95
1627554178743 0.0003884201765520521 96
1627554178829 0.0003879346830627634 97
1627554178899 0.00038758729084299005 98
1627554178974 0.0003871782146765465 99
1627554179076 0.00038655176246833495 100
1627554179158 0.0003858780252954807 101
1627554179245 0.0003852230302777616 102
1627554179318 0.0003848379551019828 103
1627554179385 0.00038447615691818095 104
1627554179461 0.0003840655133178259 105
1627554179521 0.0003837225755365078 106
1627554179614 0.00038319504594343555 107
1627554179700 0.0003827484131007977 108
1627554179793 0.00038202957381751367 109
1627554179876 0.0003815699633774423 110
1627554179941 0.00038125493983627064 111
1627554180026 0.00038069536870063015 112
1627554180104 0.0003803094680545113 113
1627554180180 0.00037986209061301456 114
1627554180273 0.00037885619255997605 115
1627554180335 0.00037849373816131125 116
1627554180419 0.00037783095641176804 117
1627554180484 0.00037747517916735424 118
1627554180558 0.0003770745280164677 119
1627554180643 0.0003761750904567786 120
1627554180713 0.0003758586817767659 121
1627554180780 0.00037554467437540747 122
1627554180900 0.0003747353740117359 123
1627554180976 0.0003742739132144617 124
1627554181060 0.00037393357751297794 125
1627554181149 0.00037356270205873534 126
1627554181228 0.00037313606082745856 127
1627554181307 0.0003727614358613366 128
1627554181387 0.00037237080068178597 129
1627554181465 0.0003719856618623854 130
1627554181542 0.0003716469802706431 131
1627554181623 0.0003712720061266768 132
1627554181688 0.0003709688163965624 133
1627554181773 0.0003705807479598554 134
1627554181840 0.0003702678749370833 135
1627554181947 0.0003699726931443215 136
1627554182045 0.00036945920999854746 137
1627554182118 0.00036917141863794224 138
1627554182179 0.00036889512537971155 139
1627554182244 0.0003685826173994325 140
1627554182331 0.0003681870914724957 141
1627554182395 0.0003678615189189803 142
1627554182476 0.00036742815639824537 143
1627554182548 0.0003671133265709682 144
1627554182606 0.0003668328777123983 145
1627554182726 0.00036652244950326874 146
1627554182817 0.00036615181201002183 147
1627554182892 0.00036584107942041767 148
1627554182983 0.0003653634525352968 149
1627554183081 0.0003650687755892995 150
1627554183158 0.0003647920612923856 151
1627554183260 0.00036411659251172354 152
1627554183337 0.0003637884806610391 153
1627554183407 0.00036350410369855415 154
1627554183503 0.0003629775623324522 155
1627554183591 0.00036267182794276286 156
1627554183669 0.0003623728677368505 157
1627554183752 0.00036208242030211766 158
1627554183825 0.00036182044280316794 159
1627554183921 0.00036150014928346916 160
1627554184009 0.0003609172713224058 161
1627554184084 0.0003605818603361158 162
1627554184196 0.00036033786448964547 163
1627554184297 0.0003599401443604602 164
1627554184361 0.0003596517031854934 165
1627554184430 0.00035940126541437236 166
1627554184528 0.0003589514588347884 167
1627554184606 0.00035867443442968 168
1627554184679 0.0003583793806147309 169
1627554184747 0.00035812244671761277 170
1627554184812 0.0003578635391173815 171
1627554184882 0.00035758030543976775 172
1627554184942 0.00035728936511093037 173
1627554185008 0.0003570217722277643 174
1627554185068 0.0003567515078546641 175
1627554185136 0.0003564889770944434 176
1627554185212 0.0003562170262811015 177
1627554185276 0.0003559626968324839 178
1627554185344 0.000355686514156942 179
1627554185409 0.0003553942184452347 180
1627554185482 0.0003551200260633458 181
1627554185580 0.00035456615113982636 182
1627554185680 0.0003543012362582126 183
1627554185785 0.00035402309494305865 184
1627554185883 0.00035365155239423324 185
1627554185954 0.00035340666501126167 186
1627554186032 0.00035317399283833284 187
1627554186161 0.00035280212629681604 188
1627554186272 0.0003525193676793612 189
1627554186387 0.0003522524046916178 190
1627554186498 0.00035194411603453927 191
1627554186560 0.0003516650055647846 192
1627554186624 0.00035137794400246647 193
1627554186714 0.0003511211744861142 194
1627554186787 0.00035086256939484645 195
1627554186864 0.00035059857770732743 196
1627554186941 0.0003503214243836329 197
1627554187015 0.0003499966843177436 198
1627554187096 0.0003495677674243919 199
1627554187192 0.0003492565639854946 200
1627554187284 0.00034892811749411776 201
1627554187376 0.000348661251370821 202
1627554187440 0.0003484237935182396 203
1627554187517 0.0003481517828014704 204
1627554187595 0.0003478969454061815 205
1627554187702 0.00034758451932539 206
1627554187762 0.00036267182794276286 207
1627554191838 0.0010986469945422346 0
1627554191969 0.0010138454395815643 1
1627554192082 0.00093872371398003 2
1627554192189 0.0008729523983252566 3
1627554192303 0.0008144947274044535 4
1627554192414 0.0007637731565842892 5
1627554192526 0.0007196797551745279 6
1627554192636 0.000681903481663497 7
1627554192750 0.0006493246068323454 8
1627554192859 0.0006213738534165933 9
1627554193004 0.0005972708644961609 10
1627554193141 0.0005767220448229135 11
1627554193258 0.0005589114610707465 12
1627554193387 0.0005436642458395675 13
1627554193488 0.0005308612050021825 14
1627554193592 0.0005200499716469742 15
1627554193695 0.0005107909926229084 16
1627554193805 0.000503002896235115 17
1627554193912 0.0004963177345215225 18
1627554194011 0.0004898269200220003 19
1627554194104 0.0004846280995324565 20
1627554194200 0.0004802188147332071 21
1627554194299 0.000476532549788995 22
1627554194388 0.00047302181264659255 23
1627554194490 0.0004699084524813002 24
1627554194586 0.00046742834162253987 25
1627554194732 0.0004650720468439113 26
1627554194838 0.0004628832473049868 27
1627554194943 0.0004606593596214713 28
1627554195038 0.0004589076461492135 29
1627554195133 0.0004570671322493837 30
1627554195224 0.0004552827483127442 31
1627554195314 0.00045294772682782984 32
1627554195410 0.0004500948787903297 33
1627554195495 0.000448673009914024 34
1627554195582 0.0004474142714232453 35
1627554195679 0.0004449423867699142 36
1627554195768 0.00044260256952049365 37
1627554195862 0.0004404604038765106 38
1627554195953 0.0004384985748730112 39
1627554196028 0.0004375663972430395 40
1627554196108 0.00043658282606753873 41
1627554196185 0.00043573986009754157 42
1627554196277 0.00043406280641821864 43
1627554196370 0.00043194387828089984 44
1627554196445 0.000431217599945966 45
1627554196538 0.0004296237248829617 46
1627554196613 0.00042870984054765876 47
1627554196696 0.00042779670833747817 48
1627554196848 0.0004268267375831499 49
1627554196994 0.00042515583598211614 50
1627554197074 0.0004245164057320982 51
1627554197192 0.0004219897996545366 52
1627554197294 0.00041969380126807886 53
1627554197376 0.000419107750605381 54
1627554197493 0.00041720351164679074 55
1627554197596 0.0004162275666780567 56
1627554197665 0.0004156643715963331 57
1627554197735 0.0004150562337567348 58
1627554197820 0.0004143318005346327 59
1627554197890 0.0004136914482790304 60
1627554197972 0.0004129303816163944 61
1627554198071 0.00041118335334576185 62
1627554198166 0.00041064822032902 63
1627554198296 0.0004100147533533336 64
1627554198385 0.00040890584246682996 65
1627554198478 0.00040837473428708375 66
1627554198552 0.00040790536071900644 67
1627554198681 0.0004072895218643024 68
1627554198835 0.00040633892397119904 69
1627554198968 0.00040586929755547 70
1627554199035 0.0004054037786374645 71
1627554199108 0.000404931450548204 72
1627554199203 0.00040374439585422867 73
1627554199288 0.00040327483176621945 74
1627554199369 0.00040275421115812165 75
1627554199453 0.00040220304254216154 76
1627554199520 0.0004017374324790056 77
1627554199597 0.00040126861041123976 78
1627554199707 0.000399877363002286 79
1627554199796 0.00039884516288144444 80
1627554199890 0.00039792957007511037 81
1627554199979 0.00039733919033662057 82
1627554200048 0.00039691279550013085 83
1627554200166 0.00039642306250697184 84
1627554200264 0.000395930848344924 85
1627554200329 0.00039545231954062 86
1627554200398 0.0003950197687868768 87
1627554200478 0.00039456931351047533 88
1627554200550 0.0003940832766284439 89
1627554200616 0.00039365867324152483 90
1627554200717 0.00039315055704521485 91
1627554200823 0.0003920843509276854 92
1627554200911 0.00039170536709172714 93
1627554200988 0.000391323593394778 94
1627554201113 0.000390189134776678 95
1627554201241 0.000389253305333443 96
1627554201366 0.00038881728950406635 97
1627554201482 0.00038839270369979705 98
1627554201578 0.0003878251521238819 99
1627554201715 0.0003874009730584993 100
1627554201860 0.0003864948170745989 101
1627554201964 0.0003855225048666447 102
1627554202043 0.0003851582493566512 103
1627554202121 0.0003847697898457537 104
1627554202196 0.00038430410596538845 105
1627554202305 0.00038395497844042893 106
1627554202421 0.0003831197993203608 107
1627554202522 0.0003825408501117847 108
1627554202636 0.0003821242182301513 109
1627554202715 0.0003817002790986367 110
1627554202827 0.0003812964434363642 111
1627554202919 0.00038090539545859356 112
1627554202993 0.0003805374052601239 113
1627554203132 0.00037994394830249316 114
1627554203247 0.0003791657562100992 115
1627554203318 0.0003787776083206757 116
1627554203398 0.0003783322554382985 117
1627554203498 0.0003779460626643291 118
1627554203584 0.0003775618124266394 119
1627554203664 0.0003770897825874814 120
1627554203732 0.00037674954440538086 121
1627554203798 0.00037643534209283545 122
1627554203878 0.0003760214144353852 123
1627554203961 0.0003754789513368839 124
1627554204046 0.0003751093100541827 125
1627554204134 0.00037454291962957036 126
1627554204214 0.0003741125094475127 127
1627554204291 0.00037373814500158765 128
1627554204360 0.0003734036637781412 129
1627554204440 0.00037308073201572194 130
1627554204543 0.00037275798391962815 131
1627554204621 0.00037240004439567615 132
1627554204695 0.0003720645563665506 133
1627554204790 0.0003716622577046914 134
1627554204865 0.00037136327008738886 135
1627554204938 0.0003710584915353289 136
1627554205005 0.0003707338088237952 137
1627554205079 0.00037041491147135933 138
1627554205192 0.00037004224967646815 139
1627554205278 0.0003697090343257041 140
1627554205354 0.00036937026663934444 141
1627554205420 0.00036906550091605025 142
1627554205501 0.00036869403381937046 143
1627554205573 0.00036838777954772387 144
1627554205637 0.0003680754812433632 145
1627554205717 0.00036776011046567563 146
1627554205804 0.0003674191137540927 147
1627554205888 0.00036710191432595533 148
1627554205974 0.00036664804116856174 149
1627554206064 0.00036635629503490387 150
1627554206143 0.00036604987393439926 151
1627554206226 0.00036574224806722476 152
1627554206305 0.0003654147355290792 153
1627554206369 0.0003651222145355977 154
1627554206445 0.0003647829469085788 155
1627554206543 0.00036424202192149514 156
1627554206608 0.0003639519940431272 157
1627554206713 0.00036362660982500194 158
1627554206795 0.00036337134086364203 159
1627554206916 0.00036307634202072976 160
1627554206998 0.00036275878390164105 161
1627554207071 0.00036249697081301425 162
1627554207154 0.0003620378662168948 163
1627554207254 0.00036145163767100253 164
1627554207332 0.0003611611063542127 165
1627554207403 0.0003608666794593549 166
1627554207482 0.00036056920160984317 167
1627554207557 0.00036027811277947733 168
1627554207620 0.0003599862070831747 169
1627554207690 0.0003596977280292642 170
1627554207755 0.000359406068796078 171
1627554207824 0.0003590999167673364 172
1627554207905 0.0003588210523803513 173
1627554207964 0.00035854542867685876 174
1627554208060 0.00035825161678766795 175
1627554208155 0.00035798129571726616 176
1627554208227 0.00035757354539435926 177
1627554208285 0.0003741125094475127 178
1627554212349 0.0010992654867630347 0
1627554212482 0.001013726129980437 1
1627554212598 0.0009384151707288555 2
1627554212708 0.0008721187591835102 3
1627554212822 0.0008140504404989868 4
1627554212935 0.0007634164425509947 5
1627554213047 0.0007197969828344964 6
1627554213163 0.0006820221090507175 7
1627554213279 0.0006498506148400001 8
1627554213397 0.0006217960658728123 9
1627554213505 0.0005977539024328567 10
1627554213604 0.0005774085892609149 11
1627554213717 0.0005594827901548991 12
1627554213827 0.0005442645954971149 13
1627554213928 0.0005312341374217258 14
1627554214060 0.0005203486979321449 15
1627554214170 0.0005108098319129334 16
1627554214320 0.0005028606462099247 17
1627554214446 0.0004959206937936834 18
1627554214548 0.0004897535013955521 19
1627554214644 0.0004844541839189676 20
1627554214742 0.0004800033160477064 21
1627554214847 0.00047596421661130994 22
1627554214959 0.00047244092559291505 23
1627554215059 0.0004687208938411863 24
1627554215156 0.00046630713989286076 25
1627554215251 0.0004638569032216509 26
1627554215339 0.0004617128199218759 27
1627554215436 0.000459475985823589 28
1627554215541 0.00045749059605323873 29
1627554215697 0.00045549511438195734 30
1627554215856 0.00045371200069645656 31
1627554215952 0.0004517394552306467 32
1627554216059 0.00044960248954906183 33
1627554216142 0.0004482581309949899 34
1627554216227 0.0004467882896587838 35
1627554216318 0.00044417542301991813 36
1627554216411 0.0004414717013993758 37
1627554216497 0.000439987911743425 38
1627554216585 0.00043846582500159354 39
1627554216669 0.0004375552816651182 40
1627554216755 0.00043606380500708 41
1627554216836 0.0004347634388610493 42
1627554216920 0.0004338546361793683 43
1627554217017 0.0004313930062725802 44
1627554217110 0.00043054196971423187 45
1627554217251 0.0004294768324226291 46
1627554217380 0.0004276862017965677 47
1627554217525 0.00042648688229523596 48
1627554217622 0.00042576966419369966 49
1627554217739 0.00042333882454354454 50
1627554217823 0.0004226295465914357 51
1627554217926 0.0004205841980539962 52
1627554218030 0.0004191857582987766 53
1627554218111 0.00041863833640998834 54
1627554218206 0.00041704016056638693 55
1627554218299 0.000415368872556265 56
1627554218380 0.00041475042222090914 57
1627554218464 0.0004140960098035749 58
1627554218560 0.00041357469158934113 59
1627554218634 0.00041295207965655263 60
1627554218754 0.00041202543213804984 61
1627554218902 0.00041128291585981817 62
1627554218987 0.0004107520293074159 63
1627554219069 0.0004101773090247772 64
1627554219215 0.0004095042343344569 65
1627554219326 0.0004089933899628275 66
1627554219404 0.0004084111583619728 67
1627554219539 0.0004067623507663114 68
1627554219685 0.00040509007889939276 69
1627554219771 0.0004045234182383028 70
1627554219864 0.00040403319994136304 71
1627554219970 0.0004035351642783118 72
1627554220047 0.0004028552592049313 73
1627554220159 0.0004019755064618862 74
1627554220249 0.0004014335377481333 75
1627554220335 0.0004008811506031787 76
1627554220412 0.0004004037222367296 77
1627554220487 0.00039992922071039114 78
1627554220577 0.0003990356379369751 79
1627554220663 0.0003983035394669568 80
1627554220756 0.0003975348734608367 81
1627554220836 0.00039681778807367966 82
1627554220910 0.0003964139894235622 83
1627554221003 0.0003951608941192472 84
1627554221091 0.00039421522425515823 85
1627554221171 0.0003937952971668424 86
1627554221273 0.0003933971876700729 87
1627554221371 0.0003929403980946754 88
1627554221438 0.0003924332342927296 89
1627554221539 0.0003920120020456253 90
1627554221629 0.00039133693954310764 91
1627554221714 0.0003908895961111448 92
1627554221781 0.0003904939327619981 93
1627554221849 0.0003900794918727643 94
1627554221944 0.00038888389688922323 95
1627554222020 0.0003884489322019272 96
1627554222103 0.00038803372826831775 97
1627554222174 0.00038761023258253535 98
1627554222251 0.0003871267175227485 99
1627554222353 0.0003866162861387299 100
1627554222437 0.0003858929075031308 101
1627554222567 0.0003854282733403975 102
1627554222638 0.0003850349802844196 103
1627554222732 0.00038464429461894 104
1627554222805 0.0003841978247569664 105
1627554222874 0.0003837996534814398 106
1627554222946 0.00038342551376330735 107
1627554223033 0.0003827213176231798 108
1627554223115 0.00038210314221851963 109
1627554223196 0.00038165699480755244 110
1627554223255 0.0003813331619099793 111
1627554223341 0.0003807773545975799 112
1627554223412 0.0003803927871697835 113
1627554223500 0.0003798023561992294 114
1627554223581 0.0003793152916764101 115
1627554223643 0.0003789726589749572 116
1627554223727 0.00037836116992576646 117
1627554223788 0.0003780385971808162 118
1627554223890 0.0003770996571193338 119
1627554223967 0.00037670363015976084 120
1627554224036 0.00037633626622254565 121
1627554224106 0.0003759841955184469 122
1627554224188 0.00037540013963702733 123
1627554224262 0.00037489117432933626 124
1627554224337 0.00037450036198482856 125
1627554224402 0.0003741544477900548 126
1627554224497 0.00037333164594188946 127
1627554224568 0.0003729873692546965 128
1627554224629 0.0003726659367610059 129
1627554224697 0.0003723421682010789 130
1627554224772 0.0003719945003279606 131
1627554224868 0.00037139619975531257 132
1627554224937 0.0003710645524824018 133
1627554225032 0.0003704589670360283 134
1627554225107 0.00037014695873236413 135
1627554225201 0.0003697987076304224 136
1627554225308 0.000369380974151075 137
1627554225382 0.00036905627080542473 138
1627554225445 0.00036875052899712425 139
1627554225547 0.00036842952390431813 140
1627554225626 0.0003680972167851109 141
1627554225698 0.0003678060596969963 142
1627554225799 0.00036749480045867694 143
1627554225870 0.00036718578996826167 144
1627554225942 0.0003668898281664985 145
1627554226013 0.0003665455396008076 146
1627554226089 0.0003662455564488796 147
1627554226158 0.00036589830379980934 148
1627554226217 0.0003656115443794274 149
1627554226300 0.00036530952001821785 150
1627554226377 0.0003649337095235986 151
1627554226459 0.00036443659593595764 152
1627554226535 0.00036416052656414833 153
1627554226605 0.00036385285302338545 154
1627554226692 0.000363323428169208 155
1627554226765 0.000363007211572044 156
1627554226857 0.00036271271340876203 157
1627554226946 0.00036233384560899364 158
1627554227024 0.00036204734613397586 159
1627554227101 0.00036174643919045514 160
1627554227221 0.000361378161973498 161
1627554227331 0.0003610212897710943 162
1627554227397 0.0003606937502227624 163
1627554227474 0.00036029722133598257 164
1627554227541 0.00036003170832356286 165
1627554227606 0.0003597529874385518 166
1627554227678 0.00035941927457482233 167
1627554227746 0.00035910477318798343 168
1627554227810 0.0003588339514018629 169
1627554227877 0.00035857290008443476 170
1627554227934 0.00035831755011964133 171
1627554228011 0.0003579029555353302 172
1627554228084 0.00035761736559158653 173
1627554228149 0.00035734880715172096 174
1627554228216 0.0003570745163274622 175
1627554228279 0.0003567975700188754 176
1627554228357 0.00035650511878134014 177
1627554228422 0.0003562285313304779 178
1627554228490 0.00035596816176595926 179
1627554228568 0.00035568694708021874 180
1627554228639 0.0003554421125079005 181
1627554228722 0.0003550661974498413 182
1627554228799 0.0003547742999004107 183
1627554228874 0.00035451251611754293 184
1627554228955 0.0003541656764164173 185
1627554229020 0.00035390903336034657 186
1627554229093 0.0003536495146018799 187
1627554229173 0.00035333341738694467 188
1627554229247 0.0003530498618820764 189
1627554229316 0.0003528024840820078 190
1627554229396 0.00035245581548441415 191
1627554229462 0.0003521618654008434 192
1627554229543 0.00035164878233803233 193
1627554229607 0.0003513950407696823 194
1627554229682 0.0003509933776697481 195
1627554229757 0.0003507072503821037 196
1627554229831 0.0003503989727331014 197
1627554229907 0.000350102024669017 198
1627554229975 0.00034986081469755536 199
1627554230077 0.00034957713033181885 200
1627554230169 0.0003491480941773856 201
1627554230249 0.00034886278959519383 202
1627554230309 0.00034861007726091073 203
1627554230386 0.0003483561939964279 204
1627554230447 0.0003480685572842507 205
1627554230518 0.0003477984557312256 206
1627554230588 0.00034752856727646685 207
1627554230662 0.00034726953598953665 208
1627554230731 0.0003470088255348297 209
1627554230805 0.0003467509506465949 210
1627554230891 0.00034623918507941374 211
1627554230952 0.0003460003912236923 212
1627554231030 0.00034574960805928143 213
1627554231115 0.0003454648151079649 214
1627554231190 0.0003452147230749035 215
1627554231268 0.00034488386496421623 216
1627554231350 0.00034453228299274706 217
1627554231428 0.0003442790177051104 218
1627554231492 0.0003440400324945454 219
1627554231573 0.00034378876499070585 220
1627554231664 0.00034346143218385623 221
1627554231756 0.00034318401645852645 222
1627554231836 0.0003428970181385567 223
1627554231912 0.000342656665328013 224
1627554232024 0.00034217291235041084 225
1627554232130 0.000341745867547066 226
1627554232202 0.00034150017899668575 227
1627554232279 0.00034126791794016623 228
1627554232373 0.0003410059011166939 229
1627554232445 0.0003407598702170442 230
1627554232510 0.00034053481359165805 231
1627554232588 0.0003401564432374886 232
1627554232670 0.00033982981720054653 233
1627554232759 0.0003393996005063553 234
1627554232821 0.00033917813237262543 235
1627554232898 0.000338953151142137 236
1627554232974 0.0003387063169096904 237
1627554233049 0.0003384057299040599 238
1627554233111 0.0003381736098078683 239
1627554233184 0.000337954917888973 240
1627554233248 0.00033772634718988654 241
1627554233310 0.0003375038393968557 242
1627554233380 0.0003372979855315078 243
1627554233442 0.00033708542783482387 244
1627554233506 0.0003368699062668576 245
1627554233574 0.00033664493171975277 246
1627554233637 0.00033645190808539045 247
1627554233707 0.00033621870464790117 248
1627554233812 0.00033594029579265655 249
1627554233914 0.0003355713921609729 250
1627554233977 0.000335354830706499 251
1627554234044 0.00033513066837857633 252
1627554234113 0.0003348953978757467 253
1627554234188 0.0003346651916594394 254
1627554234254 0.00033445519332633795 255
1627554234318 0.00033423450285186804 256
1627554234394 0.0003339815655984936 257
1627554234465 0.0003337552782869434 258
1627554234534 0.00033353756940963865 259
1627554234598 0.0003333036724687789 260
1627554234684 0.00033300535768666635 261
1627554234760 0.00033276091155624464 262
1627554234831 0.0003325551722881815 263
1627554234891 0.00033233828370480195 264
1627554234952 0.00033210556678954934 265
1627554235035 0.0003318695190807789 266
1627554235112 0.0003316289276782161 267
1627554235196 0.00033141215078908993 268
1627554235251 0.00033119146497198295 269
1627554235319 0.00033096569829379005 270
1627554235400 0.0003307561214227712 271
1627554235513 0.0003305129476988274 272
1627554235575 0.0003303078259500548 273
1627554235629 0.0003301235806444783 274
1627554235689 0.00032993848350611654 275
1627554235767 0.00032970990217768046 276
1627554235867 0.00032949235254056604 277
1627554235943 0.0003292761671603065 278
1627554236027 0.0003290517428484581 279
1627554236089 0.0003288359136151696 280
1627554236165 0.00032858459414060025 281
1627554236242 0.0003283323486669818 282
1627554236319 0.0003281030976331664 283
1627554236384 0.0003279036800625136 284
1627554236444 0.0003276829180229543 285
1627554236523 0.0003274331030303463 286
1627554236586 0.00032722877478821925 287
1627554236660 0.0003270167449798319 288
1627554236756 0.0003267506919752167 289
1627554236833 0.00032650903541493477 290
1627554236918 0.000337954917888973 291
1627554241042 0.0010969929485386536 0
1627554241184 0.0010119857272979876 1
1627554241332 0.0009370327070889992 2
1627554241440 0.0008711257853703736 3
1627554241558 0.0008129067966237252 4
1627554241672 0.0007624054028582382 5
1627554241784 0.0007183773747805581 6
1627554241896 0.0006808417906283618 7
1627554242006 0.0006481249717714361 8
1627554242109 0.0006199772290647399 9
1627554242214 0.0005956171366222697 10
1627554242323 0.0005749139455914383 11
1627554242427 0.0005570451789274454 12
1627554242535 0.0005422302177045962 13
1627554242641 0.0005293790638009914 14
1627554242782 0.0005187462582364899 15
1627554242896 0.0005096170435401477 16
1627554242994 0.0005018803322868201 17
1627554243100 0.0004952234153314778 18
1627554243208 0.0004892968160244413 19
1627554243304 0.00048423697231461703 20
1627554243402 0.00047994081439045296 21
1627554243522 0.0004760826614595539 22
1627554243614 0.0004724619642651622 23
1627554243736 0.00046929530976464644 24
1627554243877 0.00046690653573167935 25
1627554243981 0.0004645424697272249 26
1627554244071 0.00046219309899121427 27
1627554244164 0.00045909396448474775 28
1627554244259 0.0004572653720954716 29
1627554244349 0.00045551330543701493 30
1627554244442 0.000453704720304294 31
1627554244536 0.000451270836875713 32
1627554244630 0.0004489339823832881 33
1627554244715 0.0004476292976013121 34
1627554244844 0.00044621413299685334 35
1627554244942 0.00044398190465230123 36
1627554245026 0.00044167034777376515 37
1627554245109 0.00044065736557338933 38
1627554245194 0.0004386967788758229 39
1627554245274 0.0004377600606451293 40
1627554245364 0.00043668851351641143 41
1627554245470 0.0004351953698520821 42
1627554245560 0.00043409610768157196 43
1627554245646 0.00043280307668210104 44
1627554245737 0.00043199227246175457 45
1627554245890 0.00043107114005821095 46
1627554246015 0.0004302854695606539 47
1627554246150 0.0004291863469938077 48
1627554246302 0.0004272034733880352 49
1627554246471 0.00042449140670893615 50
1627554246543 0.00042375861581029777 51
1627554246629 0.00042304900863845757 52
1627554246726 0.00042128029634679384 53
1627554246803 0.0004207095144445004 54
1627554246894 0.00041914210768485757 55
1627554246990 0.00041715638434788817 56
1627554247074 0.0004164414821434955 57
1627554247156 0.00041572183878856966 58
1627554247239 0.00041499615901462937 59
1627554247327 0.0004144460373003015 60
1627554247448 0.00041272256834272994 61
1627554247574 0.00041141340606010184 62
1627554247686 0.00041095248692154336 63
1627554247755 0.00041037693545257733 64
1627554247846 0.00040945106956577346 65
1627554247949 0.0004088997896606477 66
1627554248058 0.0004084379233936426 67
1627554248194 0.00040719393608883934 68
1627554248281 0.0004060345433411245 69
1627554248378 0.0004051516539099708 70
1627554248490 0.000404605615986225 71
1627554248565 0.0004039966596176218 72
1627554248647 0.00040347317993623226 73
1627554248729 0.00040287937480622846 74
1627554248815 0.00040238165107493967 75
1627554248889 0.0004017528045723318 76
1627554248960 0.0004012606423087844 77
1627554249070 0.0004007278081410006 78
1627554249183 0.00039998708630681215 79
1627554249269 0.000399356067020125 80
1627554249354 0.00039825396794337687 81
1627554249480 0.00039779843847570343 82
1627554249560 0.0003974068395246263 83
1627554249706 0.00039659901480809125 84
1627554249787 0.0003961085134485586 85
1627554249858 0.00039566878014626146 86
1627554249922 0.0003952434086900222 87
1627554250039 0.00039478065308753854 88
1627554250113 0.0003943640847379569 89
1627554250194 0.0003939957603342563 90
1627554250318 0.0003926828917806431 91
1627554250407 0.0003915185981913469 92
1627554250471 0.000391075375847483 93
1627554250546 0.000390620044283985 94
1627554250611 0.000390178550118691 95
1627554250686 0.0003897573200811857 96
1627554250765 0.0003893138046486619 97
1627554250830 0.000388932505555247 98
1627554250915 0.00038851515335607467 99
1627554250998 0.00038804466516578165 100
1627554251072 0.0003873680457279918 101
1627554251144 0.00038682881012763113 102
1627554251215 0.0003864342868578982 103
1627554251324 0.0003860438853956981 104
1627554251406 0.0003856477185817743 105
1627554251482 0.0003852720348903742 106
1627554251595 0.0003841491253189174 107
1627554251679 0.00038357887718637923 108
1627554251769 0.00038265215996798616 109
1627554251861 0.000381816725782006 110
1627554251933 0.000381472990621982 111
1627554252027 0.0003806585008847756 112
1627554252104 0.0003802828223385618 113
1627554252249 0.00037931435835056337 114
1627554252344 0.0003787542370423217 115
1627554252421 0.0003783715410267113 116
1627554252542 0.0003779387826546884 117
1627554252608 0.0003775761003089239 118
1627554252713 0.0003771757093658962 119
1627554252791 0.00037684730869230303 120
1627554252856 0.00037649548016772467 121
1627554252923 0.0003761411402185769 122
1627554252988 0.0003758145186783166 123
1627554253078 0.000375138960462429 124
1627554253173 0.0003747759552479552 125
1627554253291 0.00037444867658373076 126
1627554253389 0.00037393989652377996 127
1627554253468 0.00037358218159352365 128
1627554253536 0.000373252346751542 129
1627554253611 0.0003729024564931366 130
1627554253690 0.0003723982491050255 131
1627554253768 0.0003719697255281269 132
1627554253836 0.0003716519859757069 133
1627554253925 0.00037130945898895443 134
1627554253991 0.00037099978930815947 135
1627554254061 0.00037065353900515223 136
1627554254150 0.0003701395594659215 137
1627554254221 0.00036984344491147384 138
1627554254324 0.0003695131654070768 139
1627554254416 0.0003691742612375489 140
1627554254513 0.00036849248847780345 141
1627554254573 0.0003682074251935173 142
1627554254658 0.00036773628907533265 143
1627554254729 0.0003674113543036973 144
1627554254805 0.0003671208018709465 145
1627554254925 0.00036674087455308826 146
1627554255000 0.0003664486704587759 147
1627554255082 0.0003661539898710648 148
1627554255155 0.0003658280213274864 149
1627554255239 0.0003655181357644212 150
1627554255313 0.000365224479874067 151
1627554255385 0.00036490318536706336 152
1627554255469 0.0003645385320702602 153
1627554255534 0.00036428289577455794 154
1627554255631 0.00036390312259542855 155
1627554255714 0.0003636134223810073 156
1627554255778 0.00036332870988304146 157
1627554255853 0.0003629611492507955 158
1627554255914 0.0003626841835676501 159
1627554255985 0.0003623559206077299 160
1627554256059 0.0003619818742447887 161
1627554256136 0.0003616799255334055 162
1627554256201 0.0003613798775992414 163
1627554256322 0.00036108090964713724 164
1627554256426 0.0003607791003634411 165
1627554256492 0.0003604966153556026 166
1627554256567 0.00036015405865645107 167
1627554256655 0.0003598374573393055 168
1627554256726 0.00035954759020754277 169
1627554256786 0.0003592682880046901 170
1627554256846 0.0003589892875706582 171
1627554256926 0.00035866495799310316 172
1627554256994 0.00035839415457412346 173
1627554257056 0.00035811753353849835 174
1627554257134 0.0003578306842702435 175
1627554257205 0.00035754793211315483 176
1627554257276 0.0003572368339676964 177
1627554257338 0.0003569637495349635 178
1627554257402 0.000356703577040576 179
1627554257478 0.0003564283965143952 180
1627554257541 0.00035616842408745495 181
1627554257619 0.00035574241942357035 182
1627554257692 0.0003554517820058215 183
1627554257778 0.00035520418345601006 184
1627554257885 0.00035492143057600124 185
1627554257952 0.000354656578209118 186
1627554258030 0.00035440795041460487 187
1627554258111 0.0003541471327999812 188
1627554258185 0.0003538911151946572 189
1627554258254 0.00035359253963593014 190
1627554258323 0.00035333868625278536 191
1627554258389 0.0003530783895789093 192
1627554258459 0.000352815948820796 193
1627554258550 0.000352561960669241 194
1627554258650 0.0003522402674172833 195
1627554258727 0.00035179819304725554 196
1627554258818 0.00035132286886995016 197
1627554258910 0.00035068943768745594 198
1627554258984 0.0003504126121722869 199
1627554259076 0.0003501573730256307 200
1627554259165 0.0003497414327182568 201
1627554259257 0.00034947240138482217 202
1627554259363 0.00034917893886170736 203
1627554259446 0.00034889672256419697 204
1627554259508 0.00034867450310458944 205
1627554259610 0.00034820162424120384 206
1627554259697 0.00034797007364940094 207
1627554259774 0.00034766908468282287 208
1627554259875 0.00034743907819949793 209
1627554259942 0.0003471813585261432 210
1627554260002 0.00034686004255277125 211
1627554260088 0.0003466188672258315 212
1627554260162 0.0003463519211076627 213
1627554260282 0.000346049361351425 214
1627554260397 0.0003457057844249378 215
1627554260521 0.0003453930728585998 216
1627554260595 0.00034509678278335797 217
1627554260654 0.00034485640863430743 218
1627554260737 0.00034464044991582265 219
1627554260840 0.00034439702448356744 220
1627554260941 0.00034416241044345967 221
1627554261059 0.00034391426563653844 222
1627554261169 0.0003437019167422747 223
1627554261286 0.0003434395139980859 224
1627554261368 0.00034318999924024413 225
1627554261440 0.00034291553110806026 226
1627554261506 0.00034267907965044057 227
1627554261573 0.0003424363541356061 228
1627554261666 0.0003421817216027174 229
1627554261740 0.0003419537611324424 230
1627554261815 0.00034173181820655986 231
1627554261881 0.00034150827913403844 232
1627554261950 0.00034121896764309544 233
1627554262013 0.0003409857257458966 234
1627554262074 0.0003407656811147501 235
1627554262162 0.0003404869542348278 236
1627554262247 0.0003402610716896132 237
1627554262383 0.00033984885586425963 238
1627554262449 0.00033961202045348384 239
1627554262516 0.00033939045001705163 240
1627554262581 0.0003391679276120596 241
1627554262671 0.00033895720688115796 242
1627554262798 0.00033862835963910425 243
1627554262904 0.0003384034020709546 244
1627554263027 0.0003381679816738101 245
1627554263095 0.00033794218237402494 246
1627554263201 0.0003377139971662466 247
1627554263310 0.0003374726903369102 248
1627554263406 0.00033722228892588157 249
1627554263510 0.0003369544367423406 250
1627554263574 0.0003367384872487528 251
1627554263647 0.00033652087466400787 252
1627554263719 0.00033628274342140097 253
1627554263796 0.00033600429330131145 254
1627554263866 0.0003357802391180604 255
1627554263938 0.0003355486916100637 256
1627554264006 0.0003353346677404048 257
1627554264069 0.0003351399015622618 258
1627554264145 0.0003348553165965086 259
1627554264219 0.00033462256650818067 260
1627554264294 0.00033438124950628306 261
1627554264378 0.00033416100419579695 262
1627554264453 0.00033393649752314834 263
1627554264520 0.0003337149697102024 264
1627554264586 0.000333485984907627 265
1627554264672 0.0003457057844249378 266
1627554268787 0.001099981062643423 0
1627554268915 0.0010145470532979457 1
1627554269022 0.0009392883527748354 2
1627554269129 0.0008728744120431641 3
1627554269240 0.0008146956546037656 4
1627554269349 0.0007637903133675962 5
1627554269454 0.0007199155481873254 6
1627554269555 0.0006822075172879146 7
1627554269661 0.0006492662701602709 8
1627554269759 0.000620874931177141 9
1627554269859 0.0005965282497585223 10
1627554269997 0.0005757882344323304 11
1627554270111 0.0005579811920282073 12
1627554270230 0.0005429697702976316 13
1627554270351 0.0005301081320928284 14
1627554270451 0.000519514770381361 15
1627554270550 0.0005102481468709868 16
1627554270657 0.0005025543098394873 17
1627554270757 0.0004958552668497608 18
1627554270856 0.0004897378002271242 19
1627554270955 0.0004845475721571795 20
1627554271047 0.0004802597424741699 21
1627554271141 0.00047640004519769875 22
1627554271237 0.0004727383892232285 23
1627554271337 0.00046920594674879833 24
1627554271427 0.00046652263501053285 25
1627554271548 0.00046382734625092034 26
1627554271639 0.0004615901851771894 27
1627554271731 0.0004594497309781517 28
1627554271818 0.0004573557848026644 29
1627554271911 0.0004554542360478671 30
1627554272008 0.0004539390883956162 31
1627554272105 0.00045198020346266874 32
1627554272190 0.00044966979943544084 33
1627554272275 0.0004484970092075766 34
1627554272357 0.0004474227473708306 35
1627554272451 0.0004447376132377657 36
1627554272541 0.0004418221325909482 37
1627554272650 0.00043978050105965294 38
1627554272746 0.00043730288394864365 39
1627554272830 0.00043644094521343976 40
1627554272929 0.00043552777368419435 41
1627554273015 0.0004346690717287726 42
1627554273113 0.0004335581990912198 43
1627554273206 0.00043158001912643257 44
1627554273286 0.0004307307883257343 45
1627554273379 0.0004289139185361406 46
1627554273463 0.000427752559572573 47
1627554273544 0.0004267256044936293 48
1627554273630 0.0004259430452632437 49
1627554273739 0.0004241370655881882 50
1627554273817 0.0004235665755146018 51
1627554273917 0.0004210789063795593 52
1627554274015 0.0004188428754467976 53
1627554274087 0.00041828545160348124 54
1627554274176 0.0004165974379138378 55
1627554274277 0.0004151968670315644 56
1627554274347 0.0004145864367324199 57
1627554274420 0.0004139633557305096 58
1627554274522 0.0004133416411611003 59
1627554274591 0.00041284810981522544 60
1627554274687 0.0004113029055592965 61
1627554274780 0.000410271169249874 62
1627554274857 0.0004098227534168874 63
1627554274932 0.000409195410606295 64
1627554275021 0.00040839547050066955 65
1627554275093 0.00040782409098538355 66
1627554275165 0.0004072536307959548 67
1627554275254 0.0004062338142277951 68
1627554275337 0.00040553125991824723 69
1627554275428 0.00040497374633615844 70
1627554275499 0.0004044574780431905 71
1627554275571 0.0004039567689478932 72
1627554275670 0.0004034144284925053 73
1627554275765 0.0004021623915357194 74
1627554275909 0.00040159633671952124 75
1627554276040 0.00040083692528712097 76
1627554276112 0.0004003173342769863 77
1627554276185 0.00039981603486659046 78
1627554276273 0.00039856266486953067 79
1627554276353 0.0003978262769207181 80
1627554276431 0.00039734189190298474 81
1627554276518 0.0003965092094623666 82
1627554276583 0.0003960777512094004 83
1627554276675 0.00039554040933270835 84
1627554276756 0.00039495886380193097 85
1627554276830 0.000394542886535223 86
1627554276899 0.0003941308777897935 87
1627554276970 0.0003936921238416408 88
1627554277044 0.0003932218865029474 89
1627554277118 0.00039284141254015677 90
1627554277209 0.0003922369431084622 91
1627554277313 0.00039089464911861826 92
1627554277386 0.0003904659302757835 93
1627554277452 0.0003900387238598011 94
1627554277540 0.00038944269153196883 95
1627554277633 0.00038883195185579234 96
1627554277725 0.0003880572175646805 97
1627554277790 0.00038764812473651386 98
1627554277878 0.00038715856694780063 99
1627554277977 0.00038665370009973213 100
1627554278069 0.00038607910508563735 101
1627554278145 0.0003856326539534324 102
1627554278210 0.00038527728910971577 103
1627554278285 0.00038488343671760694 104
1627554278362 0.00038447395300979703 105
1627554278428 0.00038410439948427934 106
1627554278513 0.00038359773779144546 107
1627554278589 0.0003831312350551768 108
1627554278663 0.0003827040513900977 109
1627554278755 0.00038165737103030336 110
1627554278824 0.00038130533536373447 111
1627554278951 0.00038093576131322773 112
1627554279064 0.00038059543617404356 113
1627554279164 0.00038020798008514333 114
1627554279251 0.000379865735234782 115
1627554279326 0.0003795185086077092 116
1627554279436 0.00037854494033418457 117
1627554279510 0.00037819748523669554 118
1627554279609 0.00037749435306415346 119
1627554279687 0.0003770845439986201 120
1627554279760 0.00037671429335366525 121
1627554279827 0.0003763770450392737 122
1627554279913 0.0003759760611302421 123
1627554279981 0.0003755420117348553 124
1627554280060 0.0003751354968711905 125
1627554280140 0.0003747735830486963 126
1627554280225 0.0003741877261472252 127
1627554280303 0.00037381929214747365 128
1627554280374 0.00037346661942116093 129
1627554280458 0.00037305024334313827 130
1627554280534 0.00037274531452643583 131
1627554280618 0.00037216547678568313 132
1627554280687 0.0003718363933935313 133
1627554280768 0.00037136704848165564 134
1627554280835 0.00037104537594837955 135
1627554280907 0.0003706884454602526 136
1627554280977 0.00037033996290508457 137
1627554281040 0.0003700144830052692 138
1627554281104 0.00036969863841469753 139
1627554281175 0.0003693889678872028 140
1627554281257 0.00036895361423849757 141
1627554281327 0.00036864595522477923 142
1627554281406 0.00036831665683025196 143
1627554281483 0.00036801825020196165 144
1627554281559 0.0003677204382096183 145
1627554281641 0.00036732589678072487 146
1627554281750 0.0003668032958665177 147
1627554281815 0.0003664915664006417 148
1627554281903 0.0003660591804613134 149
1627554281998 0.0003657121252607213 150
1627554282091 0.0003650433692426338 151
1627554282160 0.000364716096008333 152
1627554282248 0.0003643704950314801 153
1627554282316 0.0003640668571692118 154
1627554282389 0.0003637729661858574 155
1627554282459 0.0003634884989808023 156
1627554282532 0.00036318038541785416 157
1627554282613 0.00036287649036071643 158
1627554282685 0.0003625709524730838 159
1627554282772 0.0003620600504084621 160
1627554282842 0.0003617000023939958 161
1627554282912 0.0003614096012979331 162
1627554282990 0.00036099739282544985 163
1627554283082 0.00036047545525826064 164
1627554283152 0.00036019258496062585 165
1627554283218 0.00035991984300649604 166
1627554283310 0.00035942940634781377 167
1627554283380 0.00035909587841304735 168
1627554283459 0.00035879353177688673 169
1627554283545 0.00035852727356242687 170
1627554283610 0.00035825331638125344 171
1627554283692 0.0003579182890625585 172
1627554283764 0.00035761955483288487 173
1627554283835 0.0003573445711997065 174
1627554283908 0.00035705236388800036 175
1627554283980 0.00035675924505639445 176
1627554284051 0.00035645641154319005 177
1627554284115 0.0003561918332011216 178
1627554284184 0.0003559487740357106 179
1627554284254 0.00035566907871521623 180
1627554284322 0.00035541312940018496 181
1627554284410 0.0003548489563497459 182
1627554284503 0.00035428324447319787 183
1627554284572 0.00035400670974752846 184
1627554284656 0.0003536591196970972 185
1627554284726 0.00035340026656599115 186
1627554284794 0.00035313404105214406 187
1627554284868 0.00035283333591236345 188
1627554284952 0.00035252450875825775 189
1627554285043 0.0003522391644848903 190
1627554285138 0.0003518080811038205 191
1627554285205 0.0003515579591470662 192
1627554285284 0.0003512552645241979 193
1627554285336 0.00035100317174376386 194
1627554285402 0.0003507138660596461 195
1627554285473 0.00035043695938982483 196
1627554285554 0.000350160879698125 197
1627554285634 0.0003499030610683968 198
1627554285715 0.0003496420593840556 199
1627554285820 0.000349393011287979 200
1627554285882 0.00034908501204575584 201
1627554285973 0.00034883660626003435 202
1627554286081 0.00034858126624452555 203
1627554286230 0.0003481414572869979 204
1627554286340 0.00034789540453222085 205
1627554286441 0.00034764306881633085 206
1627554286524 0.00034714997487928526 207
1627554286617 0.0003466709683808062 208
1627554286691 0.00034640223316265807 209
1627554286757 0.00034613644578510006 210
1627554286855 0.0003455994167023649 211
1627554286917 0.0003453677412941482 212
1627554287000 0.00034497708124219104 213
1627554287084 0.0003447577459489656 214
1627554287171 0.0003444768884504608 215
1627554287249 0.0003441270740683423 216
1627554287325 0.00034383133389735015 217
1627554287398 0.0003435847215230958 218
1627554287476 0.00034332860559961 219
1627554287560 0.0003430398772300813 220
1627554287632 0.0003427845596524663 221
1627554287704 0.00034254574178202635 222
1627554287773 0.00034230639412046815 223
1627554287843 0.00034205877823167296 224
1627554287914 0.000341820602900185 225
1627554287988 0.00034158557821312917 226
1627554288060 0.000341357784186383 227
1627554288127 0.00034112152584749934 228
1627554288192 0.0003408698104779655 229
1627554288252 0.0003406290171253208 230
1627554288316 0.00034040927099352695 231
1627554288393 0.0003401350224714474 232
1627554288470 0.0003398715504960416 233
1627554288526 0.0003396583807137202 234
1627554288594 0.0003394326656749815 235
1627554288679 0.0003391469846542309 236
1627554288752 0.0003388907009349053 237
1627554288811 0.00033867601231248317 238
1627554288873 0.0003384519796538629 239
1627554288952 0.00033821030473915457 240
1627554289030 0.0003379751866071064 241
1627554289125 0.0003377358157166137 242
1627554289237 0.00033749217031361884 243
1627554289352 0.00033725444306559294 244
1627554289465 0.0003369863285178323 245
1627554289548 0.00033674892262200147 246
1627554289612 0.0003365308655119933 247
1627554289744 0.00033627752892011984 248
1627554289822 0.00033601654835771364 249
1627554289964 0.0003356790031232236 250
1627554290022 0.0003354565947318341 251
1627554290086 0.00033520755823619513 252
1627554290158 0.0003349747863038109 253
1627554290230 0.0003346948597928266 254
1627554290304 0.00033447631518184243 255
1627554290367 0.00033426491382464906 256
1627554290431 0.00033406902503264413 257
1627554290507 0.0003338365936987249 258
1627554290586 0.0003335221096333929 259
1627554290659 0.00033327602057302275 260
1627554290736 0.00033300085252326115 261
1627554290817 0.00033275100555832675 262
1627554290881 0.00033252465186183 263
1627554290947 0.00033230600063415146 264
1627554291006 0.0003320918304637761 265
1627554291087 0.00033187136717367565 266
1627554291153 0.0003316107217689599 267
1627554291226 0.000331371313714099 268
1627554291289 0.00033115614715407206 269
1627554291358 0.0003309480188913583 270
1627554291430 0.00033070324971693594 271
1627554291504 0.00033049249993556397 272
1627554291590 0.00034254574178202635 273
