1627554646148 0.5090354191815654 0
1627554646283 0.4697323551850135 1
1627554646404 0.43495982677865064 2
1627554646521 0.4044177062658952 3
1627554646634 0.3775683041068404 4
1627554646748 0.354249601709856 5
1627554646891 0.33405078758070367 6
1627554647054 0.3166206500444755 7
1627554647220 0.3015689148103988 8
1627554647352 0.2885508873878472 9
1627554647462 0.2772969480805237 10
1627554647572 0.26770893805612345 11
1627554647681 0.25945225020668494 12
1627554647786 0.25249978007048884 13
1627554647889 0.24650772784358077 14
1627554647994 0.2415601717314284 15
1627554648100 0.2372476066052604 16
1627554648207 0.2337085472121565 17
1627554648309 0.23064340312295004 18
1627554648414 0.22788179859498506 19
1627554648513 0.2255151254614062 20
1627554648616 0.22349862610197432 21
1627554648719 0.22169352635927522 22
1627554648819 0.22022405812878112 23
1627554648916 0.21869517503611974 24
1627554649006 0.2174510959470305 25
1627554649095 0.21627624458155467 26
1627554649187 0.21525069686630377 27
1627554649281 0.21436766701814075 28
1627554649365 0.21340568802034682 29
1627554649476 0.21253355324340495 30
1627554649570 0.21177812842194485 31
1627554649683 0.21084207585053238 32
1627554649774 0.21001910230561857 33
1627554649884 0.2093177994132888 34
1627554649968 0.2086041094274207 35
1627554650057 0.20768121712867718 36
1627554650149 0.20648956315957592 37
1627554650238 0.2060585533538414 38
1627554650329 0.20524757200774352 39
1627554650417 0.2047458850352609 40
1627554650503 0.20408996054795214 41
1627554650589 0.20346971253325855 42
1627554650680 0.2030103037425565 43
1627554650778 0.20222716189865944 44
1627554650861 0.20177638108751914 45
1627554650950 0.20104152802739844 46
1627554651038 0.20068729071834054 47
1627554651130 0.19998131465583 48
1627554651216 0.19967569450335265 49
1627554651332 0.1987187555697991 50
1627554651412 0.19840469503344035 51
1627554651531 0.19809832990792314 52
1627554651634 0.19730415181906832 53
1627554651722 0.19692816146495892 54
1627554651814 0.19662455009489085 55
1627554651909 0.19613424140323452 56
1627554651990 0.19585175327475074 57
1627554652075 0.19532937663637304 58
1627554652169 0.19497922905105264 59
1627554652248 0.1947202333060268 60
1627554652335 0.1944844083902973 61
1627554652423 0.1940107418493076 62
1627554652557 0.19352783561721115 63
1627554652671 0.19331293199060542 64
1627554652803 0.19266226000568812 65
1627554652910 0.19237620683806583 66
1627554652999 0.19212775740312174 67
1627554653086 0.19187386346217464 68
1627554653175 0.19164231051639521 69
1627554653259 0.191399278510814 70
1627554653343 0.1911574573607342 71
1627554653443 0.19064088156572392 72
1627554653529 0.1903703675179614 73
1627554653619 0.18994150067157295 74
1627554653706 0.1893866606513436 75
1627554653797 0.18887418643745474 76
1627554653867 0.18867049632042537 77
1627554653954 0.18823561050844806 78
1627554654071 0.18801341114927206 79
1627554654147 0.1877752031971867 80
1627554654221 0.18753885480247334 81
1627554654331 0.18728971102778283 82
1627554654419 0.18701151103843963 83
1627554654506 0.18675503522458264 84
1627554654590 0.1865312114483634 85
1627554654673 0.18631829562333535 86
1627554654768 0.18590274040297677 87
1627554654866 0.1857135508047911 88
1627554654954 0.18547823016623738 89
1627554655025 0.18529922552879793 90
1627554655111 0.18496748595033008 91
1627554655201 0.1845642271199141 92
1627554655300 0.18411890816603013 93
1627554655379 0.18391716491480367 94
1627554655459 0.18371403152180601 95
1627554655539 0.1835486130469559 96
1627554655624 0.18332510006669106 97
1627554655700 0.18308549885365077 98
1627554655786 0.18289767401024642 99
1627554655884 0.18270289448629654 100
1627554655971 0.18250116250563017 101
1627554656049 0.18232159793698746 102
1627554656118 0.18215581361189703 103
1627554656210 0.18183066297797545 104
1627554656297 0.1815167228873038 105
1627554656386 0.18119300357648346 106
1627554656468 0.18103898857892844 107
1627554656542 0.18087962785873857 108
1627554656649 0.1806639510320084 109
1627554656785 0.18034418183811604 110
1627554656897 0.18017466717245081 111
1627554656984 0.1800212168528469 112
1627554657081 0.17972980211816003 113
1627554657152 0.17956467764117232 114
1627554657230 0.17939021233414998 115
1627554657302 0.17920947049740402 116
1627554657383 0.17905001315841337 117
1627554657469 0.17880626285155013 118
1627554657544 0.1786573764051633 119
1627554657608 0.17849343261348186 120
1627554657670 0.17835380809313575 121
1627554657755 0.17812154602591213 122
1627554657835 0.1779810192392708 123
1627554657925 0.1777014442674274 124
1627554658001 0.1775674410443407 125
1627554658064 0.17741985532524845 126
1627554658164 0.17727556811245176 127
1627554658234 0.17713717723715575 128
1627554658328 0.17694233999291875 129
1627554658465 0.1766913930499487 130
1627554658566 0.17652365809188117 131
1627554658637 0.17638206609674406 132
1627554658704 0.17623777319740266 133
1627554658771 0.17608108841218686 134
1627554658843 0.17594520620709428 135
1627554658913 0.17579630366798826 136
1627554658982 0.17564987868138307 137
1627554659045 0.1755144338647206 138
1627554659102 0.17538666241355966 139
1627554659191 0.1752413738860196 140
1627554659265 0.17509033076504255 141
1627554659328 0.1749604871456025 142
1627554659385 0.17484187019977188 143
1627554659462 0.1747015816684657 144
1627554659536 0.17456433968874938 145
1627554659614 0.17442989677720816 146
1627554659720 0.17421232033996684 147
1627554659793 0.17406778586786428 148
1627554659877 0.17379792705775177 149
1627554659978 0.17365379417522236 150
1627554660109 0.17337512591883758 151
1627554660175 0.17325042643881716 152
1627554660248 0.17313006368179 153
1627554660318 0.17300966374885923 154
1627554660400 0.17276113062272855 155
1627554660467 0.17263090753696447 156
1627554660518 0.17251615509047366 157
1627554660590 0.1723982435630192 158
1627554660658 0.17228429919752994 159
1627554660737 0.17217905130090624 160
1627554660802 0.17207239413952558 161
1627554660869 0.17195671419368094 162
1627554660944 0.17184292569847695 163
1627554661020 0.1717228825497804 164
1627554661109 0.1715838294305613 165
1627554661192 0.17145532744095074 166
1627554661294 0.1711973454135569 167
1627554661365 0.17104640206332952 168
1627554661435 0.17090316838857844 169
1627554661516 0.17077544520143367 170
1627554661659 0.17055322446956406 171
1627554661727 0.17043947990565114 172
1627554661828 0.17031820897199385 173
1627554661921 0.1701915817881772 174
1627554662019 0.17004941160950995 175
1627554662085 0.1699265280038216 176
1627554662143 0.16981676734215517 177
1627554662204 0.1697087387389183 178
1627554662271 0.16958727965997433 179
1627554662346 0.1694102439148179 180
1627554662401 0.16930135008008607 181
1627554662478 0.1691405474532574 182
1627554662551 0.1690248650029429 183
1627554662616 0.16890286026630344 184
1627554662679 0.16879400074062498 185
1627554662735 0.16867900946665107 186
1627554662808 0.1685453025683447 187
1627554662862 0.16844212872058129 188
1627554662927 0.16833562676725805 189
1627554663024 0.16816375930648358 190
1627554663110 0.16804320349987237 191
1627554663171 0.16793731350399183 192
1627554663285 0.1677224283634149 193
1627554663338 0.16760888004869437 194
1627554663422 0.16751300534418426 195
1627554663527 0.1674116995143828 196
1627554663585 0.1673115083333467 197
1627554663679 0.1672097196035925 198
1627554663742 0.1670941295018674 199
1627554663823 0.1669588539334019 200
1627554663893 0.16685352299866102 201
1627554663950 0.16675849618640437 202
1627554664025 0.1666442962227662 203
1627554664079 0.16655630007058853 204
1627554664154 0.16645084823670844 205
1627554664213 0.1663562550893919 206
1627554664313 0.16626163245151732 207
1627554664429 0.16613494744571658 208
1627554664498 0.16603949156510234 209
1627554664561 0.16593466385953365 210
1627554664668 0.16582968501545894 211
1627554664738 0.1657230276188381 212
1627554664818 0.16557693666260095 213
1627554664903 0.16539418155705646 214
1627554664968 0.16528414701872926 215
1627554665042 0.16518035383744764 216
1627554665098 0.165088813352186 217
1627554665168 0.1649839762380631 218
1627554665232 0.1648778618429112 219
1627554665299 0.1647649444527046 220
1627554665363 0.16467555166437703 221
1627554665436 0.16457753041814488 222
1627554665513 0.1644790511943198 223
1627554665571 0.16438890021108024 224
1627554665655 0.1642746175424554 225
1627554665719 0.16417920816070433 226
1627554665774 0.16409111337154408 227
1627554665847 0.16400024130100643 228
1627554665929 0.1639128563197167 229
1627554666034 0.16380561758218593 230
1627554666122 0.16371819984567956 231
1627554666239 0.16358519901903362 232
1627554666304 0.1634854603361926 233
1627554666373 0.1633812756132714 234
1627554666432 0.1632840811953462 235
1627554666512 0.16314929316295804 236
1627554666562 0.1630715807631816 237
1627554666622 0.1629855969052897 238
1627554666691 0.1628835926244374 239
1627554666750 0.16280367960051614 240
1627554666806 0.16272192140850286 241
1627554666881 0.1626221172391548 242
1627554666949 0.16252463753444338 243
1627554667017 0.16242461081334894 244
1627554667082 0.16233600435447465 245
1627554667161 0.16222020417159105 246
1627554667237 0.16209932360284587 247
1627554667298 0.16201080214844668 248
1627554667395 0.16189891398002876 249
1627554667471 0.16182063666924318 250
1627554667537 0.1617058528052414 251
1627554667588 0.1616125737220717 252
1627554667638 0.16152335644372903 253
1627554667705 0.16143369381728775 254
1627554667760 0.16134274953832078 255
1627554667825 0.16124513667158893 256
1627554667892 0.16114058176940166 257
1627554667953 0.161042654916521 258
1627554668016 0.1609541339305454 259
1627554668086 0.1608625225669089 260
1627554668147 0.16078820205265035 261
1627554668209 0.16069060915246952 262
1627554668270 0.16060755511241437 263
1627554668338 0.16050407625155555 264
1627554668388 0.16042557070243557 265
1627554668447 0.16033758885038424 266
1627554668509 0.1602453482685067 267
1627554668579 0.16014163241420673 268
1627554668648 0.16003999117290443 269
1627554668728 0.15991435220658032 270
1627554668785 0.1598381331712163 271
1627554668854 0.15975186454514076 272
1627554668921 0.15965862460253358 273
1627554669008 0.15951152160047885 274
1627554669110 0.15939647696495954 275
1627554669176 0.15932024013110624 276
1627554669225 0.15924120620708174 277
1627554669278 0.15917048993798624 278
1627554669329 0.15909580826775063 279
1627554669380 0.15901071080509613 280
1627554669450 0.15893072088042773 281
1627554669497 0.1588509088607545 282
1627554669542 0.1587701164590349 283
1627554669595 0.1586901117095256 284
1627554669678 0.15857336197819097 285
1627554669741 0.1584927085199014 286
1627554669791 0.15841954847193618 287
1627554669869 0.1583071886617938 288
1627554669929 0.15822389949644494 289
1627554669995 0.15811274418860957 290
1627554670065 0.15799840026279988 291
1627554670126 0.15791649322802093 292
1627554670198 0.15784082810343783 293
1627554670252 0.1577616634381575 294
1627554670310 0.15767610214028943 295
1627554670367 0.15758482260795748 296
1627554670436 0.1574978912408483 297
1627554670497 0.1574223271581967 298
1627554670548 0.15735091749385785 299
1627554670626 0.15727487011195426 300
1627554670683 0.15719924029207205 301
1627554670737 0.15712483967610713 302
1627554670797 0.15704313412652507 303
1627554670856 0.1569657316718049 304
1627554670936 0.15689981651038615 305
1627554671017 0.15681918576448753 306
1627554671090 0.15674897302062923 307
1627554671160 0.1566875722238785 308
1627554671217 0.1566154267682122 309
1627554671297 0.15652967580155988 310
1627554671388 0.15645737653211045 311
1627554671466 0.1563684291082542 312
1627554671530 0.15628722929119268 313
1627554671586 0.15621322865014683 314
1627554671664 0.15613453973133437 315
1627554671730 0.15605247477086673 316
1627554671785 0.15597913020792697 317
1627554671833 0.15589498522762238 318
1627554671898 0.15580984132164477 319
1627554671952 0.1557385095600987 320
1627554672008 0.15565836583932446 321
1627554672057 0.15558283455612276 322
1627554672147 0.15551580641929597 323
1627554672239 0.15543981883097133 324
1627554672301 0.1553581078805681 325
1627554672349 0.15528194777525228 326
1627554672419 0.15521155650642662 327
1627554672507 0.1551220243770435 328
1627554672570 0.1550457702527075 329
1627554672629 0.15497689852006272 330
1627554672684 0.15490544960741143 331
1627554672746 0.15483890170040338 332
1627554672806 0.15475460568424734 333
1627554672866 0.15467378444682167 334
1627554672916 0.15461467165883455 335
1627554672994 0.1545034030795845 336
1627554673085 0.15442843179766189 337
1627554673161 0.15437361613966205 338
1627554673226 0.15430820659184097 339
1627554673283 0.15423624127615937 340
1627554673361 0.15416296920117784 341
1627554673441 0.15408473942452927 342
1627554673540 0.15400003579123744 343
1627554673640 0.15387095246935537 344
1627554673717 0.1537952663947091 345
1627554673798 0.15373415973980212 346
1627554673881 0.1536679603666348 347
1627554673966 0.15359960768089967 348
1627554674037 0.15352198454360924 349
1627554674101 0.15344813828913142 350
1627554674177 0.15727487011195426 351
1627554678343 0.5083602904452226 0
1627554678472 0.46915504155045934 1
1627554678586 0.43456395872476444 2
1627554678705 0.40416053100361427 3
1627554678827 0.3774366437535319 4
1627554678972 0.35417813897636097 5
1627554679100 0.33404076663328747 6
1627554679213 0.3166680660978763 7
1627554679328 0.3016895399976863 8
1627554679430 0.28875255225127294 9
1627554679532 0.2775555453904414 10
1627554679635 0.2680041728863464 11
1627554679733 0.2598038022891702 12
1627554679836 0.2528963119460222 13
1627554679935 0.2468646359219739 14
1627554680036 0.24188007939442063 15
1627554680137 0.23759167272153622 16
1627554680243 0.2340145802051419 17
1627554680346 0.23095963220726598 18
1627554680444 0.228189117312176 19
1627554680540 0.22587228267998566 20
1627554680658 0.2238465334235132 21
1627554680757 0.2221919062751693 22
1627554680847 0.22055528667971638 23
1627554680940 0.2191139775190056 24
1627554681027 0.21793428605412682 25
1627554681122 0.2168181111723936 26
1627554681223 0.2157768056865754 27
1627554681370 0.21481212095482208 28
1627554681504 0.21379957837011654 29
1627554681637 0.21303654550672302 30
1627554681730 0.21235749282230254 31
1627554681823 0.2114476202914791 32
1627554681912 0.21064676303680271 33
1627554681994 0.2099665445646893 34
1627554682078 0.2089571364086552 35
1627554682166 0.20811802520258546 36
1627554682266 0.20716553521339748 37
1627554682349 0.2066123349195322 38
1627554682433 0.2059843615724651 39
1627554682513 0.20551683651436786 40
1627554682595 0.20492220271068134 41
1627554682678 0.20429457415791094 42
1627554682768 0.20347412156403683 43
1627554682861 0.20308414103436637 44
1627554682942 0.20272782060007832 45
1627554683028 0.20199235951426994 46
1627554683110 0.2015191580807902 47
1627554683195 0.20091759293446781 48
1627554683283 0.2003687923088891 49
1627554683395 0.19995799097428524 50
1627554683481 0.1996579325761801 51
1627554683568 0.19910755190346702 52
1627554683658 0.1986991349993653 53
1627554683737 0.19844716934069587 54
1627554683813 0.19814854933746634 55
1627554683902 0.19745890427931054 56
1627554683990 0.19684220561505422 57
1627554684065 0.19649599878760202 58
1627554684150 0.19619751610285208 59
1627554684235 0.19584002878342707 60
1627554684345 0.1950582261275321 61
1627554684443 0.19445335922602253 62
1627554684529 0.19407818459287646 63
1627554684614 0.19379450607971485 64
1627554684710 0.19346621346196852 65
1627554684797 0.1931767892556951 66
1627554684874 0.19292881141194587 67
1627554684972 0.19229643785107212 68
1627554685067 0.191701444290028 69
1627554685144 0.19144970920570833 70
1627554685237 0.19102997328459456 71
1627554685343 0.19051406713290578 72
1627554685427 0.19016553570865988 73
1627554685506 0.18992601316815458 74
1627554685596 0.18945605986920092 75
1627554685678 0.1892351872979982 76
1627554685757 0.1890226688221803 77
1627554685833 0.1887892780126335 78
1627554685921 0.1883287694445734 79
1627554686029 0.18807128011892965 80
1627554686143 0.1878543715592136 81
1627554686218 0.18761650499296909 82
1627554686298 0.18732518784408245 83
1627554686395 0.18710941984890672 84
1627554686489 0.18687089664911674 85
1627554686571 0.18664316792553046 86
1627554686650 0.18643100701375362 87
1627554686732 0.18622771668754268 88
1627554686813 0.18596714290300909 89
1627554686901 0.18559326046509148 90
1627554686992 0.18515299107036448 91
1627554687090 0.1847369419669722 92
1627554687178 0.18439224590312378 93
1627554687248 0.18418836818537104 94
1627554687329 0.1838518998071858 95
1627554687402 0.18367270704219585 96
1627554687480 0.18346446963036375 97
1627554687547 0.18328663195658748 98
1627554687628 0.18308210244807108 99
1627554687739 0.18274732228872842 100
1627554687817 0.1825710634684851 101
1627554687896 0.1823760611276176 102
1627554687988 0.1821870879370021 103
1627554688083 0.181996996508073 104
1627554688174 0.18173120670721157 105
1627554688282 0.18154397727958874 106
1627554688382 0.18135125789115875 107
1627554688458 0.1811562031956386 108
1627554688532 0.18099167111184503 109
1627554688610 0.1808196653807072 110
1627554688686 0.18064529950905492 111
1627554688764 0.18046187101034328 112
1627554688832 0.18030139176125892 113
1627554688920 0.1800990536397101 114
1627554689025 0.1799474529182299 115
1627554689111 0.1797502329549274 116
1627554689191 0.17949403957659357 117
1627554689303 0.17930993072487278 118
1627554689411 0.17912202192205642 119
1627554689494 0.1789625528204189 120
1627554689563 0.17880671557614458 121
1627554689679 0.1786002868597781 122
1627554689826 0.1782753555513321 123
1627554689919 0.17804391555148089 124
1627554689989 0.17790939456737817 125
1627554690067 0.17776245564034227 126
1627554690152 0.1775222499647928 127
1627554690230 0.17732412721956198 128
1627554690306 0.1771143832242938 129
1627554690387 0.17695520216431482 130
1627554690461 0.1768048913976367 131
1627554690532 0.17666810621009177 132
1627554690604 0.1765227954181542 133
1627554690689 0.17637176825133657 134
1627554690755 0.17620982559241558 135
1627554690826 0.17607161752412048 136
1627554690938 0.1759385979791986 137
1627554691026 0.17579498218045148 138
1627554691099 0.17559186989369902 139
1627554691172 0.17543867682874223 140
1627554691317 0.17513852428464918 141
1627554691404 0.17493504850261024 142
1627554691479 0.17480679721299971 143
1627554691546 0.17467280531762988 144
1627554691612 0.17454056703866502 145
1627554691693 0.17441416649867883 146
1627554691765 0.17428196020018075 147
1627554691848 0.17413169663849817 148
1627554691912 0.17400507377007565 149
1627554691992 0.17387002957171058 150
1627554692041 0.17377415288980122 151
1627554692110 0.17362866992977694 152
1627554692194 0.17341406481543747 153
1627554692256 0.1732740467137687 154
1627554692339 0.17311378498669533 155
1627554692406 0.17298652935865458 156
1627554692489 0.17283505134416668 157
1627554692557 0.1727240564787152 158
1627554692633 0.1726121418884767 159
1627554692698 0.17249154001791467 160
1627554692759 0.1723810949361137 161
1627554692847 0.17226675053964852 162
1627554692950 0.17214895194232704 163
1627554693020 0.17202342384889413 164
1627554693095 0.17188935698834773 165
1627554693166 0.17176282217928338 166
1627554693241 0.17164058254810868 167
1627554693306 0.17152392524628468 168
1627554693386 0.17137110158436378 169
1627554693483 0.17124488379196354 170
1627554693578 0.17110126189028563 171
1627554693678 0.17089487573913642 172
1627554693759 0.170768030058427 173
1627554693858 0.17063763218142355 174
1627554693949 0.17046838995564764 175
1627554694018 0.17034949716404674 176
1627554694101 0.17014624386898652 177
1627554694158 0.17003717032837357 178
1627554694228 0.1698922493866062 179
1627554694294 0.16978028681275453 180
1627554694361 0.16964481363616896 181
1627554694430 0.16954008044125346 182
1627554694499 0.16942249628523637 183
1627554694565 0.1693000837955522 184
1627554694622 0.16920745215657343 185
1627554694685 0.1690896081498436 186
1627554694740 0.16899162664981607 187
1627554694798 0.1688900219410256 188
1627554694883 0.16877698504936747 189
1627554694969 0.16867057513044767 190
1627554695077 0.16852533428734603 191
1627554695176 0.16838689431128964 192
1627554695242 0.16827881524447771 193
1627554695316 0.168170396272151 194
1627554695426 0.16804695912356138 195
1627554695531 0.16794285837335804 196
1627554695608 0.16784946834550277 197
1627554695697 0.16763521471380513 198
1627554695776 0.1675262069413458 199
1627554695882 0.16741616769563225 200
1627554695978 0.16726314560271865 201
1627554696080 0.1671476968002292 202
1627554696172 0.16704294488394902 203
1627554696241 0.16694707069835546 204
1627554696324 0.1667919299017688 205
1627554696396 0.16670279503897623 206
1627554696502 0.16658421089155206 207
1627554696587 0.16645654607886615 208
1627554696681 0.16628596575823162 209
1627554696756 0.1661799757726205 210
1627554696814 0.16609648906465335 211
1627554696888 0.16597277764463322 212
1627554696944 0.16587075583368927 213
1627554697035 0.1657658503851428 214
1627554697104 0.16567555391725747 215
1627554697157 0.16556817048294878 216
1627554697224 0.16546170897057286 217
1627554697295 0.16536852087844905 218
1627554697368 0.16522407003036244 219
1627554697432 0.16513181263523605 220
1627554697497 0.16504502063556797 221
1627554697561 0.16495426710336245 222
1627554697615 0.16487912215998599 223
1627554697677 0.16478404948270042 224
1627554697740 0.16469457968486556 225
1627554697796 0.1646104216060372 226
1627554697855 0.16450585654148722 227
1627554697928 0.164398459463323 228
1627554697995 0.16429247817367018 229
1627554698053 0.1642000702200875 230
1627554698103 0.16411487996119456 231
1627554698177 0.1639799958953611 232
1627554698229 0.1638851036220207 233
1627554698311 0.16371945031262422 234
1627554698367 0.163631692541083 235
1627554698435 0.16353606041601415 236
1627554698514 0.16343649415852327 237
1627554698617 0.16331344592063565 238
1627554698680 0.16322948737362022 239
1627554698745 0.16314824379537646 240
1627554698809 0.16304429549576246 241
1627554698861 0.16296072811496823 242
1627554698939 0.1628561774517765 243
1627554698997 0.16276721605344535 244
1627554699078 0.16268006406433957 245
1627554699158 0.1625553791276796 246
1627554699229 0.16245133070924608 247
1627554699283 0.16235672574821214 248
1627554699331 0.16229155200466724 249
1627554699397 0.16220108084088383 250
1627554699457 0.16209668654956225 251
1627554699521 0.16198941108597384 252
1627554699584 0.1618983206628536 253
1627554699652 0.16179401992909453 254
1627554699718 0.1617033465431802 255
1627554699783 0.1616106174401945 256
1627554699853 0.16152119677325857 257
1627554699910 0.16143028947091712 258
1627554699975 0.16133955389983742 259
1627554700038 0.1612488506008872 260
1627554700104 0.1611737488856098 261
1627554700160 0.16108335392828022 262
1627554700224 0.16099714116166713 263
1627554700296 0.16089987819463897 264
1627554700364 0.16079493879272072 265
1627554700441 0.16065821303633634 266
1627554700501 0.1605804953814263 267
1627554700570 0.16048051526521176 268
1627554700655 0.16038045583832425 269
1627554700737 0.16029949128196924 270
1627554700807 0.1602119746737934 271
1627554700865 0.16013187670601545 272
1627554700928 0.16004183683468912 273
1627554701011 0.15995624455356725 274
1627554701079 0.15983262224949496 275
1627554701153 0.15968736081747115 276
1627554701205 0.15961310074177384 277
1627554701261 0.15951995366502802 278
1627554701325 0.15944207190522658 279
1627554701376 0.15937432260299822 280
1627554701452 0.15923039732490687 281
1627554701513 0.15915669003345206 282
1627554701573 0.15906904325102864 283
1627554701628 0.15899105977664243 284
1627554701694 0.15891215520220522 285
1627554701746 0.1588290611292937 286
1627554701806 0.15874311022638857 287
1627554701875 0.1586533526474913 288
1627554701935 0.15855981943399808 289
1627554702014 0.15847516528161626 290
1627554702094 0.1583854853333331 291
1627554702192 0.15830667837449564 292
1627554702244 0.15822808393738313 293
1627554702297 0.1581554034322142 294
1627554702355 0.15806097831658325 295
1627554702409 0.15797595047768515 296
1627554702479 0.1578715193204069 297
1627554702545 0.15779016114868288 298
1627554702626 0.15764908619156315 299
1627554702717 0.15757194600798 300
1627554702787 0.15749031067126334 301
1627554702869 0.157409267132458 302
1627554702942 0.15732431198426716 303
1627554702995 0.15723728478555163 304
1627554703061 0.15715113460646069 305
1627554703130 0.15708714036349658 306
1627554703194 0.1570124765624272 307
1627554703255 0.1569402252813933 308
1627554703308 0.15687360872614703 309
1627554703361 0.15680662701107337 310
1627554703420 0.15673239835255715 311
1627554703479 0.15666208056616604 312
1627554703538 0.15658177152280495 313
1627554703593 0.1564998907111945 314
1627554703666 0.15641860009061567 315
1627554703750 0.15633721435893963 316
1627554703818 0.15624651483612778 317
1627554703887 0.15616461623439684 318
1627554703951 0.15607956101043846 319
1627554704010 0.156003890344716 320
1627554704072 0.15591216591620793 321
1627554704122 0.15584800373586033 322
1627554704166 0.1557849499121815 323
1627554704226 0.15571618548712357 324
1627554704295 0.15564172650175953 325
1627554704349 0.1555788886015782 326
1627554704411 0.15550308134102953 327
1627554704472 0.15542548221081265 328
1627554704567 0.15534777507985195 329
1627554704639 0.15527679797668428 330
1627554704697 0.15519594129404482 331
1627554704772 0.15510470282151834 332
1627554704839 0.15502189153996793 333
1627554704894 0.15493327472496474 334
1627554704947 0.15485745340469095 335
1627554704997 0.154782749291539 336
1627554705069 0.1547074096617607 337
1627554705136 0.15462318373287295 338
1627554705196 0.15454506852545266 339
1627554705276 0.15447981972904537 340
1627554705336 0.1544114230839894 341
1627554705390 0.1543434577780306 342
1627554705438 0.15426065784109916 343
1627554705496 0.1541838917527662 344
1627554705577 0.15410099742704425 345
1627554705672 0.15402421685433595 346
1627554705783 0.15391892627836798 347
1627554705841 0.15384566798977142 348
1627554705890 0.15376758350404737 349
1627554705967 0.15764908619156315 350
1627554710122 0.5090322815594718 0
1627554710257 0.4696836605773788 1
1627554710371 0.4349892738056114 2
1627554710492 0.4044680810953022 3
1627554710607 0.3777126185149895 4
1627554710718 0.354417730190149 5
1627554710867 0.3342738574287702 6
1627554710974 0.31684676409200574 7
1627554711145 0.30181542177587406 8
1627554711315 0.28885901866783836 9
1627554711423 0.27762238717202453 10
1627554711531 0.26802364940897094 11
1627554711637 0.25976489001977404 12
1627554711751 0.25280398770817286 13
1627554711870 0.24680552353821977 14
1627554711990 0.241784437799396 15
1627554712098 0.23749921461090584 16
1627554712204 0.23394813813900628 17
1627554712317 0.23089097601557762 18
1627554712426 0.22808503723496218 19
1627554712523 0.22572623552482227 20
1627554712619 0.2236921962804874 21
1627554712729 0.22191436667454564 22
1627554712835 0.220253077697976 23
1627554712936 0.21886330981429974 24
1627554713027 0.2177413477995701 25
1627554713115 0.21651714634115166 26
1627554713210 0.21553266418660375 27
1627554713306 0.21468369068484194 28
1627554713388 0.21373049586261839 29
1627554713481 0.2127810035743027 30
1627554713575 0.2119661884477169 31
1627554713673 0.21107889342024644 32
1627554713758 0.21030604088461724 33
1627554713844 0.20971945958057206 34
1627554713923 0.20881511820132215 35
1627554714012 0.20821639601024688 36
1627554714137 0.20756639695591822 37
1627554714217 0.2069640546626944 38
1627554714327 0.20619218956603533 39
1627554714406 0.20570251518502053 40
1627554714493 0.20496889919727462 41
1627554714580 0.20436909121759866 42
1627554714672 0.20395993838325607 43
1627554714766 0.2030378611474999 44
1627554714842 0.2026432450977157 45
1627554714947 0.20171836079142644 46
1627554715066 0.2009041424186233 47
1627554715151 0.2003894824787652 48
1627554715255 0.19968622809848213 49
1627554715358 0.19937063165642863 50
1627554715440 0.19906192843199422 51
1627554715522 0.1986819068250309 52
1627554715603 0.19807593716216423 53
1627554715685 0.19777663100586215 54
1627554715766 0.19744595971520537 55
1627554715857 0.19704613891057682 56
1627554715966 0.19630640164148652 57
1627554716057 0.19602072005308652 58
1627554716160 0.1957212107051278 59
1627554716245 0.1954578185658781 60
1627554716335 0.19481599099170335 61
1627554716422 0.19445999560708066 62
1627554716519 0.19412565381785418 63
1627554716642 0.1936858226976928 64
1627554716739 0.19302894442359525 65
1627554716849 0.19278069022340497 66
1627554716957 0.19221529610772023 67
1627554717039 0.1918821987897832 68
1627554717119 0.19163492031607496 69
1627554717199 0.19137844597311543 70
1627554717280 0.19109611161054327 71
1627554717372 0.19055658025098304 72
1627554717464 0.190183405213232 73
1627554717546 0.18994091103517818 74
1627554717632 0.1894876300928579 75
1627554717710 0.1892488278912075 76
1627554717793 0.18902790365363928 77
1627554717876 0.18878602139433182 78
1627554717973 0.18845758523792883 79
1627554718064 0.1881389655446766 80
1627554718155 0.18775872072014804 81
1627554718240 0.1875125898512631 82
1627554718320 0.1872962071543469 83
1627554718400 0.1869889963988915 84
1627554718485 0.1867656385703847 85
1627554718571 0.18629635923681623 86
1627554718648 0.18606631896815332 87
1627554718728 0.1858489668652123 88
1627554718806 0.1856324598690854 89
1627554718891 0.18541413770272258 90
1627554718963 0.18523562784927908 91
1627554719067 0.18492671454257598 92
1627554719140 0.18473223402871258 93
1627554719224 0.18455304491637367 94
1627554719319 0.18412341916439218 95
1627554719407 0.18375849296520713 96
1627554719494 0.18341946255728495 97
1627554719565 0.18322549117884468 98
1627554719651 0.18305054562356288 99
1627554719746 0.1828561015850186 100
1627554719836 0.1826799104644268 101
1627554719910 0.182494677424581 102
1627554720002 0.18217992816312065 103
1627554720080 0.18199243320266403 104
1627554720153 0.18178967656061548 105
1627554720220 0.18161828988485454 106
1627554720300 0.18145909867803686 107
1627554720373 0.18129320676777244 108
1627554720454 0.18106190780407375 109
1627554720555 0.1808847079034632 110
1627554720621 0.18071370566429376 111
1627554720710 0.18032144361949418 112
1627554720781 0.18014494772859285 113
1627554720860 0.17995774919880542 114
1627554720943 0.17970037978277512 115
1627554721013 0.1795010008966245 116
1627554721074 0.17934987585963794 117
1627554721142 0.17918958738324592 118
1627554721212 0.17900727871663416 119
1627554721298 0.17884781753330647 120
1627554721367 0.17870042006537873 121
1627554721470 0.1784376994162164 122
1627554721547 0.17827239075621887 123
1627554721619 0.17812430198773374 124
1627554721692 0.1779588640243439 125
1627554721778 0.17770106968885094 126
1627554721881 0.1775663629624498 127
1627554721959 0.17738993914556314 128
1627554722030 0.17723800264124592 129
1627554722115 0.17701537845551468 130
1627554722189 0.17686780326090315 131
1627554722259 0.17672812967046486 132
1627554722336 0.1765766294357563 133
1627554722420 0.17627972796498478 134
1627554722484 0.17613449485901658 135
1627554722547 0.17598964899865363 136
1627554722628 0.17572389954693696 137
1627554722687 0.17557310141270102 138
1627554722794 0.17537926929392433 139
1627554722927 0.17516842749228093 140
1627554723022 0.1750439122498906 141
1627554723097 0.17491085534752 142
1627554723194 0.17463021434099787 143
1627554723269 0.17448779352825294 144
1627554723338 0.17435747354791725 145
1627554723415 0.17421951502937458 146
1627554723484 0.17410351522075634 147
1627554723554 0.17395728898561452 148
1627554723633 0.1738056621714719 149
1627554723705 0.1736798087096364 150
1627554723768 0.17355436804720809 151
1627554723847 0.17333296509471868 152
1627554723896 0.17322694950737919 153
1627554723961 0.17310264030538783 154
1627554724029 0.1729785802376583 155
1627554724107 0.17278247802189373 156
1627554724190 0.1726183422601647 157
1627554724248 0.17251851770725948 158
1627554724325 0.17238768032723903 159
1627554724399 0.1722436421383386 160
1627554724469 0.17207375496840355 161
1627554724533 0.17195434236883483 162
1627554724617 0.17178130009096862 163
1627554724693 0.17163642480609942 164
1627554724755 0.1715151231898291 165
1627554724818 0.17139230604000974 166
1627554724884 0.17127662744665725 167
1627554724952 0.17115153765976782 168
1627554725005 0.1710395962596438 169
1627554725065 0.1709224329172918 170
1627554725121 0.1707997220905837 171
1627554725179 0.17068109646513416 172
1627554725257 0.17053730307775775 173
1627554725328 0.17041458654482733 174
1627554725393 0.17029082160596662 175
1627554725455 0.17017460424993144 176
1627554725519 0.17005358642918003 177
1627554725574 0.16994647437549057 178
1627554725640 0.16983433898702022 179
1627554725710 0.16971705247852029 180
1627554725778 0.16959114665329847 181
1627554725886 0.1693701432356798 182
1627554725992 0.16916294503990875 183
1627554726072 0.16904794521521488 184
1627554726147 0.1689361395994351 185
1627554726215 0.16881305027217186 186
1627554726281 0.16869774542816193 187
1627554726357 0.1685696976468118 188
1627554726442 0.16846129069441168 189
1627554726539 0.16835413049310424 190
1627554726607 0.16825194580419606 191
1627554726689 0.1681132524323578 192
1627554726767 0.168000541009881 193
1627554726818 0.16790642454539564 194
1627554726892 0.16779817840899214 195
1627554726955 0.16769411803574139 196
1627554727053 0.16759159244344105 197
1627554727141 0.1673977518646949 198
1627554727211 0.16729385881986292 199
1627554727308 0.16719358523102415 200
1627554727403 0.16708255140648 201
1627554727494 0.16697901250659325 202
1627554727569 0.16686414656974569 203
1627554727640 0.16670457532177752 204
1627554727692 0.16660104261244285 205
1627554727791 0.16648034273579504 206
1627554727876 0.16638486685914833 207
1627554727933 0.16628208338160158 208
1627554728017 0.1661047060144498 209
1627554728082 0.1660025626518927 210
1627554728141 0.16591286009317316 211
1627554728201 0.16580998803555877 212
1627554728262 0.16571441515018157 213
1627554728330 0.1656107271577902 214
1627554728416 0.16551597264686949 215
1627554728517 0.1654169939078034 216
1627554728586 0.16531488987575133 217
1627554728647 0.16521477478831886 218
1627554728718 0.16509402294617392 219
1627554728791 0.16497003238044586 220
1627554728862 0.1648829968863465 221
1627554728930 0.16478669109869223 222
1627554728984 0.16470534775382276 223
1627554729056 0.16456369798047576 224
1627554729117 0.16447462560664033 225
1627554729179 0.16439120183216469 226
1627554729242 0.1642939002172346 227
1627554729292 0.16419999664334267 228
1627554729355 0.16411725579967734 229
1627554729411 0.16402229380907057 230
1627554729484 0.16388298119133027 231
1627554729560 0.16377469262954986 232
1627554729626 0.1636752647710951 233
1627554729719 0.16358064691617616 234
1627554729773 0.1634987105039784 235
1627554729825 0.1634213287358221 236
1627554729879 0.16334342960947607 237
1627554729949 0.16324648065366287 238
1627554730027 0.16312001366098494 239
1627554730083 0.1630376839344752 240
1627554730137 0.1629512501922098 241
1627554730200 0.16286269937191641 242
1627554730266 0.16276868194252134 243
1627554730325 0.16268500870025646 244
1627554730387 0.16259184775625427 245
1627554730454 0.16249119581567428 246
1627554730514 0.16240117846651764 247
1627554730576 0.16230395471859196 248
1627554730642 0.16221608329131462 249
1627554730707 0.16211291578168002 250
1627554730759 0.16203145489048884 251
1627554730812 0.16194399194575657 252
1627554730870 0.1618559106344084 253
1627554730938 0.1617481872682557 254
1627554730988 0.1616629432361837 255
1627554731046 0.16157297726856917 256
1627554731114 0.16149308731718628 257
1627554731179 0.1613946206618156 258
1627554731254 0.16125702431134686 259
1627554731322 0.16115310515587508 260
1627554731385 0.16106211567387202 261
1627554731452 0.16097463606967558 262
1627554731502 0.16090284879384728 263
1627554731561 0.16081597099618852 264
1627554731625 0.16073502695926864 265
1627554731701 0.1606157240618038 266
1627554731771 0.16052081835120052 267
1627554731837 0.16042933530700615 268
1627554731888 0.16034723077183521 269
1627554731940 0.16027217221378748 270
1627554732003 0.16017958515876257 271
1627554732075 0.16009452072775698 272
1627554732137 0.16000225478877902 273
1627554732203 0.15991317336739433 274
1627554732288 0.1597655521123688 275
1627554732369 0.15967620364330962 276
1627554732437 0.15957614194446862 277
1627554732513 0.1594614838966982 278
1627554732575 0.1593859398469403 279
1627554732646 0.15930202144725056 280
1627554732696 0.15923291014918606 281
1627554732802 0.15909841307396658 282
1627554732860 0.15902610020881916 283
1627554732939 0.1589391756136864 284
1627554733020 0.1588600278280455 285
1627554733093 0.15875175807149558 286
1627554733156 0.1586689037741033 287
1627554733221 0.1585810648137692 288
1627554733285 0.1585001925096131 289
1627554733357 0.1583951475071813 290
1627554733410 0.1583312420382987 291
1627554733470 0.15824353582620693 292
1627554733514 0.15817469802684428 293
1627554733567 0.15809205551297756 294
1627554733621 0.15801341285258258 295
1627554733697 0.15787708587586674 296
1627554733745 0.1577997888158684 297
1627554733813 0.15772178277716814 298
1627554733875 0.1576423743746303 299
1627554733950 0.15756125820900194 300
1627554734006 0.15747869514744486 301
1627554734081 0.1573871871879535 302
1627554734142 0.1573146375689851 303
1627554734203 0.15722158134694864 304
1627554734255 0.15714945815408227 305
1627554734313 0.15706123929400095 306
1627554734388 0.15697915132327853 307
1627554734440 0.15691522031190436 308
1627554734500 0.15684440551554235 309
1627554734571 0.15675322736526137 310
1627554734617 0.15669145073779425 311
1627554734668 0.1566117894899215 312
1627554734718 0.1565458008611013 313
1627554734776 0.15646700694878476 314
1627554734846 0.1563845151334212 315
1627554734928 0.15623634110868462 316
1627554734983 0.1561631141046607 317
1627554735056 0.15607001648429275 318
1627554735125 0.1559688269582602 319
1627554735190 0.15588415743705486 320
1627554735256 0.15579787111840307 321
1627554735313 0.15571987754374533 322
1627554735367 0.1556497746769486 323
1627554735437 0.15556486366841815 324
1627554735497 0.15548800536815305 325
1627554735552 0.1554098163533054 326
1627554735613 0.15533607806531738 327
1627554735672 0.15526323709428402 328
1627554735733 0.15518555980501414 329
1627554735786 0.15511897219199347 330
1627554735842 0.15504021241034904 331
1627554735891 0.15497537708405512 332
1627554735951 0.15488932310179726 333
1627554736008 0.15480395369056882 334
1627554736062 0.1547239001506528 335
1627554736114 0.15464463302450715 336
1627554736179 0.1545540022808342 337
1627554736257 0.15445291710293374 338
1627554736332 0.1585810648137692 339
1627554740390 0.5070833329370763 0
1627554740559 0.46800644283363757 1
1627554740735 0.43349790302493624 2
1627554740852 0.40315929645940723 3
1627554741007 0.3764713145764507 4
1627554741133 0.3532506898952347 5
1627554741246 0.3331820714922975 6
1627554741357 0.3158266211078931 7
1627554741473 0.3008969583404071 8
1627554741602 0.2880364783662094 9
1627554741742 0.27690792540019543 10
1627554741872 0.26740004883133334 11
1627554741976 0.2592257554399872 12
1627554742087 0.25230173867237454 13
1627554742185 0.24631513903831231 14
1627554742290 0.2414001335696259 15
1627554742391 0.23712216761069868 16
1627554742492 0.2335252846704706 17
1627554742594 0.2304501449544006 18
1627554742723 0.22774822802356773 19
1627554742826 0.22535598993621525 20
1627554742949 0.22338980878061057 21
1627554743052 0.2216783443492348 22
1627554743194 0.22000829907973868 23
1627554743310 0.21857089295460339 24
1627554743401 0.21745162235932597 25
1627554743505 0.21630195754006762 26
1627554743604 0.21527282607215145 27
1627554743699 0.2142899783466931 28
1627554743809 0.2133399395012402 29
1627554743918 0.2124309769981346 30
1627554744010 0.2117302523367223 31
1627554744112 0.21073410672414342 32
1627554744236 0.20987897471676095 33
1627554744330 0.20930705587689388 34
1627554744416 0.20848192468528942 35
1627554744541 0.20770803120286893 36
1627554744655 0.20669448746546365 37
1627554744743 0.20615301187882604 38
1627554744848 0.20527938528197562 39
1627554744936 0.20483691200569423 40
1627554745017 0.2044579728643827 41
1627554745108 0.20371953653280223 42
1627554745196 0.20319487183723445 43
1627554745292 0.20270895082239032 44
1627554745376 0.20236370261537717 45
1627554745464 0.20168623785596096 46
1627554745542 0.20133194244854188 47
1627554745632 0.20055163430965922 48
1627554745722 0.20019776552485025 49
1627554745818 0.1996068091751992 50
1627554745910 0.19912990789132476 51
1627554746002 0.19829974296400887 52
1627554746097 0.19770225137858202 53
1627554746172 0.19746657969985532 54
1627554746256 0.1971355077394751 55
1627554746365 0.19670359999738593 56
1627554746437 0.19641580175713713 57
1627554746525 0.19614698120654925 58
1627554746649 0.1954427660145027 59
1627554746751 0.19514113254404636 60
1627554746849 0.19446426559590557 61
1627554746974 0.1939455467227808 62
1627554747093 0.1937031005656771 63
1627554747189 0.19344779703598444 64
1627554747276 0.1931571264886143 65
1627554747358 0.19286535281438488 66
1627554747445 0.19251037825306977 67
1627554747533 0.1921049570103403 68
1627554747613 0.19186304412129365 69
1627554747707 0.1916147755159295 70
1627554747794 0.19136719410102687 71
1627554747890 0.1908225035699766 72
1627554747973 0.1903456093386498 73
1627554748063 0.18980869078416396 74
1627554748151 0.18956954869734385 75
1627554748251 0.18934835431498773 76
1627554748332 0.18911239207100788 77
1627554748415 0.18888216654029064 78
1627554748504 0.18844128411099798 79
1627554748582 0.1882418395387311 80
1627554748669 0.18787548161493314 81
1627554748764 0.18761342627729183 82
1627554748870 0.18733640126048218 83
1627554748972 0.18711882955494405 84
1627554749093 0.1868631501764279 85
1627554749172 0.1866288300597971 86
1627554749293 0.18640729435603676 87
1627554749408 0.18620670575345905 88
1627554749490 0.18600527803919356 89
1627554749571 0.18580117788638764 90
1627554749695 0.18539960413676454 91
1627554749784 0.18521852129652622 92
1627554749856 0.18500459054878593 93
1627554749936 0.18481083877176985 94
1627554750022 0.18453705391840408 95
1627554750119 0.1841428143810011 96
1627554750209 0.18392364136304967 97
1627554750269 0.18375240954469663 98
1627554750347 0.18356097102001245 99
1627554750457 0.18310814275334744 100
1627554750545 0.18294449344218428 101
1627554750627 0.18255921890458518 102
1627554750722 0.18239002054959777 103
1627554750820 0.18221794099204744 104
1627554750913 0.18202876447252433 105
1627554750996 0.1817415342831554 106
1627554751070 0.18152507433796897 107
1627554751149 0.18133579047637788 108
1627554751235 0.1811518565210206 109
1627554751325 0.18097254945651947 110
1627554751399 0.1807917702939311 111
1627554751485 0.18042472571903703 112
1627554751561 0.18026280127075972 113
1627554751630 0.18011081075519056 114
1627554751722 0.17978185277444833 115
1627554751803 0.17957818827411096 116
1627554751887 0.17942989503385556 117
1627554751957 0.17927687569210746 118
1627554752035 0.1790291320998582 119
1627554752100 0.17889436797698116 120
1627554752166 0.17873814443774177 121
1627554752231 0.17860055010221998 122
1627554752309 0.17839443492008503 123
1627554752376 0.17821861193726976 124
1627554752424 0.17808228388520722 125
1627554752490 0.17794643916955813 126
1627554752559 0.17778505368442923 127
1627554752656 0.17740524902445937 128
1627554752725 0.1772438355573714 129
1627554752805 0.17701788247320407 130
1627554752934 0.17677016141929458 131
1627554753014 0.1766256634866708 132
1627554753098 0.17645975430640515 133
1627554753178 0.1763106038231868 134
1627554753301 0.17607525685853254 135
1627554753367 0.17594587991163355 136
1627554753435 0.17580939239153248 137
1627554753491 0.17567600442727352 138
1627554753556 0.1755275831923817 139
1627554753630 0.17539522164835258 140
1627554753730 0.17508895287578555 141
1627554753801 0.1749526964099333 142
1627554753874 0.17481159651301706 143
1627554753944 0.1746623150483627 144
1627554754018 0.17448905675910273 145
1627554754097 0.1743476096793974 146
1627554754189 0.17409735898403567 147
1627554754259 0.17394532820378955 148
1627554754326 0.1738170328202845 149
1627554754404 0.1736824976559054 150
1627554754470 0.17356411491360266 151
1627554754549 0.17340393567247023 152
1627554754621 0.1732759549055639 153
1627554754689 0.17314026191910165 154
1627554754763 0.17302159094863687 155
1627554754841 0.17289728711085 156
1627554754916 0.17274658947435362 157
1627554754981 0.17262052905050015 158
1627554755052 0.17247017099944975 159
1627554755108 0.17235997992338653 160
1627554755182 0.1721964158653939 161
1627554755273 0.17194732967280493 162
1627554755319 0.17183642835474386 163
1627554755413 0.17172836879642198 164
1627554755503 0.17160703949060868 165
1627554755571 0.17148086236334484 166
1627554755638 0.17135858512965313 167
1627554755715 0.17123561348306296 168
1627554755781 0.17111982454872082 169
1627554755846 0.17098171343766644 170
1627554755912 0.17085211128646793 171
1627554755967 0.1707441017124647 172
1627554756022 0.1706226106118631 173
1627554756082 0.17052097419699924 174
1627554756152 0.17041298199491958 175
1627554756217 0.17027468967191633 176
1627554756277 0.17016714103486658 177
1627554756340 0.17005544266481065 178
1627554756411 0.16992815523894303 179
1627554756493 0.16974704650977895 180
1627554756567 0.16961519935884378 181
1627554756637 0.16947973070232583 182
1627554756731 0.16928918621229827 183
1627554756800 0.16916717862950797 184
1627554756866 0.1690596855241084 185
1627554756936 0.16891549283178486 186
1627554756992 0.16880074048756466 187
1627554757068 0.16867931574629466 188
1627554757126 0.16858116677407292 189
1627554757193 0.1684617389598792 190
1627554757270 0.1683411564835247 191
1627554757341 0.16819792240779946 192
1627554757415 0.16807474249993665 193
1627554757482 0.16796143312424663 194
1627554757530 0.16786949033584164 195
1627554757606 0.1677314142164536 196
1627554757661 0.16764883682528894 197
1627554757728 0.16752918072052542 198
1627554757800 0.1674253493024189 199
1627554757871 0.16733958111956626 200
1627554757942 0.1672274044028324 201
1627554758019 0.1671220656261576 202
1627554758085 0.16700156951640804 203
1627554758147 0.16688735733279567 204
1627554758208 0.1667699522403132 205
1627554758278 0.16665734417595146 206
1627554758333 0.1665645479364658 207
1627554758412 0.1664222913118532 208
1627554758517 0.16631800910896677 209
1627554758589 0.16620900386835943 210
1627554758652 0.16610600385314772 211
1627554758729 0.16599601983169907 212
1627554758835 0.16588584573700124 213
1627554758937 0.1657765790740246 214
1627554759030 0.16568044825919553 215
1627554759124 0.16553333049740515 216
1627554759180 0.1654267098283028 217
1627554759242 0.1653379922382333 218
1627554759312 0.16523502046294472 219
1627554759372 0.16514313463582594 220
1627554759443 0.1650094940260364 221
1627554759502 0.16492454278583937 222
1627554759580 0.16475080807386483 223
1627554759646 0.16465574731523885 224
1627554759717 0.1645681643932097 225
1627554759802 0.16443824236600094 226
1627554759848 0.16434364527010348 227
1627554759911 0.1642449378397309 228
1627554759974 0.1641395115391555 229
1627554760021 0.16403971019741823 230
1627554760071 0.16396017223706424 231
1627554760148 0.1638210568150859 232
1627554760216 0.16372408440893796 233
1627554760284 0.16362903151083144 234
1627554760351 0.16353314808531902 235
1627554760437 0.16335011207266031 236
1627554760517 0.1631825099701384 237
1627554760569 0.1630834445722521 238
1627554760626 0.16299090910209793 239
1627554760698 0.16289898765695165 240
1627554760768 0.16279131904583433 241
1627554760821 0.16271033910954164 242
1627554760895 0.16262176100796694 243
1627554760971 0.16251264796053344 244
1627554761032 0.16243098324203636 245
1627554761088 0.16233773001142363 246
1627554761152 0.16224322430110116 247
1627554761204 0.1621569208087797 248
1627554761260 0.16206078212580477 249
1627554761329 0.16195823337672177 250
1627554761393 0.16186480561530903 251
1627554761452 0.16177188847653964 252
1627554761526 0.16165743113754447 253
1627554761615 0.16157154535456075 254
1627554761691 0.16148094482570516 255
1627554761775 0.161363597366415 256
1627554761851 0.16123292952041904 257
1627554761923 0.16112932829975596 258
1627554762017 0.1610386786576425 259
1627554762089 0.16094006050964202 260
1627554762148 0.1608484967709475 261
1627554762218 0.1607603429051403 262
1627554762269 0.16068127744051489 263
1627554762318 0.16060827396245145 264
1627554762369 0.16052386157020485 265
1627554762437 0.1604488883481711 266
1627554762485 0.1603749763332754 267
1627554762549 0.16027824106525196 268
1627554762637 0.16017433699336536 269
1627554762707 0.16008267998439907 270
1627554762771 0.15999684634085956 271
1627554762828 0.1599156786539203 272
1627554762879 0.15983108409326707 273
1627554762937 0.1597558262969687 274
1627554763003 0.1596582055148394 275
1627554763085 0.15952342996184987 276
1627554763142 0.15943736956187998 277
1627554763200 0.15935659319117035 278
1627554763259 0.15928606796033973 279
1627554763318 0.15919203349266156 280
1627554763375 0.15910587691888176 281
1627554763433 0.15902528632417492 282
1627554763479 0.1589506030634984 283
1627554763538 0.15887040310174746 284
1627554763595 0.15879107810852774 285
1627554763682 0.15870299341226207 286
1627554763735 0.15862223742442105 287
1627554763801 0.1585481950210434 288
1627554763865 0.15845983316462783 289
1627554763926 0.1583734450029787 290
1627554763981 0.15829538375955962 291
1627554764056 0.15819436325905684 292
1627554764121 0.15811427186918506 293
1627554764174 0.1580366701468364 294
1627554764250 0.15795534060812383 295
1627554764328 0.15786966195889132 296
1627554764400 0.15776895215381895 297
1627554764462 0.15770001351997817 298
1627554764524 0.15762212603331832 299
1627554764606 0.15754074875300011 300
1627554764672 0.1574550408654213 301
1627554764725 0.15737171550289852 302
1627554764779 0.15730070575380925 303
1627554764833 0.15722655392976015 304
1627554764907 0.15715034335915457 305
1627554764963 0.15706522159575848 306
1627554765038 0.15698070007859566 307
1627554765101 0.15689533186796795 308
1627554765177 0.15681885543943744 309
1627554765240 0.15673382621701637 310
1627554765301 0.15666185875870933 311
1627554765370 0.15659328313863913 312
1627554765419 0.15651816748336084 313
1627554765473 0.15643793764528333 314
1627554765549 0.15636002460425738 315
1627554765611 0.1562724200839052 316
1627554765682 0.1561864606837235 317
1627554765759 0.1560884136359294 318
1627554765821 0.1560210549778688 319
1627554765867 0.15595541864127344 320
1627554765919 0.15587653737453655 321
1627554765974 0.15578685042461607 322
1627554766038 0.1556942224641129 323
1627554766120 0.15557335653753118 324
1627554766189 0.1554817965850987 325
1627554766241 0.15540556055444166 326
1627554766321 0.15952342996184987 327
1627554770138 0.5098819110251422 0
1627554770269 0.4705122659681808 1
1627554770388 0.43576939018083916 2
1627554770511 0.4052582486381036 3
1627554770628 0.37837106043836066 4
1627554770746 0.3549837714733382 5
1627554770860 0.3347017782746159 6
1627554770969 0.31723646155767693 7
1627554771081 0.3021674202510708 8
1627554771228 0.2891948026177603 9
1627554771352 0.2779272103803822 10
1627554771461 0.26833879363271984 11
1627554771601 0.26008727160821643 12
1627554771743 0.2531213239416946 13
1627554771843 0.24707944187470776 14
1627554771953 0.24205955699163462 15
1627554772054 0.23776288611254956 16
1627554772156 0.23418789634703435 17
1627554772268 0.2311617758631315 18
1627554772367 0.22843699879537072 19
1627554772462 0.22600937637110022 20
1627554772562 0.22396793007195892 21
1627554772665 0.22225027022081298 22
1627554772767 0.22073837994994375 23
1627554772874 0.21913739002941948 24
1627554772961 0.21787502544254458 25
1627554773046 0.2167057218988038 26
1627554773134 0.2156258937924147 27
1627554773240 0.2147343218993523 28
1627554773333 0.21377698142843188 29
1627554773428 0.2129785875218395 30
1627554773529 0.21226010006461518 31
1627554773629 0.21148092028180604 32
1627554773722 0.2107248052765789 33
1627554773807 0.2100272098084584 34
1627554773889 0.20922075242402036 35
1627554773974 0.20834848932208522 36
1627554774070 0.2075807331758109 37
1627554774157 0.20705435261245542 38
1627554774245 0.20618631052164824 39
1627554774364 0.20567688012605487 40
1627554774464 0.20505644623091834 41
1627554774556 0.20411760765123074 42
1627554774645 0.2037139022533089 43
1627554774741 0.20330485204317736 44
1627554774824 0.2029675285012115 45
1627554774918 0.20201607090625584 46
1627554774998 0.20167962260179412 47
1627554775095 0.2009246221693594 48
1627554775187 0.20038895803606105 49
1627554775305 0.1995502859317483 50
1627554775386 0.19920748185893689 51
1627554775473 0.19883410373938618 52
1627554775568 0.19797507291522035 53
1627554775654 0.19740433201647573 54
1627554775732 0.19700233598627717 55
1627554775824 0.19665616982743683 56
1627554775909 0.1963912513779879 57
1627554775993 0.19609203901530659 58
1627554776104 0.1956839775468884 59
1627554776192 0.1952341757975051 60
1627554776304 0.19485284845191062 61
1627554776397 0.19452835050391076 62
1627554776485 0.19427796908960848 63
1627554776584 0.19389904230243754 64
1627554776677 0.19332616972056627 65
1627554776759 0.1930785578501185 66
1627554776858 0.1924963778498064 67
1627554776953 0.1921929042547169 68
1627554777051 0.19169991258624838 69
1627554777138 0.19145586021112146 70
1627554777217 0.1912270467929706 71
1627554777296 0.19098419825547416 72
1627554777378 0.19061486569400365 73
1627554777455 0.19038337412785117 74
1627554777539 0.19016269513146322 75
1627554777635 0.18953282892047218 76
1627554777736 0.18906598071530223 77
1627554777828 0.18879252446710773 78
1627554777920 0.1885975540063202 79
1627554778033 0.18835535405983775 80
1627554778153 0.18791040776706477 81
1627554778265 0.18763378506633896 82
1627554778391 0.18741616941120906 83
1627554778468 0.1872091036855958 84
1627554778556 0.18697553794972038 85
1627554778675 0.18676250998760588 86
1627554778789 0.18649165841336154 87
1627554778876 0.1863002367090643 88
1627554778957 0.1860912852520427 89
1627554779037 0.185877724749565 90
1627554779136 0.1853420725005034 91
1627554779233 0.1849037456946091 92
1627554779292 0.18471903471278836 93
1627554779381 0.18447735189087722 94
1627554779518 0.18419765179683095 95
1627554779602 0.18397252056344696 96
1627554779722 0.1837092740454633 97
1627554779812 0.18352291223476783 98
1627554779910 0.18333773161624012 99
1627554780084 0.18297444784160669 100
1627554780222 0.18279106692124403 101
1627554780379 0.18239780406665368 102
1627554780451 0.18221714712800402 103
1627554780528 0.18204417434224196 104
1627554780661 0.18170609223676693 105
1627554780783 0.18154635219767778 106
1627554780866 0.1813822169957179 107
1627554780965 0.18120095587282145 108
1627554781054 0.181036149074242 109
1627554781137 0.18079214128024257 110
1627554781224 0.18062316934323586 111
1627554781306 0.18046434065659622 112
1627554781389 0.18029005950156685 113
1627554781472 0.18009205530279218 114
1627554781555 0.17982794242324668 115
1627554781628 0.17966098588712678 116
1627554781721 0.1793808895645474 117
1627554781806 0.17920839707822508 118
1627554781925 0.17890070079519754 119
1627554782011 0.1786383655611075 120
1627554782078 0.17849347687876482 121
1627554782148 0.17833116870080382 122
1627554782267 0.17816752112584655 123
1627554782360 0.17801775933100913 124
1627554782434 0.17785655239713713 125
1627554782508 0.1777209714775489 126
1627554782595 0.17753608100461782 127
1627554782692 0.1773961155458442 128
1627554782812 0.17724573689931075 129
1627554782913 0.1771019172092402 130
1627554782990 0.17686708283200267 131
1627554783083 0.17660821437170968 132
1627554783152 0.17646469471028325 133
1627554783230 0.1763145446039153 134
1627554783305 0.17616085403902085 135
1627554783386 0.1760146516670158 136
1627554783460 0.17587512018024035 137
1627554783543 0.17568842649347993 138
1627554783624 0.17547740167893114 139
1627554783693 0.17534665354370152 140
1627554783771 0.17521877731804078 141
1627554783830 0.17507644395006838 142
1627554783909 0.17489951697912753 143
1627554783971 0.17475889034233008 144
1627554784043 0.17462654063154814 145
1627554784134 0.17440026111915247 146
1627554784214 0.1742735497839039 147
1627554784286 0.17413757184157133 148
1627554784394 0.17390412781488868 149
1627554784470 0.17378247612377512 150
1627554784594 0.17354052325937855 151
1627554784681 0.17337630284940667 152
1627554784742 0.1732646483209594 153
1627554784809 0.17314363541215727 154
1627554784884 0.1729960827163376 155
1627554784955 0.17286839028560927 156
1627554785021 0.1727379862687838 157
1627554785102 0.17262239918355696 158
1627554785173 0.1724880577092224 159
1627554785266 0.17234135438145012 160
1627554785339 0.17221562408028998 161
1627554785419 0.17209259261853993 162
1627554785483 0.17198305423922328 163
1627554785559 0.17185887841804504 164
1627554785649 0.17165450492218023 165
1627554785721 0.17153333825897896 166
1627554785795 0.1714050618944503 167
1627554785870 0.1712744919076715 168
1627554785947 0.1711498074139615 169
1627554786020 0.1710126342229195 170
1627554786133 0.1708762736337105 171
1627554786214 0.17075573985612247 172
1627554786279 0.17062608902314597 173
1627554786365 0.1705177927057593 174
1627554786426 0.17040939281072234 175
1627554786502 0.17028669423847057 176
1627554786574 0.17017161393637012 177
1627554786675 0.17004826938451487 178
1627554786742 0.16993399164525103 179
1627554786805 0.1698177518965778 180
1627554786879 0.1696985233943376 181
1627554786973 0.16959684628062024 182
1627554787068 0.1694670945940729 183
1627554787133 0.16935833410825868 184
1627554787194 0.16923844220196557 185
1627554787285 0.16911919794683195 186
1627554787355 0.16902375604211006 187
1627554787423 0.16890845974039365 188
1627554787513 0.1686821397522551 189
1627554787565 0.16859233825690886 190
1627554787682 0.16845661851177438 191
1627554787747 0.1683539321652042 192
1627554787816 0.16824627716088383 193
1627554787889 0.1681277972302601 194
1627554787964 0.16801193513837573 195
1627554788059 0.1678149041871234 196
1627554788131 0.16769564747206633 197
1627554788182 0.16759853163932645 198
1627554788237 0.16750176393986194 199
1627554788337 0.16738652097899195 200
1627554788403 0.1672538030369547 201
1627554788498 0.16713968919936906 202
1627554788567 0.16704192578414265 203
1627554788678 0.16691846898378448 204
1627554788786 0.16678750329356348 205
1627554788888 0.16668966480871256 206
1627554788986 0.1665904713249402 207
1627554789104 0.16647095395087552 208
1627554789174 0.16637731029603423 209
1627554789247 0.1662614396595891 210
1627554789359 0.16616526613241403 211
1627554789424 0.1660605478077277 212
1627554789485 0.16595557677646924 213
1627554789549 0.165850935167772 214
1627554789621 0.1657498665875737 215
1627554789685 0.16565488263994982 216
1627554789748 0.1655441996841593 217
1627554789796 0.16546530618180938 218
1627554789859 0.1653532023423289 219
1627554789929 0.16525117783500595 220
1627554790024 0.16514963164983673 221
1627554790063 0.1650618467429372 222
1627554790091 0.1649791469859103 223
1627554790122 0.16488867474563307 224
1627554790177 0.16479853117380114 225
1627554790209 0.1647180198642803 226
1627554790246 0.1646168721317811 227
1627554790276 0.16452676754288093 228
1627554790312 0.1644248856863947 229
1627554790338 0.16435175522693593 230
1627554790377 0.16424056555761662 231
1627554790407 0.1641710054532356 232
1627554790438 0.1640801891721375 233
1627554790495 0.16390316998894586 234
1627554790526 0.16380715338340962 235
1627554790567 0.16370587696390018 236
1627554790618 0.16356244269643566 237
1627554790659 0.16347462382483005 238
1627554790688 0.16337599305087291 239
1627554790721 0.16330155202705907 240
1627554790748 0.163218210720256 241
1627554790782 0.16311859992111882 242
1627554790824 0.1630313894911994 243
1627554790855 0.16294844196345243 244
1627554790883 0.16285656873138696 245
1627554790921 0.16276127772934093 246
1627554790955 0.16266522033089326 247
1627554790994 0.16257374268985647 248
1627554791022 0.1625050157575909 249
1627554791065 0.1624295792479376 250
1627554791092 0.16233557886164468 251
1627554791135 0.16223018952694518 252
1627554791165 0.16215080376486773 253
1627554791205 0.16206612219855007 254
1627554791233 0.16199877344688549 255
1627554791264 0.1619072817495099 256
1627554791301 0.16180950778894596 257
1627554791336 0.1617046364974054 258
1627554791384 0.16158811999312225 259
1627554791421 0.16148416583145053 260
1627554791452 0.16140340756715726 261
1627554791495 0.16129310358002177 262
1627554791527 0.16120881855674873 263
1627554791560 0.16111786253438146 264
1627554791594 0.16102901700833808 265
1627554791638 0.16094279363774944 266
1627554791670 0.1608404713172739 267
1627554791708 0.16074554729746954 268
1627554791743 0.16065103412292567 269
1627554791785 0.1605685218726347 270
1627554791816 0.16048546501898736 271
1627554791858 0.16038988190704542 272
1627554791888 0.1602989779995722 273
1627554791921 0.16023682246797202 274
1627554791955 0.16016756269602353 275
1627554791989 0.16007575205826421 276
1627554792026 0.15997800322205963 277
1627554792059 0.15988444241004646 278
1627554792097 0.1598114834662527 279
1627554792137 0.15969293337047158 280
1627554792170 0.15960515289933327 281
1627554792218 0.15946908932532888 282
1627554792257 0.15938872077247093 283
1627554792290 0.1592969484770351 284
1627554792320 0.15921880534207206 285
1627554792353 0.15915431720313739 286
1627554792401 0.1590129342871509 287
1627554792455 0.15886757871276022 288
1627554792494 0.15876491452608113 289
1627554792533 0.15866777666652226 290
1627554792567 0.15858222167058153 291
1627554792603 0.1584998859549868 292
1627554792637 0.15842211747814075 293
1627554792669 0.15833733375637574 294
1627554792699 0.15824918046840714 295
1627554792740 0.15815508176615264 296
1627554792774 0.15806149961929877 297
1627554792815 0.15798170111568527 298
1627554792852 0.1579084803804084 299
1627554792901 0.15782442559335133 300
1627554792932 0.15775199089295272 301
1627554792971 0.15766344909612023 302
1627554793007 0.1575833833083052 303
1627554793035 0.15750666231681792 304
1627554793068 0.15742933276059717 305
1627554793098 0.15734664125112244 306
1627554793136 0.15726782190656602 307
1627554793185 0.15718229537504133 308
1627554793222 0.1570986662307771 309
1627554793259 0.15701875606019808 310
1627554793304 0.15694058609262376 311
1627554793340 0.15685460873240667 312
1627554793382 0.1567767360405533 313
1627554793408 0.15670412068187273 314
1627554793435 0.1566415687282429 315
1627554793471 0.15656517745409188 316
1627554793507 0.15647730360819492 317
1627554793539 0.15640425577456818 318
1627554793569 0.1563295740254177 319
1627554793602 0.15626767869318947 320
1627554793641 0.15616722031358146 321
1627554793672 0.15610264223229361 322
1627554793716 0.15595782109882927 323
1627554793747 0.1558883621829695 324
1627554793786 0.15581446039652866 325
1627554793825 0.1557238192614033 326
1627554793873 0.1556470693028401 327
1627554793907 0.15556970261482056 328
1627554793956 0.15549546134428852 329
1627554793995 0.1554146335630396 330
1627554794021 0.15534982451140755 331
1627554794046 0.15527499219386384 332
1627554794073 0.1552060816094279 333
1627554794107 0.1551336206564076 334
1627554794134 0.1550679615371326 335
1627554794172 0.1549830101265086 336
1627554794212 0.15490814178709492 337
1627554794255 0.15482082908588887 338
1627554794290 0.15475664495796265 339
1627554794325 0.15467553721979857 340
1627554794389 0.15866777666652226 341
