1627567609611 0.0010989278599868118 0
1627567609754 0.0010139129134499128 1
1627567609876 0.0009386308236527713 2
1627567610007 0.0008726165786267405 3
1627567610144 0.000814657086321715 4
1627567610269 0.0007641494227928015 5
1627567610393 0.0007203363813749581 6
1627567610513 0.0006826195019643316 7
1627567610633 0.0006500866740794471 8
1627567610777 0.0006219924183892787 9
1627567610924 0.0005976850690990696 10
1627567611046 0.000577009707882693 11
1627567611157 0.0005592223139855289 12
1627567611273 0.0005441910007338245 13
1627567611387 0.0005312946061228014 14
1627567611506 0.0005205048906239831 15
1627567611616 0.0005111333477098048 16
1627567611731 0.0005034511926134938 17
1627567611843 0.0004967074030427865 18
1627567611984 0.0004906196127828838 19
1627567612147 0.0004854398319647391 20
1627567612263 0.0004811574928255537 21
1627567612374 0.00047731192435412933 22
1627567612482 0.00047352860590625277 23
1627567612585 0.00047042421503219056 24
1627567612683 0.00046779303325683027 25
1627567612783 0.0004653708700883695 26
1627567612884 0.0004632637992788558 27
1627567612987 0.00046120055792240385 28
1627567613084 0.0004592083251708792 29
1627567613177 0.00045714997931399606 30
1627567613273 0.0004552628950015097 31
1627567613424 0.0004535092756402666 32
1627567613522 0.0004519769546220183 33
1627567613612 0.0004506832793058963 34
1627567613761 0.00044832758980755126 35
1627567613878 0.0004468543859066986 36
1627567613981 0.0004446106051065456 37
1627567614085 0.00044346458780099665 38
1627567614183 0.0004416099625997111 39
1627567614280 0.0004406026928217193 40
1627567614373 0.00043903274422258716 41
1627567614459 0.0004372979631024905 42
1627567614554 0.0004356743609883906 43
1627567614653 0.0004344690023382023 44
1627567614736 0.000433766799246613 45
1627567614832 0.00043221788521146575 46
1627567614923 0.0004308352489943737 47
1627567615026 0.0004289116634562597 48
1627567615116 0.0004281528793221492 49
1627567615233 0.0004264880019718597 50
1627567615316 0.00042581960330953034 51
1627567615408 0.00042512288635022694 52
1627567615515 0.0004232484866381651 53
1627567615622 0.0004225465522640033 54
1627567615725 0.00042189552598308097 55
1627567615829 0.00042046961177685745 56
1627567615911 0.00041990022368668215 57
1627567615998 0.0004192197396036334 58
1627567616089 0.0004184244987634937 59
1627567616175 0.00041778195595660396 60
1627567616268 0.00041707343788877527 61
1627567616368 0.00041576858292867984 62
1627567616450 0.00041517699396769245 63
1627567616542 0.0004143391828392121 64
1627567616639 0.00041302346825377906 65
1627567616728 0.00041241133653376223 66
1627567616821 0.0004116435246871588 67
1627567616948 0.0004106551789157647 68
1627567617048 0.0004095057587155827 69
1627567617144 0.00040891776095030414 70
1627567617232 0.000408376948733651 71
1627567617321 0.00040791340645111103 72
1627567617421 0.00040668502223465433 73
1627567617515 0.00040604212265034833 74
1627567617610 0.0004048599673288779 75
1627567617703 0.0004042847560255647 76
1627567617782 0.0004037577808553278 77
1627567617865 0.00040327685319920025 78
1627567617984 0.0004027157978956133 79
1627567618101 0.0004015563601979746 80
1627567618181 0.00040109358422774717 81
1627567618290 0.00040041977425043704 82
1627567618374 0.00039995800609887017 83
1627567618463 0.0003994293429966686 84
1627567618555 0.0003989368514072012 85
1627567618637 0.0003984901005816006 86
1627567618723 0.00039802642553917107 87
1627567618803 0.00039757796547618845 88
1627567618883 0.00039713862163241406 89
1627567618966 0.0003966968127540021 90
1627567619062 0.0003958248072695191 91
1627567619165 0.00039491794234515005 92
1627567619250 0.0003944724277751106 93
1627567619334 0.0003940552846579693 94
1627567619411 0.00039354514757996 95
1627567619523 0.0003931307214862601 96
1627567619601 0.00039274958400870144 97
1627567619685 0.0003923650224492141 98
1627567619793 0.0003919048527517846 99
1627567619912 0.00039139793892184677 100
1627567620002 0.0003908673565848535 101
1627567620098 0.00039032978483310245 102
1627567620154 0.0003899685289324895 103
1627567620232 0.0003895740103511725 104
1627567620317 0.00038915715817920286 105
1627567620400 0.0003886068154023151 106
1627567620479 0.0003882178521007399 107
1627567620567 0.0003878237051960595 108
1627567620667 0.0003870727132923152 109
1627567620742 0.0003867017361215886 110
1627567620825 0.0003863464791428288 111
1627567620904 0.00038601354914868274 112
1627567621004 0.00038539946582585134 113
1627567621147 0.00038498520710632196 114
1627567621228 0.00038462347082156403 115
1627567621294 0.0003842786386430012 116
1627567621402 0.0003837878842121738 117
1627567621508 0.0003832552522301799 118
1627567621604 0.00038256855735142913 119
1627567621685 0.0003822353461643793 120
1627567621746 0.0003819187764924892 121
1627567621814 0.00038160185387998844 122
1627567621898 0.00038124969819366825 123
1627567622006 0.00038065264586289223 124
1627567622089 0.0003803118011344891 125
1627567622163 0.0003799941081224513 126
1627567622238 0.00037969171692138015 127
1627567622315 0.00037936933720319105 128
1627567622397 0.00037903159797741915 129
1627567622471 0.00037871652838274405 130
1627567622576 0.00037815641666232497 131
1627567622678 0.00037775104409492954 132
1627567622765 0.00037742610446360204 133
1627567622902 0.000377120246177391 134
1627567623070 0.00037650436698482897 135
1627567623174 0.0003760294690772302 136
1627567623243 0.0003757445231837772 137
1627567623309 0.00037545703959137477 138
1627567623392 0.00037499839417967895 139
1627567623465 0.00037468309137734737 140
1627567623531 0.0003743949286776709 141
1627567623607 0.00037409338463071257 142
1627567623665 0.0003738170443434392 143
1627567623743 0.00037348218937617583 144
1627567623811 0.0003731538796466257 145
1627567623908 0.0003725552040317881 146
1627567623987 0.00037227139113997314 147
1627567624067 0.0003719828840569372 148
1627567624154 0.0003716694861111672 149
1627567624252 0.0003713424024065764 150
1627567624348 0.000370862574704451 151
1627567624430 0.0003704283397172814 152
1627567624501 0.0003701535155834033 153
1627567624593 0.00036982424464768323 154
1627567624691 0.00036938871392699647 155
1627567624790 0.0003690603080261481 156
1627567624852 0.00036877018445208965 157
1627567624935 0.0003685087349257951 158
1627567625012 0.00036823428638691727 159
1627567625109 0.0003679632955137069 160
1627567625196 0.0003675851134273637 161
1627567625257 0.00036731961866389194 162
1627567625360 0.00036706198088008914 163
1627567625469 0.0003666514596580957 164
1627567625547 0.00036638169395569563 165
1627567625621 0.0003660961864285343 166
1627567625702 0.0003658200990955837 167
1627567625779 0.000365536641666619 168
1627567625903 0.00036509264864925087 169
1627567625986 0.0003648359252347987 170
1627567626041 0.00036458510126416953 171
1627567626144 0.00036429851637916554 172
1627567626248 0.00036401714556494644 173
1627567626370 0.00036373946728249836 174
1627567626469 0.0003634329473019306 175
1627567626540 0.00036317555101443577 176
1627567626624 0.000362903330839494 177
1627567626695 0.0003626397038691989 178
1627567626771 0.000362337985984555 179
1627567626848 0.0003620487987829566 180
1627567626927 0.000361777280661076 181
1627567627027 0.000361216616144484 182
1627567627098 0.0003609642454115825 183
1627567627159 0.00036069270611300625 184
1627567627225 0.00036044172643965087 185
1627567627297 0.00036018399178129997 186
1627567627369 0.0003599169653152769 187
1627567627429 0.0003596915756403536 188
1627567627514 0.0003594434933353234 189
1627567627599 0.0003591750321330515 190
1627567627677 0.00035889568111397146 191
1627567627762 0.0003586237497633938 192
1627567627820 0.0003583981808767086 193
1627567627884 0.00035812549563731184 194
1627567627961 0.00035789747147926896 195
1627567628040 0.00035761940984273976 196
1627567628117 0.000357371671651081 197
1627567628228 0.00035688298035487545 198
1627567628283 0.0003566650686584765 199
1627567628359 0.0003564248989599125 200
1627567628447 0.0003561009831897263 201
1627567628513 0.0003558825386793481 202
1627567628580 0.00035563791982583254 203
1627567628674 0.00035539778266423466 204
1627567628744 0.0003551672547774621 205
1627567628789 0.00035494133793513214 206
1627567628851 0.0003547310557412353 207
1627567628931 0.000354542160693063 208
1627567629020 0.00035426905510861894 209
1627567629096 0.0003540138501320653 210
1627567629183 0.0003536761966686884 211
1627567629291 0.00035341404832751514 212
1627567629387 0.00035318899361430427 213
1627567629452 0.0003529491535463731 214
1627567629546 0.0003526904201905536 215
1627567629641 0.00035245758063381656 216
1627567629696 0.0003522538446808626 217
1627567629763 0.00035203130252790897 218
1627567629822 0.00035181938944904936 219
1627567629893 0.00035160397866740956 220
1627567629970 0.0003513803229014388 221
1627567630040 0.0003511326078560781 222
1627567630105 0.0003508874247494472 223
1627567630187 0.00035062339514069327 224
1627567630262 0.0003504139298584733 225
1627567630332 0.00035018445622315086 226
1627567630384 0.000349987224324569 227
1627567630440 0.00034977501507638684 228
1627567630509 0.00034958495468193117 229
1627567630594 0.0003492758226802833 230
1627567630653 0.000349089505430561 231
1627567630726 0.00034886480210096236 232
1627567630804 0.0003486293864780625 233
1627567630891 0.000348261728208991 234
1627567630947 0.0003480658487857391 235
1627567631026 0.0003477887565679634 236
1627567631099 0.00034756737557299053 237
1627567631180 0.0003473444600831315 238
1627567631237 0.0003471365235959077 239
1627567631308 0.0003469334394084785 240
1627567631371 0.0003467395609986978 241
1627567631439 0.00034652744228821545 242
1627567631492 0.0003463243175242218 243
1627567631551 0.00034613980337225693 244
1627567631656 0.00034592970941771606 245
1627567631730 0.00034571229729785466 246
1627567631788 0.0003455063229617696 247
1627567631879 0.00034532391726205025 248
1627567631962 0.0003451147426506268 249
1627567632047 0.0003448995880094305 250
1627567632116 0.00034469024458445624 251
1627567632177 0.0003444836104868945 252
1627567632243 0.00034427565433190274 253
1627567632308 0.00034407521749696976 254
1627567632369 0.0003438531819177707 255
1627567632431 0.00034365395191337275 256
1627567632508 0.00034345123887414636 257
1627567632566 0.00034325617323574764 258
1627567632661 0.00034302532840463845 259
1627567632717 0.00034283405246549514 260
1627567632773 0.00034266588908631095 261
1627567632827 0.0003425011928739953 262
1627567632887 0.00035341404832751514 263
1627567636891 0.0010987958324534322 0
1627567637030 0.0010139642026483415 1
1627567637167 0.0009390195626376661 2
1627567637284 0.0008731964414777541 3
1627567637447 0.0008152546866469425 4
1627567637584 0.0007647548646396625 5
1627567637721 0.0007210973637321314 6
1627567637860 0.000683438844584226 7
1627567638031 0.0006509793772917808 8
1627567638194 0.0006229995336808103 9
1627567638314 0.0005987120848174798 10
1627567638434 0.000577943453154329 11
1627567638551 0.000560316775639319 12
1627567638733 0.0005453601272655397 13
1627567638912 0.0005325787551353496 14
1627567639023 0.0005217870915537714 15
1627567639130 0.0005124372432579165 16
1627567639250 0.0005046095562728934 17
1627567639373 0.0004977894410152194 18
1627567639491 0.0004916651526921681 19
1627567639595 0.0004865140842665349 20
1627567639698 0.00048222305157313253 21
1627567639813 0.0004785415844527409 22
1627567639913 0.0004748919900071077 23
1627567640017 0.0004714134236401834 24
1627567640117 0.00046868830021512645 25
1627567640247 0.00046625852740650377 26
1627567640363 0.0004639131762973524 27
1627567640459 0.0004618961210640738 28
1627567640582 0.00045978959892872205 29
1627567640694 0.00045772740604054955 30
1627567640827 0.00045619503012043187 31
1627567640924 0.0004546270449842868 32
1627567641061 0.0004530585937935136 33
1627567641151 0.0004516179184630317 34
1627567641244 0.0004501468647356051 35
1627567641338 0.0004479831740644482 36
1627567641432 0.0004461424865050839 37
1627567641529 0.0004447635880021951 38
1627567641623 0.0004429492295569914 39
1627567641747 0.00044216278354820664 40
1627567641835 0.0004406615240944273 41
1627567641931 0.0004388875391222866 42
1627567642033 0.0004369731685553533 43
1627567642142 0.0004360376779766326 44
1627567642259 0.0004352514592484528 45
1627567642354 0.0004334840409537744 46
1627567642440 0.0004325572633626764 47
1627567642539 0.00043112213909059265 48
1627567642645 0.00043012723118371815 49
1627567642754 0.00042867375087246834 50
1627567642849 0.0004280512544795701 51
1627567642944 0.00042700742897445196 52
1627567643105 0.00042530462256324704 53
1627567643184 0.0004246192864048668 54
1627567643296 0.0004237108848825541 55
1627567643389 0.00042286513453910286 56
1627567643473 0.00042221602824382584 57
1627567643560 0.00042160827148671263 58
1627567643658 0.00042037637403698886 59
1627567643779 0.0004196688722262535 60
1627567643872 0.000418932028442329 61
1627567643961 0.00041841458067538065 62
1627567644058 0.00041711578642523555 63
1627567644165 0.00041569951280727874 64
1627567644307 0.00041507183878665486 65
1627567644396 0.00041446826299764523 66
1627567644512 0.0004137854330240253 67
1627567644616 0.0004127551838948903 68
1627567644707 0.000412100265537604 69
1627567644799 0.0004115843096594053 70
1627567644918 0.00041110666959902364 71
1627567645057 0.00041056105176200195 72
1627567645158 0.00041002439379997667 73
1627567645245 0.0004094010100385336 74
1627567645342 0.0004087926701871529 75
1627567645439 0.0004075322784745708 76
1627567645521 0.00040706182065230594 77
1627567645605 0.0004065243428049248 78
1627567645690 0.0004059932759810411 79
1627567645819 0.0004053826760154393 80
1627567645928 0.000404456488511013 81
1627567646029 0.00040376312961638893 82
1627567646107 0.0004033603523561364 83
1627567646202 0.00040231677531523264 84
1627567646302 0.00040174786485126167 85
1627567646395 0.0004013121149671538 86
1627567646521 0.00040082998357731487 87
1627567646604 0.0004003896504921653 88
1627567646738 0.0003995140779852764 89
1627567646818 0.0003990628440941847 90
1627567646913 0.0003980273749983434 91
1627567647012 0.0003970349203980783 92
1627567647087 0.000396562167029371 93
1627567647172 0.0003959541960219373 94
1627567647255 0.00039529038808950326 95
1627567647340 0.0003948840274160542 96
1627567647418 0.0003944767768576328 97
1627567647482 0.0003940737039911461 98
1627567647552 0.00039367011716645665 99
1627567647680 0.0003926475138994698 100
1627567647790 0.0003919321921601816 101
1627567647885 0.00039137920237404306 102
1627567647986 0.00039098488139014233 103
1627567648062 0.0003905942787721884 104
1627567648161 0.00039017655761924277 105
1627567648287 0.0003897954462287071 106
1627567648385 0.0003890724254318832 107
1627567648464 0.0003886757364161499 108
1627567648564 0.0003878692164171196 109
1627567648646 0.0003873940507575123 110
1627567648730 0.0003869851096190085 111
1627567648825 0.0003862684132154076 112
1627567648894 0.00038589952744614046 113
1627567648987 0.0003855165116925088 114
1627567649081 0.00038516002225596086 115
1627567649157 0.0003847889288856495 116
1627567649229 0.0003844354393151065 117
1627567649319 0.0003840439278194248 118
1627567649394 0.00038364841247348565 119
1627567649486 0.00038304213252699616 120
1627567649556 0.0003826882779952012 121
1627567649631 0.00038234161333299156 122
1627567649727 0.0003817117642618078 123
1627567649803 0.0003813793789024191 124
1627567649886 0.0003810350045981016 125
1627567649973 0.0003807222955149226 126
1627567650053 0.0003804312014848307 127
1627567650157 0.00038010177218719503 128
1627567650232 0.00037968573759611667 129
1627567650339 0.000379188776734123 130
1627567650410 0.00037890345078086976 131
1627567650476 0.00037863217183413167 132
1627567650541 0.0003783429780687557 133
1627567650627 0.0003780195889217386 134
1627567650708 0.0003776236358367537 135
1627567650783 0.000377291328824371 136
1627567650869 0.0003769130694540967 137
1627567650969 0.00037632132799995336 138
1627567651040 0.0003760349617967323 139
1627567651117 0.00037569977254103994 140
1627567651187 0.0003754212948368933 141
1627567651263 0.0003751061535147216 142
1627567651335 0.0003748064415339054 143
1627567651424 0.00037438247499382675 144
1627567651542 0.0003738766562233686 145
1627567651642 0.0003734509103385001 146
1627567651724 0.00037314539590810455 147
1627567651830 0.00037278974977776564 148
1627567651932 0.00037248838481175844 149
1627567652066 0.00037210051036415983 150
1627567652164 0.00037166850880448955 151
1627567652313 0.00037116491485576276 152
1627567652427 0.0003708784004538464 153
1627567652514 0.00037057485919886395 154
1627567652571 0.00037028302379064014 155
1627567652654 0.00036994233024962295 156
1627567652733 0.00036956375792026924 157
1627567652821 0.0003691293653634392 158
1627567652913 0.0003686768864882418 159
1627567652977 0.00036844462959153505 160
1627567653037 0.00036821026307248453 161
1627567653100 0.0003679830489677131 162
1627567653160 0.0003677509113099875 163
1627567653241 0.00036749634683066155 164
1627567653319 0.00036720793726683243 165
1627567653391 0.00036692708730379323 166
1627567653475 0.00036664502462436686 167
1627567653529 0.0003664229999147131 168
1627567653605 0.0003661865249403317 169
1627567653715 0.00036581136196126935 170
1627567653789 0.00036550681196800036 171
1627567653877 0.000365185610446763 172
1627567653956 0.00036489548011359125 173
1627567654050 0.00036447414474901317 174
1627567654119 0.00036417796419790796 175
1627567654192 0.00036390582498162493 176
1627567654271 0.00036363049896565345 177
1627567654338 0.0003633411614181416 178
1627567654401 0.0003630635705764344 179
1627567654501 0.0003627744730391948 180
1627567654561 0.00036252970611628035 181
1627567654644 0.00036210785060336267 182
1627567654737 0.00036159207849959917 183
1627567654814 0.00036130993001140364 184
1627567654884 0.0003610469106947681 185
1627567654983 0.0003607376050252868 186
1627567655082 0.000360469190783486 187
1627567655150 0.0003602204283476145 188
1627567655218 0.00035997931533725134 189
1627567655290 0.0003597242788724766 190
1627567655348 0.0003595202553676364 191
1627567655435 0.00035925577096782073 192
1627567655505 0.0003590095566459165 193
1627567655644 0.000358600159179294 194
1627567655761 0.0003582692987422674 195
1627567655839 0.00035798490419455955 196
1627567655924 0.0003577648885422761 197
1627567655981 0.0003575571331868809 198
1627567656040 0.0003573569188008486 199
1627567656132 0.00035709426238272673 200
1627567656213 0.00035685054226240287 201
1627567656292 0.0003565879676687217 202
1627567656357 0.0003563344044523007 203
1627567656451 0.00035608154765154896 204
1627567656508 0.0003558557236621439 205
1627567656609 0.0003554151373078677 206
1627567656677 0.000355195150348182 207
1627567656755 0.00035493775478662485 208
1627567656812 0.0003546978935926719 209
1627567656891 0.0003544151900833019 210
1627567656965 0.0003541960650465891 211
1627567657040 0.00035394416732340315 212
1627567657132 0.0003535695139600801 213
1627567657264 0.0003533300016337086 214
1627567657334 0.00035308998861289425 215
1627567657424 0.0003528415162533347 216
1627567657496 0.00035261578519828847 217
1627567657560 0.000352381165308084 218
1627567657621 0.0003521440890101805 219
1627567657727 0.0003518563742050062 220
1627567657839 0.00035150021248766503 221
1627567657894 0.00035128627011954373 222
1627567657999 0.0003510610832185841 223
1627567658072 0.00035081075929124697 224
1627567658151 0.00035060254565282136 225
1627567658228 0.0003503268881999562 226
1627567658297 0.00035007429573304756 227
1627567658365 0.00034984748288590897 228
1627567658437 0.00034962159294442814 229
1627567658488 0.0003494414135312648 230
1627567658592 0.00034918193800876333 231
1627567658661 0.0003490138082589042 232
1627567658717 0.00034883389772651124 233
1627567658775 0.0003486684235548805 234
1627567658831 0.0003484510471292882 235
1627567658915 0.0003482479368339083 236
1627567659022 0.0003480402112057533 237
1627567659083 0.0003478311890813876 238
1627567659136 0.00034764975383384285 239
1627567659209 0.00034742183386897695 240
1627567659265 0.00034722200765555496 241
1627567659355 0.0003470302619126577 242
1627567659416 0.0003468544606952836 243
1627567659479 0.0003466436631605878 244
1627567659559 0.0003464320663666094 245
1627567659619 0.00034623532410156375 246
1627567659687 0.00034599469966084995 247
1627567659754 0.0003458007380097246 248
1627567659824 0.0003455681221267162 249
1627567659893 0.00034538391204910973 250
1627567659949 0.0003452123962585416 251
1627567660012 0.0003449860267045464 252
1627567660082 0.0003447961518285238 253
1627567660168 0.0003445809733109628 254
1627567660230 0.0003443594674587007 255
1627567660323 0.0003441326200545094 256
1627567660402 0.0003439308270099715 257
1627567660471 0.0003437201135387938 258
1627567660556 0.00034351992226559097 259
1627567660615 0.0003433308108153396 260
1627567660688 0.0003431008302390866 261
1627567660750 0.0003429048493152562 262
1627567660807 0.0003427168839634428 263
1627567660885 0.00034253459330144093 264
1627567661005 0.0003423046309423654 265
1627567661112 0.0003421339779009324 266
1627567661208 0.0003419230591318234 267
1627567661265 0.00034173839114640814 268
1627567661330 0.0003415365995913514 269
1627567661387 0.0003413662598668938 270
1627567661453 0.0003411760276033781 271
1627567661531 0.0003409664640923316 272
1627567661586 0.0003407673504958556 273
1627567661666 0.00034051705054234085 274
1627567661744 0.0003403328962124284 275
1627567661847 0.0003400789224722919 276
1627567661933 0.0003398955621398798 277
1627567662005 0.0003397016742517503 278
1627567662074 0.0003395290803162198 279
1627567662145 0.00033933949068431493 280
1627567662239 0.0003391487828969651 281
1627567662309 0.00033894480382687744 282
1627567662385 0.0003387333688289709 283
1627567662457 0.00033852017620558417 284
1627567662539 0.0003383515513445007 285
1627567662642 0.0003381238409945466 286
1627567662752 0.0003379016941930204 287
1627567662821 0.00033771756265388254 288
1627567662889 0.0003374997321645255 289
1627567662943 0.0003373593978537628 290
1627567663022 0.0003371650350982598 291
1627567663107 0.0003369628730274731 292
1627567663174 0.00033677952384715364 293
1627567663232 0.0003365842839174867 294
1627567663297 0.0003363922414057552 295
1627567663365 0.0003362275328551783 296
1627567663419 0.00033603958446814554 297
1627567663496 0.00033586329895926944 298
1627567663593 0.00033570443596479496 299
1627567663681 0.00033547525134250254 300
1627567663742 0.0003353026241737402 301
1627567663807 0.00033511153194030476 302
1627567663871 0.00033492708238970937 303
1627567663929 0.00033476514960432486 304
1627567663987 0.00033459186368301456 305
1627567664044 0.00033440710771407507 306
1627567664109 0.0003342577490894782 307
1627567664181 0.00033405924428970174 308
1627567664254 0.00033386310044672407 309
1627567664330 0.00033362811446959297 310
1627567664426 0.0003334516149314027 311
1627567664501 0.00033326946715178093 312
1627567664569 0.0003331086932060889 313
1627567664638 0.0003329480954875654 314
1627567664704 0.0003327763287954512 315
1627567664780 0.000332554821135732 316
1627567664863 0.0003323665879802202 317
1627567664973 0.00033217541581158784 318
1627567665042 0.0003320353350790028 319
1627567665127 0.0003318669315840394 320
1627567665199 0.000331682655025605 321
1627567665261 0.00033149770983043433 322
1627567665325 0.0003313450307050803 323
1627567665433 0.0003311604784724033 324
1627567665515 0.0003310199835829804 325
1627567665606 0.00033085131998529706 326
1627567665686 0.00033067943557775763 327
1627567665758 0.00033048841370638256 328
1627567665820 0.0003303415811176438 329
1627567665895 0.0003301981338275397 330
1627567665951 0.0003300209934559193 331
1627567665998 0.000329850180752504 332
1627567666068 0.00033894480382687744 333
1627567670178 0.0010996368393201986 0
1627567670320 0.0010145407184254777 1
1627567670440 0.0009393160183067189 2
1627567670572 0.0008733353200660272 3
1627567670700 0.0008154039718294737 4
1627567670826 0.000764849200227261 5
1627567670953 0.000721146181798694 6
1627567671107 0.0006834253680001987 7
1627567671267 0.0006510059103749306 8
1627567671381 0.0006229765413628172 9
1627567671499 0.0005987287625583807 10
1627567671614 0.0005781953361403588 11
1627567671727 0.0005603584026095304 12
1627567671840 0.0005452218614091639 13
1627567671953 0.0005321173655878658 14
1627567672065 0.0005212417969134767 15
1627567672174 0.0005119510348493659 16
1627567672290 0.0005042999436628236 17
1627567672404 0.0004975061355644505 18
1627567672511 0.0004915673078732341 19
1627567672612 0.0004863407921062112 20
1627567672721 0.00048195640898482324 21
1627567672840 0.00047830790528458815 22
1627567672940 0.000474684513044668 23
1627567673093 0.00047179110598258685 24
1627567673246 0.0004691409286284866 25
1627567673343 0.00046645432677236247 26
1627567673489 0.000464369732276425 27
1627567673593 0.0004622605553029564 28
1627567673740 0.0004600033181134036 29
1627567673832 0.00045779205884073187 30
1627567673946 0.0004553549908653215 31
1627567674052 0.000453530108563041 32
1627567674146 0.0004517446718909587 33
1627567674238 0.0004503898828654778 34
1627567674333 0.00044901565400495293 35
1627567674432 0.00044702128104630214 36
1627567674531 0.0004453003913038206 37
1627567674626 0.0004438787120859829 38
1627567674719 0.00044266309539908505 39
1627567674810 0.0004415946763247082 40
1627567674899 0.0004401992005762271 41
1627567675017 0.0004389759333175062 42
1627567675126 0.00043728433172941523 43
1627567675227 0.0004362281699587516 44
1627567675316 0.0004354051540436981 45
1627567675464 0.0004338797318709985 46
1627567675563 0.000431983357010659 47
1627567675655 0.0004306454643228857 48
1627567675753 0.0004298780988380616 49
1627567675867 0.00042807875985234443 50
1627567675957 0.0004274426587146101 51
1627567676052 0.00042674773989228096 52
1627567676158 0.0004248408701793683 53
1627567676243 0.00042428205872083695 54
1627567676329 0.000423426513653992 55
1627567676431 0.00042193511495451506 56
1627567676528 0.00042047945027484413 57
1627567676614 0.00041981453543671126 58
1627567676712 0.0004190028983168497 59
1627567676798 0.0004183903935281092 60
1627567676904 0.00041692566921103295 61
1627567677000 0.0004161333998453811 62
1627567677119 0.00041491682945405387 63
1627567677218 0.00041434117408524257 64
1627567677306 0.00041370074248886203 65
1627567677403 0.0004131264464310202 66
1627567677508 0.0004126265610358584 67
1627567677592 0.0004120514969767612 68
1627567677677 0.00041153957349150856 69
1627567677765 0.00041102728272739337 70
1627567677862 0.00040983567301097507 71
1627567677959 0.0004085862305956998 72
1627567678103 0.0004073264083456231 73
1627567678259 0.00040670087890607836 74
1627567678437 0.0004054340582629489 75
1627567678556 0.00040493673958943863 76
1627567678637 0.0004044256570200262 77
1627567678734 0.0004033314187127389 78
1627567678829 0.0004026103856311479 79
1627567678916 0.0004021551432137184 80
1627567679010 0.00040137533792008974 81
1627567679099 0.0004009040445425342 82
1627567679173 0.00040033640330827675 83
1627567679268 0.0003994759286243034 84
1627567679356 0.00039899659374774817 85
1627567679435 0.0003985595394115401 86
1627567679517 0.000398094412655327 87
1627567679593 0.000397655167151783 88
1627567679693 0.000396916267897581 89
1627567679784 0.00039624638156053545 90
1627567679871 0.0003958506179907551 91
1627567679961 0.0003954343915431433 92
1627567680056 0.00039488027112812485 93
1627567680138 0.0003944477480006161 94
1627567680234 0.00039350598619436765 95
1627567680325 0.00039292678888800926 96
1627567680406 0.0003925303221232457 97
1627567680482 0.00039214244697402637 98
1627567680572 0.00039171413907201566 99
1627567680667 0.00039132542466640305 100
1627567680767 0.00039042471538574506 101
1627567680849 0.0003900319299579933 102
1627567680954 0.0003892303986086355 103
1627567681042 0.00038876056497208684 104
1627567681125 0.0003883102125270949 105
1627567681206 0.00038789561298108367 106
1627567681279 0.00038753252825392617 107
1627567681358 0.0003871399908650515 108
1627567681444 0.0003868108169979807 109
1627567681526 0.00038638574393487897 110
1627567681604 0.00038602163884227884 111
1627567681688 0.0003856856199057057 112
1627567681767 0.00038531502999674565 113
1627567681872 0.0003848425942311849 114
1627567681958 0.0003844291900970906 115
1627567682034 0.00038400457430494357 116
1627567682116 0.0003836560078909438 117
1627567682193 0.0003832625001899416 118
1627567682285 0.00038274101695345055 119
1627567682362 0.00038235302085694106 120
1627567682467 0.0003816653150593484 121
1627567682544 0.00038129453427348744 122
1627567682625 0.000380977853052925 123
1627567682700 0.00038064715230427695 124
1627567682777 0.00038030147922323503 125
1627567682855 0.0003799824948442278 126
1627567682940 0.00037965885265681305 127
1627567683022 0.00037931993564436307 128
1627567683104 0.000378856915662357 129
1627567683204 0.0003782599800716915 130
1627567683270 0.0003779801907374739 131
1627567683359 0.0003776309624844894 132
1627567683436 0.00037728344002475677 133
1627567683520 0.00037675590030212283 134
1627567683599 0.0003763734240204359 135
1627567683687 0.00037601973636220673 136
1627567683793 0.00037544753714976396 137
1627567683874 0.00037511352666482194 138
1627567683950 0.0003747886204630915 139
1627567684032 0.00037439087018325667 140
1627567684118 0.00037390337157675426 141
1627567684183 0.00037360445676106233 142
1627567684246 0.0003732927901875252 143
1627567684323 0.0003729735151774907 144
1627567684406 0.0003726450101466333 145
1627567684488 0.0003723479080341044 146
1627567684563 0.00037207273253495466 147
1627567684645 0.0003717744750482247 148
1627567684723 0.00037145174657587796 149
1627567684796 0.00037115984587465046 150
1627567684848 0.00037088035248835835 151
1627567684938 0.0003704235657061142 152
1627567685009 0.0003701191462192593 153
1627567685096 0.0003696517732246866 154
1627567685169 0.00036932666023053827 155
1627567685270 0.0003687095846208625 156
1627567685349 0.00036843817278015706 157
1627567685437 0.0003680599742337283 158
1627567685533 0.0003676500956460984 159
1627567685625 0.00036738532421949 160
1627567685687 0.00036714433077289195 161
1627567685763 0.00036686226056664137 162
1627567685846 0.00036660416716579507 163
1627567685941 0.00036607479192375317 164
1627567686006 0.0003658061969888385 165
1627567686071 0.00036552549661452745 166
1627567686152 0.00036525328134458506 167
1627567686236 0.00036498061075616406 168
1627567686297 0.00036473904951950795 169
1627567686361 0.00036448231064688664 170
1627567686430 0.0003642065892640454 171
1627567686524 0.0003637889038949568 172
1627567686604 0.00036350450044006765 173
1627567686689 0.00036321411624565215 174
1627567686762 0.0003629418885292799 175
1627567686852 0.0003626735713525678 176
1627567686938 0.0003623267802835873 177
1627567687005 0.0003620764120739907 178
1627567687090 0.0003617829970662914 179
1627567687162 0.00036149807208596017 180
1627567687236 0.0003612183633070383 181
1627567687313 0.00036098348479138525 182
1627567687374 0.00036076494750623966 183
1627567687426 0.0003605483918541506 184
1627567687487 0.00036034270450601254 185
1627567687561 0.00036010137181948605 186
1627567687638 0.00035988155351166336 187
1627567687723 0.0003596192605994173 188
1627567687794 0.0003593460531296414 189
1627567687867 0.00035911056899675514 190
1627567687920 0.0003589103351917708 191
1627567687991 0.00035867781774314756 192
1627567688079 0.00035833488545041603 193
1627567688140 0.0003581195278899251 194
1627567688215 0.0003578863368958039 195
1627567688321 0.00035763520871032027 196
1627567688412 0.00035725685873724524 197
1627567688489 0.0003570175438874438 198
1627567688565 0.0003567956973664614 199
1627567688642 0.0003565609217443027 200
1627567688729 0.00035631688244786377 201
1627567688785 0.00035609172937788773 202
1627567688866 0.00035573131862990726 203
1627567688955 0.0003552701666520591 204
1627567689025 0.0003550252191793577 205
1627567689106 0.00035472299917673416 206
1627567689184 0.0003544291021492289 207
1627567689260 0.00035417964886155843 208
1627567689315 0.0003539304883343179 209
1627567689382 0.00035369808358013847 210
1627567689440 0.0003535147501141043 211
1627567689496 0.00035332336393874134 212
1627567689569 0.00035311374125017724 213
1627567689637 0.00035289375296666207 214
1627567689715 0.0003526550905816569 215
1627567689796 0.00035241579275286814 216
1627567689859 0.00035218902556737784 217
1627567689927 0.00035195161485603824 218
1627567690018 0.000351605930499171 219
1627567690083 0.00035138120712077285 220
1627567690163 0.0003511685789379997 221
1627567690232 0.0003509398005326967 222
1627567690327 0.0003507235018675144 223
1627567690403 0.000350493107327009 224
1627567690476 0.0003502683751553774 225
1627567690553 0.00035000938115098873 226
1627567690610 0.00034980081369159256 227
1627567690674 0.0003495980099500484 228
1627567690736 0.0003493901462259104 229
1627567690799 0.00034917935536295003 230
1627567690890 0.00034895808819296976 231
1627567690982 0.0003487804378328065 232
1627567691049 0.0003485900400655557 233
1627567691132 0.0003483851800586081 234
1627567691215 0.00034818214397327817 235
1627567691307 0.00034796306022658643 236
1627567691374 0.0003477720879417599 237
1627567691453 0.00034755463946883035 238
1627567691531 0.00034735176702770315 239
1627567691645 0.0003471637508622373 240
1627567691741 0.00034693560253090254 241
1627567691825 0.0003467250125387511 242
1627567691905 0.0003465015988962654 243
1627567691967 0.0003462967865692315 244
1627567692034 0.0003460717418643541 245
1627567692093 0.0003458804708407202 246
1627567692154 0.0003456806359541835 247
1627567692222 0.00034547793994101555 248
1627567692291 0.0003452717140019294 249
1627567692362 0.00034508030134828546 250
1627567692459 0.0003448561034185553 251
1627567692524 0.000344654460290353 252
1627567692613 0.0003443648430957225 253
1627567692678 0.00034416933859516137 254
1627567692749 0.00034394069399986397 255
1627567692829 0.00034375590778738357 256
1627567692886 0.0003435898838464931 257
1627567692940 0.0003434061172106157 258
1627567693008 0.0003432053762075607 259
1627567693090 0.0003429365486836233 260
1627567693148 0.0003427184665071401 261
1627567693219 0.00034253396591986336 262
1627567693283 0.00034234004528271454 263
1627567693373 0.00034213309456365384 264
1627567693490 0.00034189168275846677 265
1627567693563 0.00034171408266216706 266
1627567693633 0.00034152363368032397 267
1627567693721 0.00034124976813809443 268
1627567693782 0.00034105339643276077 269
1627567693842 0.000351605930499171 270
1627567697972 0.0010971737303462528 0
1627567698116 0.0010124586074880607 1
1627567698247 0.0009375904279354553 2
1627567698374 0.0008718543311477486 3
1627567698508 0.000814057394193224 4
1627567698630 0.000763705471727237 5
1627567698758 0.0007201239333732681 6
1627567698879 0.0006824168277708958 7
1627567699007 0.0006501084592058473 8
1627567699134 0.000622239457510505 9
1627567699246 0.0005980488235571806 10
1627567699398 0.0005774005219145155 11
1627567699529 0.0005598231254176703 12
1627567699692 0.0005448783195229831 13
1627567699805 0.0005320294529592183 14
1627567699913 0.0005211843986607382 15
1627567700020 0.0005119193847009435 16
1627567700138 0.000504260213916381 17
1627567700251 0.0004977064873174504 18
1627567700352 0.0004916837539531417 19
1627567700457 0.00048647245126680826 20
1627567700558 0.0004822701776736685 21
1627567700670 0.0004786506417972871 22
1627567700777 0.0004750846461748018 23
1627567700885 0.000472104136951699 24
1627567700985 0.0004695415955253125 25
1627567701082 0.0004670082064533662 26
1627567701215 0.00046485683909824177 27
1627567701372 0.0004626418672678873 28
1627567701529 0.0004607347099146795 29
1627567701677 0.0004587562810392948 30
1627567701822 0.00045710666541592845 31
1627567701938 0.0004549467368599229 32
1627567702045 0.00045306090193219254 33
1627567702150 0.00045153749081928366 34
1627567702250 0.0004497485903016972 35
1627567702345 0.0004474257265696863 36
1627567702440 0.0004457887312578495 37
1627567702538 0.00044431031802686093 38
1627567702637 0.0004422168849563203 39
1627567702728 0.0004411790938646641 40
1627567702820 0.00043980342879995334 41
1627567702919 0.0004386291100589646 42
1627567703057 0.00043720559959368305 43
1627567703165 0.0004361748190475649 44
1627567703270 0.00043537561829822224 45
1627567703374 0.00043326551791835567 46
1627567703525 0.00043187016293980986 47
1627567703632 0.00043020477435561224 48
1627567703752 0.00042920874423549245 49
1627567703867 0.0004277609903134488 50
1627567703953 0.00042663155837994744 51
1627567704044 0.00042601603692469045 52
1627567704148 0.0004243856863397052 53
1627567704232 0.0004237448175101736 54
1627567704318 0.000423116330085061 55
1627567704422 0.00042247979873530475 56
1627567704524 0.0004210114927216744 57
1627567704611 0.0004204201860358858 58
1627567704726 0.00041879483467417976 59
1627567704818 0.0004181750918120752 60
1627567704922 0.00041657295587028666 61
1627567705034 0.0004158904082227132 62
1627567705115 0.00041528112476904046 63
1627567705200 0.00041473287010160607 64
1627567705288 0.0004141810195751014 65
1627567705373 0.0004135039957901091 66
1627567705454 0.00041296250703108574 67
1627567705558 0.0004115798193710147 68
1627567705652 0.0004107096390634101 69
1627567705747 0.00041012304742207004 70
1627567705833 0.0004096217716644399 71
1627567705934 0.00040842469330884984 72
1627567706015 0.00040782313997426983 73
1627567706114 0.00040668150144482944 74
1627567706210 0.0004061344020148654 75
1627567706295 0.0004056379993848893 76
1627567706378 0.00040511906969379214 77
1627567706469 0.0004046617632059038 78
1627567706586 0.0004036362785075521 79
1627567706681 0.0004025898793080925 80
1627567706810 0.00040173327623136985 81
1627567706896 0.00040125365877035865 82
1627567706972 0.00040078365570438276 83
1627567707055 0.0004003170694325586 84
1627567707147 0.0003997449952814791 85
1627567707252 0.0003988726428865139 86
1627567707342 0.00039839869266131985 87
1627567707463 0.00039793748419780886 88
1627567707547 0.0003974832590215444 89
1627567707641 0.00039702668815175073 90
1627567707721 0.00039657779315775465 91
1627567707820 0.000395793931452875 92
1627567707936 0.0003953384090641227 93
1627567708023 0.000394887540508335 94
1627567708142 0.00039441207714162183 95
1627567708250 0.0003935489443242047 96
1627567708357 0.0003931545107764952 97
1627567708439 0.00039273069071820436 98
1627567708530 0.0003920080080298035 99
1627567708620 0.0003916115722935255 100
1627567708707 0.0003911642045813368 101
1627567708796 0.00039046587927532686 102
1627567708865 0.0003900867322946468 103
1627567708945 0.00038967610937355935 104
1627567709024 0.0003893038023619795 105
1627567709118 0.00038860886662377446 106
1627567709204 0.00038823896785804594 107
1627567709287 0.00038784942039595086 108
1627567709436 0.0003870990825411869 109
1627567709522 0.0003866354817325314 110
1627567709613 0.00038623947119832084 111
1627567709704 0.0003858809147064511 112
1627567709767 0.00038552881668222055 113
1627567709849 0.0003851461018467661 114
1627567709951 0.0003847777948022593 115
1627567710062 0.00038441043725564046 116
1627567710192 0.00038405882114279515 117
1627567710289 0.00038364622142508526 118
1627567710372 0.0003831597537256469 119
1627567710459 0.00038259738495757334 120
1627567710534 0.00038219116598957727 121
1627567710637 0.00038158337321991093 122
1627567710743 0.0003812660023725891 123
1627567710824 0.0003809317996287447 124
1627567710906 0.0003805980731690086 125
1627567711024 0.0003802709559498966 126
1627567711106 0.00037985355843452257 127
1627567711222 0.00037950004096350896 128
1627567711367 0.00037899654577653956 129
1627567711451 0.0003786634076135929 130
1627567711526 0.000378384565527226 131
1627567711617 0.00037788760690043413 132
1627567711705 0.00037753353708489304 133
1627567711779 0.0003772116583374404 134
1627567711865 0.0003768510607827612 135
1627567711958 0.0003765188208413101 136
1627567712017 0.00037622347970583974 137
1627567712085 0.00037593134895144215 138
1627567712183 0.00037559129565150365 139
1627567712288 0.00037527711799874465 140
1627567712374 0.0003749536972936552 141
1627567712435 0.00037465650467179986 142
1627567712505 0.00037432650879688426 143
1627567712579 0.00037401324039887233 144
1627567712645 0.0003737052232525458 145
1627567712725 0.0003733724504845717 146
1627567712795 0.0003730589108286146 147
1627567712888 0.0003725915840900272 148
1627567712960 0.0003723180766572644 149
1627567713077 0.000371875526441741 150
1627567713136 0.0003715828052479359 151
1627567713245 0.00037124093173899786 152
1627567713324 0.0003708288924160709 153
1627567713410 0.0003705334874351013 154
1627567713511 0.000370152213833484 155
1627567713594 0.0003698542935886985 156
1627567713696 0.00036928224767305396 157
1627567713784 0.0003690092468885749 158
1627567713846 0.0003687610820835182 159
1627567713923 0.0003684926409174166 160
1627567714015 0.0003680588089051556 161
1627567714097 0.00036771828243011896 162
1627567714165 0.00036747889432720357 163
1627567714242 0.00036721599960485565 164
1627567714313 0.00036694176515821004 165
1627567714389 0.0003666531607174325 166
1627567714454 0.000366403430708137 167
1627567714528 0.000366158355951396 168
1627567714587 0.00036592683331440314 169
1627567714655 0.0003656297682135359 170
1627567714733 0.00036534152074465604 171
1627567714794 0.0003651017905631084 172
1627567714859 0.0003648242295766095 173
1627567714923 0.0003645818139103439 174
1627567714996 0.0003643410195610467 175
1627567715076 0.00036396629625884397 176
1627567715128 0.00036371269072120357 177
1627567715188 0.00036345896161441753 178
1627567715250 0.0003631750408299738 179
1627567715323 0.00036288180690219297 180
1627567715403 0.0003625595548115183 181
1627567715485 0.00036224459200034535 182
1627567715556 0.0003620179512174711 183
1627567715650 0.00036174897817288986 184
1627567715712 0.0003615275185319378 185
1627567715817 0.0003610574131082834 186
1627567715911 0.00036082136208003094 187
1627567715992 0.0003605785488391774 188
1627567716055 0.0003603262925584476 189
1627567716146 0.00036006285593468974 190
1627567716222 0.000359836936637405 191
1627567716341 0.0003595148950469466 192
1627567716494 0.00035903351971914275 193
1627567716555 0.0003587877455719816 194
1627567716629 0.0003584719413971637 195
1627567716690 0.0003582532644427318 196
1627567716748 0.00035804572059525423 197
1627567716809 0.0003577959690950383 198
1627567716883 0.00035757817973604614 199
1627567716999 0.0003571154950014048 200
1627567717076 0.0003568541227147857 201
1627567717167 0.00035640497395188566 202
1627567717242 0.00035618788097150066 203
1627567717342 0.00035594780483558973 204
1627567717459 0.0003555456628632975 205
1627567717566 0.00035530542836203474 206
1627567717644 0.000355083154735958 207
1627567717717 0.00035485474081568716 208
1627567717787 0.0003546143807898513 209
1627567717847 0.0003543738935688324 210
1627567717915 0.0003541342660507512 211
1627567717985 0.00035387342936753615 212
1627567718058 0.0003536190469174289 213
1627567718132 0.0003533648928958459 214
1627567718209 0.0003531242269877004 215
1627567718305 0.0003527062734189592 216
1627567718365 0.0003524833511897457 217
1627567718440 0.000352236470837048 218
1627567718506 0.00035199714524010797 219
1627567718598 0.0003517296201608616 220
1627567718667 0.00035151171514239234 221
1627567718737 0.00035128360404557157 222
1627567718811 0.000351055573943222 223
1627567718874 0.0003508232812007979 224
1627567718930 0.00035062747905224373 225
1627567719002 0.00035041370825890166 226
1627567719067 0.00035020923352547 227
1627567719169 0.00035000076294161873 228
1627567719272 0.00034978849202681607 229
1627567719371 0.0003495753672052052 230
1627567719453 0.00034934050690889974 231
1627567719542 0.00034894125340809433 232
1627567719618 0.00034875150343251487 233
1627567719676 0.0003485590878949978 234
1627567719757 0.0003482379067083411 235
1627567719840 0.0003478948907134342 236
1627567719925 0.0003475479277556624 237
1627567720010 0.00034720138964172275 238
1627567720076 0.0003469950017651654 239
1627567720152 0.0003468036608094923 240
1627567720221 0.0003465720945321511 241
1627567720280 0.0003463614475030497 242
1627567720350 0.00034614387107855877 243
1627567720419 0.0003459331094287522 244
1627567720480 0.000345748214109109 245
1627567720556 0.00034551614904422984 246
1627567720617 0.0003453187387578404 247
1627567720710 0.0003451190197820082 248
1627567720792 0.0003448989533262044 249
1627567720878 0.00034470242452348007 250
1627567720980 0.00034442076780800924 251
1627567721043 0.00034419087470210244 252
1627567721122 0.0003439720236159895 253
1627567721177 0.00034377307182752783 254
1627567721236 0.00034357357590040745 255
1627567721296 0.00034338264386268386 256
1627567721363 0.00034319270168077135 257
1627567721438 0.0003429397739363495 258
1627567721502 0.0003427623252838046 259
1627567721556 0.0003425680557040932 260
1627567721615 0.00034238196713142464 261
1627567721677 0.00034219179058765084 262
1627567721745 0.00034198286354078755 263
1627567721813 0.0003417732499512363 264
1627567721876 0.00034157978375474004 265
1627567721933 0.0003414304842238542 266
1627567722000 0.00034123192171061305 267
1627567722058 0.0003410163591861924 268
1627567722132 0.00034079347472892716 269
1627567722201 0.00034059843368124663 270
1627567722285 0.0003404015686129504 271
1627567722364 0.00034022318512993115 272
1627567722424 0.00034005755835602553 273
1627567722488 0.0003399045065017248 274
1627567722597 0.0003397194227161817 275
1627567722685 0.00033954729530112973 276
1627567722744 0.00033935930901472295 277
1627567722797 0.00033920225994617145 278
1627567722877 0.00033896889934434177 279
1627567722938 0.0003387740964804699 280
1627567722998 0.00033859643748356975 281
1627567723046 0.0003384145480963309 282
1627567723119 0.00033820991542439104 283
1627567723202 0.0003380037772350354 284
1627567723286 0.00033783133784087656 285
1627567723383 0.0003376359851051485 286
1627567723472 0.00033744856508161113 287
1627567723532 0.0003372978274681429 288
1627567723600 0.00034720138964172275 289
1627567727592 0.001100179367882533 0
1627567727734 0.0010151163721037685 1
1627567727856 0.0009398887505429256 2
1627567727975 0.000873963248777397 3
1627567728102 0.0008158038751811205 4
1627567728225 0.0007652206944980712 5
1627567728353 0.0007213689743417608 6
1627567728535 0.0006834123040111731 7
1627567728661 0.0006508739339692003 8
1627567728808 0.0006228021435752177 9
1627567728952 0.0005984790257566732 10
1627567729092 0.000577801405817117 11
1627567729222 0.000560137361130137 12
1627567729341 0.0005451102055212446 13
1627567729451 0.000532062918836675 14
1627567729561 0.0005211793831165386 15
1627567729671 0.0005119217029454223 16
1627567729780 0.0005042618501940393 17
1627567729891 0.0004976562518959421 18
1627567729997 0.0004916075744250653 19
1627567730100 0.00048657229348469786 20
1627567730209 0.0004822021848511574 21
1627567730320 0.0004784816004233972 22
1627567730417 0.0004752284251634977 23
1627567730524 0.0004716290119625682 24
1627567730642 0.00046902681994015016 25
1627567730758 0.00046643090530716473 26
1627567730880 0.00046432327218308254 27
1627567730981 0.00046200073395988864 28
1627567731080 0.00045989520303291615 29
1627567731200 0.0004576473922605082 30
1627567731317 0.0004559808680964563 31
1627567731415 0.00045422596911090914 32
1627567731504 0.00045230877714313056 33
1627567731599 0.0004509828752302513 34
1627567731695 0.0004494744550327544 35
1627567731793 0.0004474466500309219 36
1627567731933 0.00044522872400221244 37
1627567732074 0.00044423584002290114 38
1627567732207 0.00044298816688588614 39
1627567732321 0.0004420868837482999 40
1627567732436 0.00044068841454159865 41
1627567732535 0.0004386906083500013 42
1627567732662 0.0004377931911257528 43
1627567732759 0.00043663078090873603 44
1627567732869 0.0004359108439243816 45
1627567733029 0.00043382686244790905 46
1627567733172 0.0004319076003877101 47
1627567733308 0.0004309448739196638 48
1627567733402 0.00043023797865342374 49
1627567733511 0.0004287724492605842 50
1627567733622 0.00042807567350817716 51
1627567733746 0.00042725761153605926 52
1627567733866 0.0004252119424776765 53
1627567733964 0.0004236194111750642 54
1627567734066 0.0004224926766613181 55
1627567734158 0.0004216590211399454 56
1627567734242 0.00042095661049098367 57
1627567734330 0.00042034157968997134 58
1627567734438 0.00041955872277807193 59
1627567734549 0.0004189592827857064 60
1627567734692 0.0004174708463714394 61
1627567734832 0.0004166881501473217 62
1627567734928 0.00041610492893973415 63
1627567735023 0.00041492093597759864 64
1627567735154 0.0004135447300521829 65
1627567735243 0.0004129482308800149 66
1627567735358 0.00041190248401817327 67
1627567735454 0.00041123878930420335 68
1627567735570 0.00041018503267263796 69
1627567735656 0.0004095880380687929 70
1627567735753 0.00040868431313405854 71
1627567735844 0.0004081175433769688 72
1627567735928 0.00040758983037725126 73
1627567736016 0.0004069851445103237 74
1627567736109 0.0004062945924956046 75
1627567736233 0.00040506034108979985 76
1627567736315 0.00040454565460324154 77
1627567736438 0.0004034803765490935 78
1627567736519 0.0004030101919959292 79
1627567736607 0.00040249981908338533 80
1627567736698 0.0004014816200923851 81
1627567736795 0.00040066260833961217 82
1627567736872 0.00040022742665104464 83
1627567736952 0.00039976587076324727 84
1627567737044 0.0003992387209445083 85
1627567737124 0.0003988174597850654 86
1627567737213 0.0003983166733646081 87
1627567737302 0.00039782165756888484 88
1627567737382 0.00039736649808969066 89
1627567737461 0.000396889601807901 90
1627567737541 0.00039649190706638626 91
1627567737640 0.0003960819123069473 92
1627567737741 0.0003951310702407862 93
1627567737826 0.0003946729823376363 94
1627567737918 0.0003938491369115353 95
1627567738028 0.00039301434165782314 96
1627567738112 0.00039246622458356876 97
1627567738205 0.00039166616551299604 98
1627567738299 0.00039124579895839226 99
1627567738406 0.00039083040397844325 100
1627567738498 0.0003902325360792336 101
1627567738572 0.00038984490505849 102
1627567738650 0.0003893804774596227 103
1627567738727 0.0003889787782694113 104
1627567738812 0.00038848684169965773 105
1627567738900 0.0003879578711703357 106
1627567738985 0.0003874604652125372 107
1627567739069 0.0003870653504074724 108
1627567739150 0.0003867251544486894 109
1627567739231 0.00038626868776226516 110
1627567739329 0.0003856542464920411 111
1627567739410 0.00038530108236877977 112
1627567739489 0.00038493255418145414 113
1627567739581 0.0003845210457965239 114
1627567739695 0.0003839627831966666 115
1627567739769 0.00038359222144236985 116
1627567739864 0.0003832477830804756 117
1627567739928 0.0003828788483078817 118
1627567740012 0.0003825473564520749 119
1627567740098 0.0003821882525880185 120
1627567740170 0.00038184205006237094 121
1627567740243 0.0003814807348318888 122
1627567740333 0.0003809455404953285 123
1627567740406 0.0003806016752797212 124
1627567740492 0.000380234160323535 125
1627567740597 0.0003795237151132738 126
1627567740671 0.0003792220279216234 127
1627567740758 0.0003787042316417179 128
1627567740842 0.0003783493029639555 129
1627567740919 0.00037800476671530744 130
1627567741001 0.00037768176308245887 131
1627567741090 0.0003771753888111242 132
1627567741163 0.0003767994818534062 133
1627567741249 0.0003764783005693939 134
1627567741315 0.00037620159355398173 135
1627567741395 0.0003758409046737531 136
1627567741476 0.0003755183828518611 137
1627567741555 0.0003751985873611639 138
1627567741638 0.0003748915000593243 139
1627567741695 0.0003746095346104216 140
1627567741814 0.00037401753117252023 141
1627567741895 0.00037373218231014364 142
1627567741984 0.00037331143033182554 143
1627567742061 0.00037299426878564123 144
1627567742158 0.00037268248379064843 145
1627567742258 0.00037238807894734424 146
1627567742338 0.00037208720355624776 147
1627567742410 0.0003717632699597864 148
1627567742476 0.00037148951582427345 149
1627567742549 0.0003711931298773864 150
1627567742659 0.00037084580646910197 151
1627567742775 0.00037049570003894606 152
1627567742869 0.00037000518870381567 153
1627567742954 0.0003697406262842713 154
1627567743038 0.0003694396506482315 155
1627567743118 0.0003691551202043318 156
1627567743185 0.00036885529529162445 157
1627567743257 0.0003685772667906889 158
1627567743344 0.0003681796528739217 159
1627567743404 0.0003679210480650846 160
1627567743480 0.0003676255066149926 161
1627567743557 0.00036730942262773073 162
1627567743630 0.00036699804979448846 163
1627567743710 0.00036671507027813513 164
1627567743777 0.0003664506686934269 165
1627567743851 0.00036617029884676583 166
1627567743919 0.0003659359765820049 167
1627567744009 0.0003654313562840958 168
1627567744083 0.000365164111038173 169
1627567744155 0.00036489169916279065 170
1627567744225 0.00036461588847234576 171
1627567744330 0.0003643534914685381 172
1627567744418 0.00036410935498649565 173
1627567744531 0.0003638317765160136 174
1627567744618 0.0003636023477958672 175
1627567744688 0.0003633775822241099 176
1627567744777 0.0003631440865258034 177
1627567744883 0.00036279277111956834 178
1627567744961 0.0003625400390078527 179
1627567745058 0.00036229757427196514 180
1627567745128 0.00036204375965058174 181
1627567745204 0.0003617345405286035 182
1627567745272 0.00036148585063561364 183
1627567745346 0.0003611475423706307 184
1627567745403 0.00036091185611440615 185
1627567745466 0.00036062641286642915 186
1627567745525 0.00036041168138798216 187
1627567745610 0.000360003993450709 188
1627567745689 0.0003596434192823701 189
1627567745760 0.0003593978916426403 190
1627567745826 0.00035912873498094135 191
1627567745896 0.0003588646660387906 192
1627567745959 0.0003586122953188527 193
1627567746030 0.00035834989389560575 194
1627567746109 0.0003580991487725403 195
1627567746185 0.00035785477527206124 196
1627567746289 0.0003576182144890193 197
1627567746345 0.00035742864023414686 198
1627567746418 0.0003571567648470486 199
1627567746500 0.00035690547487129216 200
1627567746571 0.00035660970464588567 201
1627567746626 0.00035641534445367094 202
1627567746680 0.00035618574427912414 203
1627567746812 0.00035569803352066486 204
1627567746894 0.0003554607989950789 205
1627567746973 0.0003552236930290139 206
1627567747046 0.00035501736645520673 207
1627567747126 0.00035469537326970554 208
1627567747205 0.00035444493078627925 209
1627567747263 0.0003542043728872732 210
1627567747367 0.000353864171238025 211
1627567747424 0.00035363626491077393 212
1627567747502 0.00035334917292291024 213
1627567747580 0.0003531100210051853 214
1627567747657 0.000352861194033976 215
1627567747728 0.0003526547478470347 216
1627567747807 0.00035243850157977 217
1627567747867 0.00035218663712893733 218
1627567747940 0.0003519535468479096 219
1627567748056 0.0003515983559542415 220
1627567748137 0.0003513256893764516 221
1627567748197 0.0003511214716399524 222
1627567748274 0.0003508799776577205 223
1627567748362 0.00035048943193979974 224
1627567748434 0.0003502656553655288 225
1627567748489 0.0003500542488825039 226
1627567748555 0.00034980119245746593 227
1627567748623 0.0003495740257647249 228
1627567748703 0.00034934167464903887 229
1627567748774 0.0003491431876796013 230
1627567748842 0.0003489102100818517 231
1627567748945 0.000348537748794675 232
1627567749028 0.0003483271905877 233
1627567749088 0.00034814057289656725 234
1627567749157 0.0003479150317604571 235
1627567749233 0.000347717588805844 236
1627567749322 0.00034753465439997706 237
1627567749439 0.0003473372948669301 238
1627567749507 0.00034713005629846943 239
1627567749603 0.00034694078834524033 240
1627567749684 0.00034672280675761535 241
1627567749764 0.0003465195006282305 242
1627567749840 0.00034631167784024224 243
1627567749906 0.0003460970432096033 244
1627567749987 0.000345898684963362 245
1627567750087 0.0003456677195481061 246
1627567750192 0.00034541280879018843 247
1627567750271 0.0003451672300079495 248
1627567750345 0.000344922775220576 249
1627567750425 0.0003447431458864631 250
1627567750488 0.0003445356040766703 251
1627567750548 0.0003443180084820874 252
1627567750608 0.0003441031383494649 253
1627567750676 0.0003438849926443211 254
1627567750739 0.00034367915122232286 255
1627567750798 0.00034349163800647336 256
1627567750879 0.0003432759858311229 257
1627567750963 0.0003430866469588514 258
1627567751027 0.00034288248079026467 259
1627567751095 0.0003426548582372153 260
1627567751192 0.0003424342197289311 261
1627567751319 0.0003421203182627706 262
1627567751383 0.00034191671471490797 263
1627567751447 0.00034170912655191504 264
1627567751516 0.00034149467805678516 265
1627567751586 0.00034130710964388615 266
1627567751646 0.000341119901085046 267
1627567751706 0.00034092644477108495 268
1627567751762 0.00034071366579619517 269
1627567751816 0.00034052629520782136 270
1627567751874 0.0003403738038847886 271
1627567751933 0.00034018665709459675 272
1627567752004 0.0003400040758874614 273
1627567752073 0.00033974762803300255 274
1627567752143 0.00033955951258893274 275
1627567752229 0.0003393481428071973 276
1627567752303 0.0003391332888417765 277
1627567752388 0.0003389688753399746 278
1627567752459 0.00033876210226247555 279
1627567752512 0.0003385712237401228 280
1627567752627 0.000338369023026973 281
1627567752735 0.0003381679253101699 282
1627567752811 0.0003379769719458034 283
1627567752893 0.00033772170658004504 284
1627567752948 0.00033753246321985265 285
1627567753065 0.0003372655903682028 286
1627567753127 0.0003370865539658206 287
1627567753184 0.0003369196591411189 288
1627567753253 0.0003367458459275735 289
1627567753341 0.0003365674667550176 290
1627567753414 0.00033634581948217146 291
1627567753492 0.0003361669867133476 292
1627567753556 0.0003359695522346577 293
1627567753614 0.00033577990742429334 294
1627567753679 0.00033557987097134845 295
1627567753745 0.0003353813399177419 296
1627567753816 0.0003351889596078007 297
1627567753895 0.0003349493025383369 298
1627567753983 0.00033477330810476573 299
1627567754090 0.00033460309038355713 300
1627567754187 0.00033442150373784414 301
1627567754284 0.0003342449062966876 302
1627567754371 0.0003340896724186187 303
1627567754426 0.0003339195292576062 304
1627567754495 0.0003337446906383269 305
1627567754552 0.0003335545655915401 306
1627567754607 0.0003333857191790921 307
1627567754685 0.00033320087815956603 308
1627567754765 0.0003329543986981626 309
1627567754825 0.00033277709340723136 310
1627567754904 0.00033259139902119844 311
1627567754960 0.00033240619450897283 312
1627567755034 0.00033221596314118857 313
1627567755090 0.0003320344841541332 314
1627567755151 0.00033186257574979597 315
1627567755219 0.0003316497839356844 316
1627567755285 0.000331452576321941 317
1627567755345 0.0003312860458947135 318
1627567755405 0.0003311393407071175 319
1627567755479 0.00033095258190960614 320
1627567755531 0.0003307807334872911 321
1627567755613 0.0003305858761216547 322
1627567755705 0.00033041361960444457 323
1627567755784 0.0003302427565113803 324
1627567755880 0.0003299113751214243 325
1627567755969 0.0003297699668917917 326
1627567756065 0.0003296001966262131 327
1627567756146 0.0003294345694730165 328
1627567756241 0.00032927678099380254 329
1627567756339 0.0003291115972594133 330
1627567756398 0.0003289313007169956 331
1627567756473 0.00032876542179326537 332
1627567756534 0.0003286016730702542 333
1627567756605 0.00032842440258877 334
1627567756691 0.00032827445432359224 335
1627567756797 0.00032807420918760797 336
1627567756862 0.00032789967274216 337
1627567756941 0.00032770745444996307 338
1627567757028 0.0003275549438127024 339
1627567757114 0.00032738503509546296 340
1627567757192 0.0003272228519800847 341
1627567757281 0.0003270956704336575 342
1627567757367 0.00032694010389430127 343
1627567757442 0.00032676378987301193 344
1627567757509 0.0003265806742167647 345
1627567757575 0.00032639128811107166 346
1627567757632 0.00032624425808050765 347
1627567757688 0.00032608862814274413 348
1627567757741 0.00032592476706147505 349
1627567757822 0.00032571454452064174 350
1627567757881 0.00032553700854868876 351
1627567757945 0.00032536924666895864 352
1627567758002 0.00032521605716130187 353
1627567758060 0.00032505982183425423 354
1627567758149 0.00032490697536535654 355
1627567758221 0.00032473107482675783 356
1627567758296 0.0003245814018261734 357
1627567758391 0.0003244213017095336 358
1627567758452 0.0003242728006009162 359
1627567758515 0.00032412780357990944 360
1627567758601 0.0003239832846998365 361
1627567758709 0.00032380313143534997 362
1627567758763 0.0003236417894396877 363
1627567758833 0.00032347334133489325 364
1627567758910 0.0003233545323350752 365
1627567759010 0.00032318410695473073 366
1627567759098 0.0003230516946551622 367
1627567759150 0.00032291026049834076 368
1627567759230 0.00032276021179029413 369
1627567759316 0.0003225945472733686 370
1627567759395 0.00032242755550568477 371
1627567759500 0.0003221477027342712 372
1627567759555 0.0003220076065170011 373
1627567759619 0.0003218544026546266 374
1627567759675 0.0003216819392861573 375
1627567759767 0.0003299113751214243 376
