1627567609611 0.5089756971134535 0
1627567609754 0.4696004630755864 1
1627567609876 0.43473306592670846 2
1627567610007 0.4041581322991971 3
1627567610144 0.377313810598008 4
1627567610269 0.3539208526174171 5
1627567610393 0.3336285530899567 6
1627567610513 0.31615973126042585 7
1627567610633 0.3010919371377912 8
1627567610777 0.2880798970450561 9
1627567610924 0.276821787665007 10
1627567611046 0.2672458575514867 11
1627567611157 0.25900750857777555 12
1627567611273 0.25204565655945316 13
1627567611387 0.24607260621127644 14
1627567611506 0.24107527820855565 15
1627567611616 0.2367347862063135 16
1627567611731 0.233176745331193 17
1627567611843 0.23005331464744802 18
1627567611984 0.22723371437748938 19
1627567612147 0.2248346646767906 20
1627567612263 0.22285127101848398 21
1627567612374 0.2210701705807255 22
1627567612482 0.21931790165134982 23
1627567612585 0.21788008251281935 24
1627567612683 0.21666143329393162 25
1627567612783 0.21553959242476883 26
1627567612884 0.21456368866192582 27
1627567612987 0.21360808479895832 28
1627567613084 0.21268536904089502 29
1627567613177 0.2117320325604457 30
1627567613273 0.21085801699551168 31
1627567613424 0.21004581660548893 32
1627567613522 0.20933611200410662 33
1627567613612 0.2087369377363472 34
1627567613761 0.20764588458549132 35
1627567613878 0.20696356046811834 36
1627567613981 0.20592433857003628 37
1627567614085 0.2053935530842358 38
1627567614183 0.20453457117216345 39
1627567614280 0.20406804752135574 40
1627567614373 0.20334091545731534 41
1627567614459 0.20253744012325237 42
1627567614554 0.20178545808003354 43
1627567614653 0.20122718825914912 44
1627567614736 0.20090195825803367 45
1627567614832 0.20018456849160446 46
1627567614923 0.19954419139487675 47
1627567615026 0.19865327004772426 48
1627567615116 0.19830183416353503 49
1627567615233 0.19753073522191908 50
1627567615316 0.1972211619665389 51
1627567615408 0.19689847290479634 52
1627567615515 0.19603033229691164 53
1627567615622 0.19570522675442995 54
1627567615725 0.1954036996316471 55
1627567615829 0.1947432780493062 56
1627567615911 0.19447956219372523 57
1627567615998 0.1941643914959531 58
1627567616089 0.19379607044698582 59
1627567616175 0.19349847250105973 60
1627567616268 0.19317031767715637 61
1627567616368 0.19256596548352156 62
1627567616450 0.19229196714811794 63
1627567616542 0.19190392938995474 64
1627567616639 0.19129454748961214 65
1627567616728 0.19101103464054162 66
1627567616821 0.19065541751272058 67
1627567616948 0.19019765864068697 68
1627567617048 0.18966529708263896 69
1627567617144 0.18939296203338285 70
1627567617232 0.18914248128281408 71
1627567617321 0.1889277886128373 72
1627567617421 0.18835885435007638 73
1627567617515 0.1880610911606708 74
1627567617610 0.18751356811470815 75
1627567617703 0.18724715519966006 76
1627567617782 0.18700308316807335 77
1627567617865 0.18678033834741997 78
1627567617984 0.18652048187682121 79
1627567618101 0.1859834806477334 80
1627567618181 0.18576914290068217 81
1627567618290 0.18545706335910894 82
1627567618374 0.18524319238896547 83
1627567618463 0.18499833858059292 84
1627567618555 0.18477023784752092 85
1627567618637 0.1845633222515383 86
1627567618723 0.18434856809267416 87
1627567618803 0.18414086085256093 88
1627567618883 0.18393737584951858 89
1627567618966 0.18373274914907314 90
1627567619062 0.18332887404871073 91
1627567619165 0.18290885356862405 92
1627567619250 0.18270251055242515 93
1627567619334 0.18250930796213316 94
1627567619411 0.18227303460514757 95
1627567619523 0.18208109042246876 96
1627567619601 0.18190456408202563 97
1627567619685 0.18172645185548994 98
1627567619793 0.1815133212201067 99
1627567619912 0.1812785407309938 100
1627567620002 0.18103279801721625 101
1627567620098 0.1807838181091686 102
1627567620154 0.18061650005234622 103
1627567620232 0.1804337761656663 104
1627567620317 0.18024070832878455 105
1627567620400 0.17998581343661874 106
1627567620479 0.17980566251410157 107
1627567620567 0.17962311077163343 108
1627567620667 0.1792752839108057 109
1627567620742 0.17910346338360894 110
1627567620825 0.1789389237669332 111
1627567620904 0.17878472504103388 112
1627567621004 0.17850030829381747 113
1627567621147 0.17830844163122697 114
1627567621228 0.17814090108140146 115
1627567621294 0.17798118977995855 116
1627567621402 0.17775389362350896 117
1627567621508 0.17750720160289604 118
1627567621604 0.17718915433366636 119
1627567621685 0.1770348253716672 120
1627567621746 0.1768882040368901 121
1627567621814 0.17674141923523842 122
1627567621898 0.17657831600278726 123
1627567622006 0.17630178727168905 124
1627567622089 0.1761439227843503 125
1627567622163 0.17599678116712716 126
1627567622238 0.17585672668486557 127
1627567622315 0.17570741438881102 128
1627567622397 0.17555098823580714 129
1627567622471 0.17540506167178968 130
1627567622576 0.1751456422287654 131
1627567622678 0.1749578912463042 132
1627567622765 0.17480739330996406 133
1627567622902 0.17466573302434668 134
1627567623070 0.17438048450848054 135
1627567623174 0.17416053240570895 136
1627567623243 0.17402855783262622 137
1627567623309 0.1738954079076448 138
1627567623392 0.17368298325566842 139
1627567623465 0.17353694867973715 140
1627567623531 0.17340348422185303 141
1627567623607 0.17326382210507005 142
1627567623665 0.17313583327568893 143
1627567623743 0.17298074298570137 144
1627567623811 0.1728286841658705 145
1627567623908 0.1725514036004511 146
1627567623987 0.17241995378503885 147
1627567624067 0.17228632982394948 148
1627567624154 0.17214117749531513 149
1627567624252 0.1719896865169191 150
1627567624348 0.17176745114722142 151
1627567624430 0.17156633234394666 152
1627567624501 0.1714390457308391 153
1627567624593 0.17128654172167274 154
1627567624691 0.1710848227914337 155
1627567624790 0.17093271942900592 156
1627567624852 0.1707983467791167 157
1627567624935 0.17067725470381576 158
1627567625012 0.17055014205013738 159
1627567625109 0.17042463083733456 160
1627567625196 0.17024947330592838 161
1627567625257 0.17012650765218024 162
1627567625360 0.17000718101091242 163
1627567625469 0.16981704539543713 164
1627567625547 0.16969210162863876 165
1627567625621 0.16955986693169817 166
1627567625702 0.16943199525956823 167
1627567625779 0.16930071007917882 168
1627567625903 0.16909507178059602 169
1627567625986 0.16897616863554515 170
1627567626041 0.16885999785686234 171
1627567626144 0.1687272641742958 172
1627567626248 0.16859694542302112 173
1627567626370 0.16846833689243879 174
1627567626469 0.16832637013897825 175
1627567626540 0.1682071553482018 176
1627567626624 0.16808107477639014 177
1627567626695 0.16795897420350833 178
1627567626771 0.16781923157213474 179
1627567626848 0.16768529260951162 180
1627567626927 0.16755953719804434 181
1627567627027 0.1672998617238114 182
1627567627098 0.16718297455178302 183
1627567627159 0.16705720933196105 184
1627567627225 0.16694096643826398 185
1627567627297 0.16682159492872492 186
1627567627369 0.16669791985686136 187
1627567627429 0.16659352914002187 188
1627567627514 0.16647862818157264 189
1627567627599 0.16635428860245352 190
1627567627677 0.16622490533276668 191
1627567627762 0.166098958531226 192
1627567627820 0.1659944848113008 193
1627567627884 0.16586818884147375 194
1627567627961 0.16576257794653357 195
1627567628040 0.1656337918632814 196
1627567628117 0.16551905028321784 197
1627567628228 0.1652927096813038 198
1627567628283 0.16519178243978105 199
1627567628359 0.1650805462576302 200
1627567628447 0.16493052252925872 201
1627567628513 0.16482934851118955 202
1627567628580 0.16471605167340542 203
1627567628674 0.16460483056071787 204
1627567628744 0.16449806004692738 205
1627567628789 0.16439342516901098 206
1627567628851 0.16429603158155934 207
1627567628931 0.1642085435921048 208
1627567629020 0.16408205293690276 209
1627567629096 0.1639638530663367 210
1627567629183 0.16380746663453516 211
1627567629291 0.16368605089860175 212
1627567629387 0.1635818153215783 213
1627567629452 0.16347073180968047 214
1627567629546 0.16335089774730854 215
1627567629641 0.16324305656840402 216
1627567629696 0.1631486949161551 217
1627567629763 0.16304562304764356 218
1627567629822 0.16294747410560786 219
1627567629893 0.16284770517930633 220
1627567629970 0.16274411753367946 221
1627567630040 0.1626293866742807 222
1627567630105 0.1625158284987742 223
1627567630187 0.16239354144152823 224
1627567630262 0.1622965262124106 225
1627567630332 0.16219024398215792 226
1627567630384 0.16209889472566832 227
1627567630440 0.16200060861051055 228
1627567630509 0.1619125808831866 229
1627567630594 0.16176940435455564 230
1627567630653 0.16168311028985835 231
1627567630726 0.1615790374586195 232
1627567630804 0.16147000315792254 233
1627567630891 0.16129971980192603 234
1627567630947 0.16120899695319804 235
1627567631026 0.1610806598620329 236
1627567631099 0.1609781257917478 237
1627567631180 0.16087488101023809 238
1627567631237 0.16077857385291244 239
1627567631308 0.16068451407009463 240
1627567631371 0.1605947180041334 241
1627567631439 0.16049647382205162 242
1627567631492 0.16040239524586106 243
1627567631551 0.16031693629752883 244
1627567631656 0.16021962989457814 245
1627567631730 0.1601189340351347 246
1627567631788 0.160023535660789 247
1627567631879 0.15993905325611207 248
1627567631962 0.1598421726529411 249
1627567632047 0.1597425223598424 250
1627567632116 0.1596455635700836 251
1627567632177 0.1595498596229468 252
1627567632243 0.15945354335609063 253
1627567632308 0.15936070971204208 254
1627567632369 0.15925787246699494 255
1627567632431 0.15916559777446232 256
1627567632508 0.15907170989135716 257
1627567632566 0.15898136395229945 258
1627567632661 0.15887444664399514 259
1627567632717 0.15878585592909894 260
1627567632773 0.15870796994922298 261
1627567632827 0.15863168981070755 262
1627567632887 0.16368605089860175 263
1627567636891 0.5082670443467745 0
1627567637030 0.4690267046316658 1
1627567637167 0.43435976329651693 2
1627567637284 0.40391213849808627 3
1627567637447 0.37711017620891235 4
1627567637584 0.35375060884753196 5
1627567637721 0.3335560756254574 6
1627567637860 0.316136475322629 7
1627567638031 0.30112178650696947 8
1627567638194 0.2881792252141309 9
1627567638314 0.2769446450683133 10
1627567638434 0.26733775476849125 11
1627567638551 0.2591842297783606 12
1627567638733 0.25226577301391206 13
1627567638912 0.24635352794977453 14
1627567639023 0.24136165704210283 15
1627567639130 0.2370367227683196 16
1627567639250 0.2334158905750531 17
1627567639373 0.23026112813427219 18
1627567639491 0.22742823249516306 19
1627567639595 0.22504551657640717 20
1627567639698 0.22306062508176872 21
1627567639813 0.22135769870115007 22
1627567639913 0.2196695155773306 23
1627567640017 0.2180604444531652 24
1627567640117 0.21679989141240522 25
1627567640247 0.21567595791494498 26
1627567640363 0.2145910751365095 27
1627567640459 0.21365805130235446 28
1627567640582 0.21268364300351233 29
1627567640694 0.211729739963621 30
1627567640827 0.2110209129400594 31
1627567640924 0.2102956142567283 32
1627567641061 0.20957009999194867 33
1627567641151 0.20890369066409445 34
1627567641244 0.20822322928218337 35
1627567641338 0.20722237668553428 36
1627567641432 0.2063709347723522 37
1627567641529 0.2057331013870236 38
1627567641623 0.2048938384615705 39
1627567641747 0.20453005423811854 40
1627567641835 0.20383562067469227 41
1627567641931 0.20301503319867584 42
1627567642033 0.20212950793417506 43
1627567642142 0.2016967805637974 44
1627567642259 0.20133310147339217 45
1627567642354 0.20051555152741996 46
1627567642440 0.2000868545001705 47
1627567642539 0.1994230129098425 48
1627567642645 0.19896280102581113 49
1627567642754 0.19829046853223195 50
1627567642849 0.19800252204252194 51
1627567642944 0.19751968247461463 52
1627567643105 0.1967320198747343 53
1627567643184 0.19641500576371032 54
1627567643296 0.19599480890563425 55
1627567643389 0.19560359243491426 56
1627567643473 0.19530333707539188 57
1627567643560 0.19502220866032427 58
1627567643658 0.19445237315696284 59
1627567643779 0.19412510593986462 60
1627567643872 0.19378426608446095 61
1627567643961 0.19354491165661064 62
1627567644058 0.19294413187953577 63
1627567644165 0.19228900998579115 64
1627567644307 0.19199866849564945 65
1627567644396 0.19171947405895398 66
1627567644512 0.19140361922650057 67
1627567644616 0.19092705964706952 68
1627567644707 0.1906241158170917 69
1627567644799 0.1903854514882948 70
1627567644918 0.19016451080466037 71
1627567645057 0.18991212582329034 72
1627567645158 0.1896638853881082 73
1627567645245 0.18937552843096347 74
1627567645342 0.1890941302955527 75
1627567645439 0.18851111427757694 76
1627567645521 0.1882934958629463 77
1627567645605 0.18804487617476068 78
1627567645690 0.1877992220169141 79
1627567645819 0.18751677842659537 80
1627567645928 0.18708835435348606 81
1627567646029 0.18676762918744144 82
1627567646107 0.1865813175888953 83
1627567646202 0.18609859295274578 84
1627567646302 0.18583543356320106 85
1627567646395 0.18563386990627587 86
1627567646521 0.18541085168106633 87
1627567646604 0.18520716798511122 88
1627567646738 0.18480215675602893 89
1627567646818 0.18459343070346423 90
1627567646913 0.18411445653772712 91
1627567647012 0.18365537947178504 92
1627567647087 0.18343669921292602 93
1627567647172 0.18315547169279095 94
1627567647255 0.18284841583529024 95
1627567647340 0.18266044666716352 96
1627567647418 0.18247206586754108 97
1627567647482 0.1822856175311658 98
1627567647552 0.18209893145442155 99
1627567647680 0.18162590860107558 100
1627567647790 0.18129502414025758 101
1627567647885 0.1810392291361534 102
1627567647986 0.18085682913532958 103
1627567648062 0.18067614912854513 104
1627567648161 0.18048292497388518 105
1627567648287 0.1803066352984325 106
1627567648385 0.17997218950548227 107
1627567648464 0.17978869413018947 108
1627567648564 0.17941562433508598 109
1627567648646 0.1791958282287362 110
1627567648730 0.17900666542158353 111
1627567648825 0.178675145085997 112
1627567648894 0.17850451058380506 113
1627567648987 0.1783273400129419 114
1627567649081 0.17816243964899287 115
1627567649157 0.17799078398242893 116
1627567649229 0.17782727125905665 117
1627567649319 0.1776461708353337 118
1627567649394 0.17746321836137455 119
1627567649486 0.1771827730704378 120
1627567649556 0.177019091527701 121
1627567649631 0.17685873578367278 122
1627567649727 0.17656738818630177 123
1627567649803 0.17641363758091774 124
1627567649886 0.1762543412813507 125
1627567649973 0.17610969227802456 126
1627567650053 0.17597504169230746 127
1627567650157 0.17582265846416278 128
1627567650232 0.17563021445767574 129
1627567650339 0.17540033660306892 130
1627567650410 0.17526835414137157 131
1627567650476 0.17514286936550022 132
1627567650541 0.17500909778058418 133
1627567650627 0.17485950852904458 134
1627567650708 0.17467635357150013 135
1627567650783 0.17452263920684488 136
1627567650869 0.17434766878300417 137
1627567650969 0.17407394852374558 138
1627567651040 0.17394148487625047 139
1627567651117 0.17378643728026927 140
1627567651187 0.1736576225948693 141
1627567651263 0.17351184851766505 142
1627567651335 0.17337321154966545 143
1627567651424 0.17317709848294308 144
1627567651542 0.17294312324946862 145
1627567651642 0.17274618711579304 146
1627567651724 0.1726048661242127 147
1627567651830 0.17244035584652756 148
1627567651932 0.17230095426157763 149
1627567652066 0.17212153621717283 150
1627567652164 0.1719217064127176 151
1627567652313 0.17168876030919286 152
1627567652427 0.1715562281095065 153
1627567652514 0.1714158198442077 154
1627567652571 0.17128082632111677 155
1627567652654 0.1711232326228385 156
1627567652733 0.17094811743428037 157
1627567652821 0.17074718163266278 158
1627567652913 0.1705378796914343 159
1627567652977 0.1704304452409371 160
1627567653037 0.17032203494825965 161
1627567653100 0.17021693312845854 162
1627567653160 0.17010955383370346 163
1627567653241 0.1699918006243534 164
1627567653319 0.16985839178511866 165
1627567653391 0.16972847977006258 166
1627567653475 0.16959800679219328 167
1627567653529 0.1694953054168974 168
1627567653605 0.16938591982153836 169
1627567653715 0.1692123816872332 170
1627567653789 0.16907150681283628 171
1627567653877 0.16892292948556836 172
1627567653956 0.16878872467450592 173
1627567654050 0.16859382870343353 174
1627567654119 0.16845682525935807 175
1627567654192 0.1683309425510926 176
1627567654271 0.16820358573336303 177
1627567654338 0.16806974763906118 178
1627567654401 0.16794134318740034 179
1627567654501 0.1678076161142409 180
1627567654561 0.16769439493464752 181
1627567654644 0.16749925835991997 182
1627567654737 0.1672606790392947 183
1627567654814 0.16713016636886943 184
1627567654884 0.16700850222834782 185
1627567654983 0.1668654275328212 186
1627567655082 0.16674126787592758 187
1627567655150 0.16662619850237023 188
1627567655218 0.16651466750286675 189
1627567655290 0.16639669596846768 190
1627567655348 0.16630232136248665 191
1627567655435 0.16617997952221164 192
1627567655505 0.1660660888231681 193
1627567655644 0.16587671493369374 194
1627567655761 0.1657236697077276 195
1627567655839 0.16559211808346422 196
1627567655924 0.1654903460324078 197
1627567655981 0.16539424519427626 198
1627567656040 0.16530163256201824 199
1627567656132 0.16518013628611147 200
1627567656213 0.1650673993231975 201
1627567656292 0.1649459408968121 202
1627567656357 0.16482865083890444 203
1627567656451 0.1647116875459479 204
1627567656508 0.16460722874776482 205
1627567656609 0.16440342789823734 206
1627567656677 0.16430166911965244 207
1627567656755 0.16418260634435036 208
1627567656812 0.16407165439423788 209
1627567656891 0.16394088498929948 210
1627567656965 0.1638395249082394 211
1627567657040 0.16372300525344177 212
1627567657132 0.1635497028508085 213
1627567657264 0.16343891227544105 214
1627567657334 0.16332789009542795 215
1627567657424 0.16321295490160326 216
1627567657496 0.16310853909218886 217
1627567657560 0.16300001159789848 218
1627567657621 0.16289034785003548 219
1627567657727 0.16275726038342878 220
1627567657839 0.16259251161185073 221
1627567657894 0.16249354886368317 222
1627567657999 0.162389384762333 223
1627567658072 0.16227359309373346 224
1627567658151 0.16217728026890377 225
1627567658228 0.16204977013955135 226
1627567658297 0.16193292911893487 227
1627567658365 0.1618280129079995 228
1627567658437 0.1617235236031969 229
1627567658488 0.1616401784947654 230
1627567658592 0.16152015359748104 231
1627567658661 0.16144238226955743 232
1627567658717 0.16135916153653698 233
1627567658775 0.16128261859251738 234
1627567658831 0.16118206736165167 235
1627567658915 0.16108811517635427 236
1627567659022 0.1609920280889698 237
1627567659083 0.16089534128486918 238
1627567659136 0.16081141526841966 239
1627567659209 0.16070598694070873 240
1627567659265 0.1606135538645168 241
1627567659355 0.16052485854988072 242
1627567659416 0.16044353865152444 243
1627567659479 0.16034603060065333 244
1627567659559 0.1602481528384933 245
1627567659619 0.1601571462959393 246
1627567659687 0.1600458412931506 247
1627567659754 0.15995612097199083 248
1627567659824 0.15984852046601958 249
1627567659893 0.1597633109042084 250
1627567659949 0.15968397330456144 251
1627567660012 0.15957926214636015 252
1627567660082 0.1594914322337445 253
1627567660168 0.1593918976834154 254
1627567660230 0.15928943631465295 255
1627567660323 0.1591845041185253 256
1627567660402 0.15909116125031386 257
1627567660471 0.15899369208465636 258
1627567660556 0.1589010901435564 259
1627567660615 0.15881361336664176 260
1627567660688 0.15870723186780508 261
1627567660750 0.15861657749683852 262
1627567660807 0.1585296308678048 263
1627567660885 0.1584453091645053 264
1627567661005 0.15833893609211924 265
1627567661112 0.15825999757197648 266
1627567661208 0.15816243344198164 267
1627567661265 0.1580770120670363 268
1627567661330 0.15798366988789486 269
1627567661387 0.15790487629790598 270
1627567661453 0.15781688106923655 271
1627567661531 0.15771994383753132 272
1627567661586 0.15762784039450078 273
1627567661666 0.1575120598155905 274
1627567661744 0.15742687604048308 275
1627567661847 0.15730939608806543 276
1627567661933 0.15722457959046188 277
1627567662005 0.15713489338917677 278
1627567662074 0.1570550570746544 279
1627567662145 0.15696735910640025 280
1627567662239 0.1568791439163646 281
1627567662309 0.15678478986428288 282
1627567662385 0.1566869869435913 283
1627567662457 0.1565883710031124 284
1627567662539 0.15651037065286325 285
1627567662642 0.156405039286493 286
1627567662752 0.15630228143559152 287
1627567662821 0.15621710820307466 288
1627567662889 0.15611634693709703 289
1627567662943 0.15605143287103648 290
1627567663022 0.15596152701195326 291
1627567663107 0.15586801344423212 292
1627567663174 0.15578320210495394 293
1627567663232 0.15569289049380428 294
1627567663297 0.15560405790366125 295
1627567663365 0.15552786911065583 296
1627567663419 0.1554409303287327 297
1627567663496 0.15535938641311486 298
1627567663593 0.15528590158353445 299
1627567663681 0.1551798882667339 300
1627567663742 0.15510003657965302 301
1627567663807 0.15501164355712593 302
1627567663871 0.15492632322261468 303
1627567663929 0.15485141840802594 304
1627567663987 0.1547712620037704 305
1627567664044 0.15468579993012738 306
1627567664109 0.15461671151147766 307
1627567664181 0.15452488967824335 308
1627567664254 0.15443415994634424 309
1627567664330 0.1543254631125982 310
1627567664426 0.15424382019391597 311
1627567664501 0.1541595645834852 312
1627567664569 0.15408519581017266 313
1627567664638 0.15401090855360544 314
1627567664704 0.15393145489489787 315
1627567664780 0.15382899269034622 316
1627567664863 0.15374192218382965 317
1627567664973 0.1536534921860066 318
1627567665042 0.1535886954168593 319
1627567665127 0.15351079746337118 320
1627567665199 0.15342555714953116 321
1627567665261 0.1533400075460866 322
1627567665325 0.15326938317214273 323
1627567665433 0.15318401534022985 324
1627567665515 0.15311902699566157 325
1627567665606 0.15304100872707393 326
1627567665686 0.1529615006174772 327
1627567665758 0.15287314014207082 328
1627567665820 0.15280522018481285 329
1627567665895 0.1527388661559322 330
1627567665951 0.15265692680870768 331
1627567665998 0.1525779144342114 332
1627567666068 0.15678478986428288 333
1627567670178 0.5089668115727387 0
1627567670320 0.46958007971884225 1
1627567670440 0.4347623340776271 2
1627567670572 0.40422317386817996 3
1627567670700 0.3774096545829902 4
1627567670826 0.3540103831223809 5
1627567670953 0.3337824450013864 6
1627567671107 0.31632336975181863 7
1627567671267 0.3013180267218651 8
1627567671381 0.28834463581346437 9
1627567671499 0.27712155358824553 10
1627567671614 0.26761765903215246 11
1627567671727 0.25936183596375423 12
1627567671840 0.252355889240876 13
1627567671953 0.2462904745366638 14
1627567672065 0.24125671856121345 15
1627567672174 0.23695649018124984 16
1627567672290 0.23341518331867595 17
1627567672404 0.23027066985569009 18
1627567672511 0.22752188399625886 19
1627567672612 0.22510279164699276 20
1627567672721 0.2230734803176228 21
1627567672840 0.22138477071067025 22
1627567672940 0.21970768394127863 23
1627567673093 0.21836847074472185 24
1627567673246 0.21714183639611714 25
1627567673343 0.21589834297079477 26
1627567673489 0.21493348859763753 27
1627567673593 0.21395725622616643 28
1627567673740 0.2129124941975011 29
1627567673832 0.21188901304482471 30
1627567673946 0.2107610163538343 31
1627567674052 0.2099163697456999 32
1627567674146 0.20908998054338906 33
1627567674238 0.20846291656523577 34
1627567674333 0.20782685486229036 35
1627567674432 0.20690375951877374 36
1627567674531 0.2061072458570428 37
1627567674626 0.20544922176034627 38
1627567674719 0.20488657368711016 39
1627567674810 0.2043920560139934 40
1627567674899 0.20374616019003453 41
1627567675017 0.2031799710500889 42
1627567675126 0.20239701340748315 43
1627567675227 0.20190816902658693 44
1627567675316 0.20152723618368246 45
1627567675464 0.20082119466929302 46
1627567675563 0.19994345773774994 47
1627567675655 0.1993242142284932 48
1627567675753 0.19896903918351264 49
1627567675867 0.19813621529727607 50
1627567675957 0.19784179594300022 51
1627567676052 0.1975201528289282 52
1627567676158 0.1966375583545608 53
1627567676243 0.1963789125214072 54
1627567676329 0.19598292356462158 55
1627567676431 0.1952926298109415 56
1627567676528 0.19461887554554289 57
1627567676614 0.19431111977367427 58
1627567676712 0.1939354536062516 59
1627567676798 0.19365195581988448 60
1627567676904 0.19297400830240016 61
1627567677000 0.19260730649811775 62
1627567677119 0.19204421700265106 63
1627567677218 0.19177777496703735 64
1627567677306 0.1914813512604184 65
1627567677403 0.19121553838221234 66
1627567677508 0.19098416647267608 67
1627567677592 0.19071799812420998 68
1627567677677 0.19048105438533233 69
1627567677765 0.19024394065144168 70
1627567677862 0.18969240420190914 71
1627567677959 0.18911409989306038 72
1627567678103 0.18853099127855544 73
1627567678259 0.18824146503414863 74
1627567678437 0.18765511721420416 75
1627567678556 0.1874249333106735 76
1627567678637 0.1871883787894008 77
1627567678734 0.18668191068753157 78
1627567678829 0.18634818059111444 79
1627567678916 0.18613747167951902 80
1627567679010 0.18577653886991852 81
1627567679099 0.1855584007725632 82
1627567679173 0.18529566807919934 83
1627567679268 0.18489739744942024 84
1627567679356 0.18467553734500045 85
1627567679435 0.18447324678533933 86
1627567679517 0.18425796290811877 87
1627567679593 0.18405465816686006 88
1627567679693 0.18371265871418604 89
1627567679784 0.18340260188392127 90
1627567679871 0.18321942275114825 91
1627567679961 0.1830267723769268 92
1627567680056 0.18277029779319814 93
1627567680138 0.18257010450288097 94
1627567680234 0.18213421013569184 95
1627567680325 0.18186612871448257 96
1627567680406 0.1816826241079656 97
1627567680482 0.18150309613012713 98
1627567680572 0.18130485385619383 99
1627567680667 0.1811249374285174 100
1627567680767 0.1807080442195496 101
1627567680849 0.18052624352004956 102
1627567680954 0.18015525480769543 103
1627567681042 0.1799377923515798 104
1627567681125 0.17972934676305075 105
1627567681206 0.17953744940063704 106
1627567681279 0.17936939566733234 107
1627567681358 0.1791877097720753 108
1627567681444 0.17903535167743945 109
1627567681526 0.178838606648599 110
1627567681604 0.1786700806392088 111
1627567681688 0.17851455430469892 112
1627567681767 0.1783430267986614 113
1627567681872 0.17812435994675613 114
1627567681958 0.1779330158807643 115
1627567682034 0.17773648249973165 116
1627567682116 0.17757514856636467 117
1627567682193 0.17739301356244142 118
1627567682285 0.17715164509360629 119
1627567682362 0.17697206113518388 120
1627567682467 0.17665375656878343 121
1627567682544 0.1764821407153337 122
1627567682625 0.17633556484094678 123
1627567682700 0.17618250002974017 124
1627567682777 0.17602250527524257 125
1627567682855 0.17587486338485966 126
1627567682940 0.17572506562755427 127
1627567683022 0.1755681979186078 128
1627567683104 0.1753538891617134 129
1627567683204 0.17507759757783298 130
1627567683270 0.17494809710963102 131
1627567683359 0.17478645684443378 132
1627567683436 0.1746256061049883 133
1627567683520 0.17438143439216164 134
1627567683599 0.17420440527973677 135
1627567683687 0.17404070097892194 136
1627567683793 0.1737758586256539 137
1627567683874 0.17362126190296487 138
1627567683950 0.1734708790970945 139
1627567684032 0.17328678041595708 140
1627567684118 0.17306114172982764 141
1627567684183 0.17292278903459282 142
1627567684246 0.1727785341896796 143
1627567684323 0.1726307577798119 144
1627567684406 0.17247870925613698 145
1627567684488 0.17234119557049765 146
1627567684563 0.1722138306154338 147
1627567684645 0.17207578216485922 148
1627567684723 0.17192640732048822 149
1627567684796 0.17179130110712523 150
1627567684848 0.17166193761831167 151
1627567684938 0.1714505138971448 152
1627567685009 0.17130961336482478 153
1627567685096 0.17109328981607827 154
1627567685169 0.1709428112959631 155
1627567685270 0.1706571979056609 156
1627567685349 0.17053157495957144 157
1627567685437 0.17035652579648586 158
1627567685533 0.17016681352899266 159
1627567685625 0.1700442640980137 160
1627567685687 0.1699327203033146 161
1627567685763 0.16980216413392438 162
1627567685846 0.16968270562678212 163
1627567685941 0.16943768434386783 164
1627567686006 0.1693133652024162 165
1627567686071 0.1691834430593563 166
1627567686152 0.16905744824605748 167
1627567686236 0.16893124268887566 168
1627567686297 0.16881943609268218 169
1627567686361 0.16870060452858715 170
1627567686430 0.16857298691127093 171
1627567686524 0.16837966127628182 172
1627567686604 0.16824802516275603 173
1627567686689 0.16811362086459175 174
1627567686762 0.16798762029089262 175
1627567686852 0.1678634297097785 176
1627567686938 0.1677029174948846 177
1627567687005 0.16758703459170413 178
1627567687090 0.16745122748144695 179
1627567687162 0.1673193499804834 180
1627567687236 0.16718988679753796 181
1627567687313 0.16708117329747155 182
1627567687374 0.16698002333460416 183
1627567687426 0.1668797905704479 184
1627567687487 0.16678458820013894 185
1627567687561 0.16667288738799552 186
1627567687638 0.16657114450405894 187
1627567687723 0.16644974225333936 188
1627567687794 0.16632328820043876 189
1627567687867 0.16621429439089225 190
1627567687920 0.16612161619223745 191
1627567687991 0.16601399551201304 192
1627567688079 0.1658552693313777 193
1627567688140 0.16575559110414861 194
1627567688215 0.16564765867372613 195
1627567688321 0.16553142401585433 196
1627567688412 0.16535630476517976 197
1627567688489 0.1652455379086409 198
1627567688565 0.16514285626620612 199
1627567688642 0.16503419039050338 200
1627567688729 0.16492123682413257 201
1627567688785 0.16481702474599236 202
1627567688866 0.16465020866415672 203
1627567688955 0.16443676451267364 204
1627567689025 0.16432339059746376 205
1627567689106 0.16418350809650328 206
1627567689184 0.16404747788374804 207
1627567689260 0.16393201845221875 208
1627567689315 0.1638166945249929 209
1627567689382 0.16370912600543477 210
1627567689440 0.16362427012700428 211
1627567689496 0.16353568705318167 212
1627567689569 0.16343866321078535 213
1627567689637 0.16333684165366943 214
1627567689715 0.16322637679045077 215
1627567689796 0.16311561781206207 216
1627567689859 0.1630106586409974 217
1627567689927 0.16290077311480822 218
1627567690018 0.16274077314148194 219
1627567690083 0.1626367599463476 220
1627567690163 0.1625383450113388 221
1627567690232 0.16243245494733088 222
1627567690327 0.16233234112981754 223
1627567690403 0.16222570303755787 224
1627567690476 0.16212168577231598 225
1627567690553 0.16200181042077144 226
1627567690610 0.16190527499111443 227
1627567690674 0.16181140729774887 228
1627567690736 0.16171519759174965 229
1627567690799 0.1616176330596746 230
1627567690890 0.16151521956988896 231
1627567690982 0.1614329941166505 232
1627567691049 0.1613448685271043 233
1627567691132 0.16125004909122748 234
1627567691215 0.16115607385720931 235
1627567691307 0.16105467096472936 236
1627567691374 0.1609662794598562 237
1627567691453 0.16086563345397037 238
1627567691531 0.16077173396287903 239
1627567691645 0.16068471069764184 240
1627567691741 0.1605791122630502 241
1627567691825 0.16048164070446858 242
1627567691905 0.16037823372039292 243
1627567691967 0.1602834363532413 244
1627567692034 0.16017927443183644 245
1627567692093 0.1600907446557459 246
1627567692154 0.1599982510966216 247
1627567692222 0.15990443326525813 248
1627567692291 0.15980898160764656 249
1627567692362 0.15972038627802618 250
1627567692459 0.15961661628661292 251
1627567692524 0.15952328578308264 252
1627567692613 0.15938923649065118 253
1627567692678 0.1592987472501859 254
1627567692749 0.15919291911982986 255
1627567692829 0.15910739083814857 256
1627567692886 0.15903054667209107 257
1627567692940 0.15894549030134325 258
1627567693008 0.1588525773462777 259
1627567693090 0.15872815055123962 260
1627567693148 0.15862721123532392 261
1627567693219 0.15854181515497046 262
1627567693283 0.15845205900548634 263
1627567693373 0.1583562718838092 264
1627567693490 0.1582445344516317 265
1627567693563 0.15816233226300064 266
1627567693633 0.15807418296893666 267
1627567693721 0.1579474243274029 268
1627567693782 0.1578565337011507 269
1627567693842 0.16274077314148194 270
1627567697972 0.5070154220591587 0
1627567698116 0.4678676803881294 1
1627567698247 0.433270313899897 2
1627567698374 0.4028929780851448 3
1627567698508 0.3761844108168857 4
1627567698630 0.352916262380549 5
1627567698758 0.3327767790419627 6
1627567698879 0.3153519323377475 7
1627567699007 0.30042189831585236 8
1627567699134 0.2875433420166451 9
1627567699246 0.2763645978085727 10
1627567699398 0.26682280230051647 11
1627567699529 0.25870010408345223 12
1627567699692 0.25179395343614097 13
1627567699805 0.24585635820877624 14
1627567699913 0.24084474552484975 15
1627567700020 0.2365632859591215 16
1627567700138 0.23302390327085154 17
1627567700251 0.2299953578674571 18
1627567700352 0.22721218997634107 19
1627567700457 0.22480399266214676 20
1627567700558 0.2228620782132402 21
1627567700670 0.22118945293986564 22
1627567700777 0.21954156917581832 23
1627567700885 0.2181642447821238 24
1627567700985 0.21698006766619424 25
1627567701082 0.21580936215729266 26
1627567701215 0.21481519286816528 27
1627567701372 0.21379163128848824 28
1627567701529 0.21291031398745836 29
1627567701677 0.21199606137292246 30
1627567701822 0.2112337567906053 31
1627567701938 0.2102356312815992 32
1627567702045 0.20936416729596977 33
1627567702150 0.2086601831346497 34
1627567702250 0.20783351355134305 35
1627567702345 0.20676009399881745 36
1627567702440 0.2060036213948672 37
1627567702538 0.20532043122447666 38
1627567702637 0.20435303397269497 39
1627567702728 0.203873459887402 40
1627567702820 0.20323775071621356 41
1627567702919 0.20269508578026627 42
1627567703057 0.20203726674992922 43
1627567703165 0.20156093231072506 44
1627567703270 0.20119161331068813 45
1627567703374 0.20021651392122372 46
1627567703525 0.19957170583466202 47
1627567703632 0.1988021124036867 48
1627567703752 0.19834183649836823 49
1627567703867 0.19767281431405304 50
1627567703953 0.1971508920399469 51
1627567704044 0.19686645315588835 52
1627567704148 0.1961130511494818 53
1627567704232 0.19581689898044344 54
1627567704318 0.19552646838706794 55
1627567704422 0.1952323206125605 56
1627567704524 0.19455380109213125 57
1627567704611 0.1942805521060211 58
1627567704726 0.19352946029318918 59
1627567704818 0.19324307065430374 60
1627567704922 0.1925027069283326 61
1627567705034 0.19218729454357839 62
1627567705115 0.1919057383064799 63
1627567705200 0.1916523841067315 64
1627567705288 0.19139736822394077 65
1627567705373 0.19108450847302022 66
1627567705454 0.19083428087134832 67
1627567705558 0.19019532648487225 68
1627567705652 0.18979320709028677 69
1627567705747 0.18952213697582834 70
1627567705833 0.18929049222096342 71
1627567705934 0.18873730983017034 72
1627567706015 0.18845932576091107 73
1627567706114 0.18793176269180187 74
1627567706210 0.18767894234006818 75
1627567706295 0.18744954950829948 76
1627567706378 0.18720974668676868 77
1627567706469 0.18699842058986132 78
1627567706586 0.18652453341719077 79
1627567706681 0.18604098143521075 80
1627567706810 0.18564513622041035 81
1627567706896 0.18542349998989363 82
1627567706972 0.1852063066721462 83
1627567707055 0.18499069229057133 84
1627567707147 0.1847263308597238 85
1627567707252 0.18432320772123628 86
1627567707342 0.1841041903803393 87
1627567707463 0.1838910611400807 88
1627567707547 0.18368115894910458 89
1627567707641 0.18347017278897595 90
1627567707721 0.18326273373102725 91
1627567707820 0.18290050306320058 92
1627567707936 0.18269000141689212 93
1627567708023 0.18248165035560934 94
1627567708142 0.18226193377568747 95
1627567708250 0.18186307109961417 96
1627567708357 0.18168079924398958 97
1627567708439 0.18148494757550726 98
1627567708530 0.18115098836852947 99
1627567708620 0.180967791280661 100
1627567708707 0.18076105799562295 101
1627567708796 0.1804383545892402 102
1627567708865 0.18026314681576905 103
1627567708945 0.18007339368176736 104
1627567709024 0.1799013467288959 105
1627567709118 0.17958020967749436 106
1627567709204 0.17940927560063705 107
1627567709287 0.17922926165627776 108
1627567709436 0.17888252270937188 109
1627567709522 0.17866828794133352 110
1627567709613 0.17848528734408484 111
1627567709704 0.17831959465025077 112
1627567709767 0.17815688648168854 113
1627567709849 0.1779800299654012 114
1627567709951 0.1778098314387577 115
1627567710062 0.17764007168541185 116
1627567710192 0.17747758621284662 117
1627567710289 0.17728691958112608 118
1627567710372 0.17706211778458683 119
1627567710459 0.17680224131258165 120
1627567710534 0.1766145232914919 121
1627567710637 0.176333655914766 122
1627567710743 0.1761869955362665 123
1627567710824 0.1760325569633407 124
1627567710906 0.1758783384861672 125
1627567711024 0.17572717420805634 126
1627567711106 0.17553429046369243 127
1627567711222 0.17537092635425844 128
1627567711367 0.17513825597799348 129
1627567711451 0.17498430935872994 130
1627567711526 0.17485545352277854 131
1627567711617 0.17462580375850612 132
1627567711705 0.17446218440485226 133
1627567711779 0.1743134408791002 134
1627567711865 0.17414680498898844 135
1627567711958 0.1739932734474706 136
1627567712017 0.17385679322913458 137
1627567712085 0.1737217965610956 138
1627567712183 0.17356465438503216 139
1627567712288 0.17341946961554663 140
1627567712374 0.17327001353503682 141
1627567712435 0.17313267772522206 142
1627567712505 0.17298018319007744 143
1627567712579 0.17283541859632298 144
1627567712645 0.17269308066071817 145
1627567712725 0.17253930289430566 146
1627567712795 0.1723944129497851 147
1627567712888 0.17217845639050422 148
1627567712960 0.17205206575356166 149
1627567713077 0.1718475586835206 150
1627567713136 0.17171228916729453 151
1627567713245 0.17155430585386405 152
1627567713324 0.17136389818612252 153
1627567713410 0.17122738846379024 154
1627567713511 0.17105119795647195 155
1627567713594 0.17091352590480643 156
1627567713696 0.17064917752176392 157
1627567713784 0.17052302101262645 158
1627567713846 0.17040834146838546 159
1627567713923 0.17028429200605774 160
1627567714015 0.17008381370915787 161
1627567714097 0.16992645287428396 162
1627567714165 0.16981582913578386 163
1627567714242 0.1696943427430064 164
1627567714313 0.16956761614547358 165
1627567714389 0.16943424902387716 166
1627567714454 0.16931884618218804 167
1627567714528 0.16920559458130766 168
1627567714587 0.16909860555621115 169
1627567714655 0.16896132867563568 170
1627567714733 0.16882812651441864 171
1627567714794 0.16871734469757305 172
1627567714859 0.1685890808712046 173
1627567714923 0.16847705806383786 174
1627567714996 0.16836578448424322 175
1627567715076 0.16819262093845022 176
1627567715128 0.16807542717427737 177
1627567715188 0.167958176308138 178
1627567715250 0.16782697355258366 179
1627567715323 0.16769146709676255 180
1627567715403 0.1675425510451819 181
1627567715485 0.16739700344552483 182
1627567715556 0.16729227037628355 183
1627567715650 0.16716797512749562 184
1627567715712 0.16706563631839447 185
1627567715817 0.1668483957000094 186
1627567715911 0.16673931405842773 187
1627567715992 0.16662710752807416 188
1627567716055 0.16651053727013582 189
1627567716146 0.1663888004592911 190
1627567716222 0.16628440079609638 191
1627567716341 0.1661355820189129 192
1627567716494 0.16591313346015532 193
1627567716555 0.1657995586635141 194
1627567716629 0.16565362226089372 195
1627567716690 0.16555256935999638 196
1627567716748 0.1654566611839494 197
1627567716809 0.16534124841125963 198
1627567716883 0.16524060567708926 199
1627567716999 0.16502679423616665 200
1627567717076 0.1649060113769411 201
1627567717167 0.16469845504983802 202
1627567717242 0.16459813411977886 203
1627567717342 0.16448719243391607 204
1627567717459 0.16430135843554558 205
1627567717566 0.1641903435672701 206
1627567717644 0.16408762860686368 207
1627567717717 0.1639820761522971 208
1627567717787 0.1638710032777537 209
1627567717847 0.16375987162523034 210
1627567717915 0.16364913725019448 211
1627567717985 0.16352860189882587 212
1627567718058 0.16341104911598361 213
1627567718132 0.16329360189215097 214
1627567718209 0.1631823876665657 215
1627567718305 0.16298924696411266 216
1627567718365 0.16288623227767632 217
1627567718440 0.16277214629252806 218
1627567718506 0.1626615514385727 219
1627567718598 0.16253792530981112 220
1627567718667 0.1624372291285801 221
1627567718737 0.16233181661194343 222
1627567718811 0.16222644152362975 223
1627567718874 0.1621190966251066 224
1627567718930 0.1620286144104139 225
1627567719002 0.1619298286975291 226
1627567719067 0.16183533879106 227
1627567719169 0.1617390023600455 228
1627567719272 0.16164090975662024 229
1627567719371 0.1615424225540455 230
1627567719453 0.16143389116172333 231
1627567719542 0.16124939195588817 232
1627567719618 0.16116170651341272 233
1627567719676 0.16107278928711416 234
1627567719757 0.16092436811156569 235
1627567719840 0.1607658568433625 236
1627567719925 0.16060552164211733 237
1627567720010 0.16044538276608236 238
1627567720076 0.16035000877628883 239
1627567720152 0.16026158812554167 240
1627567720221 0.16015457893396062 241
1627567720280 0.160057236745422 242
1627567720350 0.15995669241081664 243
1627567720419 0.15985929725464113 244
1627567720480 0.1597738551995096 245
1627567720556 0.15966661551331893 246
1627567720617 0.1595753901614893 247
1627567720710 0.15948309794031898 248
1627567720792 0.15938140293625744 249
1627567720878 0.15929058492703163 250
1627567720980 0.15916042842137948 251
1627567721043 0.15905419242000088 252
1627567721122 0.15895305905102527 253
1627567721177 0.15886112135482122 254
1627567721236 0.15876893220639143 255
1627567721296 0.15868070052080216 256
1627567721363 0.15859292625786406 257
1627567721438 0.1584760457095658 258
1627567721502 0.1583940448368689 259
1627567721556 0.15830427083800347 260
1627567721615 0.15821827736802152 261
1627567721677 0.15813039480395866 262
1627567721745 0.15803384743697133 263
1627567721813 0.15793698281163812 264
1627567721876 0.15784758006469185 265
1627567721933 0.15777858719426358 266
1627567722000 0.1576868293865247 267
1627567722058 0.1575872156961117 268
1627567722132 0.15748421846413185 269
1627567722201 0.15739408796172732 270
1627567722285 0.15730311456104706 271
1627567722364 0.15722068169332806 272
1627567722424 0.15714414383384845 273
1627567722488 0.15707341697584695 274
1627567722597 0.1569878878283385 275
1627567722685 0.15690834595499042 276
1627567722744 0.15682147553180914 277
1627567722797 0.15674890151964285 278
1627567722877 0.15664106315194443 279
1627567722938 0.15655104271735296 280
1627567722998 0.15646894464212416 281
1627567723046 0.15638489165958602 282
1627567723119 0.15629032876803384 283
1627567723202 0.15619507016133732 284
1627567723286 0.1561153841190057 285
1627567723383 0.15602510958277538 286
1627567723472 0.15593850083543842 287
1627567723532 0.1558688434124129 288
1627567723600 0.16044538276608236 289
1627567727592 0.5097990853341587 0
1627567727734 0.4703827513192133 1
1627567727856 0.43552391486192393 2
1627567727975 0.40497547750794455 3
1627567728102 0.378025694295771 4
1627567728225 0.35458655337581096 5
1627567728353 0.33426662421367065 6
1627567728535 0.3166783323612666 7
1627567728661 0.30160076249872736 8
1627567728808 0.28859290807069565 9
1627567728952 0.2773221066227796 10
1627567729092 0.26774054925526203 11
1627567729222 0.25955541682678474 12
1627567729341 0.25259216119164396 13
1627567729451 0.2465463335661555 14
1627567729561 0.24150314087075503 15
1627567729671 0.23721333411865886 16
1627567729780 0.23366392568712965 17
1627567729891 0.23060303573879284 18
1627567729997 0.22780021073511084 19
1627567730100 0.22546697154433062 20
1627567730209 0.22344195866987926 21
1627567730320 0.2217179211231673 22
1627567730417 0.22021047077469857 23
1627567730524 0.2185425813282177 24
1627567730642 0.2173367823907176 25
1627567730758 0.2161338922585126 26
1627567730880 0.21515726111049552 27
1627567730981 0.21408104763483643 28
1627567731080 0.21310539059873335 29
1627567731200 0.21206380419132398 30
1627567731317 0.2112915733000048 31
1627567731415 0.21047839144650732 32
1627567731504 0.20959000656982005 33
1627567731599 0.20897561258793249 34
1627567731695 0.20827664362072054 35
1627567731793 0.2073370030817986 36
1627567731933 0.20630926461111554 37
1627567732074 0.20584918386499304 38
1627567732207 0.20527103938910465 39
1627567732321 0.2048534044703625 40
1627567732436 0.2042053843899501 41
1627567732535 0.20327964464240267 42
1627567732662 0.20286380110428293 43
1627567732759 0.20232516560230784 44
1627567732869 0.2019915625303482 45
1627567733029 0.2010258910394226 46
1627567733172 0.20013654692695798 47
1627567733308 0.19969044051281962 48
1627567733402 0.19936288068822539 49
1627567733511 0.19868378638280268 50
1627567733622 0.19836091572025444 51
1627567733746 0.19798184367371993 52
1627567733866 0.19703392532021863 53
1627567733964 0.19629598110357285 54
1627567734066 0.1957738769432241 55
1627567734158 0.19538757918550792 56
1627567734242 0.19506209743451913 57
1627567734330 0.194777105596713 58
1627567734438 0.19441434680604033 59
1627567734549 0.1941365794082342 60
1627567734692 0.19344687048936549 61
1627567734832 0.19308418615681755 62
1627567734928 0.19281393418924167 63
1627567735023 0.19226529771483505 64
1627567735154 0.19162759395231257 65
1627567735243 0.19135118926588024 66
1627567735358 0.19086661301493194 67
1627567735454 0.19055907138288633 68
1627567735570 0.1900707835792977 69
1627567735656 0.18979414932095445 70
1627567735753 0.18937538292792006 71
1627567735844 0.1891127542038653 72
1627567735928 0.1888682235275912 73
1627567736016 0.1885880253056455 74
1627567736109 0.18826803858702315 75
1627567736233 0.1876961134477846 76
1627567736315 0.18745761897322094 77
1627567736438 0.18696399239423203 78
1627567736519 0.18674611914334488 79
1627567736607 0.1865096234846657 80
1627567736698 0.18603781231545444 81
1627567736795 0.18565830016068566 82
1627567736872 0.1854566464727124 83
1627567736952 0.1852427715562217 84
1627567737044 0.18499850184536507 85
1627567737124 0.1848032986261224 86
1627567737213 0.18457124513837536 87
1627567737302 0.18434186563158303 88
1627567737382 0.18413095467155177 89
1627567737461 0.18390997135269058 90
1627567737541 0.1837256882973671 91
1627567737640 0.1835357056825662 92
1627567737741 0.18309510623998146 93
1627567737826 0.1828828383122414 94
1627567737918 0.18250108633881898 95
1627567738028 0.18211426045475362 96
1627567738112 0.18186027497662155 97
1627567738205 0.18148954508092627 98
1627567738299 0.1812947564021826 99
1627567738406 0.18110227144226398 100
1627567738498 0.18082523251793414 101
1627567738572 0.18064561277068314 102
1627567738650 0.18043040716677924 103
1627567738727 0.18024426853746944 104
1627567738812 0.1800163158770597 105
1627567738900 0.1797712024892088 106
1627567738985 0.17954071543419972 107
1627567739069 0.17935762786468726 108
1627567739150 0.17919998848894544 109
1627567739231 0.1789884717979142 110
1627567739329 0.17870375313574785 111
1627567739410 0.1785401045962691 112
1627567739489 0.17836933668467272 113
1627567739581 0.17817865268833577 114
1627567739695 0.17791996599489374 115
1627567739769 0.17774825577297904 116
1627567739864 0.17758865056065698 117
1627567739928 0.1774176942464624 118
1627567740012 0.17726408816146078 119
1627567740098 0.17709768727554567 120
1627567740170 0.1769372645878548 121
1627567740243 0.17676983900312915 122
1627567740333 0.17652184163875204 123
1627567740406 0.176362502009248 124
1627567740492 0.17619220360644672 125
1627567740597 0.17586299881564776 126
1627567740671 0.17572320356139312 127
1627567740758 0.175483268076525 128
1627567740842 0.17531880188073673 129
1627567740919 0.17515915130974125 130
1627567741001 0.17500947848258336 131
1627567741090 0.17477483570712768 132
1627567741163 0.1746006486344112 133
1627567741249 0.17445182024377637 134
1627567741315 0.17432360025721225 135
1627567741395 0.1741564649090733 136
1627567741476 0.17400701534281607 137
1627567741555 0.17385882909844333 138
1627567741638 0.17371653155142527 139
1627567741695 0.17358587492194305 140
1627567741814 0.17331155346118943 141
1627567741895 0.17317932903182012 142
1627567741984 0.17298436175656987 143
1627567742061 0.17283739602451687 144
1627567742158 0.17269292166875339 145
1627567742258 0.17255650089565291 146
1627567742338 0.17241708181219836 147
1627567742410 0.1722669780601809 148
1627567742476 0.172140126373904 149
1627567742549 0.17200278760066787 150
1627567742659 0.17184184552107096 151
1627567742775 0.17167961384935057 152
1627567742869 0.17145232161198984 153
1627567742954 0.17132972916643546 154
1627567743038 0.17119026363170664 155
1627567743118 0.17105841843957809 156
1627567743185 0.17091948612452945 157
1627567743257 0.17079065379057895 158
1627567743344 0.17060640818748946 159
1627567743404 0.17048657636849618 160
1627567743480 0.17034962891675853 161
1627567743557 0.1702031625018972 162
1627567743630 0.17005887913310067 163
1627567743710 0.16992775260698037 164
1627567743777 0.16980523468862832 165
1627567743851 0.16967531742653058 166
1627567743919 0.16956673760791377 167
1627567744009 0.16933290758539993 168
1627567744083 0.16920907197643886 169
1627567744155 0.1690828422640604 170
1627567744225 0.16895503761537936 171
1627567744330 0.1688334485759526 172
1627567744418 0.1687203210636559 173
1627567744531 0.16859169726426523 174
1627567744618 0.16848538500696028 175
1627567744688 0.16838123355121673 176
1627567744777 0.16827303674529873 177
1627567744883 0.16811024486066947 178
1627567744961 0.16799313432063492 179
1627567745058 0.16788078145878332 180
1627567745128 0.16776316930762977 181
1627567745204 0.16761988392122654 182
1627567745272 0.16750464645801313 183
1627567745346 0.16734788179840906 184
1627567745403 0.16723866993594966 185
1627567745466 0.16710640177035366 186
1627567745525 0.16700689989426207 187
1627567745610 0.1668179862102265 188
1627567745689 0.16665090401729798 189
1627567745760 0.16653713187245803 190
1627567745826 0.16641241055518935 191
1627567745896 0.16629004677604123 192
1627567745959 0.16617310369759708 193
1627567746030 0.16605151261022785 194
1627567746109 0.1659353227978905 195
1627567746185 0.1658220854559474 196
1627567746289 0.16571246835681927 197
1627567746345 0.16562462378830517 198
1627567746418 0.16549864267321504 199
1627567746500 0.16538220038775153 200
1627567746571 0.16524514692622636 201
1627567746626 0.16515508465904857 202
1627567746680 0.16504869295375157 203
1627567746812 0.16482269844239839 204
1627567746894 0.16471276914578703 205
1627567746973 0.1646028994209223 206
1627567747046 0.1645072921937532 207
1627567747126 0.16435808758556802 208
1627567747205 0.16424203800935455 209
1627567747263 0.1641305687342648 210
1627567747367 0.16397292672155359 211
1627567747424 0.16386731990830491 212
1627567747502 0.1637342877527954 213
1627567747580 0.16362346997844052 214
1627567747657 0.1635081689957927 215
1627567747728 0.16341250634254256 216
1627567747807 0.1633123025460533 217
1627567747867 0.16319559406162581 218
1627567747940 0.16308758511737154 219
1627567748056 0.1629229974164782 220
1627567748137 0.16279664968082772 221
1627567748197 0.16270201964284917 222
1627567748274 0.1625901166070903 223
1627567748362 0.16240914625320624 224
1627567748434 0.16230545307705516 225
1627567748489 0.162207491931483 226
1627567748555 0.16209023111191392 227
1627567748623 0.16198496702908569 228
1627567748703 0.1618773005979323 229
1627567748774 0.16178532607206517 230
1627567748842 0.16167736934233465 231
1627567748945 0.16150477891821716 232
1627567749028 0.16140721084485962 233
1627567749088 0.16132073628344018 234
1627567749157 0.16121622544785985 235
1627567749233 0.16112473469567462 236
1627567749322 0.1610399668881305 237
1627567749439 0.1609485147917359 238
1627567749507 0.16085248496641213 239
1627567749603 0.16076478233156274 240
1627567749684 0.1606637744259566 241
1627567749764 0.16056956680671666 242
1627567749840 0.16047326626651212 243
1627567749906 0.16037380926768327 244
1627567749987 0.160281894389442 245
1627567750087 0.1601748700617112 246
1627567750192 0.1600567499852268 247
1627567750271 0.15994295414197274 248
1627567750345 0.15982967913337437 249
1627567750425 0.15974644282417358 250
1627567750488 0.15965027248362784 251
1627567750548 0.15954944343856134 252
1627567750608 0.1594498773127434 253
1627567750676 0.1593487933583967 254
1627567750739 0.1592534109398684 255
1627567750798 0.15916652141193804 256
1627567750879 0.1590665929048066 257
1627567750963 0.1589788574072592 258
1627567751027 0.15888425126479414 259
1627567751095 0.15877877594612547 260
1627567751192 0.15867653688130112 261
1627567751319 0.15853108179911216 262
1627567751383 0.15843673636247138 263
1627567751447 0.15834054454247262 264
1627567751516 0.15824117379469713 265
1627567751586 0.15815425868944297 266
1627567751646 0.15806751033276084 267
1627567751706 0.1579778669029685 268
1627567751762 0.15787926977405314 269
1627567751816 0.15779244633661885 270
1627567751874 0.15772178518876406 271
1627567751933 0.15763506545447536 272
1627567752004 0.1575504613116344 273
1627567752073 0.15743162897836394 274
1627567752143 0.1573444603909562 275
1627567752229 0.1572465162516524 276
1627567752303 0.15714695761756506 277
1627567752388 0.15707077199226865 278
1627567752459 0.1569749578652863 279
1627567752512 0.15688650892780653 280
1627567752627 0.15679281353443092 281
1627567752735 0.1566996292454848 282
1627567752811 0.15661114562777273 283
1627567752893 0.15649286123346323 284
1627567752948 0.15640516999458737 285
1627567753065 0.15628150694487306 286
1627567753127 0.1561985453870117 287
1627567753184 0.15612120997114182 288
1627567753253 0.15604066872490263 289
1627567753341 0.1559580117130891 290
1627567753414 0.15585530520885063 291
1627567753492 0.15577243801037693 292
1627567753556 0.15568095118568717 293
1627567753614 0.15559307392324864 294
1627567753679 0.15550038140049838 295
1627567753745 0.1554083864470755 296
1627567753816 0.15531924161400512 297
1627567753895 0.15520818976332204 298
1627567753983 0.15512663778759475 299
1627567754090 0.15504776261417422 300
1627567754187 0.1549636193292665 301
1627567754284 0.1548817879326623 302
1627567754371 0.15480985594448324 303
1627567754426 0.15473101532048067 304
1627567754495 0.15464999892376205 305
1627567754552 0.15456189913044455 306
1627567754607 0.15448365939113967 307
1627567754685 0.154398008100404 308
1627567754765 0.15428379490240168 309
1627567754825 0.15420163550366203 310
1627567754904 0.1541155887816314 311
1627567754960 0.15402976905632432 312
1627567755034 0.15394161999606348 313
1627567755090 0.15385752659782576 314
1627567755151 0.15377786799859144 315
1627567755219 0.1536792649203366 316
1627567755285 0.15358788322010566 317
1627567755345 0.15351071665822405 318
1627567755405 0.15344273667918276 319
1627567755479 0.15335619673203219 320
1627567755531 0.1532765659271115 321
1627567755613 0.15318627328061266 322
1627567755705 0.15310645337371098 323
1627567755784 0.15302727914883013 324
1627567755880 0.15287372425176307 325
1627567755969 0.15280819876724716 326
1627567756065 0.15272953093471914 327
1627567756146 0.1526527829300996 328
1627567756241 0.15257966719565905 329
1627567756339 0.15250312466140303 330
1627567756398 0.15241957918233473 331
1627567756473 0.15234271451288234 332
1627567756534 0.1522668369315467 333
1627567756605 0.1521846936629887 334
1627567756691 0.15211521091274108 335
1627567756797 0.15202242169124033 336
1627567756862 0.1519415453154558 337
1627567756941 0.151852475557949 338
1627567757028 0.1517818054602517 339
1627567757114 0.15170307347245068 340
1627567757192 0.1516279213595007 341
1627567757281 0.15156898820929962 342
1627567757367 0.15149690207349267 343
1627567757442 0.1514152020077346 344
1627567757509 0.15133035021265867 345
1627567757575 0.15124259282813704 346
1627567757632 0.15117446232397055 347
1627567757688 0.15110234681049156 348
1627567757741 0.15102641716506102 349
1627567757822 0.15092900463222766 350
1627567757881 0.15084673834129012 351
1627567757945 0.15076900115104067 352
1627567758002 0.15069801647989228 353
1627567758060 0.15062562044210084 354
1627567758149 0.15055479472723643 355
1627567758221 0.15047328626017803 356
1627567758296 0.15040393106117644 357
1627567758391 0.15032974416456096 358
1627567758452 0.15026093199480195 359
1627567758515 0.15019374354254514 360
1627567758601 0.15012677665078536 361
1627567758709 0.15004329756359086 362
1627567758763 0.1499685352073562 363
1627567758833 0.14989048003542535 364
1627567758910 0.14983542654032037 365
1627567759010 0.14975645514200642 366
1627567759098 0.14969509817492052 367
1627567759150 0.14962956067659908 368
1627567759230 0.1495600313831935 369
1627567759316 0.1494832660650232 370
1627567759395 0.14940588572756905 371
1627567759500 0.14927620806650094 372
1627567759555 0.1492112905400321 373
1627567759619 0.149140299216778 374
1627567759675 0.1490603834592684 375
1627567759767 0.15287372425176307 376
