1627564035110 0.5089329647447294 0
1627564035289 0.4695481584848689 1
1627564035433 0.4346956230614403 2
1627564035553 0.4040894078593149 3
1627564035675 0.37716171019158323 4
1627564035800 0.35378335745881234 5
1627564035924 0.3335184825012173 6
1627564036042 0.31602064759483206 7
1627564036193 0.3009710476081245 8
1627564036319 0.2879381352213799 9
1627564036436 0.276653284114621 10
1627564036562 0.2670511342026431 11
1627564036703 0.2588008025690336 12
1627564036832 0.2518222726671292 13
1627564036962 0.24578534257531892 14
1627564037071 0.2408022585109545 15
1627564037185 0.23644270813416676 16
1627564037299 0.23285839306044828 17
1627564037410 0.2298062654625444 18
1627564037546 0.2269867086993871 19
1627564037644 0.22457609633930428 20
1627564037742 0.22252478297953304 21
1627564037891 0.22079860517621647 22
1627564038002 0.21909377744449263 23
1627564038102 0.21756890043013752 24
1627564038200 0.21633301013142292 25
1627564038296 0.2152316012987784 26
1627564038394 0.21424722405842117 27
1627564038493 0.21327531247954978 28
1627564038585 0.21221526216912545 29
1627564038681 0.21132633329280298 30
1627564038794 0.21045971484604006 31
1627564038879 0.20966982114402113 32
1627564038977 0.2089086475371728 33
1627564039069 0.20826494807555146 34
1627564039189 0.20751923478701112 35
1627564039276 0.2065499468603838 36
1627564039398 0.20578175262764445 37
1627564039495 0.2052585654146469 38
1627564039601 0.20429252308432033 39
1627564039684 0.20386287996851124 40
1627564039774 0.2029806841340217 41
1627564039860 0.20237152610241413 42
1627564039951 0.20182913618662013 43
1627564040050 0.2012597858681548 44
1627564040136 0.20082594719563818 45
1627564040243 0.20017009997711127 46
1627564040380 0.19910126705853953 47
1627564040469 0.19878807863234327 48
1627564040600 0.19820039799547579 49
1627564040714 0.19772697516493098 50
1627564040801 0.19740630713212878 51
1627564040894 0.19706879143056785 52
1627564040990 0.19625924365016256 53
1627564041079 0.1956888603677385 54
1627564041165 0.19536437274051624 55
1627564041256 0.1950238811318536 56
1627564041344 0.19468455304186222 57
1627564041449 0.19394829986656367 58
1627564041542 0.1936450305861503 59
1627564041624 0.19335208478504703 60
1627564041719 0.19260707453928178 61
1627564041815 0.1923428144444753 62
1627564041893 0.19208887774105946 63
1627564041991 0.19149962797654072 64
1627564042088 0.1908466670243317 65
1627564042188 0.19051045443707645 66
1627564042320 0.18998072188120785 67
1627564042433 0.18935452701727007 68
1627564042530 0.18905073373423184 69
1627564042646 0.1887953132666118 70
1627564042740 0.1883942595747991 71
1627564042813 0.18815719711855564 72
1627564042904 0.18792015221082997 73
1627564042991 0.18765510920783998 74
1627564043079 0.1871855029003937 75
1627564043167 0.18692036969294026 76
1627564043244 0.18668129752048188 77
1627564043320 0.18646612768963208 78
1627564043408 0.18622751163936413 79
1627564043506 0.18595840453807108 80
1627564043600 0.18573970520830455 81
1627564043706 0.18534628952382917 82
1627564043813 0.1851472620413054 83
1627564043888 0.1849370204436659 84
1627564044003 0.1847038535670273 85
1627564044096 0.1844787625471521 86
1627564044182 0.18427949270236815 87
1627564044273 0.1839563429310259 88
1627564044362 0.18373436765719858 89
1627564044451 0.1833914026425888 90
1627564044539 0.18306493114548572 91
1627564044616 0.18286247849265524 92
1627564044710 0.18241844270800178 93
1627564044792 0.1822035975483443 94
1627564044879 0.1819599120930253 95
1627564044962 0.18174744463491593 96
1627564045040 0.18156979543321694 97
1627564045137 0.18138395062515253 98
1627564045234 0.18093804665853694 99
1627564045358 0.18053945704533828 100
1627564045455 0.18035462655072623 101
1627564045545 0.18003133845718255 102
1627564045656 0.17964394627651267 103
1627564045738 0.17945650388680218 104
1627564045848 0.17910101172224385 105
1627564045954 0.1789157857398264 106
1627564046041 0.17873971620394524 107
1627564046129 0.17854663233843987 108
1627564046220 0.17825113067477824 109
1627564046300 0.17801547072197324 110
1627564046389 0.1778294943355235 111
1627564046508 0.17767545143361288 112
1627564046599 0.17750632305934444 113
1627564046676 0.17734844036040293 114
1627564046764 0.17708983728880762 115
1627564046884 0.1769108928467759 116
1627564047022 0.17671030570189933 117
1627564047138 0.17652538855385239 118
1627564047233 0.17627294618952918 119
1627564047323 0.17610705556866924 120
1627564047393 0.17594474889966166 121
1627564047478 0.17577172740537628 122
1627564047623 0.1756088258063713 123
1627564047713 0.17547572742582362 124
1627564047805 0.17532002678672745 125
1627564047897 0.17509705618056692 126
1627564047994 0.17485069989922755 127
1627564048099 0.1746945863080403 128
1627564048168 0.17454267766208081 129
1627564048247 0.17438877053524582 130
1627564048341 0.17407859514858548 131
1627564048424 0.17385452884263106 132
1627564048501 0.17369372763518096 133
1627564048575 0.17355066460533597 134
1627564048643 0.17340286099928062 135
1627564048725 0.17321505415608723 136
1627564048807 0.17305257868143567 137
1627564048867 0.17291748462230258 138
1627564048939 0.17276839025677038 139
1627564049016 0.1726166122543213 140
1627564049091 0.17249060659695875 141
1627564049186 0.17227976813566206 142
1627564049260 0.17213237730150885 143
1627564049340 0.17197836520377388 144
1627564049419 0.1718311369494043 145
1627564049546 0.17154986122543894 146
1627564049623 0.17138413065687522 147
1627564049702 0.17124522331520758 148
1627564049772 0.17110337266074593 149
1627564049856 0.17096432285207508 150
1627564049929 0.17079017410941164 151
1627564050016 0.17064580395605922 152
1627564050093 0.17051489527492475 153
1627564050164 0.17039986097806256 154
1627564050243 0.17026722726261154 155
1627564050316 0.1701425758873234 156
1627564050389 0.16998213698696357 157
1627564050467 0.16984294978572975 158
1627564050526 0.16970980267230767 159
1627564050592 0.16959469942177607 160
1627564050653 0.169476920122134 161
1627564050728 0.1693271546750175 162
1627564050779 0.16922991089175413 163
1627564050853 0.16909051059960095 164
1627564050967 0.16894004331078552 165
1627564051045 0.16880310283759886 166
1627564051150 0.16866719799925597 167
1627564051301 0.16842508181115035 168
1627564051376 0.16830193915855118 169
1627564051432 0.16819248620401717 170
1627564051491 0.16808716564896137 171
1627564051577 0.16785536788735364 172
1627564051650 0.16772987365466652 173
1627564051733 0.1675611840134287 174
1627564051806 0.16743162082752683 175
1627564051868 0.16730331680305846 176
1627564051939 0.16717398798325803 177
1627564052009 0.16703391123916092 178
1627564052071 0.16691915324487794 179
1627564052130 0.16679914589640332 180
1627564052190 0.16668253054669163 181
1627564052269 0.1665181188137815 182
1627564052345 0.1664027177529605 183
1627564052400 0.16628189200024723 184
1627564052479 0.16616377621670897 185
1627564052554 0.16603889527027357 186
1627564052634 0.16591187811241814 187
1627564052712 0.16579085746856181 188
1627564052793 0.16562630642364373 189
1627564052897 0.16548689923704696 190
1627564052957 0.16537656809434212 191
1627564053015 0.16527138119529577 192
1627564053097 0.16512640910119356 193
1627564053160 0.1650142672114095 194
1627564053216 0.16490004679694795 195
1627564053290 0.1647955525061886 196
1627564053350 0.16470283620595333 197
1627564053421 0.16456748703406532 198
1627564053505 0.1644500959653349 199
1627564053590 0.16434242419610784 200
1627564053666 0.16417406902070486 201
1627564053726 0.16407445836546264 202
1627564053780 0.16397128020311633 203
1627564053837 0.16386758127317838 204
1627564053906 0.16375113249753692 205
1627564053986 0.16364443140587684 206
1627564054063 0.1635464455426931 207
1627564054140 0.16343861277299798 208
1627564054219 0.16332617123132115 209
1627564054293 0.16320488444335635 210
1627564054367 0.16306596723940994 211
1627564054439 0.16295510250106765 212
1627564054519 0.1628061727421574 213
1627564054606 0.16270589128586327 214
1627564054677 0.16259889907085542 215
1627564054756 0.16248825351679616 216
1627564054813 0.1623967572114761 217
1627564054873 0.1623043552476993 218
1627564054956 0.16219553974766437 219
1627564055039 0.16206732189768439 220
1627564055131 0.16196081608631405 221
1627564055245 0.16183730030431154 222
1627564055323 0.16171774194217117 223
1627564055390 0.16162789849081302 224
1627564055464 0.16152246296519623 225
1627564055534 0.16138949845344186 226
1627564055602 0.16128733224245786 227
1627564055672 0.16117823840324494 228
1627564055750 0.1610694780786968 229
1627564055815 0.16096144714543342 230
1627564055888 0.16084918559837982 231
1627564055962 0.16075657921470973 232
1627564056069 0.16065461448556667 233
1627564056180 0.16055725414694613 234
1627564056275 0.16046136792321353 235
1627564056337 0.1603686960232608 236
1627564056407 0.16028232950742172 237
1627564056506 0.16019619170553123 238
1627564056557 0.16009923899726963 239
1627564056635 0.15999819011364483 240
1627564056726 0.15988418503860483 241
1627564056825 0.15978529199117217 242
1627564056887 0.1597117303624757 243
1627564056992 0.15952655849218997 244
1627564057089 0.15942212345811427 245
1627564057184 0.15931504733259738 246
1627564057271 0.1592166588527025 247
1627564057373 0.15911457334440143 248
1627564057443 0.15901799046868528 249
1627564057533 0.15888970052051124 250
1627564057587 0.15879193908138603 251
1627564057651 0.1587004868335512 252
1627564057700 0.15861602266787683 253
1627564057787 0.15843768867808938 254
1627564057856 0.15832688699609843 255
1627564057908 0.15825043347734488 256
1627564057973 0.15816817534916075 257
1627564058033 0.15807952632965586 258
1627564058107 0.1579679519268224 259
1627564058177 0.15784721672705437 260
1627564058265 0.15768377655833865 261
1627564058325 0.1576027103667691 262
1627564058393 0.15749558889277296 263
1627564058457 0.1573992585903254 264
1627564058529 0.15729996005684907 265
1627564058618 0.15719071600787507 266
1627564058692 0.15710140666329114 267
1627564058763 0.1569994180626827 268
1627564058827 0.15690648986216735 269
1627564058907 0.15681799322771348 270
1627564058986 0.15672915335488263 271
1627564059058 0.15664111165198977 272
1627564059135 0.15655472881300014 273
1627564059222 0.15647801726765773 274
1627564059288 0.1563866500868523 275
1627564059352 0.1562967377882213 276
1627564059408 0.1562247009830045 277
1627564059499 0.1560908835034835 278
1627564059574 0.15600876826139132 279
1627564059652 0.1559239366006436 280
1627564059724 0.1558359044080784 281
1627564059799 0.15574059655700803 282
1627564059865 0.15565422929403924 283
1627564059947 0.155561718001322 284
1627564060033 0.15547073890393873 285
1627564060085 0.15538468956477355 286
1627564060154 0.15528966322535406 287
1627564060214 0.15521331829306237 288
1627564060266 0.15514021321335061 289
1627564060314 0.15505601007768197 290
1627564060381 0.15496251810343478 291
1627564060442 0.1548620846719739 292
1627564060507 0.1547734751962286 293
1627564060562 0.15469735289558462 294
1627564060658 0.15459084661203842 295
1627564060733 0.1545055882066488 296
1627564060795 0.15443526955156003 297
1627564060891 0.1543304814056088 298
1627564060963 0.15424100637550528 299
1627564061036 0.15417031192786346 300
1627564061115 0.15405813023021275 301
1627564061173 0.15396944147519945 302
1627564061241 0.15387830604834163 303
1627564061317 0.15378124179535388 304
1627564061372 0.15369815664153091 305
1627564061430 0.15360926090668245 306
1627564061501 0.15353090608523093 307
1627564061587 0.15339284372527148 308
1627564061671 0.15331357689199196 309
1627564061738 0.15323241019623232 310
1627564061800 0.153161441341939 311
1627564061861 0.1530833065503812 312
1627564061919 0.15300257437878437 313
1627564061998 0.15749558889277296 314
1627564066138 0.5082410762641317 0
1627564066255 0.4689822119216576 1
1627564066371 0.43427946622822006 2
1627564066488 0.40375845137723054 3
1627564066612 0.3769803015817503 4
1627564066735 0.3536224674615575 5
1627564066854 0.3334285518954934 6
1627564066971 0.3159915990197877 7
1627564067087 0.30095711560676314 8
1627564067199 0.28798179003212093 9
1627564067336 0.2767704629159091 10
1627564067507 0.26722231886950604 11
1627564067621 0.2589778920742795 12
1627564067794 0.2520351455140341 13
1627564067926 0.2460182769714966 14
1627564068061 0.24099431032603327 15
1627564068176 0.23665858509831392 16
1627564068289 0.23306795436661706 17
1627564068397 0.23002492171259153 18
1627564068505 0.22724232269693148 19
1627564068604 0.22481209229944105 20
1627564068706 0.22280239908697286 21
1627564068808 0.2210776221502684 22
1627564068907 0.2192160372940738 23
1627564069006 0.21773708650979168 24
1627564069100 0.2164886366356581 25
1627564069199 0.21536767954521333 26
1627564069304 0.2143219447109172 27
1627564069412 0.21344309649767085 28
1627564069523 0.21249998083658891 29
1627564069653 0.2116305604802504 30
1627564069751 0.2109002878083643 31
1627564069854 0.21017065027668397 32
1627564069948 0.2096212868363828 33
1627564070042 0.20887241838922674 34
1627564070167 0.20821500020951236 35
1627564070268 0.2071886946832941 36
1627564070377 0.20630739137540993 37
1627564070480 0.20559919449458364 38
1627564070580 0.20483458029836307 39
1627564070670 0.20435095291749514 40
1627564070761 0.20353393008476267 41
1627564070869 0.20260560310556322 42
1627564070962 0.20181647544431966 43
1627564071054 0.201279927564665 44
1627564071138 0.2009399752448344 45
1627564071268 0.2002629175479954 46
1627564071368 0.1998500067805872 47
1627564071459 0.19912927091932608 48
1627564071561 0.19835136895709027 49
1627564071659 0.19789717851119681 50
1627564071744 0.1975968013610245 51
1627564071838 0.19707621675953482 52
1627564071958 0.19617465217230295 53
1627564072057 0.19546143405042463 54
1627564072144 0.1951310996606853 55
1627564072272 0.19474139552623376 56
1627564072384 0.19406866941489256 57
1627564072470 0.19378820332221564 58
1627564072572 0.1934807058669022 59
1627564072661 0.1931624954780403 60
1627564072770 0.19249015212331827 61
1627564072861 0.19214424009129155 62
1627564072961 0.19161611755186714 63
1627564073053 0.19130215990653723 64
1627564073142 0.19098589898020074 65
1627564073223 0.19073201793487277 66
1627564073321 0.19023356810812628 67
1627564073407 0.18989818283198634 68
1627564073499 0.1895852679722734 69
1627564073584 0.18932523094698225 70
1627564073663 0.18905925535671297 71
1627564073741 0.18881617809308862 72
1627564073832 0.18833016132843386 73
1627564073925 0.1880989785295592 74
1627564074017 0.18779718496113498 75
1627564074117 0.18723159777447584 76
1627564074199 0.18701732873885082 77
1627564074274 0.18678151377681 78
1627564074377 0.18626434824849322 79
1627564074471 0.1859368262613102 80
1627564074564 0.18554470446046073 81
1627564074653 0.18532425156241508 82
1627564074741 0.18499348088744008 83
1627564074828 0.1847634224582755 84
1627564074911 0.18455228549964808 85
1627564075000 0.18434760606142592 86
1627564075091 0.1841350152396412 87
1627564075193 0.1837202927931974 88
1627564075319 0.18349412136550577 89
1627564075421 0.18330977392937092 90
1627564075505 0.1831014144474817 91
1627564075588 0.18290759697956974 92
1627564075662 0.18269601446446151 93
1627564075743 0.18248006177428866 94
1627564075833 0.18225740170169283 95
1627564075941 0.18180912513470882 96
1627564076036 0.18142705116203464 97
1627564076099 0.1812493142113985 98
1627564076185 0.1809754527761273 99
1627564076310 0.1807756767846922 100
1627564076436 0.18059029069680715 101
1627564076517 0.18042097309145755 102
1627564076586 0.1802332489019056 103
1627564076663 0.18005665353204522 104
1627564076760 0.17966566178970447 105
1627564076830 0.17944226550899256 106
1627564076904 0.1792709884935974 107
1627564076979 0.1790890848631192 108
1627564077074 0.17875324380874083 109
1627564077149 0.1785675099644412 110
1627564077231 0.1783948369900745 111
1627564077318 0.1781106978557409 112
1627564077394 0.1779040360492845 113
1627564077476 0.17773489880933538 114
1627564077563 0.1774453155545916 115
1627564077634 0.1772840833675197 116
1627564077723 0.17696900813875338 117
1627564077807 0.1767864420614526 118
1627564077892 0.17651912792516203 119
1627564077973 0.17635392133895617 120
1627564078045 0.17619622307914817 121
1627564078131 0.17603073121999552 122
1627564078245 0.1757148363789734 123
1627564078341 0.17554712185275792 124
1627564078451 0.1753809542762125 125
1627564078532 0.1751855858426903 126
1627564078597 0.17503598919157404 127
1627564078675 0.17488964726143968 128
1627564078743 0.17472550078475008 129
1627564078816 0.1745749788863901 130
1627564078903 0.17435475717714596 131
1627564078988 0.17415754375241038 132
1627564079058 0.17400088592119972 133
1627564079141 0.17384547454219293 134
1627564079211 0.17368891436437126 135
1627564079290 0.1735396389663649 136
1627564079366 0.1733861919902566 137
1627564079444 0.17323169225382012 138
1627564079508 0.17308083886113063 139
1627564079583 0.172936271711076 140
1627564079702 0.1727470470421271 141
1627564079818 0.1725944543332026 142
1627564079904 0.172444616839359 143
1627564080013 0.17229767565793458 144
1627564080077 0.17215660810022113 145
1627564080165 0.17201458994016414 146
1627564080258 0.1717176444010871 147
1627564080328 0.1715801683280485 148
1627564080405 0.17144991249838543 149
1627564080490 0.17129339718519807 150
1627564080616 0.17107563338322251 151
1627564080691 0.17094395737103024 152
1627564080769 0.17081329810863208 153
1627564080831 0.170675491678977 154
1627564080892 0.17055580777667043 155
1627564080965 0.17042609425675817 156
1627564081021 0.17031394336304767 157
1627564081091 0.1701874703229723 158
1627564081171 0.17004554755354198 159
1627564081248 0.16991827567245696 160
1627564081353 0.1697903499041306 161
1627564081431 0.16964768579708447 162
1627564081506 0.16952374842225043 163
1627564081590 0.16938672745179947 164
1627564081659 0.16924248092632652 165
1627564081728 0.16911766265286815 166
1627564081822 0.16888101452874096 167
1627564081877 0.1687809370113044 168
1627564081943 0.16865083315868856 169
1627564082014 0.1685180859564486 170
1627564082073 0.1684004758998608 171
1627564082140 0.1682734585850071 172
1627564082217 0.16813356310771696 173
1627564082290 0.1680082295051975 174
1627564082356 0.16789718763588882 175
1627564082437 0.16773983420930652 176
1627564082522 0.16760824829363039 177
1627564082581 0.16751024419745825 178
1627564082639 0.16740403037740245 179
1627564082711 0.16728473007479272 180
1627564082793 0.16711799250868323 181
1627564082880 0.16692777349932106 182
1627564082948 0.16682022239463956 183
1627564083044 0.16662144256337758 184
1627564083118 0.1664953329140809 185
1627564083208 0.16635931591189723 186
1627564083319 0.16622518753526805 187
1627564083429 0.16610467925575217 188
1627564083521 0.16591566782367986 189
1627564083583 0.16581188461777566 190
1627564083679 0.16558228321989218 191
1627564083772 0.1654504053157673 192
1627564083850 0.16532974637771777 193
1627564083916 0.16521049230114604 194
1627564083976 0.16510856347676947 195
1627564084083 0.16490788907440151 196
1627564084151 0.16478138559786124 197
1627564084217 0.16465013525370262 198
1627564084284 0.16454141034711608 199
1627564084369 0.16443594696306787 200
1627564084434 0.16431537778010463 201
1627564084509 0.16420875599552046 202
1627564084563 0.16411134568458385 203
1627564084628 0.16400582495971128 204
1627564084699 0.16389098028613613 205
1627564084769 0.16377319090659762 206
1627564084835 0.16367570144900598 207
1627564084914 0.16356205951502584 208
1627564084988 0.16344876275706613 209
1627564085039 0.16335997391519022 210
1627564085110 0.1632528952627941 211
1627564085179 0.16314764973845103 212
1627564085267 0.1630419489623932 213
1627564085362 0.16293611153730927 214
1627564085461 0.16284153136007254 215
1627564085547 0.16274845479187455 216
1627564085614 0.16265482685882315 217
1627564085686 0.16253925602273694 218
1627564085752 0.162427029815448 219
1627564085833 0.16227999505601037 220
1627564085887 0.1621862825873484 221
1627564085947 0.16209472695875848 222
1627564086001 0.1620000381689186 223
1627564086054 0.1618964352860076 224
1627564086112 0.16180493766981885 225
1627564086170 0.16169940417003206 226
1627564086245 0.1615818856692574 227
1627564086307 0.16148111593896897 228
1627564086409 0.16138370233670704 229
1627564086481 0.16127616598049246 230
1627564086543 0.1611816899035507 231
1627564086600 0.16109997949612823 232
1627564086698 0.16097512411410678 233
1627564086780 0.16087838148074365 234
1627564086844 0.16077137211660536 235
1627564086928 0.1606755157135706 236
1627564086992 0.16058173818888272 237
1627564087057 0.1604924933703978 238
1627564087129 0.16038853796942965 239
1627564087196 0.16030291940448113 240
1627564087269 0.1601858864964453 241
1627564087340 0.1600744825634867 242
1627564087409 0.15998056684264791 243
1627564087460 0.1599018371519545 244
1627564087521 0.15981421487369288 245
1627564087581 0.15971315528562954 246
1627564087637 0.15962836096533667 247
1627564087705 0.1595302620413659 248
1627564087754 0.15943774485666548 249
1627564087830 0.15935577995281983 250
1627564087890 0.15925090834900538 251
1627564087953 0.15914671136763156 252
1627564088021 0.15904031544047612 253
1627564088107 0.15889456718987552 254
1627564088173 0.15878073461778522 255
1627564088224 0.15870676589877164 256
1627564088311 0.15858184716988014 257
1627564088403 0.15848467176963205 258
1627564088476 0.15838823423635337 259
1627564088555 0.1582761199274998 260
1627564088634 0.1581532338333211 261
1627564088748 0.15805581752950554 262
1627564088851 0.15795947024069945 263
1627564088912 0.15787506170055457 264
1627564088978 0.15778560379892495 265
1627564089072 0.1576343444605065 266
1627564089140 0.15754575755678413 267
1627564089215 0.1574291434481627 268
1627564089291 0.15732513160641085 269
1627564089353 0.15724505358951815 270
1627564089422 0.15715366629938096 271
1627564089481 0.15707704843190765 272
1627564089540 0.15698184491817127 273
1627564089614 0.15689216538502446 274
1627564089671 0.15682285285589379 275
1627564089737 0.15674137331155305 276
1627564089803 0.15665021286694136 277
1627564089873 0.15654676920274446 278
1627564089946 0.1564375883704303 279
1627564090017 0.1563239033209839 280
1627564090082 0.15623941009506842 281
1627564090170 0.1561385027336387 282
1627564090238 0.1560396179112166 283
1627564090299 0.15594639261841 284
1627564090388 0.15585222631329407 285
1627564090518 0.1557179891157814 286
1627564090601 0.1556318380558051 287
1627564090656 0.1555478365924427 288
1627564090759 0.155457150998561 289
1627564090841 0.1553866367256274 290
1627564090915 0.15526450871981423 291
1627564090967 0.15519752789244365 292
1627564091022 0.1551237090612984 293
1627564091087 0.15502549394322068 294
1627564091165 0.15489672333071075 295
1627564091221 0.15480963001244522 296
1627564091284 0.15472093488891692 297
1627564091344 0.15463278810694286 298
1627564091423 0.15455485387026452 299
1627564091495 0.15447055003306395 300
1627564091552 0.15439810706523457 301
1627564091604 0.1543272652053354 302
1627564091699 0.1542388386304118 303
1627564091754 0.15416487055880038 304
1627564091838 0.1540698665219488 305
1627564091894 0.15398694584427472 306
1627564091958 0.15391105912623057 307
1627564092016 0.153836405486745 308
1627564092100 0.15370631846298316 309
1627564092156 0.15363068051823806 310
1627564092208 0.15355770768351118 311
1627564092269 0.15348547196984294 312
1627564092350 0.15340669664123777 313
1627564092407 0.15332008373941344 314
1627564092474 0.15323766754147664 315
1627564092544 0.15314275044556364 316
1627564092604 0.15304886778570273 317
1627564092660 0.15296814998882205 318
1627564092727 0.15288319091796332 319
1627564092784 0.15279643519224637 320
1627564092840 0.15270997041245227 321
1627564092896 0.152628208678685 322
1627564092964 0.15254670251772381 323
1627564093008 0.15246932869886282 324
1627564093075 0.15238358692151224 325
1627564093138 0.15229671852073898 326
1627564093217 0.15221289763376977 327
1627564093284 0.1521479544206224 328
1627564093338 0.1520731676524268 329
1627564093399 0.15199431463842483 330
1627564093454 0.15191282931808608 331
1627564093507 0.15184465783957798 332
1627564093564 0.1517648507510529 333
1627564093637 0.15167665649504986 334
1627564093700 0.15159855857879612 335
1627564093768 0.15150070940819502 336
1627564093815 0.15142717937250225 337
1627564093893 0.1513445035663037 338
1627564093960 0.15126847583640035 339
1627564094015 0.15119250110567706 340
1627564094069 0.15112752954790842 341
1627564094121 0.15105390821441986 342
1627564094177 0.15097120665342326 343
1627564094232 0.15091290607770305 344
1627564094318 0.15084202464506954 345
1627564094401 0.15489672333071075 346
1627564098549 0.5089456860033137 0
1627564098712 0.46951540688220783 1
1627564098831 0.4347188288963338 2
1627564098951 0.40409561821756734 3
1627564099073 0.37720628950301316 4
1627564099199 0.35388924144406064 5
1627564099319 0.33360837364227774 6
1627564099438 0.3161342287847 7
1627564099560 0.3010434049929376 8
1627564099678 0.28807459208154484 9
1627564099794 0.27680053399566995 10
1627564099909 0.267234740417466 11
1627564100019 0.25893650633971005 12
1627564100167 0.2519193372662083 13
1627564100293 0.24591722410796707 14
1627564100401 0.2408672953968177 15
1627564100513 0.2366023543542255 16
1627564100621 0.23299001930957722 17
1627564100747 0.2299151778928081 18
1627564100852 0.22704355272674567 19
1627564100957 0.22469964347832894 20
1627564101060 0.2226955803080399 21
1627564101166 0.22101555118496552 22
1627564101264 0.21941605580465687 23
1627564101365 0.2179080526211228 24
1627564101466 0.21665404312769493 25
1627564101564 0.21537013966965513 26
1627564101667 0.21422496539104624 27
1627564101777 0.21329452390419656 28
1627564101914 0.21225384134773462 29
1627564102012 0.21130255196515385 30
1627564102111 0.21059828027161157 31
1627564102211 0.20984785899290703 32
1627564102317 0.20911719919349922 33
1627564102408 0.20854430782579764 34
1627564102495 0.20784910880781765 35
1627564102593 0.20698508506786237 36
1627564102729 0.20633486188874922 37
1627564102843 0.20567174225700285 38
1627564102973 0.2050176430084902 39
1627564103100 0.20454532399745257 40
1627564103220 0.20381494382470686 41
1627564103363 0.2029382183999993 42
1627564103468 0.202297667911601 43
1627564103559 0.201657199680833 44
1627564103668 0.2010662893722714 45
1627564103758 0.20035409899513004 46
1627564103877 0.19961888541116476 47
1627564104003 0.19917524174783266 48
1627564104143 0.1987925530626131 49
1627564104277 0.1980947891892324 50
1627564104378 0.19776224986162663 51
1627564104466 0.19721320817396906 52
1627564104557 0.19654943786455983 53
1627564104639 0.19610210100540718 54
1627564104775 0.1954713581217596 55
1627564104909 0.19516737231602646 56
1627564105040 0.1946349379265132 57
1627564105152 0.19437817818509956 58
1627564105282 0.19403830292833615 59
1627564105388 0.19344500771583223 60
1627564105549 0.1926872797023166 61
1627564105702 0.19216986007561182 62
1627564105812 0.19190485591242712 63
1627564105906 0.19139301792862687 64
1627564105994 0.19111377971663088 65
1627564106076 0.19085031846234599 66
1627564106164 0.19045144074598605 67
1627564106250 0.19012410405333743 68
1627564106336 0.18986786200625866 69
1627564106430 0.18961085049883564 70
1627564106517 0.18933641743011492 71
1627564106624 0.1887274441415442 72
1627564106713 0.1884589109153107 73
1627564106798 0.18817944078301016 74
1627564106894 0.18794404354511846 75
1627564106971 0.18770117596793381 76
1627564107064 0.18718815134217984 77
1627564107141 0.18697338798508653 78
1627564107233 0.18647729762220522 79
1627564107320 0.18615181046245627 80
1627564107405 0.1858357573094274 81
1627564107492 0.18559869247242766 82
1627564107569 0.18537034326588314 83
1627564107673 0.18495258454597988 84
1627564107777 0.1845919462252712 85
1627564107852 0.1843826051248146 86
1627564107944 0.18406969648570257 87
1627564108029 0.1838659023377353 88
1627564108114 0.18364525846066912 89
1627564108190 0.18345032182004356 90
1627564108289 0.18320005096129013 91
1627564108405 0.18272787421720954 92
1627564108511 0.18229060172660455 93
1627564108589 0.18208990509472475 94
1627564108677 0.18181384723982644 95
1627564108754 0.1816197068955362 96
1627564108855 0.1813583044379788 97
1627564108930 0.1811618779693166 98
1627564109014 0.18095480683171983 99
1627564109118 0.18075973753835023 100
1627564109261 0.18056934334338184 101
1627564109396 0.18023130519341496 102
1627564109476 0.18005053974903576 103
1627564109558 0.17986564748013048 104
1627564109645 0.17969384340029673 105
1627564109733 0.1794250694901106 106
1627564109811 0.1792645526774192 107
1627564109895 0.17906202486451314 108
1627564109974 0.17885758136465213 109
1627564110093 0.1784912601800647 110
1627564110176 0.17828265598818813 111
1627564110253 0.17811390941871405 112
1627564110327 0.17790743947350363 113
1627564110409 0.17767767906573578 114
1627564110497 0.1774456247494942 115
1627564110573 0.1772665480636255 116
1627564110652 0.1771118732243628 117
1627564110722 0.1769392406519971 118
1627564110799 0.17679314966602916 119
1627564110925 0.1765743387654681 120
1627564110999 0.17640914415556022 121
1627564111072 0.17623643402487596 122
1627564111154 0.1760314412171312 123
1627564111233 0.17588487567712496 124
1627564111304 0.17573295549998227 125
1627564111383 0.1755813073825785 126
1627564111482 0.17528709938960152 127
1627564111557 0.17513314717738454 128
1627564111622 0.1749869518433851 129
1627564111709 0.17478508547366026 130
1627564111806 0.17463253771466344 131
1627564111893 0.17437346661689948 132
1627564111961 0.17422227144612026 133
1627564112032 0.174076417208124 134
1627564112104 0.17391392689454777 135
1627564112177 0.1737673759465698 136
1627564112260 0.17362071139186716 137
1627564112338 0.17343211640937864 138
1627564112434 0.1732976744378497 139
1627564112549 0.17315496584184717 140
1627564112689 0.17298388178703197 141
1627564112755 0.17283891160217996 142
1627564112819 0.17270959588283025 143
1627564112956 0.172489028850563 144
1627564113026 0.17235862251733458 145
1627564113146 0.17209803851878977 146
1627564113205 0.17197242804408663 147
1627564113281 0.17182042230876024 148
1627564113364 0.17169570468843087 149
1627564113427 0.17156571736721782 150
1627564113501 0.1714210659360096 151
1627564113565 0.1712942202862276 152
1627564113624 0.17116680550842622 153
1627564113683 0.1710355010155416 154
1627564113743 0.17093087293232054 155
1627564113818 0.17081261324029645 156
1627564113905 0.170599890125002 157
1627564113981 0.17046151057622444 158
1627564114049 0.17031640401428413 159
1627564114121 0.17016628364374886 160
1627564114176 0.1700607630818061 161
1627564114242 0.16993902219293236 162
1627564114320 0.1697107414439828 163
1627564114402 0.1695875727012808 164
1627564114498 0.16945213724326644 165
1627564114581 0.16928556696021133 166
1627564114657 0.16914736407086012 167
1627564114727 0.16903428688194402 168
1627564114806 0.168901657503997 169
1627564114870 0.16876421514845952 170
1627564114932 0.16865345206995738 171
1627564115013 0.1685178211822506 172
1627564115081 0.16839061289466778 173
1627564115157 0.1682301568914617 174
1627564115240 0.16806289664974913 175
1627564115294 0.1679464872381746 176
1627564115363 0.1678057212735394 177
1627564115430 0.16767415237013494 178
1627564115514 0.1674941596483208 179
1627564115585 0.16737139785909752 180
1627564115661 0.1672454777274023 181
1627564115734 0.16712992390917644 182
1627564115819 0.16700576318803664 183
1627564115912 0.1668555201151736 184
1627564115976 0.16674489928222364 185
1627564116063 0.16655225016069589 186
1627564116125 0.16643191597046486 187
1627564116181 0.1663358365415411 188
1627564116259 0.166147016458776 189
1627564116312 0.16605131666217177 190
1627564116376 0.16594177859534015 191
1627564116446 0.16582243412151423 192
1627564116526 0.16570444907574175 193
1627564116588 0.16559569846311617 194
1627564116664 0.16543196307121416 195
1627564116726 0.1653271578604297 196
1627564116818 0.1652164772355919 197
1627564116910 0.16510049746914146 198
1627564117009 0.16499585603403802 199
1627564117136 0.1648755960711409 200
1627564117200 0.1647640631845329 201
1627564117273 0.1646479181172741 202
1627564117342 0.1645164747470498 203
1627564117443 0.16440357047981943 204
1627564117516 0.1642815326249927 205
1627564117594 0.1641865894573693 206
1627564117650 0.16409574196913762 207
1627564117727 0.16397567080167785 208
1627564117812 0.16381800781779698 209
1627564117891 0.1637078269225408 210
1627564117995 0.16357069584191392 211
1627564118104 0.16339913619661608 212
1627564118180 0.1632985065339305 213
1627564118274 0.16319196265319139 214
1627564118376 0.163022243031411 215
1627564118473 0.16291373057866784 216
1627564118578 0.16279882741674057 217
1627564118647 0.16271332636513525 218
1627564118726 0.16259027807224888 219
1627564118797 0.16248338939513404 220
1627564118882 0.16236817860285305 221
1627564118969 0.16226316640521043 222
1627564119044 0.16216109077894614 223
1627564119134 0.1620345767355951 224
1627564119239 0.1619388055978696 225
1627564119349 0.16182973515044696 226
1627564119418 0.1617283437405536 227
1627564119484 0.161624935192143 228
1627564119560 0.16152340413598837 229
1627564119635 0.16143342625239893 230
1627564119701 0.1613272221197199 231
1627564119759 0.16124716194082678 232
1627564119831 0.16115380129351964 233
1627564119918 0.16106127454290886 234
1627564119979 0.1609549319009693 235
1627564120057 0.16084789261368562 236
1627564120124 0.16075249469766778 237
1627564120194 0.16062865972024776 238
1627564120256 0.16052847938413675 239
1627564120344 0.1604299834288782 240
1627564120412 0.1603403516565994 241
1627564120479 0.16024003341837836 242
1627564120574 0.16014561114731196 243
1627564120620 0.16005816241225274 244
1627564120681 0.15997070062892293 245
1627564120734 0.15987122375285603 246
1627564120837 0.15975742637902832 247
1627564120940 0.15959276908212938 248
1627564121019 0.15950442293964764 249
1627564121119 0.15940727075672742 250
1627564121210 0.15929593056223382 251
1627564121311 0.15918510316177667 252
1627564121401 0.1590848891971106 253
1627564121465 0.1590005192675821 254
1627564121534 0.1589121949157803 255
1627564121596 0.1588215097090097 256
1627564121666 0.15871793021515185 257
1627564121723 0.15861737432191333 258
1627564121806 0.1584596355440526 259
1627564121865 0.15836043686974918 260
1627564121931 0.1582671270294628 261
1627564121981 0.1581884190595314 262
1627564122060 0.1580436215019934 263
1627564122134 0.15797120373080697 264
1627564122214 0.157879855221403 265
1627564122285 0.15779786472693147 266
1627564122375 0.15771051971585032 267
1627564122448 0.15761105019612906 268
1627564122518 0.15751394410854314 269
1627564122614 0.15742011399780775 270
1627564122690 0.1573366177458824 271
1627564122776 0.15721729682820806 272
1627564122835 0.15711902385072016 273
1627564122895 0.15702342893138604 274
1627564122970 0.15689193416647323 275
1627564123036 0.15680494517623458 276
1627564123097 0.15671263940416247 277
1627564123165 0.1566088559788413 278
1627564123227 0.15652775548830897 279
1627564123283 0.15643205953798509 280
1627564123342 0.15634412865783492 281
1627564123395 0.15627684800596064 282
1627564123459 0.15619187265176357 283
1627564123514 0.15610469894160567 284
1627564123583 0.15600345461106335 285
1627564123665 0.1559037548143783 286
1627564123736 0.15580731423620156 287
1627564123810 0.15571529439551757 288
1627564123879 0.15563982918864827 289
1627564123996 0.15554776959839367 290
1627564124098 0.15545747753656441 291
1627564124188 0.1553714223155862 292
1627564124274 0.1552558407106806 293
1627564124329 0.1551701961927611 294
1627564124394 0.1550914521089574 295
1627564124461 0.15500248810177583 296
1627564124509 0.15493277114405743 297
1627564124569 0.15484202878839334 298
1627564124621 0.15478296862632662 299
1627564124732 0.15469591039301653 300
1627564124793 0.15461035890036567 301
1627564124851 0.1545242777813642 302
1627564124904 0.15445214270639035 303
1627564124967 0.15437365967645292 304
1627564125036 0.1542874932338338 305
1627564125092 0.15421433313419664 306
1627564125152 0.15413464305880925 307
1627564125220 0.15404970798465376 308
1627564125273 0.1539791917910878 309
1627564125333 0.15389259182330878 310
1627564125401 0.15381069788899665 311
1627564125454 0.15375386957514578 312
1627564125515 0.1536672350145212 313
1627564125571 0.1535950219407856 314
1627564125633 0.1535079821908487 315
1627564125724 0.15342148781297973 316
1627564125806 0.1533274807355541 317
1627564125865 0.1532520372776405 318
1627564125935 0.153170949047424 319
1627564126003 0.15308746155173622 320
1627564126091 0.1529527143535593 321
1627564126165 0.1528570274783053 322
1627564126226 0.15279048390306807 323
1627564126299 0.15270075072513545 324
1627564126369 0.15261858719573393 325
1627564126431 0.1525294623507842 326
1627564126510 0.15680494517623458 327
1627564130569 0.5070074699477705 0
1627564130724 0.4678786351200941 1
1627564130890 0.43325164392325666 2
1627564131034 0.40285687971403555 3
1627564131167 0.3761217313404699 4
1627564131286 0.35283076911931516 5
1627564131429 0.3326648771452943 6
1627564131559 0.3152330337527299 7
1627564131707 0.3002266154814795 8
1627564131825 0.2872988410917894 9
1627564131977 0.2760989957763147 10
1627564132096 0.2665727472243572 11
1627564132228 0.25836472974349983 12
1627564132340 0.25144026786987345 13
1627564132447 0.2455059947180196 14
1627564132552 0.24053139359327808 15
1627564132660 0.23625601984116634 16
1627564132779 0.2326007217148956 17
1627564132889 0.22954818685034878 18
1627564132998 0.22674522153338159 19
1627564133095 0.224412804899429 20
1627564133193 0.22240424235399958 21
1627564133302 0.22063919329852305 22
1627564133409 0.2190062294955614 23
1627564133508 0.2175077050324833 24
1627564133607 0.21635725787242177 25
1627564133710 0.215074389682437 26
1627564133814 0.21406427160454725 27
1627564133922 0.21311069681284442 28
1627564134020 0.21217073407375409 29
1627564134160 0.21116244131979808 30
1627564134264 0.21040386512264933 31
1627564134365 0.2094150393349207 32
1627564134471 0.2085571981714594 33
1627564134565 0.20799258314415342 34
1627564134653 0.2072064118654278 35
1627564134745 0.20625024997361116 36
1627564134841 0.20537905021542435 37
1627564134936 0.20447678429504623 38
1627564135032 0.20366653173664873 39
1627564135118 0.20321162113542798 40
1627564135204 0.20242376040413537 41
1627564135296 0.2016368240468881 42
1627564135397 0.20080040670347085 43
1627564135499 0.20031853606562286 44
1627564135597 0.19997018808898775 45
1627564135734 0.19917575921927702 46
1627564135861 0.19832841713846824 47
1627564135944 0.19799938850436807 48
1627564136059 0.19750042305042106 49
1627564136228 0.1967644429022096 50
1627564136313 0.19643136269466965 51
1627564136401 0.19601623587946873 52
1627564136500 0.19538793322060782 53
1627564136585 0.1950891705439235 54
1627564136671 0.19469355946128247 55
1627564136765 0.19432388106790885 56
1627564136852 0.19409793418917426 57
1627564136951 0.19362716545403913 58
1627564137071 0.19332466060107226 59
1627564137164 0.19284975596669823 60
1627564137257 0.19258490482116825 61
1627564137349 0.192320344438065 62
1627564137433 0.1920895312090544 63
1627564137530 0.19159935097951925 64
1627564137629 0.19100525411778807 65
1627564137718 0.19071454913586294 66
1627564137803 0.19045722960904204 67
1627564137914 0.18974619556674138 68
1627564138009 0.18941946866025916 69
1627564138138 0.18917881328860797 70
1627564138236 0.18892250269276764 71
1627564138336 0.18842562369226026 72
1627564138431 0.18817249004379621 73
1627564138558 0.1879175395983305 74
1627564138663 0.18767276097008603 75
1627564138767 0.18711233275832967 76
1627564138867 0.1867927408017711 77
1627564138949 0.18656090648693646 78
1627564139052 0.18600927598673303 79
1627564139137 0.18573333826080451 80
1627564139220 0.1854553994057398 81
1627564139307 0.1850788022841976 82
1627564139388 0.18486472552291836 83
1627564139477 0.18467749523722954 84
1627564139566 0.18446753547809663 85
1627564139649 0.18425601433208702 86
1627564139727 0.18403110753305638 87
1627564139828 0.18358390534674515 88
1627564139938 0.18336621484920304 89
1627564140036 0.18316001376599259 90
1627564140124 0.18286820541421403 91
1627564140206 0.18267042434171218 92
1627564140297 0.18233226227975843 93
1627564140381 0.18213100473977442 94
1627564140464 0.18194398586251476 95
1627564140544 0.18169951931232317 96
1627564140634 0.18127866340788704 97
1627564140706 0.18109296015454263 98
1627564140794 0.18087566901638555 99
1627564140892 0.18066979497249588 100
1627564140961 0.18048310116454316 101
1627564141035 0.18030304107415343 102
1627564141106 0.18011339952968264 103
1627564141181 0.17992948577758447 104
1627564141282 0.17947428138873162 105
1627564141374 0.1791789476260004 106
1627564141467 0.17893482022762197 107
1627564141542 0.17875321802213623 108
1627564141618 0.17858152148910933 109
1627564141711 0.17840764081944407 110
1627564141789 0.17822569362952245 111
1627564141877 0.17792541099074285 112
1627564141955 0.17774483639020416 113
1627564142033 0.17756593710147492 114
1627564142118 0.1773162610030358 115
1627564142185 0.1771394134692545 116
1627564142276 0.17681991459689117 117
1627564142352 0.17664988228633835 118
1627564142442 0.17636916850594744 119
1627564142553 0.17607684759722547 120
1627564142639 0.17590781608089368 121
1627564142711 0.17574110452265818 122
1627564142786 0.1755675622926603 123
1627564142880 0.17540780727739447 124
1627564142983 0.17524221785138547 125
1627564143118 0.17503090577042338 126
1627564143218 0.17476553202904843 127
1627564143312 0.17452024437093525 128
1627564143388 0.1743550865059589 129
1627564143453 0.1742091897436372 130
1627564143525 0.17407091129664035 131
1627564143596 0.17392580775367608 132
1627564143680 0.17376285892472046 133
1627564143762 0.17361566065580986 134
1627564143840 0.17346436445286467 135
1627564143930 0.17324792576198442 136
1627564144014 0.17306898913871674 137
1627564144082 0.17291722496668288 138
1627564144176 0.17276231173587683 139
1627564144255 0.1726258234850411 140
1627564144338 0.17248302984559827 141
1627564144439 0.17231644326267367 142
1627564144540 0.1720206223785619 143
1627564144617 0.17187495645228387 144
1627564144698 0.17173368313928997 145
1627564144782 0.17159140161850672 146
1627564144872 0.17136593231027492 147
1627564144945 0.17122669087989212 148
1627564145036 0.17105203197179653 149
1627564145142 0.17085000850373647 150
1627564145201 0.17073126244259654 151
1627564145274 0.17058935035955933 152
1627564145350 0.1704548410226878 153
1627564145414 0.17032681241514475 154
1627564145483 0.1702085342787111 155
1627564145562 0.17004761346440803 156
1627564145633 0.16990226845168843 157
1627564145711 0.16975709584954532 158
1627564145795 0.1696077418487703 159
1627564145880 0.16947706128222997 160
1627564145964 0.16928915723150592 161
1627564146045 0.16915461800428605 162
1627564146124 0.16897749434013837 163
1627564146199 0.16885073641729723 164
1627564146293 0.16872709909065586 165
1627564146366 0.1685975512025614 166
1627564146436 0.16847695912195995 167
1627564146500 0.1683758013970715 168
1627564146619 0.16820024526612126 169
1627564146713 0.16807464719680615 170
1627564146801 0.1679447711312458 171
1627564146877 0.16782480656291843 172
1627564146950 0.1677006695472793 173
1627564147031 0.1675724800944659 174
1627564147102 0.16744843287590058 175
1627564147179 0.16729530102110277 176
1627564147273 0.16704081310222615 177
1627564147353 0.16691163979433335 178
1627564147414 0.16678899966951694 179
1627564147481 0.16667551226347552 180
1627564147539 0.16656285274160612 181
1627564147618 0.16643668894924304 182
1627564147680 0.1663257224287315 183
1627564147745 0.1662148660696426 184
1627564147822 0.1660952191731153 185
1627564147895 0.16596448622324278 186
1627564147948 0.16584237908710228 187
1627564148035 0.16572740637750902 188
1627564148135 0.16548958276221104 189
1627564148214 0.16536689769612153 190
1627564148299 0.16524828845689507 191
1627564148373 0.16513104097522197 192
1627564148457 0.16500555893833002 193
1627564148515 0.16491493595292722 194
1627564148581 0.1648181811462371 195
1627564148658 0.16468871419170422 196
1627564148719 0.16458825007337272 197
1627564148774 0.16448766349387392 198
1627564148847 0.16438421947107057 199
1627564148935 0.16427199697360031 200
1627564148994 0.16417426869547933 201
1627564149063 0.16407187156753747 202
1627564149130 0.16395891211920677 203
1627564149207 0.16382446997890251 204
1627564149290 0.16368000200765945 205
1627564149356 0.16357809927999978 206
1627564149428 0.16347316293192454 207
1627564149509 0.1633497052632083 208
1627564149579 0.1632429279700087 209
1627564149639 0.16314139631376148 210
1627564149705 0.16304669437862387 211
1627564149769 0.16293513921135833 212
1627564149829 0.1628334300304935 213
1627564149908 0.16273315371764274 214
1627564149962 0.1626241303414053 215
1627564150022 0.16253043432418832 216
1627564150090 0.16241874304108442 217
1627564150171 0.16231834723051042 218
1627564150226 0.16220890262589557 219
1627564150287 0.16211989380312083 220
1627564150362 0.1620160526751889 221
1627564150435 0.1619071001310331 222
1627564150525 0.161746313411241 223
1627564150586 0.16165180350477928 224
1627564150654 0.16156204835092244 225
1627564150728 0.16144889867721413 226
1627564150788 0.16134528367734294 227
1627564150863 0.16124099724543955 228
1627564150935 0.16112526849339348 229
1627564150998 0.16101695992285064 230
1627564151056 0.16091616559707148 231
1627564151123 0.16082018786801722 232
1627564151190 0.16071220172798836 233
1627564151270 0.16060902573173233 234
1627564151338 0.16050559279719653 235
1627564151402 0.160398199300379 236
1627564151465 0.16030190570487124 237
1627564151528 0.16021076484928123 238
1627564151589 0.1601076146609711 239
1627564151662 0.15999397202367566 240
1627564151728 0.15988766288883563 241
1627564151785 0.15979820623009813 242
1627564151864 0.15969964667762543 243
1627564151920 0.1596193018855124 244
1627564151980 0.15953058620669977 245
1627564152040 0.1594278611816453 246
1627564152114 0.15932356450362184 247
1627564152178 0.15924306161984897 248
1627564152226 0.1591515839274836 249
1627564152311 0.1590442559851582 250
1627564152374 0.15894187316518998 251
1627564152447 0.1588413166338126 252
1627564152506 0.15874884416944895 253
1627564152569 0.1586661911768081 254
1627564152628 0.15857956541967072 255
1627564152695 0.15847082620487282 256
1627564152767 0.15836776033619462 257
1627564152832 0.1582740277054467 258
1627564152907 0.15816420981077006 259
1627564152990 0.15802382879338986 260
1627564153079 0.15784898688523924 261
1627564153168 0.1576809647807479 262
1627564153228 0.15758780123739424 263
1627564153284 0.157499306026291 264
1627564153347 0.15740532128357151 265
1627564153411 0.15731156609352717 266
1627564153481 0.15721655056526168 267
1627564153552 0.15711906684319535 268
1627564153624 0.15702219485365285 269
1627564153694 0.1569378664732286 270
1627564153773 0.15684392505753145 271
1627564153860 0.1567229088193801 272
1627564153921 0.15663821319773058 273
1627564153985 0.1565538936285709 274
1627564154075 0.1564350063339542 275
1627564154149 0.1563225550578975 276
1627564154202 0.15623412863912356 277
1627564154260 0.15614257187723163 278
1627564154332 0.15605370296065033 279
1627564154388 0.1559792933331296 280
1627564154474 0.15582965012119543 281
1627564154533 0.1557478054459205 282
1627564154602 0.15567002081890993 283
1627564154661 0.1555842027463659 284
1627564154723 0.15549776953353822 285
1627564154786 0.15540957208734227 286
1627564154858 0.1553099890492287 287
1627564154919 0.15521404627911203 288
1627564154989 0.15512327673758924 289
1627564155047 0.155040257406998 290
1627564155127 0.15493391528870804 291
1627564155193 0.15483964591865312 292
1627564155259 0.15475510043893798 293
1627564155328 0.15464737271133785 294
1627564155391 0.1545650287137495 295
1627564155465 0.1544563750825763 296
1627564155540 0.15434852129473667 297
1627564155598 0.15426341941406954 298
1627564155651 0.15418345935285785 299
1627564155725 0.15411095059401475 300
1627564155815 0.1540257240604255 301
1627564155900 0.153931594621672 302
1627564155964 0.15385332559586362 303
1627564156021 0.15378537186754276 304
1627564156102 0.15369778668329442 305
1627564156186 0.15361653159187047 306
1627564156264 0.153545857509351 307
1627564156322 0.15347299192239983 308
1627564156390 0.15339741986155828 309
1627564156442 0.15332152277239802 310
1627564156512 0.15323865022080244 311
1627564156573 0.15316476664044917 312
1627564156636 0.15309340026285934 313
1627564156694 0.15301070325998245 314
1627564156769 0.15293144908224923 315
1627564156833 0.1528464306760513 316
1627564156892 0.15276265583200244 317
1627564156949 0.15267975029842357 318
1627564157011 0.15259621535375462 319
1627564157069 0.15251404825082926 320
1627564157145 0.15240655265129296 321
1627564157197 0.15231964276211232 322
1627564157277 0.15218335543023248 323
1627564157346 0.1521053221687986 324
1627564157409 0.15202096514221491 325
1627564157468 0.15192528052890328 326
1627564157537 0.1518447369425679 327
1627564157603 0.15176647639233284 328
1627564157677 0.15168565763676045 329
1627564157731 0.15162228787925605 330
1627564157786 0.15155397522318684 331
1627564157871 0.15582965012119543 332
1627564161897 0.5098071750250001 0
1627564162041 0.4703600739729907 1
1627564162176 0.4355069084286223 2
1627564162340 0.40490892354442215 3
1627564162488 0.37802560311719263 4
1627564162616 0.3545653371598584 5
1627564162741 0.33425429967344095 6
1627564162870 0.31670831418503254 7
1627564162986 0.3015700110436945 8
1627564163110 0.28850849700277237 9
1627564163231 0.2772273200164958 10
1627564163345 0.267618573227558 11
1627564163456 0.2593268889384428 12
1627564163569 0.25237117886999644 13
1627564163675 0.24636331723608262 14
1627564163779 0.24130268161978474 15
1627564163889 0.2369849198516419 16
1627564164002 0.2333893760814738 17
1627564164117 0.23031185911086346 18
1627564164224 0.2275507726249498 19
1627564164329 0.22510217136841568 20
1627564164436 0.22311721467275863 21
1627564164555 0.22136539134732638 22
1627564164669 0.21961966721516785 23
1627564164772 0.2179979908050718 24
1627564164877 0.21681559352742846 25
1627564164996 0.21559679418517497 26
1627564165107 0.21453925723181486 27
1627564165255 0.21359574547537163 28
1627564165349 0.21263662679468495 29
1627564165448 0.21169335639933082 30
1627564165544 0.21096154531755124 31
1627564165646 0.21011603382387892 32
1627564165738 0.20942136334482844 33
1627564165836 0.20873552635864603 34
1627564165938 0.20785825852028122 35
1627564166036 0.20687906744861354 36
1627564166148 0.20593351355513065 37
1627564166247 0.20538166331287727 38
1627564166337 0.20483710019386764 39
1627564166422 0.2043629272146135 40
1627564166515 0.20350423878085777 41
1627564166603 0.20299659270786252 42
1627564166696 0.2023311699404906 43
1627564166796 0.2018917692987773 44
1627564166876 0.20153660086085293 45
1627564166974 0.2006325966640745 46
1627564167069 0.19972345890549187 47
1627564167160 0.19921168578174284 48
1627564167261 0.1987183384693061 49
1627564167358 0.1978575424605605 50
1627564167448 0.19753471606733616 51
1627564167538 0.19714789891017603 52
1627564167654 0.1963627533799631 53
1627564167755 0.19599628025515312 54
1627564167853 0.1954928261471968 55
1627564167947 0.19503975420772193 56
1627564168033 0.19471299802441935 57
1627564168123 0.19440814227558775 58
1627564168213 0.19410267170792933 59
1627564168299 0.19379763449897247 60
1627564168404 0.193446086947301 61
1627564168493 0.19318304295862498 62
1627564168596 0.1927965553992286 63
1627564168696 0.1923319642561258 64
1627564168793 0.19170699902589383 65
1627564168878 0.19143816458936436 66
1627564168974 0.19096278250128715 67
1627564169074 0.19043217815015234 68
1627564169176 0.18994082125459383 69
1627564169290 0.18967945225030902 70
1627564169390 0.18925727414543952 71
1627564169482 0.18901204640521435 72
1627564169573 0.18875504420499473 73
1627564169665 0.18851650740333734 74
1627564169787 0.1882862881827304 75
1627564169871 0.1880661618316115 76
1627564169954 0.18782173636032518 77
1627564170064 0.1873588695959562 78
1627564170149 0.18713098181700386 79
1627564170259 0.1865623446652278 80
1627564170394 0.18624154166263 81
1627564170553 0.18599774208536604 82
1627564170674 0.18567970357332977 83
1627564170778 0.185114876723029 84
1627564170896 0.18489745428858648 85
1627564170983 0.1846501303231786 86
1627564171072 0.18434488124320303 87
1627564171173 0.18395735540899166 88
1627564171251 0.18373563665910295 89
1627564171332 0.18351439268778275 90
1627564171440 0.18330554384246045 91
1627564171542 0.18309592226066626 92
1627564171663 0.1828747118871198 93
1627564171759 0.18268522872904458 94
1627564171902 0.18224876634250362 95
1627564171990 0.18205438953383063 96
1627564172102 0.18187054615998335 97
1627564172200 0.1816675439030093 98
1627564172321 0.1812808679186343 99
1627564172426 0.18108398806277473 100
1627564172518 0.1808333217696621 101
1627564172588 0.18064429599445334 102
1627564172668 0.18044190187079848 103
1627564172747 0.18026428550289922 104
1627564172835 0.1800791965081824 105
1627564172964 0.1797483797814473 106
1627564173036 0.17954959051829308 107
1627564173122 0.1793163158612378 108
1627564173203 0.17913922796094386 109
1627564173301 0.17879570547499005 110
1627564173388 0.17861311825354112 111
1627564173460 0.17845563335573583 112
1627564173552 0.17821862535347657 113
1627564173646 0.17796529242513717 114
1627564173730 0.17775659908113636 115
1627564173799 0.177584677753117 116
1627564173886 0.17737931435491117 117
1627564173967 0.17720417609444591 118
1627564174061 0.17699781509157184 119
1627564174137 0.17681104966078806 120
1627564174222 0.17664825851303043 121
1627564174306 0.17643818872734765 122
1627564174399 0.1762757696499452 123
1627564174495 0.17598528855165885 124
1627564174586 0.17582924859513185 125
1627564174664 0.1756778500384071 126
1627564174744 0.17544963452303464 127
1627564174839 0.17520579370832906 128
1627564174935 0.17497502074114607 129
1627564175034 0.17480139507333084 130
1627564175119 0.1745939150765005 131
1627564175217 0.1743488086999074 132
1627564175293 0.17419873473577802 133
1627564175390 0.17402344664756145 134
1627564175483 0.1738641031948228 135
1627564175563 0.1737173106328321 136
1627564175629 0.17357196271422906 137
1627564175704 0.17341505378199149 138
1627564175783 0.17325414475805007 139
1627564175874 0.17306837349490056 140
1627564175947 0.1729399840161469 141
1627564176021 0.17277714975013472 142
1627564176104 0.17264139799318987 143
1627564176185 0.17248655695783718 144
1627564176245 0.17234427161511504 145
1627564176323 0.1722176572961836 146
1627564176403 0.1720245625872125 147
1627564176484 0.1718845075863084 148
1627564176589 0.17175529551841243 149
1627564176673 0.1716322484768914 150
1627564176750 0.17150621553093137 151
1627564176851 0.17138158354073077 152
1627564176929 0.17123763384269278 153
1627564177009 0.1710871465767841 154
1627564177094 0.17094563718153927 155
1627564177180 0.1708066953923314 156
1627564177249 0.17067248830957088 157
1627564177323 0.17053940558730235 158
1627564177407 0.17041824467937783 159
1627564177535 0.17018810439810328 160
1627564177620 0.17005442744764196 161
1627564177697 0.1699352125852175 162
1627564177804 0.1696425930134305 163
1627564177900 0.16950755185554153 164
1627564177972 0.16937934871893084 165
1627564178059 0.16918602079079645 166
1627564178121 0.16908729253538485 167
1627564178175 0.1689873748683036 168
1627564178237 0.16885923481680395 169
1627564178314 0.16872504486686246 170
1627564178387 0.168587759813285 171
1627564178457 0.1684659922690758 172
1627564178529 0.1683409137853012 173
1627564178623 0.1682214600048196 174
1627564178688 0.16810229530235365 175
1627564178766 0.16796872096037144 176
1627564178844 0.1678471615816205 177
1627564178928 0.16771215724809707 178
1627564179035 0.16758536084164127 179
1627564179104 0.16745654177208905 180
1627564179176 0.16733351824706352 181
1627564179249 0.16722414505864042 182
1627564179351 0.16702872663322488 183
1627564179437 0.16688001486304688 184
1627564179517 0.16676628242004268 185
1627564179589 0.16664195714505298 186
1627564179661 0.1665203200264828 187
1627564179723 0.16642272274279823 188
1627564179786 0.1663131595386427 189
1627564179890 0.16608839195752856 190
1627564179960 0.16598578447889803 191
1627564180027 0.16586297905467193 192
1627564180105 0.1657189508116363 193
1627564180170 0.1656107925996779 194
1627564180247 0.16550501873985787 195
1627564180319 0.1653998193226596 196
1627564180461 0.1652142237388505 197
1627564180577 0.16506636548664555 198
1627564180659 0.16494543871461576 199
1627564180755 0.1648009140396289 200
1627564180808 0.1646990489784484 201
1627564180869 0.16459087816726067 202
1627564180943 0.16446268455930316 203
1627564180994 0.16435125449786833 204
1627564181033 0.1642311096486161 205
1627564181078 0.16411925060467883 206
1627564181115 0.16401960074261274 207
1627564181170 0.16383452997985523 208
1627564181201 0.1637393947120402 209
1627564181245 0.1636227103912401 210
1627564181297 0.16342638154525527 211
1627564181332 0.16331642761833254 212
1627564181368 0.16322653151807304 213
1627564181409 0.16311104610705382 214
1627564181455 0.16300068554681985 215
1627564181495 0.1628989357127949 216
1627564181530 0.16278785027853268 217
1627564181572 0.1626623994767058 218
1627564181614 0.16253640474873007 219
1627564181662 0.16241704728414222 220
1627564181699 0.1623011067632877 221
1627564181729 0.16221147344785447 222
1627564181769 0.1621074952402853 223
1627564181809 0.16200542337226864 224
1627564181847 0.16190149170862572 225
1627564181878 0.16181343323800265 226
1627564181906 0.1617186904810483 227
1627564181945 0.1616068542267426 228
1627564181975 0.1615279641830123 229
1627564182013 0.16142768419184042 230
1627564182042 0.16134394831907997 231
1627564182094 0.16122519369041072 232
1627564182128 0.16114292916523998 233
1627564182168 0.16104940713227953 234
1627564182202 0.16096098167895478 235
1627564182238 0.1608702917115139 236
1627564182271 0.1607807990212886 237
1627564182318 0.16065868621607468 238
1627564182350 0.1605621604141002 239
1627564182398 0.1604540743526393 240
1627564182431 0.16034864680227864 241
1627564182468 0.16024115715278653 242
1627564182508 0.16015431978642208 243
1627564182539 0.16007056416831658 244
1627564182583 0.15996752273200243 245
1627564182618 0.15986676188641832 246
1627564182651 0.15977139325593046 247
1627564182679 0.15967495887126534 248
1627564182718 0.1595802950421506 249
1627564182794 0.15944914732371654 250
1627564182856 0.15935595550196005 251
1627564182912 0.1592655832177791 252
1627564182977 0.1591672338438451 253
1627564183036 0.1590728220358071 254
1627564183071 0.15896704380039223 255
1627564183116 0.15883925773412544 256
1627564183146 0.15876158179299968 257
1627564183195 0.15862807037733265 258
1627564183253 0.15846247966642643 259
1627564183288 0.1583608483428876 260
1627564183323 0.158271545534436 261
1627564183356 0.1581917373670621 262
1627564183397 0.15810217023546008 263
1627564183437 0.15800738092749347 264
1627564183482 0.15787746664205937 265
1627564183530 0.15771367695162997 266
1627564183571 0.15762034007992876 267
1627564183601 0.15752878285976205 268
1627564183630 0.15743734145480948 269
1627564183666 0.15735556218170957 270
1627564183700 0.1572711863771161 271
1627564183741 0.1571796635311862 272
1627564183775 0.1570928482803579 273
1627564183812 0.15700464772891076 274
1627564183852 0.15690815703128755 275
1627564183893 0.15680152609727255 276
1627564183933 0.1567041325542374 277
1627564183980 0.15658318786953218 278
1627564184018 0.1565017581057084 279
1627564184051 0.15641232399129834 280
1627564184085 0.15633491977462796 281
1627564184122 0.15624898772181922 282
1627564184163 0.15615436442525596 283
1627564184202 0.15606081261463736 284
1627564184239 0.15596208209787416 285
1627564184282 0.15585212282577712 286
1627564184317 0.15576623183314078 287
1627564184357 0.15567023059312843 288
1627564184397 0.15556710739560822 289
1627564184441 0.15547523876579533 290
1627564184482 0.1553821469564166 291
1627564184518 0.15530094424588978 292
1627564184554 0.1552150676188169 293
1627564184582 0.15513163802086857 294
1627564184621 0.15503773985493227 295
1627564184675 0.154904232500751 296
1627564184720 0.15481376409436978 297
1627564184815 0.15472086507462235 298
1627564184895 0.1546378353374529 299
1627564184966 0.15455843694892235 300
1627564185027 0.15447613778929487 301
1627564185106 0.1543922131828703 302
1627564185169 0.1543143905355048 303
1627564185241 0.15421570264848014 304
1627564185312 0.15412621768017448 305
1627564185371 0.15406289751980837 306
1627564185442 0.15397558127745117 307
1627564185529 0.15389318027870877 308
1627564185657 0.1537546684757066 309
1627564185758 0.15365877916593382 310
1627564185853 0.15358708458014048 311
1627564185941 0.15352242399535893 312
1627564186029 0.15343112233860207 313
1627564186116 0.15333551122722455 314
1627564186227 0.15324383835760313 315
1627564186309 0.15313681991852077 316
1627564186373 0.15304538554910865 317
1627564186440 0.15295420228500076 318
1627564186497 0.15288478845625414 319
1627564186552 0.15280379514530723 320
1627564186619 0.1527240215564625 321
1627564186678 0.1526374501496302 322
1627564186734 0.15257154863699637 323
1627564186813 0.15249083340122002 324
1627564186891 0.15241474831511834 325
1627564186951 0.15232907347895047 326
1627564187006 0.1522568776797363 327
1627564187086 0.15217294205969734 328
1627564187145 0.15208399222267457 329
1627564187214 0.1520003558294984 330
1627564187270 0.15191687553558214 331
1627564187325 0.1518332149864584 332
1627564187388 0.15174634945180243 333
1627564187453 0.15165605460730364 334
1627564187527 0.1515475867518303 335
1627564187582 0.1514664173832233 336
1627564187636 0.15138289781391015 337
1627564187709 0.15130602458672393 338
1627564187810 0.15122309863192168 339
1627564187886 0.15114583705104154 340
1627564188013 0.15104802889650373 341
1627564188089 0.15097491929630943 342
1627564188157 0.15089903848961767 343
1627564188250 0.15082163438205307 344
1627564188322 0.15074330799362437 345
1627564188389 0.15066442110079178 346
1627564188463 0.15057246443649197 347
1627564188524 0.15048906238770818 348
1627564188581 0.15040508318678644 349
1627564188676 0.1503250391130803 350
1627564188746 0.15024648439428653 351
1627564188833 0.1501465527110026 352
1627564188944 0.15003832377884463 353
1627564189021 0.14995310066892384 354
1627564189088 0.14987887458353055 355
1627564189151 0.14980159949638772 356
1627564189215 0.14971727190677572 357
1627564189270 0.14966190284435665 358
1627564189324 0.1495829952321089 359
1627564189385 0.14950737239432269 360
1627564189462 0.1494336096488929 361
1627564189515 0.1493714628679979 362
1627564189566 0.14928427341381653 363
1627564189612 0.14921800584241884 364
1627564189713 0.14914594260081296 365
1627564189790 0.14907025724508413 366
1627564189854 0.14900523838525978 367
1627564189917 0.14893059548473186 368
1627564189977 0.14885478648577746 369
1627564190031 0.14877242801701135 370
1627564190088 0.14868708411365883 371
1627564190150 0.14861647802680966 372
1627564190205 0.14855478309409012 373
1627564190276 0.14847825424479613 374
1627564190333 0.1484123753688871 375
1627564190397 0.14834324758865633 376
1627564190455 0.1482857959583517 377
1627564190506 0.14821107302741343 378
1627564190584 0.15217294205969734 379
