1627564035110 0.001098835596662687 0
1627564035289 0.0010137999827703908 1
1627564035433 0.0009385499808782247 2
1627564035553 0.0008724681959008553 3
1627564035675 0.0008143286867990185 4
1627564035800 0.000763852557416912 5
1627564035924 0.0007200987283086773 6
1627564036042 0.0006823192068580747 7
1627564036193 0.0006498256618765306 8
1627564036319 0.0006216863408801287 9
1627564036436 0.0005973212536089003 10
1627564036562 0.0005765892813051717 11
1627564036703 0.0005587760156815923 12
1627564036832 0.0005437086932586862 13
1627564036962 0.0005306743760870781 14
1627564037071 0.0005199154146302671 15
1627564037185 0.0005105027228378262 16
1627564037299 0.000502763839199824 17
1627564037410 0.0004961739999021168 18
1627564037546 0.0004900863035786448 19
1627564037644 0.0004848815578548618 20
1627564037742 0.0004804525734980139 21
1627564037891 0.0004767255883180557 22
1627564038002 0.0004730447000138098 23
1627564038102 0.0004697523427485867 24
1627564038200 0.00046708393580938287 25
1627564038296 0.0004647058873917298 26
1627564038394 0.0004625805215241617 27
1627564038493 0.0004604820702272679 28
1627564038585 0.0004581933188665143 29
1627564038681 0.00045627403526654267 30
1627564038794 0.00045440292204661453 31
1627564038879 0.0004526974649889322 32
1627564038977 0.00045105401739928454 33
1627564039069 0.00044966420787619804 34
1627564039189 0.0004480541406149146 35
1627564039276 0.000445961354037152 36
1627564039398 0.0004443027482339461 37
1627564039495 0.00044317313633446324 38
1627564039601 0.00044108735731446545 39
1627564039684 0.0004401597161872287 40
1627564039774 0.00043825496987702104 41
1627564039860 0.000436939738646512 42
1627564039951 0.00043576866625106377 43
1627564040050 0.00043453938373151733 44
1627564040136 0.0004336026839909933 45
1627564040243 0.0004321866462821484 46
1627564040380 0.0004298789324195093 47
1627564040469 0.00042920272825323376 48
1627564040600 0.0004279338688001909 49
1627564040714 0.0004269117030248747 50
1627564040801 0.0004262193496648682 51
1627564040894 0.00042549062055441194 52
1627564040990 0.0004237427284331447 53
1627564041079 0.0004225112156463773 54
1627564041165 0.0004218106154108612 55
1627564041256 0.00042107546102898466 56
1627564041344 0.0004203428187941456 57
1627564041449 0.00041875317683170245 58
1627564041542 0.0004180983890634572 59
1627564041624 0.0004174658906875601 60
1627564041719 0.0004158573413607767 61
1627564041815 0.000415286778203338 62
1627564041893 0.00041473850424825914 63
1627564041991 0.00041346625689755144 64
1627564042088 0.00041205645091756837 65
1627564042188 0.00041133053535680474 66
1627564042320 0.0004101867914276973 67
1627564042433 0.0004088347760250334 68
1627564042530 0.0004081788568829523 69
1627564042646 0.0004076273793379089 70
1627564042740 0.0004067614655477193 71
1627564042813 0.0004062496247278828 72
1627564042904 0.00040573782179784677 73
1627564042991 0.00040516556826748144 74
1627564043079 0.00040415164273635936 75
1627564043167 0.00040357919444550337 76
1627564043244 0.00040306301445360243 77
1627564043320 0.0004025984419347078 78
1627564043408 0.000402083246756783 79
1627564043506 0.0004015022184433804 80
1627564043600 0.00040103002539403445 81
1627564043706 0.0004001806028016136 82
1627564043813 0.0003997508831769072 83
1627564043888 0.00039929695119140336 84
1627564044003 0.0003987935213067861 85
1627564044096 0.0003983075279795763 86
1627564044182 0.0003978772850723479 87
1627564044273 0.0003971795733967013 88
1627564044362 0.00039670030726749464 89
1627564044451 0.00039595981256153215 90
1627564044539 0.000395254928958248 91
1627564044616 0.00039481781405836515 92
1627564044710 0.0003938590977629661 93
1627564044792 0.00039339522623986316 94
1627564044879 0.00039286908572549426 95
1627564044962 0.0003924103478918741 96
1627564045040 0.0003920267860478476 97
1627564045137 0.0003916255290954435 98
1627564045234 0.0003906627792151271 99
1627564045358 0.0003898021856077597 100
1627564045455 0.00038940311865612 101
1627564045545 0.00038870510833034896 102
1627564045656 0.0003878686910651083 103
1627564045738 0.00038746398477901436 104
1627564045848 0.0003866964427409446 105
1627564045954 0.0003862965218933289 106
1627564046041 0.00038591637070035126 107
1627564046129 0.00038549948392010145 108
1627564046220 0.0003848614671879737 109
1627564046300 0.0003843526545101972 110
1627564046389 0.0003839511134670117 111
1627564046508 0.00038361851991216346 112
1627564046599 0.00038325335536009737 113
1627564046676 0.0003829124713111135 114
1627564046764 0.00038235412221646054 115
1627564046884 0.00038196776382294276 116
1627564047022 0.0003815346767369839 117
1627564047138 0.0003811354226925412 118
1627564047233 0.0003805903751609221 119
1627564047323 0.00038023220123340384 120
1627564047393 0.00037988176540402525 121
1627564047478 0.00037950819522933007 122
1627564047623 0.00037915647488870736 123
1627564047713 0.0003788691025851194 124
1627564047805 0.000378532929814515 125
1627564047897 0.00037805151466652366 126
1627564047994 0.00037751960757834396 127
1627564048099 0.0003771825432047072 128
1627564048168 0.0003768545577149883 129
1627564048247 0.0003765222573122943 130
1627564048341 0.00037585255859054874 131
1627564048424 0.0003753687777196473 132
1627564048501 0.0003750215923287194 133
1627564048575 0.0003747127053812466 134
1627564048643 0.00037439358307043736 135
1627564048725 0.00037398808989394955 136
1627564048807 0.00037363728959770054 137
1627564048867 0.0003733456084313155 138
1627564048939 0.0003730236992460867 139
1627564049016 0.0003726959958291762 140
1627564049091 0.00037242393740325705 141
1627564049186 0.00037196871673108786 142
1627564049260 0.00037165048563461635 143
1627564049340 0.00037131795858953064 144
1627564049419 0.00037100007851922 145
1627564049546 0.0003703927769705127 146
1627564049623 0.0003700349486105342 147
1627564049702 0.00036973503419673485 148
1627564049772 0.0003694287648860704 149
1627564049856 0.0003691285428726795 150
1627564049929 0.0003687525388588905 151
1627564050016 0.0003684408297059235 152
1627564050093 0.00036815818517560466 153
1627564050164 0.00036790981497988954 154
1627564050243 0.00036762344593321616 155
1627564050316 0.00036735431153343297 156
1627564050389 0.0003670079083976199 157
1627564050467 0.00036670738974053924 158
1627564050526 0.0003664199122183019 159
1627564050592 0.0003661713931446472 160
1627564050653 0.00036591709622153524 161
1627564050728 0.00036559373810630746 162
1627564050779 0.00036538377935422405 163
1627564050853 0.00036508280061275315 164
1627564050967 0.0003647579271526594 165
1627564051045 0.0003644622593992233 166
1627564051150 0.00036416882768124944 167
1627564051301 0.00036364607536602014 168
1627564051376 0.0003633801984446633 169
1627564051432 0.0003631438789082964 170
1627564051491 0.00036291648162220465 171
1627564051577 0.0003624160077895773 172
1627564051650 0.00036214505357882174 173
1627564051733 0.0003617808362942777 174
1627564051806 0.00036150109681883915 175
1627564051868 0.00036122407599505085 176
1627564051939 0.0003609448425385328 177
1627564052009 0.00036064240327129434 178
1627564052071 0.0003603946296394485 179
1627564052130 0.00036013552214354675 180
1627564052190 0.0003598837383017849 181
1627564052269 0.00035952875743596987 182
1627564052345 0.0003592795953607003 183
1627564052400 0.00035901872084979013 184
1627564052479 0.0003587636974248467 185
1627564052554 0.00035849406735748835 186
1627564052634 0.0003582198250029447 187
1627564052712 0.00035795852970366723 188
1627564052793 0.0003576032480494277 189
1627564052897 0.0003573022544225018 190
1627564052957 0.00035706403879235 191
1627564053015 0.00035683693008226915 192
1627564053097 0.000356523921280153 193
1627564053160 0.00035628179607154875 194
1627564053216 0.00035603518312689433 195
1627564053290 0.0003558095698260461 196
1627564053350 0.00035560938634841556 197
1627564053421 0.00035531715436775075 198
1627564053505 0.000355063695673016 199
1627564053590 0.00035483122188750387 200
1627564053666 0.0003544677267470998 201
1627564053726 0.00035425265768816196 202
1627564053780 0.00035402988603505946 203
1627564053837 0.0003538059899952521 204
1627564053906 0.00035355456580226844 205
1627564053986 0.0003533241878033631 206
1627564054063 0.00035311262682813875 207
1627564054140 0.000352879805427025 208
1627564054219 0.00035263703323990155 209
1627564054293 0.00035237516330987386 210
1627564054367 0.0003520752276026075 211
1627564054439 0.00035183585988760583 212
1627564054519 0.0003515143061039896 213
1627564054606 0.0003512977887211515 214
1627564054677 0.00035106678215951037 215
1627564054756 0.000350827887684078 216
1627564054813 0.0003506303382932294 217
1627564054873 0.0003504308334986497 218
1627564054956 0.00035019589028771327 219
1627564055039 0.00034991905552264613 220
1627564055131 0.0003496890991530584 221
1627564055245 0.0003494224166085408 222
1627564055323 0.00034916427851705144 223
1627564055390 0.00034897029779770743 224
1627564055464 0.0003487426522795664 225
1627564055534 0.00034845556901200766 226
1627564055602 0.00034823498226016155 227
1627564055672 0.0003479994380879851 228
1627564055750 0.0003477646140062563 229
1627564055815 0.0003475313647514075 230
1627564055888 0.00034728898119157754 231
1627564055962 0.00034708903503360354 232
1627564056069 0.00034686888330063393 233
1627564056180 0.00034665867289405695 234
1627564056275 0.0003464516452440099 235
1627564056337 0.000346251557630512 236
1627564056407 0.0003460650839524827 237
1627564056506 0.00034587910409021025 238
1627564056557 0.0003456697737966173 239
1627564056635 0.0003454515994635861 240
1627564056726 0.00034520545145751185 241
1627564056825 0.00034499193178352263 242
1627564056887 0.000344833105097594 243
1627564056992 0.00034443330108330943 244
1627564057089 0.0003442078157232489 245
1627564057184 0.00034397662799080456 246
1627564057271 0.000343764197727578 247
1627564057373 0.0003435437852214121 248
1627564057443 0.0003433352534320455 249
1627564057533 0.000343058262999909 250
1627564057587 0.0003428471865782495 251
1627564057651 0.00034264973231193277 252
1627564057700 0.00034246736599259886 253
1627564057787 0.00034208232562408104 254
1627564057856 0.00034184309405369266 255
1627564057908 0.00034167802349687913 256
1627564057973 0.0003415004202256349 257
1627564058033 0.00034130901840070786 258
1627564058107 0.00034106811845160923 259
1627564058177 0.00034080743945425184 260
1627564058265 0.00034045455628960153 261
1627564058325 0.0003402795265249254 262
1627564058393 0.00034004824088052215 263
1627564058457 0.0003398402544216635 264
1627564058529 0.00033962585926358626 265
1627564058618 0.0003393899907746587 266
1627564058692 0.00033919716324401017 267
1627564058763 0.0003389769599700525 268
1627564058827 0.0003387763189783964 269
1627564058907 0.00033858524616780665 270
1627564058986 0.00033839343227204627 271
1627564059058 0.0003382033417026378 272
1627564059135 0.0003380168327808784 273
1627564059222 0.00033785120511967896 274
1627564059288 0.00033765393452122466 275
1627564059352 0.0003374598051544547 276
1627564059408 0.00033730427071048123 277
1627564059499 0.0003370153458024525 278
1627564059574 0.000336838051035814 279
1627564059652 0.000336654891258431 280
1627564059724 0.0003364648212224494 281
1627564059799 0.0003362590423348201 282
1627564059865 0.00033607256704333186 283
1627564059947 0.00033587282619621997 284
1627564060033 0.0003356763935066802 285
1627564060085 0.0003354906046438056 286
1627564060154 0.00033528543356694905 287
1627564060214 0.0003351205974590497 288
1627564060266 0.0003349627565069766 289
1627564060314 0.00033478095377618153 290
1627564060381 0.00033457909554276814 291
1627564060442 0.00033436225002987934 292
1627564060507 0.00033417093358341593 293
1627564060562 0.0003340065781577036 294
1627564060658 0.00033377662076904314 295
1627564060733 0.00033359253960804766 296
1627564060795 0.00033344071481687144 297
1627564060891 0.0003332144670536782 298
1627564060963 0.0003330212817916831 299
1627564061036 0.00033286864562741926 300
1627564061115 0.0003326264344693114 301
1627564061173 0.00033243494685153657 302
1627564061241 0.00033223817663206016 303
1627564061317 0.00033202860550268564 304
1627564061372 0.0003318492166030202 305
1627564061430 0.0003316572820957187 306
1627564061501 0.0003314881064420256 307
1627564061587 0.0003311900164259091 308
1627564061671 0.0003310188716503404 309
1627564061738 0.00033084362488717715 310
1627564061800 0.00033069039625278386 311
1627564061861 0.00033052169566517663 312
1627564061919 0.0003303473870819811 313
1627564061998 0.00034004824088052215 314
1627564066138 0.0010987396934119807 0
1627564066255 0.0010138680161847066 1
1627564066371 0.0009388459726110224 2
1627564066488 0.0008728641933500712 3
1627564066612 0.0008149739175017712 4
1627564066735 0.0007644778424958936 5
1627564066854 0.0007208216768682238 6
1627564066971 0.0006831256441059678 7
1627564067087 0.0006506233839135161 8
1627564067199 0.0006225727089178338 9
1627564067336 0.0005983355295585412 10
1627564067507 0.0005776938983378477 11
1627564067621 0.0005598707049799455 12
1627564067794 0.0005448615457675454 13
1627564067926 0.00053185399362279 14
1627564068061 0.0005209929439502262 15
1627564068176 0.0005116197672584378 16
1627564068289 0.0005038573712301918 17
1627564068397 0.0004972787987303311 18
1627564068505 0.0004912632440377013 19
1627564068604 0.0004860094565568513 20
1627564068706 0.0004816648063361706 21
1627564068808 0.00047793610164720453 22
1627564068907 0.0004739116391039605 23
1627564069006 0.0004707143730672649 24
1627564069100 0.00046801541484322066 25
1627564069199 0.0004655920765748663 26
1627564069304 0.00046333135734973426 27
1627564069412 0.00046143142154883587 28
1627564069523 0.00045939254932818936 29
1627564069653 0.00045751299511663214 30
1627564069751 0.0004559342569766391 31
1627564069854 0.0004543568919132917 32
1627564069948 0.00045316925194112417 33
1627564070042 0.0004515503125719254 34
1627564070167 0.0004501290747325739 35
1627564070268 0.0004479103587106984 36
1627564070377 0.00044600511536975246 37
1627564070480 0.00044447410172309716 38
1627564070580 0.0004428211224445256 39
1627564070670 0.0004417755938069953 40
1627564070761 0.0004400093150490403 41
1627564070869 0.0004380024137030627 42
1627564070962 0.000436296440051977 43
1627564071054 0.00043513650536684405 44
1627564071138 0.00043440158029962774 45
1627564071268 0.00043293788481944514 46
1627564071368 0.0004320452347143722 47
1627564071459 0.0004304871137054563 48
1627564071561 0.0004288054083033702 49
1627564071659 0.0004278235178307541 50
1627564071744 0.0004271741482460671 51
1627564071838 0.0004260487237352715 52
1627564071958 0.0004240996785993172 53
1627564072057 0.00042255780979436324 54
1627564072144 0.0004218436772228441 55
1627564072272 0.00042100119631905395 56
1627564072384 0.0004195468650661201 57
1627564072470 0.00041894054015031876 58
1627564072572 0.00041827577755078555 59
1627564072661 0.00041758785522230186 60
1627564072770 0.0004161343514303586 61
1627564072861 0.00041538654237376885 62
1627564072961 0.0004142448219897934 63
1627564073053 0.0004135660934438366 64
1627564073142 0.0004128823855563295 65
1627564073223 0.00041233353345765096 66
1627564073321 0.0004112559609529406 67
1627564073407 0.00041053090913755873 68
1627564073499 0.00040985443493408486 69
1627564073584 0.00040929227454550716 70
1627564073663 0.0004087172758833769 71
1627564073741 0.0004081917799119733 72
1627564073832 0.0004071410857923515 73
1627564073925 0.0004066413038403714 74
1627564074017 0.0004059888721734499 75
1627564074117 0.00040476615893626707 76
1627564074199 0.0004043029419595468 77
1627564074274 0.0004037931459772916 78
1627564074377 0.00040267511298136 79
1627564074471 0.00040196706039673355 80
1627564074564 0.0004011193528677694 81
1627564074653 0.00040064276732492776 82
1627564074741 0.00039992769157271094 83
1627564074828 0.000399430340335496 84
1627564074911 0.0003989738944329958 85
1627564075000 0.0003985314087052629 86
1627564075091 0.0003980718197720531 87
1627564075193 0.0003971752530939665 88
1627564075319 0.0003966863049631332 89
1627564075421 0.00039628777392256725 90
1627564075505 0.00039583733250062606 91
1627564075588 0.0003954183286947649 92
1627564075662 0.0003949609195669336 93
1627564075743 0.00039449406278695734 94
1627564075833 0.00039401270566913793 95
1627564075941 0.00039304360010067075 96
1627564076036 0.0003922176144439268 97
1627564076099 0.0003918333742651783 98
1627564076185 0.0003912413276097811 99
1627564076310 0.0003908094423852435 100
1627564076436 0.00039040866593775684 101
1627564076517 0.000390042627098504 102
1627564076586 0.00038963679603149084 103
1627564076663 0.0003892550237761599 104
1627564076760 0.0003884097592625386 105
1627564076830 0.0003879268105747246 106
1627564076904 0.00038755653579012256 107
1627564076979 0.00038716328788374976 108
1627564077074 0.00038643725074432943 109
1627564077149 0.0003860357224993901 110
1627564077231 0.000385662429864693 111
1627564077318 0.00038504816439106595 112
1627564077394 0.0003846013930836262 113
1627564077476 0.00038423574416694185 114
1627564077563 0.0003836097093369972 115
1627564077634 0.0003832611499384083 116
1627564077723 0.0003825800053476962 117
1627564077807 0.0003821853253316596 118
1627564077892 0.0003816074329386735 119
1627564077973 0.00038125028149523416 120
1627564078045 0.0003809093619075082 121
1627564078131 0.00038055159374795615 122
1627564078245 0.000379868677280585 123
1627564078341 0.00037950610405308635 124
1627564078451 0.00037914687509389846 125
1627564078532 0.0003787245183366613 126
1627564078597 0.00037840111319256583 127
1627564078675 0.00037808474425909147 128
1627564078743 0.0003777298846112432 129
1627564078816 0.0003774044792236852 130
1627564078903 0.0003769283934748387 131
1627564078988 0.0003765020481283341 132
1627564079058 0.00037616337778983685 133
1627564079141 0.0003758274020903522 134
1627564079211 0.0003754889428635039 135
1627564079290 0.00037516623222028436 136
1627564079366 0.00037483450326147383 137
1627564079444 0.00037450049839469 138
1627564079508 0.0003741743763675749 139
1627564079583 0.00037386184423782013 140
1627564079702 0.0003734527693625463 141
1627564079818 0.0003731228871978788 142
1627564079904 0.00037279896138860125 143
1627564080013 0.00037248129696417935 144
1627564080077 0.00037217633041791937 145
1627564080165 0.0003718693088157733 146
1627564080258 0.0003712273578494609 147
1627564080328 0.0003709301555467541 148
1627564080405 0.0003706485623093915 149
1627564080490 0.00037031020007325294 150
1627564080616 0.0003698394279455132 151
1627564080691 0.00036955476449013116 152
1627564080769 0.00036927229909178234 153
1627564080831 0.0003689743826083239 154
1627564080892 0.00036871564426502033 155
1627564080965 0.00036843522341799517 156
1627564081021 0.000368192770290849 157
1627564081091 0.0003679193548677204 158
1627564081171 0.00036761253948627197 159
1627564081248 0.00036733739709055973 160
1627564081353 0.0003670608410900764 161
1627564081431 0.00036675242304927825 162
1627564081506 0.0003664844893475715 163
1627564081590 0.00036618827090751987 164
1627564081659 0.0003658764319192133 165
1627564081728 0.00036560659384928294 166
1627564081822 0.00036509499669720166 167
1627564081877 0.0003648786443677977 168
1627564081943 0.0003645973796822329 169
1627564082014 0.00036431040047724025 170
1627564082073 0.0003640561454723497 171
1627564082140 0.0003637815534104237 172
1627564082217 0.00036347912072486597 173
1627564082290 0.0003632081685917663 174
1627564082356 0.00036296811300586766 175
1627564082437 0.00036262793889563585 176
1627564082522 0.00036234347021441645 177
1627564082581 0.0003621316003059955 178
1627564082639 0.0003619019822255921 179
1627564082711 0.00036164407316653934 180
1627564082793 0.00036128361197825166 181
1627564082880 0.00036087238749060165 182
1627564082948 0.00036063987840477324 183
1627564083044 0.00036021014672667624 184
1627564083118 0.0003599375168986059 185
1627564083208 0.00035964346888435765 186
1627564083319 0.00035935350379137307 187
1627564083429 0.00035909298327089497 188
1627564083521 0.00035868436938104226 189
1627564083583 0.00035846000591801446 190
1627564083679 0.0003579636427136583 191
1627564083772 0.0003576785427980878 192
1627564083850 0.00035741769657613814 193
1627564083916 0.0003571598874507536 194
1627564083976 0.0003569395328782858 195
1627564084083 0.00035650570542578865 196
1627564084151 0.0003562322242029716 197
1627564084217 0.0003559484809765993 198
1627564084284 0.0003557134343108263 199
1627564084369 0.0003554854385586508 200
1627564084434 0.0003552247863735504 201
1627564084509 0.0003549942863365427 202
1627564084563 0.00035478370010084975 203
1627564084628 0.00035455558038708496 204
1627564084699 0.00035430730371808486 205
1627564084769 0.0003540526610441936 206
1627564084835 0.00035384190370549653 207
1627564084914 0.00035359622717641057 208
1627564084988 0.00035335129686549487 209
1627564085039 0.0003531593489313281 210
1627564085110 0.00035292786121573713 211
1627564085179 0.0003527003364432368 212
1627564085267 0.0003524718274856735 213
1627564085362 0.0003522430231145303 214
1627564085461 0.0003520385551958498 215
1627564085547 0.0003518373378509103 216
1627564085614 0.000351634928538765 217
1627564085686 0.00035138508201699623 218
1627564085752 0.00035114246607294053 219
1627564085833 0.00035082459934792905 220
1627564085887 0.0003506220072831209 221
1627564085947 0.000350424077977513 222
1627564086001 0.0003502193752547507 223
1627564086054 0.00034999540162340443 224
1627564086112 0.0003497975977319197 225
1627564086170 0.00034956945040068955 226
1627564086245 0.0003493153933252973 227
1627564086307 0.0003490975445372454 228
1627564086409 0.0003488869511859513 229
1627564086481 0.0003486544739842726 230
1627564086543 0.0003484502311150249 231
1627564086600 0.0003482735856767583 232
1627564086698 0.00034800366738329614 233
1627564086780 0.0003477945245645976 234
1627564086844 0.0003475631866399725 235
1627564086928 0.0003473559597166442 236
1627564086992 0.00034715322701058145 237
1627564087057 0.00034696029332365855 238
1627564087129 0.00034673555760135694 239
1627564087196 0.0003465504633225267 240
1627564087269 0.00034629745602425115 241
1627564087340 0.0003460566177122131 242
1627564087409 0.0003458535862476781 243
1627564087460 0.0003456833846635816 244
1627564087521 0.00034549395866116 245
1627564087581 0.0003452754832444024 246
1627564087637 0.0003450921708560523 247
1627564087705 0.000344880095944177 248
1627564087754 0.00034468008790125473 249
1627564087830 0.00034450289228003355 250
1627564087890 0.00034427617586700647 251
1627564087953 0.0003440509178848149 252
1627564088021 0.00034382090611770485 253
1627564088107 0.0003435058206284843 254
1627564088173 0.00034325973196845736 255
1627564088224 0.0003430998228792418 256
1627564088311 0.00034282976763900955 257
1627564088403 0.0003426196892445508 258
1627564088476 0.0003424112060061716 259
1627564088555 0.0003421688319697579 260
1627564088634 0.000341903170975945 261
1627564088748 0.00034169257178432485 262
1627564088851 0.00034148428364040004 263
1627564088912 0.0003413018052500213 264
1627564088978 0.0003411084109102532 265
1627564089072 0.0003407814112905896 266
1627564089140 0.00034058989991535917 267
1627564089215 0.0003403377979975711 268
1627564089291 0.00034011294025897544 269
1627564089353 0.00033993982379954565 270
1627564089422 0.00033974225841607215 271
1627564089481 0.0003395766222722964 272
1627564089540 0.00033937080679543447 273
1627564089614 0.00033917693332206704 274
1627564089671 0.0003390270902049498 275
1627564089737 0.0003388509438566018 276
1627564089803 0.0003386538688786595 277
1627564089873 0.0003384302394529392 278
1627564089946 0.0003381942071451392 279
1627564090017 0.0003379484374072231 280
1627564090082 0.0003377657759391303 281
1627564090170 0.0003375476296136015 282
1627564090238 0.0003373338557089801 283
1627564090299 0.00033713231684465714 284
1627564090388 0.0003369287436548474 285
1627564090518 0.000336638543306927 286
1627564090601 0.000336452297855085 287
1627564090656 0.00033627069950268164 288
1627564090759 0.00033607465107956966 289
1627564090841 0.000335922209975901 290
1627564090915 0.0003356581878536074 291
1627564090967 0.0003355133855206701 292
1627564091022 0.0003353538004661022 293
1627564091087 0.0003351414743597552 294
1627564091165 0.00033486309193529745 295
1627564091221 0.0003346748094643074 296
1627564091284 0.00033448306413438417 297
1627564091344 0.00033429250423553725 298
1627564091423 0.00033412402230197005 299
1627564091495 0.00033394177026342653 300
1627564091552 0.00033378515961585094 301
1627564091604 0.00033363201031948327 302
1627564091699 0.000333440845550319 303
1627564091754 0.00033328093786086024 304
1627564091838 0.0003330755536229595 305
1627564091894 0.00033289629176499905 306
1627564091958 0.00033273223625444296 307
1627564092016 0.0003325708464718003 308
1627564092100 0.0003322896181667939 309
1627564092156 0.0003321261004657972 310
1627564092208 0.00033196834432650847 311
1627564092269 0.00033181218173069236 312
1627564092350 0.00033164188148439213 313
1627564092407 0.00033145463759980305 314
1627564092474 0.000331276466349704 315
1627564092544 0.0003310712700641574 316
1627564092604 0.0003308683100719358 317
1627564092660 0.0003306938105058342 318
1627564092727 0.00033051014195217186 319
1627564092784 0.0003303225893048667 320
1627564092840 0.0003301356656377594 321
1627564092896 0.0003299589092391219 322
1627564092964 0.00032978270535007423 323
1627564093008 0.00032961543495425876 324
1627564093075 0.000329430074307968 325
1627564093138 0.0003292422780739665 326
1627564093217 0.0003290610701001745 327
1627564093284 0.00032892067277842847 328
1627564093338 0.0003287589951916559 329
1627564093399 0.0003285885270014162 330
1627564093454 0.0003284123681666174 331
1627564093507 0.0003282649918271684 332
1627564093564 0.00032809246107352456 333
1627564093637 0.0003279017985425379 334
1627564093700 0.0003277329627587156 335
1627564093768 0.00032752142777532823 336
1627564093815 0.0003273624670528257 337
1627564093893 0.0003271837345694178 338
1627564093960 0.00032701937421318454 339
1627564094015 0.00032685512843238465 340
1627564094069 0.0003267146698334706 341
1627564094121 0.00032655551173854105 342
1627564094177 0.000326376723576691 343
1627564094232 0.00032625068662379665 344
1627564094318 0.0003260974517769664 345
1627564094401 0.00033486309193529745 346
1627564098549 0.0010995911969476388 0
1627564098712 0.001014400990976218 1
1627564098831 0.0009392220241623645 2
1627564098951 0.0008730597325598451 3
1627564099073 0.0008149645959655062 4
1627564099199 0.000764587470287415 5
1627564099319 0.0007207700958271472 6
1627564099438 0.0006830167237238675 7
1627564099560 0.0006504125825434581 8
1627564099678 0.000622393104421237 9
1627564099794 0.0005980351908677659 10
1627564099909 0.0005773680299115307 11
1627564100019 0.0005594394662268639 12
1627564100167 0.000544278678829374 13
1627564100293 0.0005313109477442572 14
1627564100401 0.0005204004374276676 15
1627564100513 0.0005111859146304365 16
1627564100621 0.0005033813650961621 17
1627564100747 0.0004967380853750687 18
1627564100852 0.0004905338599696606 19
1627564100957 0.00048546977936791795 20
1627564101060 0.0004811399455923983 21
1627564101166 0.00047751019631615534 22
1627564101264 0.0004740544424141886 23
1627564101365 0.0004707963599266169 24
1627564101466 0.00046808703781660126 25
1627564101564 0.0004653131289696088 26
1627564101667 0.0004628389483443482 27
1627564101777 0.00046082870383926534 28
1627564101914 0.00045858028045869234 29
1627564102012 0.00045652499349933075 30
1627564102111 0.0004550033950726004 31
1627564102211 0.0004533820891950067 32
1627564102317 0.0004518034785390365 33
1627564102408 0.00045056573093275117 34
1627564102495 0.0004490637342705498 35
1627564102593 0.0004471969871390281 36
1627564102729 0.0004457921620225761 37
1627564102843 0.00044435947376119647 38
1627564102973 0.00044294627428680903 39
1627564103100 0.00044192581603121235 40
1627564103220 0.0004403478095145758 41
1627564103363 0.0004384536200429708 42
1627564103468 0.00043706969303890144 43
1627564103559 0.000435685943756237 44
1627564103668 0.00043440926573009274 45
1627564103758 0.0004328705587710458 46
1627564103877 0.0004312821095390952 47
1627564104003 0.00043032360516499584 48
1627564104143 0.00042949679570089013 49
1627564104277 0.00042798925760022943 50
1627564104378 0.0004272707972089814 51
1627564104466 0.000426084577495395 52
1627564104557 0.0004246504834279406 53
1627564104639 0.00042368399980150824 54
1627564104775 0.0004223212623977601 55
1627564104909 0.00042166449267811503 56
1627564105040 0.0004205141534888394 57
1627564105152 0.0004199594169846005 58
1627564105282 0.00041922510711506336 59
1627564105388 0.0004179432764404609 60
1627564105549 0.0004163061841608002 61
1627564105702 0.00041518828478113046 62
1627564105812 0.0004146157359749355 63
1627564105906 0.00041350989588841765 64
1627564105994 0.00041290659402798207 65
1627564106076 0.0004123373787186644 66
1627564106164 0.0004114755924079385 67
1627564106250 0.000410768372451856 68
1627564106336 0.00041021475443835115 69
1627564106430 0.0004096594739847562 70
1627564106517 0.00040906655376781397 71
1627564106624 0.00040775085017610244 72
1627564106713 0.0004071706767319406 73
1627564106798 0.0004065668738002653 74
1627564106894 0.0004060582915718372 75
1627564106971 0.0004055335694718834 76
1627564107064 0.0004044251656134965 77
1627564107141 0.00040396116345483695 78
1627564107233 0.0004028893465378012 79
1627564107320 0.00040218612254890507 80
1627564107405 0.00040150328099302913 81
1627564107492 0.000400991095872925 82
1627564107569 0.00040049774111133553 83
1627564107673 0.0003995951618714364 84
1627564107777 0.000398815992829313 85
1627564107852 0.0003983637056056332 86
1627564107944 0.0003976876578575273 87
1627564108029 0.0003972473549757663 88
1627564108114 0.00039677064779052257 89
1627564108190 0.0003963494817998651 90
1627564108289 0.0003958087647042634 91
1627564108405 0.0003947886138215923 92
1627564108511 0.0003938438745408666 93
1627564108589 0.0003934102639316508 94
1627564108677 0.000392813833319152 95
1627564108754 0.0003923943877490003 96
1627564108855 0.0003918296205277907 97
1627564108930 0.0003914052357228123 98
1627564109014 0.0003909578528177688 99
1627564109118 0.0003905364002269733 100
1627564109261 0.00039012504831654923 101
1627564109396 0.00038939470756677345 102
1627564109476 0.0003890041588367863 103
1627564109558 0.00038860469398820395 104
1627564109645 0.00038823350653362264 105
1627564109733 0.00038765281308548045 106
1627564109811 0.0003873060120829561 107
1627564109895 0.00038686844515584823 108
1627564109974 0.0003864267393333436 109
1627564110093 0.000385635292307295 110
1627564110176 0.0003851845971953199 111
1627564110253 0.0003848200155767584 112
1627564110327 0.0003843739315642068 113
1627564110409 0.00038387752786504835 114
1627564110497 0.0003833761681123642 115
1627564110573 0.00038298926799221997 116
1627564110652 0.0003826550887337935 117
1627564110722 0.00038228211129771476 118
1627564110799 0.0003819664776922178 119
1627564110925 0.0003814937307047788 120
1627564110999 0.00038113682319195505 121
1627564111072 0.00038076367819058865 122
1627564111154 0.0003803207855746918 123
1627564111233 0.0003800041266816487 124
1627564111304 0.0003796758989480597 125
1627564111383 0.00037934825900555615 126
1627564111482 0.0003787126145199271 127
1627564111557 0.00037837999651806195 128
1627564111622 0.0003780641374655589 129
1627564111709 0.0003776279996045383 130
1627564111806 0.00037729841596212047 131
1627564111893 0.00037673868570761086 132
1627564111961 0.0003764120243690528 133
1627564112032 0.00037609690226377473 134
1627564112104 0.00037574583745859794 135
1627564112177 0.0003754292100924144 136
1627564112260 0.0003751123372750833 137
1627564112338 0.00037470487261191633 138
1627564112434 0.0003744144070226717 139
1627564112549 0.00037410608116433385 140
1627564112689 0.00037373644934359033 141
1627564112755 0.00037342323725900433 142
1627564112819 0.0003731438470790158 143
1627564112956 0.00037266730591906626 144
1627564113026 0.000372385559438032 145
1627564113146 0.00037182256051952994 146
1627564113205 0.00037155117562362086 147
1627564113281 0.0003712227630384128 148
1627564113364 0.00037095330717863196 149
1627564113427 0.0003706724659844985 150
1627564113501 0.000370359942576126 151
1627564113565 0.00037008588904943794 152
1627564113624 0.00036981060590717056 153
1627564113683 0.0003695269189273562 154
1627564113743 0.0003693008670659826 155
1627564113818 0.0003690453637382837 156
1627564113905 0.00036858576957831123 157
1627564113981 0.00036828679674493837 158
1627564114049 0.0003679732900143201 159
1627564114121 0.0003676489508123778 160
1627564114176 0.0003674209707273021 161
1627564114242 0.0003671579461786527 162
1627564114320 0.0003666647393218285 163
1627564114402 0.0003663986298559764 164
1627564114498 0.0003661060178117444 165
1627564114581 0.00036574613811987824 166
1627564114657 0.00036544754696377676 167
1627564114727 0.0003652032405769703 168
1627564114806 0.0003649166911468323 169
1627564114870 0.00036461974314493985 170
1627564114932 0.0003643804364579327 171
1627564115013 0.0003640874021824941 172
1627564115081 0.0003638125651673722 173
1627564115157 0.0003634658955460916 174
1627564115240 0.00036310452517949706 175
1627564115294 0.00036285301943397977 176
1627564115363 0.0003625488906839979 177
1627564115430 0.0003622646324383309 178
1627564115514 0.00036187575319685303 179
1627564115585 0.00036161052296379055 180
1627564115661 0.0003613384690446266 181
1627564115734 0.00036108881183263093 182
1627564115819 0.0003608205591688944 183
1627564115912 0.00036049595486446393 184
1627564115976 0.0003602569555022906 185
1627564116063 0.00035984073176068004 186
1627564116125 0.0003595807464233459 187
1627564116181 0.0003593731641657343 188
1627564116259 0.0003589652131670079 189
1627564116312 0.00035875845111607834 190
1627564116376 0.0003585217911007152 191
1627564116446 0.0003582639440720784 192
1627564116526 0.00035800903412543144 193
1627564116588 0.00035777407542663585 194
1627564116664 0.00035742032059509616 195
1627564116726 0.00035719388604538345 196
1627564116818 0.0003569547575007748 197
1627564116910 0.0003567041800154295 198
1627564117009 0.00035647809930789033 199
1627564117136 0.0003562182743402679 200
1627564117200 0.0003559773044625532 201
1627564117273 0.0003557263698399847 202
1627564117342 0.0003554423828118602 203
1627564117443 0.00035519845002754933 204
1627564117516 0.0003549347838756858 205
1627564117594 0.000354729656542973 206
1627564117650 0.00035453337803774285 207
1627564117727 0.00035427396096779194 208
1627564117812 0.00035393332574152784 209
1627564117891 0.00035369527687785767 210
1627564117995 0.00035339900139478236 211
1627564118104 0.0003530283420484798 212
1627564118180 0.00035281092888610915 213
1627564118274 0.00035258073789259757 214
1627564118376 0.0003522140539674854 215
1627564118473 0.0003519796098194293 216
1627564118578 0.00035173135836785426 217
1627564118647 0.00035154663098647975 218
1627564118726 0.0003512807817552675 219
1627564118797 0.0003510498458199641 220
1627564118882 0.000350800929724741 221
1627564118969 0.000350574047974203 222
1627564119044 0.00035035351076677666 223
1627564119134 0.00035008017368460756 224
1627564119239 0.0003498732574995092 225
1627564119349 0.00034963760778821806 226
1627564119418 0.00034941854884967116 227
1627564119484 0.00034919513182741255 228
1627564119560 0.0003489757711793492 229
1627564119635 0.00034878137147960954 230
1627564119701 0.00034855191452114106 231
1627564119759 0.00034837894229564336 232
1627564119831 0.00034817723404139013 233
1627564119918 0.00034797732744379427 234
1627564119979 0.0003477475712318826 235
1627564120057 0.00034751630989803396 236
1627564120124 0.00034731020006805417 237
1627564120194 0.0003470426511822485 238
1627564120256 0.0003468262088016607 239
1627564120344 0.0003466134055730127 240
1627564120412 0.00034641975365581223 241
1627564120479 0.0003462030133345462 242
1627564120574 0.00034599901141274406 243
1627564120620 0.00034581007600787745 244
1627564120681 0.0003456211124120976 245
1627564120734 0.00034540618987629457 246
1627564120837 0.00034516032751036573 247
1627564120940 0.00034480458087803414 248
1627564121019 0.00034461370659927276 249
1627564121119 0.0003444038066275306 250
1627564121210 0.0003441632530660676 251
1627564121311 0.0003439238074096505 252
1627564121401 0.00034370729237422976 253
1627564121465 0.00034352500881423565 254
1627564121534 0.0003433341816150542 255
1627564121596 0.0003431382537233801 256
1627564121666 0.0003429144673692919 257
1627564121723 0.0003426972135878029 258
1627564121806 0.0003423564146065617 259
1627564121865 0.0003421420931331196 260
1627564121931 0.00034194049464888077 261
1627564121981 0.00034177044390872925 262
1627564122060 0.0003414576047903244 263
1627564122134 0.0003413011441975418 264
1627564122214 0.0003411037832228852 265
1627564122285 0.00034092664049741907 266
1627564122375 0.00034073792919108467 267
1627564122448 0.00034052302254917847 268
1627564122518 0.0003403132221680686 269
1627564122614 0.00034011049962522576 270
1627564122690 0.00033993010366930096 271
1627564122776 0.00033967230753427177 272
1627564122835 0.0003394599860548266 273
1627564122895 0.00033925345059466187 274
1627564122970 0.000338969352527571 275
1627564123036 0.0003387814104142829 276
1627564123097 0.0003385819812468799 277
1627564123165 0.00033835775429324837 278
1627564123227 0.0003381825344455657 279
1627564123283 0.00033797578070453153 280
1627564123342 0.000337785803611744 281
1627564123395 0.0003376404419071657 282
1627564123459 0.0003374568503095667 283
1627564123514 0.0003372685091032354 284
1627564123583 0.0003370497679341368 285
1627564123665 0.00033683436377270325 286
1627564123736 0.000336626001242669 287
1627564123810 0.0003364271898382295 288
1627564123879 0.00033626414517679877 289
1627564123996 0.0003360652478917502 290
1627564124098 0.00033587016940110517 291
1627564124188 0.0003356842447215898 292
1627564124274 0.0003354345274755391 293
1627564124329 0.00033524949013142945 294
1627564124394 0.0003350793613652981 295
1627564124461 0.00033488715217316786 296
1627564124509 0.000334736526762403 297
1627564124569 0.00033454047539899955 298
1627564124621 0.0003344128742886409 299
1627564124732 0.000334224782574267 300
1627564124793 0.0003340399462142163 301
1627564124851 0.0003338539655815299 302
1627564124904 0.0003336981157615629 303
1627564124967 0.00033352855101049394 304
1627564125036 0.0003333423860338299 305
1627564125092 0.0003331843216199975 306
1627564125152 0.0003330121490132695 307
1627564125220 0.000332828644442394 308
1627564125273 0.0003326762922607131 309
1627564125333 0.0003324891906412259 310
1627564125401 0.0003323122565366717 311
1627564125454 0.0003321894773965027 312
1627564125515 0.000332002301038343 313
1627564125571 0.00033184628270045333 314
1627564125633 0.000331658230918984 315
1627564125724 0.0003314713574295731 316
1627564125806 0.0003312682525452229 317
1627564125865 0.00033110525487269933 318
1627564125935 0.0003309300615140781 319
1627564126003 0.00033074968447614257 320
1627564126091 0.00033045855943731565 321
1627564126165 0.0003302518253030894 322
1627564126226 0.00033010805607302683 323
1627564126299 0.00032991418506609163 324
1627564126369 0.0003297366684938108 325
1627564126431 0.0003295441118072062 326
1627564126510 0.0003387814104142829 327
1627564130569 0.0010971565220955495 0
1627564130724 0.0010124823133647468 1
1627564130890 0.0009375500263897537 2
1627564131034 0.0008717762148195369 3
1627564131167 0.0008139217567531709 4
1627564131286 0.0007635204656021562 5
1627564131429 0.0007198817793558226 6
1627564131559 0.0006821595330275632 7
1627564131707 0.0006496858700973193 8
1627564131825 0.0006217103611967346 9
1627564131977 0.0005974740647658255 10
1627564132096 0.0005768594065031919 11
1627564132228 0.0005590973804039534 12
1627564132340 0.0005441129492888448 13
1627564132447 0.0005312712716448867 14
1627564132552 0.0005205063098022139 15
1627564132660 0.0005112544654529041 16
1627564132779 0.0005033444554123523 17
1627564132889 0.0004967388159805588 18
1627564132998 0.0004906732412895367 19
1627564133095 0.0004856259268548471 20
1627564133193 0.0004812794277846562 21
1627564133302 0.00047745988823533843 22
1627564133409 0.00047392617918308363 23
1627564133508 0.0004706833948352175 24
1627564133607 0.0004681938445238557 25
1627564133710 0.00046541773709873777 26
1627564133814 0.0004632318568055798 27
1627564133922 0.00046116833533100073 28
1627564134020 0.00045913427013247237 29
1627564134160 0.00045695233981262574 30
1627564134264 0.00045531079235783896 31
1627564134365 0.00045317098825684726 32
1627564134471 0.00045131463291243635 33
1627564134565 0.000450092814505292 34
1627564134653 0.00044839155171013355 35
1627564134745 0.00044632243178776215 36
1627564134841 0.00044443716864357735 37
1627564134936 0.00044248467879122157 38
1627564135032 0.00044073130446976405 39
1627564135118 0.00043974688478791923 40
1627564135204 0.00043804196604121313 41
1627564135296 0.0004363390476260293 42
1627564135397 0.0004345290531032395 43
1627564135499 0.00043348629230717224 44
1627564135597 0.0004327324725374882 45
1627564135734 0.0004310133404385214 46
1627564135861 0.00042917970494921794 47
1627564135944 0.0004284676919443148 48
1627564136059 0.0004273879382232727 49
1627564136228 0.0004257952882759809 50
1627564136313 0.00042507450772733896 51
1627564136401 0.0004241761795576761 52
1627564136500 0.0004228165420752155 53
1627564136585 0.0004221700241471968 54
1627564136671 0.0004213139277276308 55
1627564136765 0.0004205139492565952 56
1627564136852 0.00042002500361773993 57
1627564136951 0.0004190062671719991 58
1627564137071 0.00041835165122953153 59
1627564137164 0.000417323964758879 60
1627564137257 0.0004167508308728858 61
1627564137349 0.00041617832619103405 62
1627564137433 0.00041567884984337975 63
1627564137530 0.0004146181072151166 64
1627564137629 0.00041333249056418783 65
1627564137718 0.0004127034093648941 66
1627564137803 0.0004121465737872698 67
1627564137914 0.00041060790683794594 68
1627564138009 0.00040990087473716675 69
1627564138138 0.00040938010013944425 70
1627564138236 0.00040882544787383847 71
1627564138336 0.0004077502092065188 72
1627564138431 0.000407202431808497 73
1627564138558 0.0004066507228863747 74
1627564138663 0.0004061210256236549 75
1627564138767 0.000404908267422012 76
1627564138867 0.00040421667524567485 77
1627564138949 0.00040371498928337246 78
1627564139052 0.0004025212691962544 79
1627564139137 0.0004019241441172497 80
1627564139220 0.0004013226886238214 81
1627564139307 0.0004005077381299478 82
1627564139388 0.00040004447924620696 83
1627564139477 0.0003996393157299812 84
1627564139566 0.00039918496597609915 85
1627564139649 0.00039872723740401233 86
1627564139727 0.0003982405424813206 87
1627564139828 0.00039727280369165804 88
1627564139938 0.0003968017247364106 89
1627564140036 0.00039635550869989984 90
1627564140124 0.0003957240398255092 91
1627564140206 0.00039529604456580206 92
1627564140297 0.00039456426696150485 93
1627564140381 0.00039412874867862955 94
1627564140464 0.00039372404264801145 95
1627564140544 0.00039319502071861096 96
1627564140634 0.00039228429488602365 97
1627564140706 0.00039188243584534834 98
1627564140794 0.0003914122210985214 99
1627564140892 0.00039096671277104084 100
1627564140961 0.0003905627101849448 101
1627564141035 0.0003901730628643234 102
1627564141106 0.0003897626814212731 103
1627564141181 0.0003893646948340036 104
1627564141282 0.0003883796393986775 105
1627564141374 0.00038774054158741253 106
1627564141467 0.00038721225357753777 107
1627564141542 0.0003868192691427258 108
1627564141618 0.0003864477204346613 109
1627564141711 0.00038607144528688347 110
1627564141789 0.0003856777143103434 111
1627564141877 0.0003850279072073027 112
1627564141955 0.00038463714649342846 113
1627564142033 0.00038425001112806607 114
1627564142118 0.00038370971581459904 115
1627564142185 0.0003833270204169043 116
1627564142276 0.000382635629673753 117
1627564142352 0.000382267682316347 118
1627564142442 0.00038166022192776764 119
1627564142553 0.00038102764388793644 120
1627564142639 0.0003806618622332773 121
1627564142711 0.00038030110093449415 122
1627564142786 0.00037992555816500817 123
1627564142880 0.0003795798507197759 124
1627564142983 0.00037922151769785464 125
1627564143118 0.00037876424153952327 126
1627564143218 0.0003781899767630948 127
1627564143312 0.0003776591779685692 128
1627564143388 0.0003773017788377838 129
1627564143453 0.000376986060444195 130
1627564143525 0.0003766868279693222 131
1627564143596 0.00037637282608969197 132
1627564143680 0.0003760202072806117 133
1627564143762 0.0003757016724461851 134
1627564143840 0.0003753742697437625 135
1627564143930 0.00037490589967926276 136
1627564144014 0.0003745186835239585 137
1627564144082 0.0003741902681434633 138
1627564144176 0.00037385503824843207 139
1627564144255 0.0003735596797320294 140
1627564144338 0.00037325067644848815 141
1627564144439 0.0003728901855948526 142
1627564144540 0.0003722500336610891 143
1627564144617 0.00037193481479319427 144
1627564144698 0.0003716291014733697 145
1627564144782 0.0003713212064075859 146
1627564144872 0.0003708332942234171 147
1627564144945 0.00037053197786670857 148
1627564145036 0.0003701540186231897 149
1627564145142 0.0003697168428835964 150
1627564145201 0.0003694598781967679 151
1627564145274 0.0003691527825880361 152
1627564145350 0.0003688617064108108 153
1627564145414 0.0003685846544342896 154
1627564145483 0.0003683287023301972 155
1627564145562 0.0003679804721140901 156
1627564145633 0.00036766594769725437 157
1627564145711 0.000367351796375934 158
1627564145795 0.0003670285965699664 159
1627564145880 0.00036674580579356276 160
1627564145964 0.0003663391842600215 161
1627564146045 0.0003660480433997836 162
1627564146124 0.00036566475046084763 163
1627564146199 0.0003653904482266289 164
1627564146293 0.00036512289891521554 165
1627564146366 0.0003648425592384691 166
1627564146436 0.0003645815997937458 167
1627564146500 0.00036436269600153106 168
1627564146619 0.0003639827951805318 169
1627564146713 0.0003637110028520426 170
1627564146801 0.00036342995300402836 171
1627564146877 0.0003631703514862685 172
1627564146950 0.00036290172085580625 173
1627564147031 0.00036262432081097753 174
1627564147102 0.0003623558845002481 175
1627564147179 0.00036202450947436706 176
1627564147273 0.00036147380145342534 177
1627564147353 0.0003611942723625646 178
1627564147414 0.0003609288809811574 179
1627564147481 0.0003606832959453092 180
1627564147539 0.00036043950243811525 181
1627564147618 0.000360166485893815 182
1627564147680 0.0003599263560165737 183
1627564147745 0.0003596864645265754 184
1627564147822 0.0003594275504463842 185
1627564147895 0.0003591446463143973 186
1627564147948 0.0003588804083122978 187
1627564148035 0.00035863160910148566 188
1627564148135 0.00035811696238246236 189
1627564148214 0.0003578514737485644 190
1627564148299 0.00035759480514323765 191
1627564148373 0.0003573410833603383 192
1627564148457 0.00035706954212393077 193
1627564148515 0.00035687343534902203 194
1627564148581 0.0003566640594061036 195
1627564148658 0.00035638389486783044 196
1627564148719 0.0003561664920302566 197
1627564148774 0.00035594882418836824 198
1627564148847 0.0003557249728816681 199
1627564148935 0.00035548212508856706 200
1627564148994 0.00035527064256779577 201
1627564149063 0.0003550490567268202 202
1627564149130 0.0003548046141835023 203
1627564149207 0.0003545136834189185 204
1627564149290 0.0003542010569065648 205
1627564149356 0.000353980540940248 206
1627564149428 0.0003537534602648944 207
1627564149509 0.00035348629973074166 208
1627564149579 0.00035325523527767513 209
1627564149639 0.0003530355223040193 210
1627564149705 0.00035283058874447775 211
1627564149769 0.00035258918504498904 212
1627564149829 0.0003523690879103962 213
1627564149908 0.00035215209148115945 214
1627564149962 0.0003519161665386666 215
1627564150022 0.0003517134097696135 216
1627564150090 0.0003514717115165884 217
1627564150171 0.0003512544564957031 218
1627564150226 0.00035101762002117797 219
1627564150287 0.00035082500627098956 220
1627564150362 0.00035060029563533404 221
1627564150435 0.0003503645239725224 222
1627564150525 0.00035001658393479833 223
1627564150586 0.000349812065922471 224
1627564150654 0.0003496178371229631 225
1627564150728 0.00034937298293493774 226
1627564150788 0.0003491487616368643 227
1627564150863 0.0003489230873707632 228
1627564150935 0.0003486726520961443 229
1627564150998 0.0003484382739818638 230
1627564151056 0.00034822015658059587 231
1627564151123 0.0003480124622221609 232
1627564151190 0.00034777878184320257 233
1627564151270 0.0003475555105425832 234
1627564151338 0.0003473316832309749 235
1627564151402 0.0003470992853228306 236
1627564151465 0.00034689090743353004 237
1627564151528 0.00034669367999624895 238
1627564151589 0.0003464704645441297 239
1627564151662 0.0003462245435897908 240
1627564151728 0.0003459944922246086 241
1627564151785 0.0003458009093637392 242
1627564151864 0.00034558762797790585 243
1627564151920 0.0003454137630587721 244
1627564151980 0.0003452217836676397 245
1627564152040 0.0003449994882614364 246
1627564152114 0.00034477379182258324 247
1627564152178 0.00034459958479583265 248
1627564152226 0.0003444016284486696 249
1627564152311 0.00034416937239957067 250
1627564152374 0.00034394781751999906 251
1627564152447 0.00034373021470256166 252
1627564152506 0.0003435301056839028 253
1627564152569 0.00034335124585391523 254
1627564152628 0.0003431637890209483 255
1627564152695 0.0003429284789995659 256
1627564152767 0.0003427054460134485 257
1627564152832 0.00034250261001378727 258
1627564152907 0.0003422649657452423 259
1627564152990 0.0003419611833395052 260
1627564153079 0.00034158282808626937 261
1627564153168 0.00034121923078491155 262
1627564153228 0.00034101762628232146 263
1627564153284 0.0003408261239796573 264
1627564153347 0.00034062274241278143 265
1627564153411 0.00034041985759511326 266
1627564153481 0.0003402142454241209 267
1627564153552 0.0003400032921194154 268
1627564153624 0.00033979366259458463 269
1627564153694 0.00033961117725054424 270
1627564153773 0.0003394078894434648 271
1627564153860 0.0003391460121289876 272
1627564153921 0.0003389627320806008 273
1627564153985 0.0003387802658041703 274
1627564154075 0.00033852299549150705 275
1627564154149 0.00033827965262566296 276
1627564154202 0.00033808829918871445 277
1627564154260 0.0003378901717359935 278
1627564154332 0.0003376978607404047 279
1627564154388 0.0003375368394280117 280
1627564154474 0.0003372130137737178 281
1627564154533 0.0003370359031301536 282
1627564154602 0.00033686757837010064 283
1627564154661 0.00033668186935480816 284
1627564154723 0.00033649482918490635 285
1627564154786 0.00033630397124096584 286
1627564154858 0.00033608847504771483 287
1627564154919 0.0003358808563394001 288
1627564154989 0.00033568443241988066 289
1627564155047 0.0003355047798401125 290
1627564155127 0.0003352746570991935 291
1627564155193 0.00033507065960321203 292
1627564155259 0.0003348877044596239 293
1627564155328 0.00033465458328143654 294
1627564155391 0.00033447639211132686 295
1627564155465 0.0003342412672907854 296
1627564155540 0.00033400787331950963 297
1627564155598 0.00033382371413264827 298
1627564155651 0.00033365068176606104 299
1627564155725 0.00033349377390523485 300
1627564155815 0.0003333093449713994 301
1627564155900 0.00033310565028516566 302
1627564155964 0.0003329362772935629 303
1627564156021 0.0003327892264498965 304
1627564156102 0.0003325996934316781 305
1627564156186 0.00033242385863845725 306
1627564156264 0.0003322709209895639 307
1627564156322 0.00033211324095765285 308
1627564156390 0.00033194970415719447 309
1627564156442 0.000331785463999907 310
1627564156512 0.0003316061290467321 311
1627564156573 0.00033144624609270806 312
1627564156636 0.00033129181032750485 313
1627564156694 0.0003311128552597194 314
1627564156769 0.00033094135041393877 315
1627564156833 0.0003307573718641992 316
1627564156892 0.00033057608436503033 317
1627564156949 0.0003303966780403172 318
1627564157011 0.0003302159096788451 319
1627564157069 0.0003300381013073548 320
1627564157145 0.0003298054824502316 321
1627564157197 0.000329617410759883 322
1627564157277 0.0003293224870280755 323
1627564157346 0.0003291536242262206 324
1627564157409 0.00032897107689228004 325
1627564157468 0.0003287640168317868 326
1627564157537 0.0003285897217252175 327
1627564157603 0.000328420367074346 328
1627564157677 0.00032824547650568583 329
1627564157731 0.00032810834530568533 330
1627564157786 0.0003279605177477088 331
1627564157871 0.0003372130137737178 332
1627564161897 0.001100196825958891 0
1627564162041 0.0010150674329262525 1
1627564162176 0.00093985204956065 2
1627564162340 0.0008738196210210956 3
1627564162488 0.000815803678413669 4
1627564162616 0.0007651749085343674 5
1627564162741 0.0007213423771890059 6
1627564162870 0.0006834770067244686 7
1627564162986 0.0006508075703443749 8
1627564163110 0.0006226199790381642 9
1627564163231 0.0005982744701372344 10
1627564163345 0.0005775381736692575 11
1627564163456 0.0005596441831809758 12
1627564163569 0.0005446333113893874 13
1627564163675 0.0005316679577666258 14
1627564163779 0.0005207467790964179 15
1627564163889 0.0005114287701930127 16
1627564164002 0.0005036693544009158 17
1627564164117 0.0004970278739178124 18
1627564164224 0.0004910692708652472 19
1627564164329 0.00048578503113145855 20
1627564164436 0.0004815013663193209 21
1627564164555 0.00047772081838395316 22
1627564164669 0.000473953432905473 23
1627564164772 0.00047045375042234424 24
1627564164877 0.00046790206069403223 25
1627564164996 0.0004652718129579237 26
1627564165107 0.00046298957988318576 27
1627564165255 0.00046095342054674316 28
1627564165349 0.00045888358045917404 29
1627564165448 0.0004568479419952381 30
1627564165544 0.0004552686463933623 31
1627564165646 0.0004534439779573355 32
1627564165738 0.00045194483417673715 33
1627564165836 0.00045046475364690457 34
1627564165938 0.0004485715529647142 35
1627564166036 0.00044645839535809365 36
1627564166148 0.00044441782895614484 37
1627564166247 0.00044322690047388 38
1627564166337 0.0004420516980757258 39
1627564166422 0.00044102840214735046 40
1627564166515 0.00043917529701974846 41
1627564166603 0.0004380797639927024 42
1627564166696 0.00043664373866308416 43
1627564166796 0.0004356954836875967 44
1627564166876 0.00043492900724998525 45
1627564166974 0.00043297810777854524 46
1627564167069 0.0004310161297505339 47
1627564167160 0.0004299116902806541 48
1627564167261 0.00042884701490240456 49
1627564167358 0.0004269893614933909 50
1627564167448 0.0004262926812784469 51
1627564167538 0.00042545790485856266 52
1627564167654 0.00042376351007196406 53
1627564167755 0.0004229726373872073 54
1627564167853 0.000421886150891471 55
1627564167947 0.00042090839236932193 56
1627564168033 0.0004202032314115499 57
1627564168123 0.0004195453330076861 58
1627564168213 0.00041888610778460284 59
1627564168299 0.0004182278177787639 60
1627564168404 0.0004174691554470476 61
1627564168493 0.00041690148952249926 62
1627564168596 0.0004160674243949617 63
1627564168696 0.00041506480668869786 64
1627564168793 0.0004137160913392149 65
1627564168878 0.00041313592925490465 66
1627564168974 0.00041211002399156745 67
1627564169074 0.0004109649455157195 68
1627564169176 0.0004099045655864835 69
1627564169290 0.00040934051438729145 70
1627564169390 0.00040842942675732043 71
1627564169482 0.0004079002094493059 72
1627564169573 0.00040734558209661395 73
1627564169665 0.0004068308042659763 74
1627564169787 0.0004063339763117647 75
1627564169871 0.0004058589294226926 76
1627564169954 0.0004053314434608371 77
1627564170064 0.0004043325470738681 78
1627564170149 0.00040384075052194606 79
1627564170259 0.0004026135948051536 80
1627564170394 0.00040192128119552337 81
1627564170553 0.00040139514595469676 82
1627564170674 0.00040070879829549844 83
1627564170778 0.000399489865454332 84
1627564170896 0.00039902065379257334 85
1627564170983 0.00039848691269350886 86
1627564171072 0.0003978281654558295 87
1627564171173 0.00039699185966585984 88
1627564171251 0.000396513376276508 89
1627564171332 0.0003960359174911615 90
1627564171440 0.00039558520818846517 91
1627564171542 0.00039513283127062034 92
1627564171663 0.0003946554449913236 93
1627564171759 0.00039424652809246413 94
1627564171902 0.00039330461405922407 95
1627564171990 0.00039288513634580383 96
1627564172102 0.0003924883904660766 97
1627564172200 0.00039205029847801863 98
1627564172321 0.0003912158267177068 99
1627564172426 0.00039079094726785255 100
1627564172518 0.0003902499932113445 101
1627564172588 0.00038984206337398884 102
1627564172668 0.000389405283776876 103
1627564172747 0.00038902197617875846 104
1627564172835 0.0003886225421680971 105
1627564172964 0.0003879086182964 106
1627564173036 0.00038747961822183444 107
1627564173122 0.00038697619643878774 108
1627564173203 0.000386594029307147 109
1627564173301 0.0003858526855851234 110
1627564173388 0.00038545865056331387 111
1627564173460 0.0003851187879780682 112
1627564173552 0.00038460730939485 113
1627564173646 0.0003840606005666764 114
1627564173730 0.00038361022684501754 115
1627564173799 0.00038323920951045234 116
1627564173886 0.00038279602202827165 117
1627564173967 0.00038241806234533455 118
1627564174061 0.0003819727219667453 119
1627564174137 0.00038156967009907666 120
1627564174222 0.00038121835628347165 121
1627564174306 0.00038076501211185707 122
1627564174399 0.00038041450124782307 123
1627564174495 0.0003797876242678249 124
1627564174586 0.0003794508799585998 125
1627564174664 0.00037912415209057933 126
1627564174744 0.0003786316482620422 127
1627564174839 0.0003781054240284025 128
1627564174935 0.0003776074010537414 129
1627564175034 0.00037723270564295696 130
1627564175119 0.00037678495040302637 131
1627564175217 0.0003762559950044249 132
1627564175293 0.00037593212569308397 133
1627564175390 0.00037555384267251227 134
1627564175483 0.00037520996920486805 135
1627564175563 0.00037489318137078645 136
1627564175629 0.0003745795111698919 137
1627564175704 0.000374240891555274 138
1627564175783 0.00037389363948509404 139
1627564175874 0.000373492733095991 140
1627564175947 0.0003732156603056603 141
1627564176021 0.00037286425343843136 142
1627564176104 0.0003725712923747343 143
1627564176185 0.0003722371354159348 144
1627564176245 0.0003719300744517405 145
1627564176323 0.00037165683256983777 146
1627564176403 0.0003712401217110544 147
1627564176484 0.000370937873969532 148
1627564176589 0.00037065902597816766 149
1627564176673 0.0003703934825120041 150
1627564176750 0.0003701214952712365 151
1627564176851 0.00036985253138335675 152
1627564176929 0.0003695418786327534 153
1627564177009 0.00036921711738846134 154
1627564177094 0.0003689117309691566 155
1627564177180 0.0003686118856102453 156
1627564177249 0.00036832225805362646 157
1627564177323 0.00036803505693994084 158
1627564177407 0.00036777358387143 159
1627564177535 0.00036727692627445523 160
1627564177620 0.0003669884427776516 161
1627564177697 0.0003667311694011307 162
1627564177804 0.00036609967745736586 163
1627564177900 0.000365808249912951 164
1627564177972 0.000365531579260748 165
1627564178059 0.0003651143651001065 166
1627564178121 0.0003649013031453174 167
1627564178175 0.00036468567436366973 168
1627564178237 0.00036440913985283916 169
1627564178314 0.0003641195492702359 170
1627564178387 0.0003638232792537763 171
1627564178457 0.000363560497024583 172
1627564178529 0.00036329056957441536 173
1627564178623 0.0003630327805980545 174
1627564178688 0.00036277561547011934 175
1627564178766 0.0003624873534081834 176
1627564178844 0.00036222502041433866 177
1627564178928 0.00036193367233927035 178
1627564179035 0.00036166003750012516 179
1627564179104 0.0003613820376243023 180
1627564179176 0.00036111654490785606 181
1627564179249 0.00036088051049978855 182
1627564179351 0.0003604587849105109 183
1627564179437 0.0003601378553004748 184
1627564179517 0.00035989241333881245 185
1627564179589 0.0003596241113619697 186
1627564179661 0.0003593616106000199 187
1627564179723 0.00035915098935586565 188
1627564179786 0.0003589145448820163 189
1627564179890 0.00035842948191887054 190
1627564179960 0.0003582080483501829 191
1627564180027 0.00035794302630931475 192
1627564180105 0.000357632204054476 193
1627564180170 0.00035739879164430164 194
1627564180247 0.00035717052481996453 195
1627564180319 0.0003569434976801058 196
1627564180461 0.0003565429704175129 197
1627564180577 0.0003562238827547929 198
1627564180659 0.00035596291496665467 199
1627564180755 0.0003556510213793521 200
1627564180808 0.00035543118999535123 201
1627564180869 0.0003551977503953343 202
1627564180943 0.0003549211003053734 203
1627564180994 0.0003546806270325398 204
1627564181033 0.0003544213466842783 205
1627564181078 0.0003541799476397046 206
1627564181115 0.00035396489679822397 207
1627564181170 0.0003535655021339479 208
1627564181201 0.0003533601940785184 209
1627564181245 0.00035310838177467983 210
1627564181297 0.0003526846914388703 211
1627564181332 0.0003524474037596945 212
1627564181368 0.0003522534021671281 213
1627564181409 0.0003520041771879992 214
1627564181455 0.0003517660119673855 215
1627564181495 0.0003515464292511546 216
1627564181530 0.00035130669970621106 217
1627564181572 0.0003510359687706918 218
1627564181614 0.0003507640640056664 219
1627564181662 0.0003505064828845486 220
1627564181699 0.0003502562757485332 221
1627564181729 0.00035006284126186345 222
1627564181769 0.00034983844957173487 223
1627564181809 0.0003496181718846159 224
1627564181847 0.00034939388063865524 225
1627564181878 0.00034920384476962044 226
1627564181906 0.00034899938377836755 227
1627564181945 0.00034875803391532797 228
1627564181975 0.00034858778410352845 229
1627564182013 0.0003483713734025012 230
1627564182042 0.0003481906659784097 231
1627564182094 0.00034793438581672443 232
1627564182128 0.0003477568536560326 233
1627564182168 0.0003475550270652563 234
1627564182202 0.0003473641992236388 235
1627564182238 0.000347168484414064 236
1627564182271 0.00034697535340623897 237
1627564182318 0.0003467118260819453 238
1627564182350 0.0003465035171639042 239
1627564182398 0.00034627026045951873 240
1627564182431 0.00034604274099333024 241
1627564182468 0.00034581077138431655 242
1627564182508 0.00034562337073655466 243
1627564182539 0.00034544262070055644 244
1627564182583 0.0003452202506228157 245
1627564182618 0.0003450028022074503 246
1627564182651 0.0003447969905400005 247
1627564182679 0.00034458887890725985 248
1627564182718 0.00034438458824728426 249
1627564182794 0.00034410156299677076 250
1627564182856 0.00034390044902393816 251
1627564182912 0.00034370541979575033 252
1627564182977 0.0003434931754915706 253
1627564183036 0.00034328942870894854 254
1627564183071 0.00034306115244177825 255
1627564183116 0.00034278538185344157 256
1627564183146 0.0003426177521533107 257
1627564183195 0.00034232962589066703 258
1627564183253 0.0003419722704361664 259
1627564183288 0.00034175294347282056 260
1627564183323 0.0003415602222418879 261
1627564183356 0.0003413879910596831 262
1627564183397 0.0003411946994022385 263
1627564183437 0.00034099013795042083 264
1627564183482 0.00034070977452765996 265
1627564183530 0.0003403563057922877 266
1627564183571 0.0003401548787920485 267
1627564183601 0.00033995729239447945 268
1627564183630 0.00033975995593467796 269
1627564183666 0.00033958347097892526 270
1627564183700 0.00033940138254020814 271
1627564183741 0.0003392038703250422 272
1627564183775 0.0003390165174043382 273
1627564183812 0.00033882617491461336 274
1627564183852 0.00033861794175459487 275
1627564183893 0.00033838782530864467 276
1627564183933 0.0003381776437496263 277
1627564183980 0.0003379166373048357 278
1627564184018 0.00033774090661279786 279
1627564184051 0.00033754790201567206 280
1627564184085 0.0003373808587145204 281
1627564184122 0.0003371954117919716 282
1627564184163 0.00033699120860363423 283
1627564184202 0.00033678931775198406 284
1627564184239 0.0003365762509174564 285
1627564184282 0.0003363389517025551 286
1627564184317 0.0003361535933903984 287
1627564184357 0.00033594641651156195 288
1627564184397 0.0003357238699880777 289
1627564184441 0.00033552561154887804 290
1627564184482 0.0003353247134094844 291
1627564184518 0.0003351494727131879 292
1627564184554 0.0003349641454028729 293
1627564184582 0.0003347840989401186 294
1627564184621 0.00033458146063020523 295
1627564184675 0.00033429334313302427 296
1627564184720 0.00033409810646624843 297
1627564184815 0.0003338976243793793 298
1627564184895 0.00033371844084128393 299
1627564184966 0.00033354709398799063 300
1627564185027 0.00033336948708377937 301
1627564185106 0.00033318837235969554 302
1627564185169 0.0003330204260579063 303
1627564185241 0.00033280745122112943 304
1627564185312 0.00033261433687769567 305
1627564185371 0.0003324776878797303 306
1627564185442 0.0003322892537865516 307
1627564185529 0.00033211142710655466 308
1627564185657 0.00033181250968580394 309
1627564185758 0.0003316055743590268 310
1627564185853 0.00033145085280999163 311
1627564185941 0.0003313113110898335 312
1627564186029 0.0003311142762149314 313
1627564186116 0.0003309079412582184 314
1627564186227 0.0003307101052824722 315
1627564186309 0.0003304791525759665 316
1627564186373 0.00033028183129874065 317
1627564186440 0.0003300850519227203 318
1627564186497 0.00032993525239502367 319
1627564186552 0.0003297604635963387 320
1627564186619 0.00032958830703702614 321
1627564186678 0.0003294014803473384 322
1627564186734 0.00032925926062492863 323
1627564186813 0.00032908507193045683 324
1627564186891 0.0003289208753986768 325
1627564186951 0.0003287359835665169 326
1627564187006 0.00032858018036685294 327
1627564187086 0.0003283990418750357 328
1627564187145 0.00032820708237950416 329
1627564187214 0.0003280265896388037 330
1627564187270 0.000327846433770285 331
1627564187325 0.00032766588889932615 332
1627564187388 0.00032747842746221696 333
1627564187453 0.000327283565352566 334
1627564187527 0.00032704948471214514 335
1627564187582 0.0003268743159699307 336
1627564187636 0.0003266940753428407 337
1627564187709 0.0003265281779512448 338
1627564187810 0.00032634921838274204 339
1627564187886 0.0003261824828985857 340
1627564188013 0.0003259714065811214 341
1627564188089 0.0003258136313394348 342
1627564188157 0.00032564987565506404 343
1627564188250 0.00032548283258961345 344
1627564188322 0.000325313799182243 345
1627564188389 0.00032514355617006157 346
1627564188463 0.0003249451077465669 347
1627564188524 0.00032476512073557223 348
1627564188581 0.0003245838881933808 349
1627564188676 0.0003244111479100043 350
1627564188746 0.0003242416217509309 351
1627564188833 0.0003240259627214368 352
1627564188944 0.00032379239769297875 353
1627564189021 0.0003236084807151272 354
1627564189088 0.0003234482960267514 355
1627564189151 0.0003232815313955426 356
1627564189215 0.0003230995470082972 357
1627564189270 0.00032298005699379716 358
1627564189324 0.00032280976926797914 359
1627564189385 0.0003226465702975462 360
1627564189462 0.0003224873855266978 361
1627564189515 0.0003223532687580142 362
1627564189566 0.00032216510828210053 363
1627564189612 0.00032202209858117907 364
1627564189713 0.00032186658144914797 365
1627564189790 0.0003217032475611113 366
1627564189854 0.00032156293266062696 367
1627564189917 0.00032140184845782046 368
1627564189977 0.00032123824773950247 369
1627564190031 0.00032106051284272664 370
1627564190088 0.00032087633518474297 371
1627564190150 0.00032072396268667427 372
1627564190205 0.0003205908210354314 373
1627564190276 0.00032042566683357875 374
1627564190333 0.00032028349596261146 375
1627564190397 0.0003201343137465504 376
1627564190455 0.0003200103294160119 377
1627564190506 0.00031984907250286133 378
1627564190584 0.0003283990418750357 379
