1627555633838 0.0010987577079345037 0
1627555634004 0.001013600163161357 1
1627555634135 0.0009381464481273241 2
1627555634276 0.0008720027164945903 3
1627555634411 0.0008138348525479927 4
1627555634611 0.0007632257868934591 5
1627555634777 0.0007193863393836332 6
1627555634906 0.0006815107479760437 7
1627555635030 0.0006488811950780209 8
1627555635158 0.0006205538685592987 9
1627555635279 0.0005961766828980334 10
1627555635460 0.000575360122939679 11
1627555635622 0.0005574743030801913 12
1627555635773 0.0005423651283633558 13
1627555635955 0.0005292507495003136 14
1627555636072 0.0005183213012513884 15
1627555636181 0.0005088738759294707 16
1627555636307 0.0005011118068724594 17
1627555636426 0.0004944153191544662 18
1627555636536 0.0004884019455798629 19
1627555636639 0.000483315443479765 20
1627555636743 0.0004788872681240597 21
1627555636887 0.0004749266869579948 22
1627555637060 0.00047159221718654583 23
1627555637224 0.0004685748697231062 24
1627555637330 0.0004658652184316123 25
1627555637474 0.0004632562231461248 26
1627555637586 0.0004611060631031148 27
1627555637740 0.00045882735701246384 28
1627555637848 0.00045687768309367213 29
1627555637999 0.0004547957990121997 30
1627555638106 0.0004522771149785532 31
1627555638238 0.0004503755459916694 32
1627555638355 0.00044862654126283597 33
1627555638500 0.0004474700204764084 34
1627555638612 0.0004459324600750397 35
1627555638738 0.0004441119428474616 36
1627555638852 0.00044276737559400723 37
1627555638960 0.00044171078743065133 38
1627555639077 0.00043956768445725967 39
1627555639171 0.00043850200308648334 40
1627555639268 0.0004367050073164342 41
1627555639362 0.00043511359357215187 42
1627555639456 0.00043365512324578084 43
1627555639560 0.0004321686666857293 44
1627555639651 0.00043143599108248516 45
1627555639766 0.0004288477594299891 46
1627555639876 0.0004267496859398501 47
1627555639971 0.000425492344169688 48
1627555640081 0.0004245017135922501 49
1627555640214 0.00042232464310990134 50
1627555640311 0.00042154621978283426 51
1627555640405 0.0004208411726027374 52
1627555640515 0.00041953825935241504 53
1627555640616 0.00041865734861335136 54
1627555640724 0.0004177083337633927 55
1627555640883 0.0004165501284545887 56
1627555640987 0.0004159038067858668 57
1627555641095 0.0004152839889098023 58
1627555641215 0.0004137057442861449 59
1627555641307 0.0004130411015111787 60
1627555641400 0.0004124949226593003 61
1627555641501 0.00041160971555800744 62
1627555641591 0.0004110280131424114 63
1627555641683 0.0004104069574916418 64
1627555641794 0.0004096807289817236 65
1627555641900 0.0004085824230555517 66
1627555642006 0.00040779107870435126 67
1627555642125 0.0004062423966335575 68
1627555642253 0.00040497508638538264 69
1627555642355 0.00040435991256613623 70
1627555642450 0.0004037944086219316 71
1627555642621 0.00040267168198037664 72
1627555642739 0.00040146917444770194 73
1627555642832 0.00040088490707305627 74
1627555642930 0.00040036763596577223 75
1627555643015 0.0003998486929592475 76
1627555643095 0.0003993256505820997 77
1627555643173 0.00039881566354511334 78
1627555643309 0.00039832484144831606 79
1627555643399 0.0003978509809157059 80
1627555643513 0.00039733303376075736 81
1627555643613 0.000396848816265779 82
1627555643696 0.0003964336012798847 83
1627555643784 0.0003959545495431839 84
1627555643921 0.00039527864719157154 85
1627555644064 0.00039426244558407136 86
1627555644169 0.00039379387781091513 87
1627555644264 0.00039323094967217385 88
1627555644346 0.00039278687742674704 89
1627555644425 0.0003923600520070132 90
1627555644519 0.00039175825022354173 91
1627555644615 0.0003908379269023745 92
1627555644700 0.0003903891313451128 93
1627555644790 0.0003898802746872114 94
1627555644905 0.0003889869566549116 95
1627555645003 0.0003884901759198491 96
1627555645152 0.0003876750368555473 97
1627555645264 0.0003869070790125537 98
1627555645356 0.00038641160410950013 99
1627555645461 0.0003859800677644966 100
1627555645592 0.00038558004142343543 101
1627555645726 0.0003847532347459959 102
1627555645799 0.0003843185526360214 103
1627555645885 0.00038391285703176894 104
1627555645974 0.00038350415969005974 105
1627555646058 0.0003830643024055186 106
1627555646130 0.00038267292695635534 107
1627555646229 0.0003821577312385205 108
1627555646330 0.00038139165104717507 109
1627555646418 0.0003808380069469325 110
1627555646500 0.00038046781924210997 111
1627555646591 0.00038011219999249657 112
1627555646683 0.00037969253592636177 113
1627555646771 0.00037923997586154426 114
1627555646884 0.00037850190243927603 115
1627555647002 0.00037813725551148856 116
1627555647175 0.00037749246662225293 117
1627555647301 0.0003770877251112444 118
1627555647391 0.00037668962717507504 119
1627555647470 0.00037631726332945886 120
1627555647544 0.00037595535632402544 121
1627555647626 0.0003756065290866427 122
1627555647740 0.00037516417147493754 123
1627555647908 0.00037449103594376453 124
1627555647982 0.0003741206885526547 125
1627555648076 0.0003735932411853473 126
1627555648194 0.00037327845948914216 127
1627555648311 0.0003729137377774654 128
1627555648444 0.0003725227312815675 129
1627555648536 0.0003721613352403365 130
1627555648610 0.00037182821779040484 131
1627555648722 0.00037147560049831494 132
1627555648813 0.0003711414566153968 133
1627555648934 0.00037079893115509203 134
1627555649012 0.000370467092299167 135
1627555649093 0.0003701246227925632 136
1627555649237 0.00036953524134194696 137
1627555649344 0.00036918404064645164 138
1627555649473 0.00036883130406674717 139
1627555649595 0.0003684892348396787 140
1627555649714 0.00036819008844186875 141
1627555649809 0.0003678811558045392 142
1627555649880 0.0003675686071938118 143
1627555649958 0.00036724719904357103 144
1627555650030 0.000366916234918684 145
1627555650129 0.0003665895304795661 146
1627555650207 0.00036629372548727454 147
1627555650282 0.0003659987109254795 148
1627555650358 0.00036568911020811996 149
1627555650438 0.0003653978151757045 150
1627555650503 0.00036513794742765404 151
1627555650588 0.00036484678139893926 152
1627555650695 0.0003643572297355516 153
1627555650766 0.0003640734491510403 154
1627555650854 0.00036379614726633964 155
1627555650934 0.00036350634267837335 156
1627555651008 0.00036320032670486964 157
1627555651101 0.00036269442665458205 158
1627555651182 0.0003623829199221175 159
1627555651278 0.0003620926073108301 160
1627555651356 0.0003618006113531874 161
1627555651436 0.0003615053843004484 162
1627555651526 0.00036106966118300667 163
1627555651593 0.000360781420071927 164
1627555651678 0.00036044804374760783 165
1627555651737 0.0003601971379194815 166
1627555651822 0.00035993885046044086 167
1627555651919 0.00035951073091399725 168
1627555651980 0.0003592598798510459 169
1627555652071 0.0003589758699540764 170
1627555652150 0.00035870814614358704 171
1627555652266 0.00035828452156921864 172
1627555652362 0.000358047367845705 173
1627555652438 0.00035774991280870995 174
1627555652510 0.000357490484382077 175
1627555652587 0.00035721945640285034 176
1627555652679 0.00035692348058010087 177
1627555652769 0.0003566042101984865 178
1627555652843 0.0003563344894925293 179
1627555652907 0.00035605109888510396 180
1627555652966 0.00035580301954077316 181
1627555653037 0.0003555521540313356 182
1627555653135 0.000355115986854942 183
1627555653228 0.00035471449200887804 184
1627555653318 0.00035427491653424484 185
1627555653383 0.00035402480986469395 186
1627555653443 0.00035380847420924565 187
1627555653521 0.00035357069304876756 188
1627555653598 0.0003533064341138118 189
1627555653675 0.0003530608028067857 190
1627555653799 0.00035264971099716904 191
1627555653897 0.0003523716065105366 192
1627555653992 0.0003520588773080758 193
1627555654073 0.00035177924999599676 194
1627555654138 0.0003515795500739021 195
1627555654239 0.0003512093370256108 196
1627555654312 0.0003509750816244541 197
1627555654382 0.00035073797066333996 198
1627555654463 0.00035049407688906686 199
1627555654539 0.0003502915438900567 200
1627555654616 0.00035004132625974843 201
1627555654690 0.0003497882986955012 202
1627555654759 0.0003495299959569966 203
1627555654828 0.0003493017624875528 204
1627555654894 0.00034905493140447244 205
1627555654977 0.0003487870204601784 206
1627555655043 0.0003485321418139156 207
1627555655115 0.00034827392381021704 208
1627555655186 0.00034804002392418537 209
1627555655245 0.00034781474580239293 210
1627555655329 0.00034756619039026323 211
1627555655393 0.00034731432402749195 212
1627555655454 0.0003470804069739909 213
1627555655552 0.0003466743075126761 214
1627555655632 0.00034644358638185094 215
1627555655706 0.00034621406664900366 216
1627555655776 0.0003459902319628542 217
1627555655848 0.0003457256711358316 218
1627555655909 0.0003454698609230598 219
1627555655998 0.00034515385064831015 220
1627555656085 0.0003449112313254049 221
1627555656149 0.0003447185521592866 222
1627555656230 0.0003444933259915876 223
1627555656305 0.00034426348220349256 224
1627555656367 0.00034405886814074517 225
1627555656451 0.0003437488701670042 226
1627555656524 0.0003434891185065264 227
1627555656585 0.00034326028050352125 228
1627555656642 0.00034307771159461094 229
1627555656716 0.000342852423210104 230
1627555656814 0.00034264128250183266 231
1627555656882 0.00034241190186707135 232
1627555656961 0.00034219526262615753 233
1627555657029 0.0003419764061514804 234
1627555657089 0.0003417747024051398 235
1627555657157 0.00034157045626745234 236
1627555657240 0.00034126147291422724 237
1627555657298 0.0003410824307484868 238
1627555657358 0.0003408605490202278 239
1627555657430 0.00034063905323624614 240
1627555657508 0.00034038053693640744 241
1627555657601 0.0003401503143807029 242
1627555657681 0.0003399304225590083 243
1627555657741 0.0003397341344467801 244
1627555657811 0.0003395267442800798 245
1627555657891 0.0003392958572566713 246
1627555657966 0.0003390425303686565 247
1627555658044 0.0003387923282459437 248
1627555658100 0.00033862390028164733 249
1627555658195 0.0003383724871287148 250
1627555658267 0.00033816114243358805 251
1627555658333 0.0003379612797825487 252
1627555658392 0.0003377711901303415 253
1627555658470 0.0003375688391703099 254
1627555658541 0.00033733889434735416 255
1627555658615 0.0003371000510060057 256
1627555658683 0.00033690661242165364 257
1627555658745 0.00033669381901447874 258
1627555658811 0.0003364884176958656 259
1627555658869 0.00033630344588028884 260
1627555658932 0.00033610636037249977 261
1627555658996 0.0003359021185788561 262
1627555659076 0.0003356785464876791 263
1627555659146 0.0003354764872292995 264
1627555659207 0.0003352825280136545 265
1627555659277 0.0003350706737556002 266
1627555659347 0.00033488024008256187 267
1627555659407 0.0003346688613935372 268
1627555659480 0.00033445038916746456 269
1627555659561 0.00033422309191058307 270
1627555659630 0.00033401948858322364 271
1627555659713 0.0003338172401266516 272
1627555659773 0.0003336055587939223 273
1627555659859 0.0003333125741718252 274
1627555659938 0.0003331333975238439 275
1627555660012 0.00033293515984868016 276
1627555660068 0.00033273089771431027 277
1627555660153 0.0003434891185065264 278
1627555664305 0.0010986437421111465 0
1627555664489 0.001013669457451816 1
1627555664680 0.0009385188954943189 2
1627555664839 0.0008723267947086101 3
1627555664983 0.0008142920633894993 4
1627555665129 0.0007637376464120672 5
1627555665286 0.0007199055859355163 6
1627555665421 0.0006821315423894263 7
1627555665548 0.0006495495613456923 8
1627555665680 0.0006214962269851814 9
1627555665806 0.0005972833627912041 10
1627555665966 0.0005767620645543674 11
1627555666092 0.0005587786791855322 12
1627555666219 0.0005436631266333427 13
1627555666335 0.0005306698089558534 14
1627555666455 0.0005196865058695627 15
1627555666570 0.0005103641461812432 16
1627555666691 0.0005026295122888399 17
1627555666809 0.0004959977793003883 18
1627555666924 0.0004899967481475591 19
1627555667032 0.0004849190322508316 20
1627555667140 0.0004805687681376837 21
1627555667256 0.0004769339486226237 22
1627555667367 0.0004731741648320777 23
1627555667492 0.0004698562103712397 24
1627555667624 0.0004673253282448367 25
1627555667753 0.00046481823765300755 26
1627555667883 0.0004625111952195222 27
1627555667990 0.00046038003361554983 28
1627555668092 0.0004582028532782431 29
1627555668190 0.0004563698626556721 30
1627555668294 0.00045453491795522153 31
1627555668399 0.0004528006435695398 32
1627555668500 0.0004509203666874378 33
1627555668596 0.0004492138332151442 34
1627555668690 0.0004476500338590124 35
1627555668788 0.0004456551171584864 36
1627555668889 0.0004440300561108494 37
1627555668986 0.0004429090006475221 38
1627555669083 0.0004408782019953709 39
1627555669182 0.00043982733215450654 40
1627555669278 0.00043802589239311625 41
1627555669375 0.00043636811605158926 42
1627555669474 0.0004346449428833285 43
1627555669592 0.0004333493713662439 44
1627555669693 0.00043259565432132073 45
1627555669808 0.00043115381926760415 46
1627555669893 0.00043039223739070424 47
1627555670028 0.00042846236653283463 48
1627555670173 0.0004273594791466744 49
1627555670327 0.00042579329828337385 50
1627555670417 0.0004249404813049474 51
1627555670557 0.00042417190697988463 52
1627555670666 0.0004220683437516741 53
1627555670752 0.0004214663103852988 54
1627555670847 0.00042076835184376606 55
1627555670956 0.0004197015181792027 56
1627555671045 0.00041899395836946315 57
1627555671156 0.00041834564229308214 58
1627555671301 0.00041688958483558994 59
1627555671397 0.00041613745518546264 60
1627555671539 0.0004143721411484341 61
1627555671669 0.0004137938284393675 62
1627555671779 0.0004131791449783869 63
1627555671925 0.00041245430335246406 64
1627555672061 0.0004116265339728982 65
1627555672165 0.0004106677285294912 66
1627555672261 0.0004097700849349749 67
1627555672365 0.0004090345604223075 68
1627555672479 0.00040779797612198196 69
1627555672590 0.0004064459749113109 70
1627555672679 0.0004058025003939729 71
1627555672759 0.00040521217104916193 72
1627555672853 0.00040432911113874815 73
1627555672941 0.00040371496287217165 74
1627555673029 0.0004031847324011628 75
1627555673131 0.0004022514905602162 76
1627555673227 0.00040169094741646723 77
1627555673331 0.00040119590038450173 78
1627555673441 0.00039996945398495354 79
1627555673528 0.0003994795883174177 80
1627555673641 0.000398988993042772 81
1627555673730 0.0003983938596568464 82
1627555673809 0.0003979208004275589 83
1627555673907 0.00039744048511910454 84
1627555673997 0.0003967779310171335 85
1627555674079 0.00039629250675635814 86
1627555674170 0.0003955823648048177 87
1627555674247 0.00039517733787523774 88
1627555674327 0.00039471199082887143 89
1627555674428 0.00039367232038153664 90
1627555674501 0.0003931525767980436 91
1627555674605 0.00039211685029084606 92
1627555674706 0.0003916353742221175 93
1627555674799 0.00039116338729681136 94
1627555674892 0.0003905024699115278 95
1627555674969 0.0003900403575393809 96
1627555675049 0.0003894789879940273 97
1627555675130 0.0003890557973428076 98
1627555675223 0.00038863701451906493 99
1627555675307 0.0003882173989530921 100
1627555675419 0.0003874346548665513 101
1627555675512 0.00038662056425639937 102
1627555675593 0.0003862004317449854 103
1627555675688 0.000385649778709247 104
1627555675778 0.00038507129902664574 105
1627555675842 0.0003846767441069259 106
1627555675918 0.00038426564703044507 107
1627555676001 0.00038385746664075526 108
1627555676099 0.00038308661527240294 109
1627555676196 0.00038268451117389943 110
1627555676298 0.00038221548996468383 111
1627555676387 0.00038169355628761456 112
1627555676498 0.0003812655545610364 113
1627555676587 0.00038082427668150267 114
1627555676690 0.00038015307006626956 115
1627555676752 0.0003797695493939107 116
1627555676838 0.000379373008506806 117
1627555676923 0.0003789737466942626 118
1627555677020 0.0003784496999956846 119
1627555677098 0.00037807483660621887 120
1627555677176 0.0003776965035931662 121
1627555677266 0.0003771404203677146 122
1627555677348 0.0003767892106944834 123
1627555677438 0.0003763918219785327 124
1627555677523 0.000376003432905467 125
1627555677609 0.000375644503413491 126
1627555677692 0.0003752607341127641 127
1627555677836 0.0003747851829881483 128
1627555677954 0.00037439130874679073 129
1627555678073 0.00037405994093109193 130
1627555678180 0.0003736424712564237 131
1627555678270 0.0003732842075431697 132
1627555678353 0.00037295701799743415 133
1627555678442 0.0003725953058383557 134
1627555678504 0.0003722631174174255 135
1627555678583 0.0003719194934275942 136
1627555678655 0.0003715700210238242 137
1627555678716 0.0003712551306530189 138
1627555678787 0.00037092367967931316 139
1627555678896 0.00037035573750271856 140
1627555678991 0.00036983521426020376 141
1627555679068 0.00036951546171554834 142
1627555679144 0.00036922628143911003 143
1627555679214 0.00036889624469886985 144
1627555679295 0.0003685292952278584 145
1627555679385 0.0003682028134494188 146
1627555679463 0.0003679350857374046 147
1627555679551 0.00036763421102478715 148
1627555679649 0.00036734654716399223 149
1627555679744 0.00036705093485463197 150
1627555679816 0.00036677256837785565 151
1627555679907 0.0003664486470985375 152
1627555680011 0.00036611149081942424 153
1627555680088 0.0003658297214033072 154
1627555680214 0.00036532999026425196 155
1627555680311 0.0003648504886001494 156
1627555680394 0.0003644791664018806 157
1627555680470 0.00036415504186218333 158
1627555680563 0.0003637226569904981 159
1627555680656 0.0003633733155037836 160
1627555680748 0.00036294412954385744 161
1627555680828 0.0003626618523008465 162
1627555680905 0.000362342208277934 163
1627555680977 0.000362066203639514 164
1627555681039 0.0003617932865318774 165
1627555681104 0.00036150333931737454 166
1627555681194 0.0003611078568093787 167
1627555681287 0.0003607132907571168 168
1627555681350 0.00036044532262614497 169
1627555681427 0.0003601417661373897 170
1627555681505 0.0003598408448913912 171
1627555681574 0.0003595662843577606 172
1627555681637 0.00035930149497011906 173
1627555681718 0.00035900167626648147 174
1627555681790 0.0003587115404927956 175
1627555681875 0.00035840155076633786 176
1627555681974 0.0003578762031733372 177
1627555682041 0.00035761026031887536 178
1627555682120 0.0003573422796883233 179
1627555682181 0.0003570854046563992 180
1627555682255 0.00035681456030563403 181
1627555682335 0.00035656254327916525 182
1627555682417 0.00035621475905188297 183
1627555682473 0.00035597383927689954 184
1627555682563 0.00035549992348919273 185
1627555682621 0.0003552583760703438 186
1627555682681 0.00035502132960536905 187
1627555682738 0.0003547935408451305 188
1627555682807 0.00035454949392598416 189
1627555682863 0.0003543305519400586 190
1627555682931 0.00035404409260919145 191
1627555683009 0.0003537720079321469 192
1627555683090 0.00035349619991641585 193
1627555683155 0.00035323953986134826 194
1627555683236 0.00035297696869739787 195
1627555683304 0.0003527191721728713 196
1627555683378 0.0003524679808826187 197
1627555683451 0.00035221922592271405 198
1627555683530 0.0003519353704235038 199
1627555683645 0.0003515392380335514 200
1627555683742 0.0003511620584160835 201
1627555683823 0.0003508551392238964 202
1627555683901 0.00035059289390964064 203
1627555683975 0.0003503568029281844 204
1627555684036 0.00035009666396127197 205
1627555684106 0.0003498679528981994 206
1627555684187 0.0003495591706077131 207
1627555684282 0.00034929845964900614 208
1627555684369 0.0003489612995529245 209
1627555684441 0.0003487275683617423 210
1627555684529 0.0003484330560512455 211
1627555684609 0.00034817343283804613 212
1627555684680 0.0003479719368947565 213
1627555684746 0.00034775992306997235 214
1627555684815 0.0003474995622262822 215
1627555684903 0.0003472516794799358 216
1627555684981 0.00034696991565464074 217
1627555685050 0.0003467140971223307 218
1627555685115 0.00034647149186069914 219
1627555685206 0.00034620531155072753 220
1627555685266 0.0003460053950129254 221
1627555685336 0.0003457781430374341 222
1627555685438 0.000345461365918183 223
1627555685520 0.0003452464614460693 224
1627555685577 0.00034503249203026484 225
1627555685633 0.00034483373844624194 226
1627555685696 0.00034459876136788985 227
1627555685755 0.00034438489125062483 228
1627555685812 0.0003441638929805325 229
1627555685889 0.00034393483761242175 230
1627555685966 0.0003436731028044652 231
1627555686046 0.0003434124313562838 232
1627555686115 0.0003431838545211336 233
1627555686177 0.00034301804671081284 234
1627555686245 0.0003427794352032847 235
1627555686320 0.000342563008744 236
1627555686405 0.0003423744898151201 237
1627555686470 0.00034217005864403606 238
1627555686530 0.0003419474868137784 239
1627555686626 0.000341748687051272 240
1627555686717 0.0003415281644208145 241
1627555686806 0.0003413314365651877 242
1627555686900 0.0003411003746373708 243
1627555686963 0.00034086699435288665 244
1627555687038 0.0003406416925316362 245
1627555687104 0.000340409246514166 246
1627555687184 0.00034015480956636995 247
1627555687269 0.0003399347403827238 248
1627555687345 0.00033971056734649185 249
1627555687423 0.00033949798418004716 250
1627555687483 0.0003393102272018002 251
1627555687549 0.0003390758615844835 252
1627555687612 0.0003388745933365681 253
1627555687676 0.00035059289390964064 254
1627555691860 0.001099468771881323 0
1627555691999 0.0010141624069963482 1
1627555692134 0.0009387822445078758 2
1627555692266 0.000872739645841886 3
1627555692438 0.0008147178510664698 4
1627555692579 0.0007642319524781451 5
1627555692753 0.0007203121374251793 6
1627555692878 0.0006823862973251778 7
1627555693039 0.0006496083283780252 8
1627555693174 0.0006213804799734744 9
1627555693305 0.0005969618886613675 10
1627555693423 0.0005761703484279741 11
1627555693542 0.000558292223188361 12
1627555693658 0.0005431332380627057 13
1627555693775 0.0005301468509587895 14
1627555693898 0.0005192971989462005 15
1627555694011 0.0005099558106455578 16
1627555694132 0.0005021097220865615 17
1627555694285 0.000495442459127919 18
1627555694403 0.0004891649858686138 19
1627555694538 0.0004839470972271157 20
1627555694683 0.0004795256910919518 21
1627555694845 0.0004757710437022547 22
1627555695001 0.00047207022520153927 23
1627555695117 0.0004687000421409575 24
1627555695218 0.00046603909187163174 25
1627555695343 0.00046346038194255306 26
1627555695473 0.00046107465423953517 27
1627555695604 0.00045917625555708314 28
1627555695701 0.00045681635466312496 29
1627555695797 0.0004548560676457169 30
1627555695910 0.00045266185305198184 31
1627555696013 0.00045074885132732835 32
1627555696116 0.00044894794943348 33
1627555696210 0.00044754557064699004 34
1627555696338 0.000446147949946653 35
1627555696458 0.0004443024625533663 36
1627555696558 0.00044207897790846454 37
1627555696671 0.00044078441612363354 38
1627555696772 0.0004392032918132495 39
1627555696863 0.0004381826812770693 40
1627555696955 0.00043662477028009284 41
1627555697062 0.0004348739948917438 42
1627555697171 0.0004336092128240036 43
1627555697306 0.00043245215742723135 44
1627555697394 0.00043169348614001505 45
1627555697554 0.0004292797836122427 46
1627555697648 0.0004282146821509008 47
1627555697735 0.0004271934152617705 48
1627555697844 0.00042648048338192707 49
1627555697972 0.00042490933297971705 50
1627555698096 0.0004242154143180343 51
1627555698205 0.00042354843271401023 52
1627555698346 0.0004225555936471243 53
1627555698467 0.0004211589530000066 54
1627555698578 0.0004203947029995497 55
1627555698709 0.00041836268975329845 56
1627555698802 0.0004174820242372752 57
1627555698909 0.0004168634478891857 58
1627555699014 0.00041568196564482657 59
1627555699109 0.00041507978786285265 60
1627555699228 0.00041374822364134814 61
1627555699336 0.00041273736688336883 62
1627555699426 0.0004122074625248233 63
1627555699521 0.00041154292691767037 64
1627555699696 0.00040984351592731027 65
1627555699819 0.0004093059593735964 66
1627555699937 0.0004082209056709294 67
1627555700055 0.0004067899413188701 68
1627555700151 0.0004062101948097449 69
1627555700243 0.00040560223158598154 70
1627555700328 0.0004049941854112223 71
1627555700432 0.0004036806717302817 72
1627555700554 0.0004029398617794744 73
1627555700655 0.000401875272488624 74
1627555700758 0.00040069986871616234 75
1627555700835 0.0004001519674313084 76
1627555700915 0.00039964983480386907 77
1627555701010 0.0003988730063996095 78
1627555701098 0.00039841845289713466 79
1627555701190 0.00039779237680230784 80
1627555701299 0.00039680181050316796 81
1627555701391 0.00039620876016794844 82
1627555701491 0.0003957587609700972 83
1627555701585 0.00039526349860782406 84
1627555701719 0.00039473430449153126 85
1627555701803 0.0003942348155987614 86
1627555701889 0.0003937837345691118 87
1627555702025 0.0003932807911733433 88
1627555702173 0.0003927665498750019 89
1627555702301 0.00039228266753537575 90
1627555702438 0.0003916820291015167 91
1627555702528 0.0003912230496692292 92
1627555702632 0.00039076409173942084 93
1627555702728 0.0003902490507976131 94
1627555702827 0.00038981615244813335 95
1627555702927 0.00038912793573381825 96
1627555703021 0.00038837814608426777 97
1627555703104 0.0003879622790072913 98
1627555703226 0.00038746510168368727 99
1627555703336 0.0003868412121939494 100
1627555703436 0.00038590477527710625 101
1627555703552 0.0003849102801795824 102
1627555703621 0.000384525163201285 103
1627555703715 0.00038395163145686526 104
1627555703796 0.0003835385683346601 105
1627555703879 0.0003830823562932905 106
1627555703997 0.00038250477905460016 107
1627555704130 0.00038207054952111745 108
1627555704205 0.00038170002608044375 109
1627555704285 0.00038123333778453263 110
1627555704374 0.0003808345650607551 111
1627555704462 0.0003804331041424372 112
1627555704556 0.0003800762526153558 113
1627555704673 0.0003797007619322139 114
1627555704804 0.0003791113230361592 115
1627555704908 0.0003786259112210519 116
1627555705030 0.00037810689693089134 117
1627555705114 0.000377746364133382 118
1627555705232 0.0003772023702884804 119
1627555705333 0.00037686495325681845 120
1627555705418 0.0003764915563474923 121
1627555705489 0.00037609870069163395 122
1627555705563 0.0003757540142357904 123
1627555705643 0.0003754417135199434 124
1627555705723 0.0003750989683947334 125
1627555705781 0.00037476249293768226 126
1627555705850 0.0003744631352636974 127
1627555705943 0.0003741076952253685 128
1627555706041 0.0003735667956557492 129
1627555706138 0.0003729712453437656 130
1627555706232 0.00037244471858842974 131
1627555706302 0.00037206958374563667 132
1627555706372 0.0003717321063263568 133
1627555706458 0.0003713838319603905 134
1627555706544 0.0003710584134223022 135
1627555706628 0.00037069413111482665 136
1627555706705 0.0003704052532162882 137
1627555706787 0.00037005504078173876 138
1627555706889 0.00036956902319279776 139
1627555706967 0.0003692276118673341 140
1627555707037 0.0003689438834717906 141
1627555707105 0.0003686372546894576 142
1627555707183 0.00036833757233264145 143
1627555707264 0.0003680195785304796 144
1627555707343 0.0003676955038311685 145
1627555707430 0.0003673718407272006 146
1627555707509 0.0003670678238936732 147
1627555707618 0.0003667289605260852 148
1627555707716 0.00036646094717373786 149
1627555707834 0.00036615568542506984 150
1627555707926 0.0003658433141156652 151
1627555708008 0.0003654968914768077 152
1627555708078 0.0003651946477134841 153
1627555708154 0.00036481522161446186 154
1627555708253 0.00036425297025427587 155
1627555708318 0.00036401990647048004 156
1627555708403 0.00036362370793872103 157
1627555708477 0.00036332243733211764 158
1627555708551 0.0003630060839884131 159
1627555708627 0.0003627611066446669 160
1627555708739 0.0003624490478332933 161
1627555708802 0.0003621749353372065 162
1627555708889 0.0003619081601612774 163
1627555708971 0.0003616377234229695 164
1627555709053 0.00036131093332464565 165
1627555709142 0.00036102482076297786 166
1627555709217 0.00036074327890165195 167
1627555709340 0.00036023167084054606 168
1627555709418 0.0003599358130752908 169
1627555709496 0.00035960254738739533 170
1627555709565 0.00035932973334186795 171
1627555709649 0.00035905875953847426 172
1627555709729 0.00035875081905827505 173
1627555709812 0.00035849758336564533 174
1627555709920 0.0003581081549349785 175
1627555710041 0.0003576823166983469 176
1627555710135 0.0003573930963292136 177
1627555710213 0.0003571002367153885 178
1627555710287 0.0003568327032983006 179
1627555710344 0.0003566129867719451 180
1627555710421 0.00035629188057475006 181
1627555710493 0.0003560136883005239 182
1627555710568 0.0003557644085814638 183
1627555710637 0.0003554875183381983 184
1627555710710 0.0003552406661265278 185
1627555710773 0.00035498876752171376 186
1627555710831 0.00035472880621828317 187
1627555710895 0.0003544834659821262 188
1627555710976 0.0003542257197328212 189
1627555711060 0.00035395057002527927 190
1627555711129 0.0003537466467115119 191
1627555711231 0.00035329786023249833 192
1627555711307 0.00035304127243889985 193
1627555711382 0.0003527753343024644 194
1627555711441 0.0003525616662739914 195
1627555711547 0.0003521050100372984 196
1627555711672 0.0003515703123941026 197
1627555711782 0.00035110724300184805 198
1627555711859 0.0003508767219127912 199
1627555711963 0.0003506121994639525 200
1627555712065 0.0003503798954180177 201
1627555712130 0.0003501561965840593 202
1627555712184 0.0003499079730067785 203
1627555712258 0.0003496749674816027 204
1627555712326 0.00034943033761966337 205
1627555712425 0.0003491605539027103 206
1627555712498 0.0003489600449805514 207
1627555712569 0.00034871901245647015 208
1627555712661 0.0003484874481946704 209
1627555712728 0.0003482480803981437 210
1627555712826 0.00034790049221799835 211
1627555712904 0.0003476360720302173 212
1627555712973 0.00034739584487431115 213
1627555713074 0.00034715137611137894 214
1627555713167 0.0003469462435096184 215
1627555713242 0.0003466731210078494 216
1627555713297 0.000346445432644068 217
1627555713382 0.0003460938332310609 218
1627555713441 0.0003458672439074244 219
1627555713515 0.0003455599346021402 220
1627555713583 0.00034536836413429046 221
1627555713663 0.0003451201136796717 222
1627555713720 0.0003449378186165147 223
1627555713782 0.0003447373094049564 224
1627555713864 0.00034450052775624596 225
1627555713938 0.00034426135727999455 226
1627555713999 0.0003440330149879023 227
1627555714070 0.0003437948411300332 228
1627555714135 0.0003435766294249245 229
1627555714194 0.00034337998678964007 230
1627555714269 0.0003431576015607355 231
1627555714331 0.0003429713322169768 232
1627555714392 0.000342764452574654 233
1627555714463 0.00034255160686396486 234
1627555714519 0.00034234561467476137 235
1627555714595 0.0003420903547501331 236
1627555714673 0.0003418610713324974 237
1627555714767 0.00034157433198905856 238
1627555714834 0.00034134582564937364 239
1627555714922 0.0003411278209432377 240
1627555714990 0.0003409218389885541 241
1627555715061 0.00034067988952184993 242
1627555715160 0.00034029511169017345 243
1627555715220 0.00034008997355746253 244
1627555715292 0.00033988581805106987 245
1627555715354 0.00033966061273071646 246
1627555715412 0.00033942914991290737 247
1627555715478 0.0003392059325264824 248
1627555715532 0.0003390022630857157 249
1627555715619 0.00033875701748770174 250
1627555715697 0.0003385298175410761 251
1627555715777 0.00033828378575702177 252
1627555715852 0.00033805665885593454 253
1627555715944 0.0003377199472214771 254
1627555716007 0.0003375128439211342 255
1627555716092 0.00033728947726471956 256
1627555716163 0.0003370854666984696 257
1627555716241 0.00033684272688400753 258
1627555716315 0.00033664183899783344 259
1627555716378 0.00033642753598854666 260
1627555716456 0.00033622168785928206 261
1627555716529 0.0003360114647091732 262
1627555716594 0.0003358078901373635 263
1627555716673 0.00033558431656758735 264
1627555716751 0.00033535793280660073 265
1627555716827 0.00033514593308880773 266
1627555716904 0.0003349118522333241 267
1627555716968 0.00033471718789879987 268
1627555717029 0.0003345324722785286 269
1627555717098 0.000334328340984245 270
1627555717160 0.0003341387775097862 271
1627555717229 0.00033395232711725363 272
1627555717314 0.0003337277810682455 273
1627555717377 0.00033355853000279905 274
1627555717449 0.0003447373094049564 275
1627555721589 0.0010970019828479948 0
1627555721734 0.001012179539412412 1
1627555721868 0.0009371755238108598 2
1627555721996 0.0008711726089223389 3
1627555722129 0.0008132208892712004 4
1627555722256 0.0007627258973540582 5
1627555722379 0.0007190479802360549 6
1627555722564 0.0006812746683936482 7
1627555722721 0.0006488167292508945 8
1627555722839 0.0006207742915494707 9
1627555722962 0.0005964940745148251 10
1627555723082 0.0005758010665634294 11
1627555723201 0.0005579876619909652 12
1627555723332 0.0005429980735843406 13
1627555723477 0.0005301863176735724 14
1627555723610 0.0005194618855520879 15
1627555723756 0.000510213893932154 16
1627555723871 0.0005024613853798402 17
1627555723983 0.0004956369229212999 18
1627555724086 0.000489634928180659 19
1627555724185 0.0004845048594279291 20
1627555724305 0.0004800769188011846 21
1627555724424 0.0004763918022457532 22
1627555724541 0.00047287159153890204 23
1627555724651 0.0004697045162549898 24
1627555724752 0.00046696736870270453 25
1627555724857 0.00046437319510208425 26
1627555724962 0.00046219575672374756 27
1627555725078 0.00046004739403145454 28
1627555725177 0.00045783524327236056 29
1627555725284 0.0004559486111756382 30
1627555725387 0.00045384930121497976 31
1627555725487 0.0004517711670062915 32
1627555725585 0.0004499147610981412 33
1627555725682 0.00044861299292854335 34
1627555725783 0.0004471746628665249 35
1627555725906 0.0004453446157069752 36
1627555726038 0.000443137757939386 37
1627555726132 0.0004413270702986017 38
1627555726238 0.0004397586341734887 39
1627555726358 0.0004384112942756428 40
1627555726449 0.0004368005588767265 41
1627555726540 0.00043549781703966587 42
1627555726641 0.0004341453857811291 43
1627555726745 0.0004330878088735213 44
1627555726835 0.0004323613256167959 45
1627555726940 0.00043087944639054205 46
1627555727030 0.00042973942325475573 47
1627555727132 0.00042854618856170344 48
1627555727233 0.0004277814808206962 49
1627555727356 0.0004264117693329576 50
1627555727479 0.00042452249030014536 51
1627555727599 0.0004225224631892514 52
1627555727713 0.0004211393023507482 53
1627555727815 0.00042025519987457476 54
1627555727915 0.00041955925915155564 55
1627555728013 0.00041876873549320695 56
1627555728122 0.00041804410729831537 57
1627555728230 0.0004174081964502221 58
1627555728335 0.00041667989052470805 59
1627555728431 0.00041594675078356606 60
1627555728537 0.00041421603050467243 61
1627555728625 0.0004131449366324814 62
1627555728715 0.00041251762951763376 63
1627555728810 0.0004119311212411067 64
1627555728958 0.0004103262599858069 65
1627555729046 0.00040977663925250183 66
1627555729134 0.00040924864730073674 67
1627555729246 0.00040782016856568293 68
1627555729352 0.00040647839188250826 69
1627555729465 0.00040573655231447233 70
1627555729578 0.00040520321584108023 71
1627555729694 0.00040406086925471853 72
1627555729812 0.0004034655951196106 73
1627555729907 0.0004029267106361768 74
1627555730010 0.0004017757838959758 75
1627555730107 0.000401217585117966 76
1627555730212 0.0004003651854265192 77
1627555730295 0.0003998234353908177 78
1627555730388 0.0003993274596862072 79
1627555730487 0.00039883537589959715 80
1627555730598 0.0003976657449698267 81
1627555730692 0.0003971662781703248 82
1627555730800 0.00039625418242044167 83
1627555730895 0.00039575678004206803 84
1627555731020 0.0003950425291746844 85
1627555731146 0.00039450303874801124 86
1627555731248 0.0003938925085406424 87
1627555731354 0.00039343737067621835 88
1627555731454 0.00039293374707012537 89
1627555731546 0.00039246546953139265 90
1627555731631 0.0003920391642213234 91
1627555731735 0.0003913461908848283 92
1627555731830 0.0003908895094557627 93
1627555731917 0.0003904469823691431 94
1627555732050 0.0003899408074842528 95
1627555732179 0.00038954453846482207 96
1627555732281 0.00038868420994748185 97
1627555732391 0.0003880866313966645 98
1627555732498 0.00038726029234235145 99
1627555732628 0.0003867706772619145 100
1627555732736 0.00038639595451972546 101
1627555732870 0.0003860141804627239 102
1627555732973 0.0003856073792473927 103
1627555733084 0.00038519313790228625 104
1627555733174 0.00038479812562680925 105
1627555733241 0.0003844131133364717 106
1627555733329 0.00038401163203159163 107
1627555733458 0.0003835815884598577 108
1627555733590 0.0003828124144590676 109
1627555733684 0.0003824283927512731 110
1627555733788 0.0003818008221441959 111
1627555733884 0.0003813837224181028 112
1627555733962 0.00038100426729855417 113
1627555734048 0.00038059586922876813 114
1627555734146 0.0003801654409055717 115
1627555734228 0.00037979417060560725 116
1627555734364 0.0003789478102427812 117
1627555734451 0.000378503560857498 118
1627555734597 0.0003778871368315444 119
1627555734702 0.0003774385518705765 120
1627555734809 0.00037710351889119433 121
1627555734898 0.0003767022091931603 122
1627555735001 0.0003763356895128012 123
1627555735079 0.00037596720089318105 124
1627555735162 0.000375625061524807 125
1627555735281 0.00037525675194847313 126
1627555735358 0.00037490717247036645 127
1627555735425 0.00037457131735027857 128
1627555735519 0.0003742150923870861 129
1627555735613 0.0003737828688828021 130
1627555735692 0.00037340274915185047 131
1627555735771 0.0003731066631664307 132
1627555735852 0.0003727350013737621 133
1627555735944 0.0003723652190733263 134
1627555736029 0.00037203056424873587 135
1627555736142 0.0003715177070245406 136
1627555736216 0.0003711806788353257 137
1627555736289 0.0003708575469345214 138
1627555736362 0.00037052425868612683 139
1627555736441 0.00037020323915974034 140
1627555736524 0.0003699032894061986 141
1627555736592 0.00036956289971102013 142
1627555736659 0.00036927098926639503 143
1627555736730 0.0003689365482720956 144
1627555736800 0.00036860276578913403 145
1627555736910 0.00036800099950150847 146
1627555736994 0.0003676863642677271 147
1627555737080 0.0003673842651866762 148
1627555737156 0.0003670936807076782 149
1627555737252 0.0003667842213765649 150
1627555737329 0.0003665326260202597 151
1627555737420 0.0003662062550807571 152
1627555737494 0.00036585614484212995 153
1627555737564 0.000365549685331287 154
1627555737674 0.0003652651977762611 155
1627555737767 0.00036494500833051627 156
1627555737846 0.0003646174449111639 157
1627555737925 0.00036432119457686815 158
1627555738014 0.0003638957236581504 159
1627555738106 0.00036363428394690787 160
1627555738196 0.0003633448512688183 161
1627555738337 0.00036290067599292736 162
1627555738423 0.0003625933705063272 163
1627555738570 0.00036208691277509554 164
1627555738640 0.0003618121209871154 165
1627555738706 0.0003615465871420522 166
1627555738772 0.0003612711772044091 167
1627555738856 0.000361011540202421 168
1627555738924 0.0003607516646794836 169
1627555738992 0.00036047518159056617 170
1627555739073 0.0003601761603939781 171
1627555739154 0.0003599040892290743 172
1627555739236 0.0003596277684222113 173
1627555739313 0.00035933682555281467 174
1627555739390 0.00035902576361678614 175
1627555739470 0.0003587536160579689 176
1627555739565 0.00035830567306201065 177
1627555739651 0.000357933087113885 178
1627555739730 0.0003576371787246938 179
1627555739802 0.0003573594000016436 180
1627555739894 0.0003570562066499011 181
1627555740013 0.00035658499727114843 182
1627555740095 0.00035629752783325014 183
1627555740170 0.00035601424792264746 184
1627555740257 0.00035572176369890655 185
1627555740331 0.0003554518477049306 186
1627555740399 0.00035517963673244315 187
1627555740486 0.0003548007023786161 188
1627555740547 0.00035455111078279823 189
1627555740631 0.00035420133803961215 190
1627555740697 0.00035398208421159557 191
1627555740789 0.0003535872978615092 192
1627555740864 0.0003533117291218663 193
1627555740943 0.00035304399739671095 194
1627555741014 0.0003528076407445282 195
1627555741097 0.00035248934716681433 196
1627555741174 0.00035225601795737247 197
1627555741267 0.00035197497981645786 198
1627555741350 0.00035174538785358707 199
1627555741454 0.0003514492659212499 200
1627555741527 0.0003512129474668303 201
1627555741634 0.0003508617656075111 202
1627555741699 0.00035061213661228587 203
1627555741789 0.00035021888412595703 204
1627555741852 0.0003499942807312733 205
1627555741917 0.00034977992255013024 206
1627555741985 0.0003495325040759105 207
1627555742042 0.00034931828438931753 208
1627555742115 0.00034908033265745907 209
1627555742180 0.00034884647399787083 210
1627555742269 0.0003485908703458238 211
1627555742335 0.00034831972477997625 212
1627555742405 0.00034808692745961605 213
1627555742501 0.0003477615827692526 214
1627555742571 0.00034752195381644715 215
1627555742649 0.0003472995010202469 216
1627555742722 0.0003470636002360111 217
1627555742802 0.0003468452896317293 218
1627555742884 0.00034659934846588295 219
1627555742960 0.00034637707807317724 220
1627555743065 0.00034609973199827286 221
1627555743179 0.00034576404218780564 222
1627555743242 0.0003455563207535963 223
1627555743299 0.00034535435057580013 224
1627555743376 0.0003451034690424999 225
1627555743453 0.0003448600273576533 226
1627555743508 0.00034465702791717324 227
1627555743585 0.0003444002323104252 228
1627555743682 0.00034409376835134724 229
1627555743740 0.0003438979973748435 230
1627555743803 0.0003436727062946 231
1627555743854 0.0003434770801084553 232
1627555743911 0.00034326715688148487 233
1627555743992 0.0003430335474692185 234
1627555744051 0.0003428054579751713 235
1627555744111 0.0003426025663703303 236
1627555744183 0.0003423597930406554 237
1627555744252 0.0003421515369597739 238
1627555744317 0.00034190733672046126 239
1627555744405 0.00034162003498526143 240
1627555744476 0.0003413927362927872 241
1627555744537 0.00034116084591982184 242
1627555744612 0.0003409569832833806 243
1627555744669 0.0003407286420054059 244
1627555744737 0.0003404977401026042 245
1627555744816 0.0003402619058312829 246
1627555744915 0.0003400453395306683 247
1627555744996 0.0003398157703894785 248
1627555745067 0.0003395974302471905 249
1627555745144 0.000339372298520243 250
1627555745214 0.0003391393594007829 251
1627555745274 0.0003389269917673847 252
1627555745337 0.0003387009009910197 253
1627555745429 0.000338513028422888 254
1627555745513 0.0003382839155821319 255
1627555745585 0.0003380598865525754 256
1627555745661 0.0003378406017867576 257
1627555745717 0.0003376473085104333 258
1627555745793 0.0003374481106758678 259
1627555745867 0.000337186767372755 260
1627555745928 0.0003369888144659443 261
1627555745998 0.00033679153161317836 262
1627555746067 0.0003366019742583346 263
1627555746138 0.0003363878770329612 264
1627555746201 0.00033617866282037483 265
1627555746263 0.0003359668573193523 266
1627555746344 0.000335771757237481 267
1627555746406 0.0003355706147086413 268
1627555746467 0.0003353907010175136 269
1627555746556 0.00033517624322623057 270
1627555746632 0.00033497781140800445 271
1627555746694 0.000334780560234604 272
1627555746780 0.00033448327609434894 273
1627555746874 0.0003342525117887829 274
1627555746940 0.00033405566769925503 275
1627555747026 0.0003338831680428684 276
1627555747094 0.00033366873112692736 277
1627555747170 0.0003334392770168307 278
1627555747261 0.0003332360688640524 279
1627555747327 0.0003330036732089776 280
1627555747390 0.00033284471919881915 281
1627555747442 0.00033266253973728737 282
1627555747494 0.00033248257753139423 283
1627555747559 0.00033226756374623564 284
1627555747618 0.000332065059187927 285
1627555747691 0.00033188891312429684 286
1627555747769 0.00033164063646826103 287
1627555747826 0.0003314576991291007 288
1627555747895 0.00033125429802961467 289
1627555747948 0.00033107287559642617 290
1627555748013 0.00033089036369051366 291
1627555748099 0.00033066777384683507 292
1627555748165 0.0003304856479326345 293
1627555748240 0.000330266216183751 294
1627555748307 0.00033005313842573693 295
1627555748381 0.00032983387877302806 296
1627555748452 0.00032963416174403124 297
1627555748521 0.00032945766825914937 298
1627555748611 0.00032914122518505135 299
1627555748691 0.00032895349711724385 300
1627555748758 0.0003287583812873613 301
1627555748842 0.0003285594260816925 302
1627555748911 0.00032839171816777913 303
1627555748972 0.00032820323205669965 304
1627555749066 0.0003279247236943722 305
1627555749133 0.00032771769526597917 306
1627555749199 0.00032754460843447314 307
1627555749272 0.00032732613846980286 308
1627555749351 0.000327133770538463 309
1627555749471 0.00032690252093974106 310
1627555749555 0.00032671500186917245 311
1627555749614 0.0003265233847122947 312
1627555749678 0.0003263479792200461 313
1627555749753 0.00032614466220185753 314
1627555749839 0.00032596723284642344 315
1627555749896 0.00032579111471733944 316
1627555749952 0.0003256083966330034 317
1627555750011 0.0003254274638048979 318
1627555750080 0.0003252332066279797 319
1627555750167 0.0003353907010175136 320
1627555754192 0.0011000486048871598 0
1627555754342 0.00101476365098555 1
1627555754482 0.0009393939914144226 2
1627555754615 0.0008730700421156279 3
1627555754752 0.00081477627753961 4
1627555754885 0.0007640975658706777 5
1627555755016 0.0007201391689325931 6
1627555755151 0.000682275393425149 7
1627555755306 0.0006494957632076233 8
1627555755483 0.00062139023458222 9
1627555755637 0.0005970474051121681 10
1627555755779 0.0005763655809403439 11
1627555755901 0.0005584555353466772 12
1627555756062 0.0005433424127183234 13
1627555756182 0.0005302457694066968 14
1627555756336 0.0005193463986637068 15
1627555756461 0.000510044925043528 16
1627555756579 0.0005021635467245284 17
1627555756695 0.0004954608033203338 18
1627555756805 0.0004894607612206661 19
1627555756913 0.0004844040027274423 20
1627555757013 0.0004799895259021876 21
1627555757190 0.0004761520455991957 22
1627555757375 0.00047286304573756837 23
1627555757502 0.0004692356486740768 24
1627555757604 0.00046641806325554714 25
1627555757709 0.00046394230436607706 26
1627555757810 0.00046161873576094724 27
1627555757919 0.0004590347976509668 28
1627555758019 0.00045678942593491525 29
1627555758127 0.00045496295747150995 30
1627555758228 0.00045311512564149024 31
1627555758334 0.0004511935641813163 32
1627555758432 0.00044937517166536754 33
1627555758525 0.0004479422867700334 34
1627555758616 0.00044615873200714624 35
1627555758724 0.00044401792718581706 36
1627555758862 0.00044142859055346144 37
1627555758991 0.0004404274603730621 38
1627555759099 0.0004390839772878049 39
1627555759226 0.0004376504037427278 40
1627555759385 0.0004356071825177561 41
1627555759520 0.0004342970054931001 42
1627555759644 0.0004323333009637125 43
1627555759754 0.0004309643484887994 44
1627555759843 0.0004301841754600543 45
1627555759956 0.00042839274850557934 46
1627555760043 0.000427650797423867 47
1627555760137 0.00042642956951612695 48
1627555760251 0.00042425661205399806 49
1627555760364 0.00042301856698005204 50
1627555760441 0.00042233590578610815 51
1627555760542 0.000420630677599758 52
1627555760669 0.0004195468560393605 53
1627555760809 0.00041887845547850173 54
1627555760939 0.0004177627186943673 55
1627555761112 0.0004166132665917067 56
1627555761197 0.0004159749628297982 57
1627555761281 0.0004153334407439353 58
1627555761383 0.00041459582608766894 59
1627555761469 0.0004139712935760715 60
1627555761578 0.00041259760382453834 61
1627555761689 0.00041141626789517914 62
1627555761779 0.00041086064717259886 63
1627555761869 0.00041020521790023835 64
1627555761965 0.0004096229615849504 65
1627555762050 0.00040904715291028134 66
1627555762162 0.0004078157507716515 67
1627555762279 0.00040713489263647734 68
1627555762432 0.00040610983914046917 69
1627555762530 0.00040554416571332856 70
1627555762645 0.00040452504444940724 71
1627555762729 0.0004039519055032033 72
1627555762879 0.0004027501376174577 73
1627555762965 0.00040220598686216126 74
1627555763088 0.0004016099063076162 75
1627555763178 0.00040099224998808863 76
1627555763273 0.0004003865177688001 77
1627555763353 0.0003998625015386013 78
1627555763434 0.00039937086534474987 79
1627555763523 0.0003988520342589534 80
1627555763632 0.00039811711361807445 81
1627555763723 0.0003974550297205156 82
1627555763827 0.00039640040212592196 83
1627555763923 0.000395894011900692 84
1627555764028 0.0003953548050078715 85
1627555764119 0.0003948596222416878 86
1627555764211 0.0003944030342222023 87
1627555764319 0.00039380821998326494 88
1627555764405 0.00039335709033109855 89
1627555764500 0.0003928915916506373 90
1627555764598 0.00039239329399253745 91
1627555764685 0.0003919817843286211 92
1627555764771 0.0003915290795674115 93
1627555764868 0.000391117219895601 94
1627555764966 0.0003906717088051216 95
1627555765092 0.0003896531339939145 96
1627555765198 0.0003892489402276175 97
1627555765302 0.00038839250033838 98
1627555765376 0.0003878933071140038 99
1627555765481 0.0003874565225507096 100
1627555765588 0.00038662313169239804 101
1627555765689 0.00038577400604528463 102
1627555765753 0.00038537645925907174 103
1627555765843 0.0003849420894154245 104
1627555765933 0.00038450982640894383 105
1627555766021 0.00038412031545325304 106
1627555766103 0.00038372998468961037 107
1627555766172 0.00038331283857483925 108
1627555766268 0.00038280646403233666 109
1627555766351 0.0003823268353719534 110
1627555766438 0.0003819456943565997 111
1627555766544 0.00038144027023688753 112
1627555766644 0.0003808027481106985 113
1627555766727 0.0003804284169309172 114
1627555766807 0.0003800543683713015 115
1627555766888 0.0003796667582981338 116
1627555766983 0.00037925384610294137 117
1627555767070 0.0003788708922964417 118
1627555767150 0.00037852403669058724 119
1627555767242 0.0003779551049390106 120
1627555767300 0.0003776003865218103 121
1627555767381 0.00037721446051422854 122
1627555767481 0.00037676376634798617 123
1627555767560 0.00037633332215608606 124
1627555767653 0.0003757518694358691 125
1627555767751 0.00037510148657771277 126
1627555767840 0.000374573466850232 127
1627555767957 0.0003741205003818671 128
1627555768041 0.0003737683502454982 129
1627555768138 0.00037343493958922057 130
1627555768223 0.00037309910536894035 131
1627555768301 0.00037276021141428335 132
1627555768387 0.0003723832646771013 133
1627555768493 0.000371753897543132 134
1627555768589 0.00037139632391650535 135
1627555768667 0.000371037475935667 136
1627555768744 0.0003707129585735619 137
1627555768825 0.0003703859111619655 138
1627555768928 0.0003698264616543132 139
1627555769008 0.0003694583059214373 140
1627555769102 0.0003690322885368115 141
1627555769173 0.00036872892999264536 142
1627555769234 0.00036844763961548676 143
1627555769304 0.00036812467122804114 144
1627555769386 0.0003677592573190049 145
1627555769514 0.0003674351070972528 146
1627555769593 0.00036716004739102573 147
1627555769674 0.0003668731219709058 148
1627555769805 0.00036639003607082056 149
1627555769883 0.00036611495842219736 150
1627555769970 0.0003658395294432957 151
1627555770043 0.00036554274145750407 152
1627555770158 0.0003652273392309046 153
1627555770225 0.0003649108704085997 154
1627555770319 0.0003646365931268548 155
1627555770390 0.0003643379504426059 156
1627555770460 0.0003640296329689896 157
1627555770552 0.0003636898661963393 158
1627555770618 0.00036340026700292763 159
1627555770727 0.000362858817971778 160
1627555770812 0.0003625443739025717 161
1627555770893 0.00036224584161179287 162
1627555770962 0.00036197264949362664 163
1627555771041 0.00036170942594659255 164
1627555771120 0.0003614128920331677 165
1627555771199 0.00036108231853087576 166
1627555771283 0.00036082379410554036 167
1627555771352 0.0003605628147701355 168
1627555771422 0.0003603135511704308 169
1627555771491 0.00036002089027480983 170
1627555771564 0.00035974752924239535 171
1627555771656 0.00035948820471974787 172
1627555771763 0.00035917940322812705 173
1627555771839 0.00035892538660049354 174
1627555771898 0.00035867023564433993 175
1627555771960 0.0003584251930595652 176
1627555772028 0.0003581416468530339 177
1627555772100 0.00035788494387437795 178
1627555772166 0.00035766882563580067 179
1627555772246 0.00035735985472284547 180
1627555772323 0.0003570433905027666 181
1627555772400 0.00035679013542450674 182
1627555772467 0.00035653331050186567 183
1627555772537 0.00035626633452227603 184
1627555772637 0.00035576592104772335 185
1627555772695 0.0003555286455590476 186
1627555772764 0.0003552493502732371 187
1627555772834 0.0003549981703327388 188
1627555772925 0.0003545917251904596 189
1627555773002 0.0003543636096180128 190
1627555773095 0.0003540774929060389 191
1627555773178 0.0003537477401090449 192
1627555773282 0.0003534562367476318 193
1627555773364 0.000353178899579974 194
1627555773455 0.0003528119646218698 195
1627555773517 0.0003526000903615804 196
1627555773604 0.00035220540642044463 197
1627555773696 0.00035194429788594294 198
1627555773770 0.00035166681244863516 199
1627555773864 0.0003514148532628944 200
1627555773934 0.00035117726195042976 201
1627555774005 0.00035088394316177564 202
1627555774091 0.0003506123793921764 203
1627555774166 0.0003503708413686777 204
1627555774224 0.00035012409466925485 205
1627555774318 0.00034989289582716703 206
1627555774389 0.00034965902555166185 207
1627555774500 0.0003494283487055767 208
1627555774563 0.0003492031573786358 209
1627555774631 0.0003489553620045581 210
1627555774746 0.00034851020446866716 211
1627555774826 0.0003482493950503345 212
1627555774923 0.0003479710985414036 213
1627555775028 0.00034772709500952535 214
1627555775086 0.00034749302475215 215
1627555775162 0.00034727529376021735 216
1627555775238 0.00034705258856802736 217
1627555775315 0.00034678830844217317 218
1627555775382 0.0003465367512588675 219
1627555775469 0.0003463065591905834 220
1627555775573 0.0003459772834477645 221
1627555775650 0.00034575370138886774 222
1627555775722 0.00034552023138444165 223
1627555775799 0.0003452931414133218 224
1627555775866 0.00034506035315291084 225
1627555775928 0.0003448381207715596 226
1627555775999 0.00034456912598041276 227
1627555776085 0.000344331274735961 228
1627555776184 0.0003441009341204206 229
1627555776246 0.0003438694180575786 230
1627555776316 0.00034363590228596763 231
1627555776432 0.00034337999447941624 232
1627555776504 0.0003431673716894237 233
1627555776588 0.00034288044784315584 234
1627555776647 0.0003426508457717554 235
1627555776710 0.00034245053272138854 236
1627555776773 0.00034223769794120495 237
1627555776840 0.00034203922923464633 238
1627555776942 0.00034167764100930014 239
1627555777021 0.000341464668181603 240
1627555777088 0.0003412583208081095 241
1627555777172 0.0003409828429728164 242
1627555777269 0.00034067048863325935 243
1627555777331 0.00034050012600614647 244
1627555777396 0.0003403051605259684 245
1627555777459 0.00034008478406263084 246
1627555777522 0.0003398863161258357 247
1627555777601 0.00033967426559553633 248
1627555777674 0.0003394364352087684 249
1627555777770 0.00033920010625435737 250
1627555777837 0.0003389699701527778 251
1627555777924 0.0003386802584516915 252
1627555777992 0.0003384593399021497 253
1627555778063 0.0003382387456797751 254
1627555778125 0.0003380257315015682 255
1627555778188 0.00033782247616230267 256
1627555778240 0.0003376633237992277 257
1627555778305 0.0003374373216909187 258
1627555778390 0.00033721863420554634 259
1627555778451 0.00033703147861952607 260
1627555778508 0.00033685770259288657 261
1627555778574 0.0003366682667360427 262
1627555778648 0.000336480598620109 263
1627555778741 0.0003362739482298244 264
1627555778861 0.0003360542342221125 265
1627555778957 0.00033585565479493326 266
1627555779072 0.00033565356561470795 267
1627555779147 0.0003354545522446134 268
1627555779239 0.00033511820544704346 269
1627555779327 0.0003348493250764947 270
1627555779388 0.0003346672369659445 271
1627555779481 0.00033440101450949984 272
1627555779545 0.00033421049928402026 273
1627555779605 0.000334040117830827 274
1627555779662 0.0003338779212694567 275
1627555779731 0.00033365331413047234 276
1627555779791 0.0003334555293302227 277
1627555779862 0.0003332270834389912 278
1627555779937 0.000333035595775226 279
1627555780000 0.00033282740424745046 280
1627555780065 0.00033261221381262904 281
1627555780131 0.000332415966451875 282
1627555780189 0.0003322612265447474 283
1627555780300 0.0003320257222445368 284
1627555780391 0.00033182878262414935 285
1627555780474 0.0003316132768209825 286
1627555780554 0.0003314027627692177 287
1627555780609 0.0003312467759260573 288
1627555780677 0.00033102537838189557 289
1627555780749 0.00033075853248456475 290
1627555780822 0.0003305757805057301 291
1627555780891 0.00033040012626973567 292
1627555780958 0.0003302110458193241 293
1627555781032 0.00032998339543453787 294
1627555781113 0.00032971464091909286 295
1627555781174 0.0003295025411743897 296
1627555781241 0.0003293063596552236 297
1627555781305 0.00032911762333920314 298
1627555781391 0.00032878301838774995 299
1627555781490 0.0003285750306832116 300
1627555781550 0.00032838072791194976 301
1627555781611 0.0003282037155730084 302
1627555781673 0.00032802585147856405 303
1627555781746 0.00032783547367388045 304
1627555781829 0.00032764733373646677 305
1627555781894 0.0003274560687829493 306
1627555781969 0.0003272809157346215 307
1627555782073 0.0003270227406196214 308
1627555782128 0.0003268768425062294 309
1627555782193 0.0003266806091644758 310
1627555782271 0.00032647296989092513 311
1627555782332 0.00032628919007028314 312
1627555782417 0.0003260807063066545 313
1627555782473 0.0003258908281040218 314
1627555782548 0.0003257149176112789 315
1627555782603 0.0003254996280593309 316
1627555782664 0.00032532696274390513 317
1627555782715 0.0003251423788177187 318
1627555782825 0.00032477766108020143 319
1627555782880 0.0003245870484748449 320
1627555782944 0.0003244098212417998 321
1627555783003 0.0003242744829137638 322
1627555783088 0.00033440101450949984 323
