1627561934905 0.0010993357929720976 0
1627561935039 0.0010147808813513006 1
1627561935154 0.0009401217801904201 2
1627561935286 0.0008744958470286843 3
1627561935391 0.0008167590298396971 4
1627561935508 0.0007665397065151245 5
1627561935602 0.000723062178888077 6
1627561935703 0.0006856033226384725 7
1627561935805 0.0006533141439387598 8
1627561935914 0.0006253815394573271 9
1627561936058 0.0006012978843377391 10
1627561936153 0.0005808579176277102 11
1627561936246 0.0005632085601236754 12
1627561936371 0.0005482635557852971 13
1627561936466 0.0005353775955204511 14
1627561936585 0.000524714287174685 15
1627561936673 0.0005153941596329624 16
1627561936766 0.0005077673651761557 17
1627561936883 0.0005012148087104665 18
1627561936975 0.0004953005414066055 19
1627561937059 0.0004902350145186958 20
1627561937146 0.00048598047432902593 21
1627561937236 0.00048223871873539733 22
1627561937361 0.0004789582442252144 23
1627561937463 0.00047561445653585417 24
1627561937562 0.00047308847635855013 25
1627561937677 0.00047070543916348154 26
1627561937769 0.0004686486287779202 27
1627561937883 0.0004667662711054123 28
1627561938002 0.00046475961271239485 29
1627561938121 0.0004627755286033584 30
1627561938218 0.0004612553447949007 31
1627561938302 0.00045948268928451644 32
1627561938377 0.00045803206474303253 33
1627561938454 0.0004567972266519199 34
1627561938529 0.00045500899324098123 35
1627561938609 0.0004532316821620306 36
1627561938721 0.00045166049509588735 37
1627561938801 0.00044973054721701917 38
1627561938878 0.0004486540912309134 39
1627561938959 0.00044786909877906613 40
1627561939035 0.000446619314273186 41
1627561939127 0.00044478537703081245 42
1627561939220 0.00044357934147364866 43
1627561939324 0.000442566103138957 44
1627561939444 0.0004418007260728913 45
1627561939555 0.00044104975152429657 46
1627561939642 0.00043971832791809965 47
1627561939767 0.0004378920500360097 48
1627561939860 0.00043725236306449146 49
1627561939946 0.0004355002615566511 50
1627561940016 0.00043486922188308244 51
1627561940085 0.0004340172846140671 52
1627561940168 0.00043228677637028174 53
1627561940238 0.00043162339583480413 54
1627561940305 0.000430874787151501 55
1627561940417 0.00042987827450565884 56
1627561940493 0.00042931874405026746 57
1627561940594 0.000428530805033284 58
1627561940691 0.0004275311076782624 59
1627561940770 0.00042696532005545324 60
1627561940867 0.0004263069050264117 61
1627561940948 0.00042565327925487667 62
1627561941046 0.00042518466685136823 63
1627561941127 0.00042418962397112103 64
1627561941216 0.0004236771243702949 65
1627561941333 0.00042296120300108596 66
1627561941409 0.0004224723737146661 67
1627561941490 0.0004211459166260213 68
1627561941566 0.0004202648249201385 69
1627561941644 0.0004197147534707726 70
1627561941715 0.00041904324308173553 71
1627561941786 0.00041822555973262726 72
1627561941867 0.0004171477611985421 73
1627561941944 0.0004166644490945083 74
1627561942028 0.0004155392212142144 75
1627561942099 0.00041491994653240414 76
1627561942164 0.00041443504007212986 77
1627561942231 0.0004139672891178927 78
1627561942307 0.00041326581669004985 79
1627561942377 0.00041271261753882853 80
1627561942492 0.00041177350136177023 81
1627561942571 0.0004113085370644064 82
1627561942652 0.00041089035105653857 83
1627561942739 0.0004104558468279922 84
1627561942819 0.00041002840228345324 85
1627561942915 0.0004092337037809384 86
1627561943032 0.0004087902403781608 87
1627561943128 0.00040836357325939906 88
1627561943236 0.00040794964319156675 89
1627561943348 0.00040752459424699296 90
1627561943425 0.0004071371841212372 91
1627561943510 0.00040611583868389444 92
1627561943602 0.0004056249455910571 93
1627561943704 0.000405190605678076 94
1627561943792 0.0004044676092569733 95
1627561943864 0.00040408625216097207 96
1627561943943 0.00040320704123499517 97
1627561944035 0.0004028624153619292 98
1627561944146 0.0004025121999607638 99
1627561944236 0.0004018481375562859 100
1627561944327 0.0004015272216113644 101
1627561944408 0.0004007664206871444 102
1627561944466 0.0004004204451139296 103
1627561944541 0.00040006096989362455 104
1627561944626 0.00039944981051382784 105
1627561944693 0.000399074534754335 106
1627561944754 0.0003987524098408732 107
1627561944831 0.0003983491993108998 108
1627561944908 0.00039775039592806165 109
1627561944982 0.00039709976497745447 110
1627561945049 0.0003967456920015268 111
1627561945119 0.00039625229720621254 112
1627561945184 0.00039590846739808935 113
1627561945258 0.00039551209971464365 114
1627561945341 0.0003951558032563303 115
1627561945392 0.000394846758828279 116
1627561945463 0.00039437985680480835 117
1627561945530 0.00039401151443654343 118
1627561945597 0.00039369994750026955 119
1627561945709 0.0003931405565721901 120
1627561945789 0.00039262781634328696 121
1627561945853 0.0003923055855113581 122
1627561945927 0.0003919955194368504 123
1627561946004 0.00039156217239283945 124
1627561946083 0.00039118495736280024 125
1627561946154 0.0003908890667226252 126
1627561946223 0.0003906048076931738 127
1627561946312 0.00039031631862966484 128
1627561946398 0.00038991387849951964 129
1627561946499 0.0003894315474149586 130
1627561946578 0.00038900030611481744 131
1627561946649 0.0003887137136619317 132
1627561946732 0.0003884054139997185 133
1627561946809 0.00038798586383486283 134
1627561946890 0.0003877117693320343 135
1627561946950 0.00038741582807778164 136
1627561946997 0.0003871838283330083 137
1627561947063 0.00038691574923778834 138
1627561947129 0.0003866133969303692 139
1627561947185 0.00038636968204684355 140
1627561947252 0.00038612519512047064 141
1627561947337 0.0003858375441528109 142
1627561947390 0.000385580045412171 143
1627561947448 0.00038529465880355376 144
1627561947512 0.0003850177016009077 145
1627561947580 0.0003847571093970408 146
1627561947649 0.0003843285771436747 147
1627561947711 0.0003840509743838253 148
1627561947781 0.00038378102664457227 149
1627561947841 0.00038355217126034825 150
1627561947892 0.00038333369840710474 151
1627561947957 0.00038292968197578715 152
1627561948025 0.0003824436830122674 153
1627561948093 0.0003820712289346386 154
1627561948148 0.00038182891444360625 155
1627561948221 0.00038160147105550625 156
1627561948276 0.000381356844125364 157
1627561948337 0.0003810982798722478 158
1627561948414 0.0003808696849386465 159
1627561948486 0.0003804641964975773 160
1627561948557 0.00038005597893207697 161
1627561948625 0.00037978017596693354 162
1627561948696 0.000379474212558633 163
1627561948776 0.00037922347868854387 164
1627561948832 0.00037896096883127423 165
1627561948897 0.0003787038158839564 166
1627561948953 0.00037849192802974957 167
1627561949026 0.00037822577407716537 168
1627561949089 0.00037793454986508144 169
1627561949150 0.00037769783926473044 170
1627561949207 0.0003774580663193205 171
1627561949256 0.0003772468447183094 172
1627561949311 0.00037703909849406774 173
1627561949370 0.00037679200586359236 174
1627561949439 0.00037648101677880183 175
1627561949500 0.0003762471448898719 176
1627561949559 0.00037601854377821017 177
1627561949617 0.00037581690140964767 178
1627561949685 0.0003755367771019804 179
1627561949756 0.00037520786598723495 180
1627561949824 0.00037496393339470026 181
1627561949915 0.00037455545890364994 182
1627561950014 0.000374348371318942 183
1627561950112 0.0003741353913062343 184
1627561950226 0.0003737765477667263 185
1627561950313 0.00037353163957818726 186
1627561950398 0.00037330867043149687 187
1627561950452 0.0003730977199897981 188
1627561950529 0.00037258677277495774 189
1627561950598 0.00037235330697246813 190
1627561950653 0.00037212977226987664 191
1627561950705 0.00037192620602938774 192
1627561950776 0.0003716947921823832 193
1627561950836 0.00037146909087260163 194
1627561950907 0.0003711378561126706 195
1627561950953 0.0003709337631382962 196
1627561951024 0.000370634341845589 197
1627561951088 0.00037033117926375006 198
1627561951153 0.00037012177525480887 199
1627561951214 0.0003699184681448706 200
1627561951270 0.0003696949384178552 201
1627561951322 0.0003694740894037681 202
1627561951387 0.00036925798282408736 203
1627561951478 0.0003690501794488152 204
1627561951546 0.0003687814253913199 205
1627561951613 0.00036859085483082496 206
1627561951721 0.00036832846911312905 207
1627561951803 0.0003681548384072368 208
1627561951902 0.00036794259292344207 209
1627561951995 0.0003676810754737087 210
1627561952084 0.00036747829792545066 211
1627561952201 0.0003671553838951938 212
1627561952308 0.0003668680401443243 213
1627561952395 0.00036665731615470587 214
1627561952481 0.00036645314815743276 215
1627561952555 0.0003662081859782931 216
1627561952617 0.0003659655359525565 217
1627561952683 0.0003658035272303965 218
1627561952771 0.0003656112074182704 219
1627561952869 0.000365321680743652 220
1627561952939 0.0003650682914026206 221
1627561952993 0.00036486895068838524 222
1627561953040 0.00036470326896500274 223
1627561953092 0.0003645199560531957 224
1627561953140 0.0003643510821787719 225
1627561953198 0.00036417813790892337 226
1627561953260 0.0003639700810866785 227
1627561953314 0.0003637702458061775 228
1627561953380 0.00036354354259954697 229
1627561953436 0.00036335103951217883 230
1627561953492 0.00036314336352190715 231
1627561953545 0.000362966058736977 232
1627561953612 0.00036278948618144956 233
1627561953703 0.0003626094752273411 234
1627561953788 0.0003624057070157056 235
1627561953855 0.00036220491995783065 236
1627561953908 0.00036202698946567437 237
1627561953965 0.00036183233138567235 238
1627561954020 0.0003616305880807001 239
1627561954069 0.00036146854285729627 240
1627561954120 0.00036128825630427536 241
1627561954173 0.0003611072101667099 242
1627561954222 0.00036096762662500337 243
1627561954285 0.0003607726179452413 244
1627561954346 0.0003606071125088446 245
1627561954398 0.0003604402108961702 246
1627561954478 0.0003602209176863549 247
1627561954526 0.0003600585921327192 248
1627561954585 0.00035986505862183033 249
1627561954649 0.000359662720663329 250
1627561954707 0.000359451993410644 251
1627561954762 0.0003592469983727061 252
1627561954817 0.00035906003026456854 253
1627561954865 0.00035892360086929386 254
1627561954923 0.00035873434637088254 255
1627561954975 0.00035854639244019206 256
1627561955022 0.0003583768447514787 257
1627561955106 0.00035816429981105587 258
1627561955194 0.00035798437667280476 259
1627561955250 0.000357803552196895 260
1627561955322 0.0003574943446248982 261
1627561955383 0.0003573054399944581 262
1627561955441 0.0003571465902022086 263
1627561955510 0.0003569761118999727 264
1627561955567 0.0003567945909150129 265
1627561955611 0.00035663441425332423 266
1627561955674 0.0003564681303227609 267
1627561955751 0.00035629974101317993 268
1627561955829 0.0003561428573085133 269
1627561955915 0.0003559442999392981 270
1627561956007 0.00035579506407689023 271
1627561956071 0.00035556171226497406 272
1627561956134 0.0003553624799254898 273
1627561956188 0.00035521065564359807 274
1627561956258 0.0003550327245587047 275
1627561956328 0.0003547648506857518 276
1627561956407 0.00035458426957365454 277
1627561956473 0.0003544044827806221 278
1627561956541 0.00035423911422183295 279
1627561956592 0.0003540964279633381 280
1627561956641 0.00035393713507152414 281
1627561956688 0.0003537998525075073 282
1627561956736 0.00035365736228874166 283
1627561956791 0.0003534752342271826 284
1627561956838 0.00035333684513060156 285
1627561956885 0.0003532027842335693 286
1627561956942 0.0003530132251491501 287
1627561956988 0.0003528623589926526 288
1627561957043 0.0003526872074473518 289
1627561957102 0.00035255575018951023 290
1627561957164 0.00035239933037096153 291
1627561957230 0.0003522489066064353 292
1627561957292 0.0003520878093958803 293
1627561957352 0.000351884928343031 294
1627561957410 0.00035170923620145663 295
1627561957460 0.00035156414607299014 296
1627561957510 0.00035138327164105284 297
1627561957580 0.000351214599983123 298
1627561957629 0.0003510560769364562 299
1627561957692 0.0003509047079415074 300
1627561957744 0.00035076407784050167 301
1627561957811 0.00035050464288624697 302
1627561957879 0.0003502206427386651 303
1627561957947 0.00034999657969356305 304
1627561958007 0.0003498254370482464 305
1627561958061 0.0003496617521279698 306
1627561958117 0.00034947892855443025 307
1627561958179 0.00034930209138457386 308
1627561958230 0.00034916036135440354 309
1627561958291 0.0003490262525888518 310
1627561958376 0.00034873884292809784 311
1627561958425 0.0003486165168696369 312
1627561958485 0.000348471511266127 313
1627561958539 0.000348298340478463 314
1627561958606 0.0003481426054835356 315
1627561958701 0.0003479343127603366 316
1627561958758 0.00034777878447234275 317
1627561958820 0.00034765041030516985 318
1627561958891 0.00034744106552299484 319
1627561958950 0.0003472724961310673 320
1627561959019 0.00034708479258883815 321
1627561959068 0.0003469270748530927 322
1627561959140 0.0003466527543948833 323
1627561959207 0.00034649118124683215 324
1627561959261 0.0003463377922118795 325
1627561959315 0.00034618684487822235 326
1627561959368 0.0003460417492327543 327
1627561959424 0.00034591078667447497 328
1627561959497 0.00034561576902306047 329
1627561959543 0.000345503253047915 330
1627561959583 0.0003453687975723971 331
1627561959627 0.0003452220746483549 332
1627561959691 0.00034503749846318313 333
1627561959748 0.0003448832915546506 334
1627561959803 0.00034473788140998955 335
1627561959852 0.000344589411021962 336
1627561959905 0.0003444482646903799 337
1627561959969 0.00034429920304548543 338
1627561960028 0.00034410702002279827 339
1627561960090 0.0003439291383846964 340
1627561960157 0.0003437724735831259 341
1627561960226 0.00034355019748290425 342
1627561960276 0.00034338789093159213 343
1627561960338 0.0003432761406507833 344
1627561960388 0.00034312756272535946 345
1627561960430 0.00034302469242019967 346
1627561960485 0.0003428722926263412 347
1627561960554 0.0003427168090360551 348
1627561960610 0.00034255429477509237 349
1627561960654 0.00034242087799057355 350
1627561960719 0.00034227314662703477 351
1627561960777 0.00034214881995050123 352
1627561960820 0.0003420261971348177 353
1627561960861 0.0003419154519671721 354
1627561960905 0.0003417906328009552 355
1627561960972 0.0003415892824888969 356
1627561961022 0.0003414512160706296 357
1627561961072 0.0003413231321914679 358
1627561961128 0.0003411646515622214 359
1627561961190 0.00034104545441738957 360
1627561961262 0.00034091106334219727 361
1627561961323 0.0003407592550070589 362
1627561961407 0.00034057664576872705 363
1627561961470 0.0003404466151741229 364
1627561961519 0.000340314664951543 365
1627561961579 0.0003401488991617312 366
1627561961635 0.00034000431185674944 367
1627561961675 0.0003398971506721646 368
1627561961718 0.0003397761744020285 369
1627561961774 0.0003396122771389205 370
1627561961831 0.0003393765015829651 371
1627561961883 0.00033922825597287453 372
1627561961942 0.0003390915683605977 373
1627561962010 0.00033896159168084184 374
1627561962070 0.00033883093691824446 375
1627561962125 0.0003386958974027252 376
1627561962179 0.0003385462134465383 377
1627561962242 0.000338358620827936 378
1627561962301 0.00033820089295816627 379
1627561962352 0.00033806922016162784 380
1627561962400 0.00033793076640309 381
1627561962451 0.000337786337515366 382
1627561962514 0.0003376614752505102 383
1627561962558 0.00033754440901062437 384
1627561962630 0.000337336289434949 385
1627561962677 0.00033721126591093603 386
1627561962721 0.00033709978898523586 387
1627561962766 0.00033699680072178705 388
1627561962834 0.0003368618104468264 389
1627561962885 0.0003367542141754914 390
1627561962930 0.00033661588105686626 391
1627561962977 0.0003365022881214554 392
1627561963050 0.00034355019748290425 393
1627561967201 0.0010991795778097272 0
1627561967303 0.0010146518784364376 1
1627561967445 0.0009400667802746998 2
1627561967598 0.0008744900870990905 3
1627561967757 0.0008169941390668005 4
1627561967876 0.0007669657554131774 5
1627561967983 0.0007236835390863015 6
1627561968086 0.0006863163616961537 7
1627561968188 0.00065420581396689 8
1627561968287 0.0006263928911081292 9
1627561968387 0.0006023591814328386 10
1627561968486 0.0005818758951893426 11
1627561968583 0.0005641974957943538 12
1627561968683 0.0005493650236633073 13
1627561968774 0.0005364823648703491 14
1627561968899 0.0005256479204929315 15
1627561968988 0.0005163996635448982 16
1627561969112 0.0005087770166170644 17
1627561969232 0.0005021832471451158 18
1627561969338 0.0004962654746862333 19
1627561969448 0.0004911661243920758 20
1627561969539 0.00048696229409201264 21
1627561969634 0.0004832451637500971 22
1627561969719 0.0004798832924852639 23
1627561969801 0.00047700938068923244 24
1627561969882 0.00047459249740709086 25
1627561969972 0.0004721584980427428 26
1627561970058 0.0004701247020112414 27
1627561970149 0.00046814838140611117 28
1627561970260 0.0004661389226736027 29
1627561970341 0.00046434510676787917 30
1627561970430 0.0004628327906741504 31
1627561970526 0.00046128635386130076 32
1627561970630 0.0004599935109356244 33
1627561970704 0.00045873912297356303 34
1627561970773 0.00045653655044308814 35
1627561970882 0.00045440993451674667 36
1627561970987 0.00045330271725720094 37
1627561971074 0.00045222843971682344 38
1627561971153 0.0004503838386356963 39
1627561971240 0.0004493809286595413 40
1627561971339 0.0004482633212894719 41
1627561971432 0.0004466365756984407 42
1627561971514 0.00044561464902111896 43
1627561971597 0.00044454934466316273 44
1627561971670 0.00044394003949531965 45
1627561971754 0.0004424064715999519 46
1627561971842 0.00044109125225572137 47
1627561971921 0.0004400527210101076 48
1627561972005 0.00043834439038856443 49
1627561972086 0.0004375426365800916 50
1627561972155 0.0004369286899435881 51
1627561972226 0.0004363401563050471 52
1627561972303 0.00043482054283943046 53
1627561972372 0.0004343033601517821 54
1627561972440 0.0004336686192528282 55
1627561972516 0.00043269796070552344 56
1627561972600 0.0004321120760080134 57
1627561972718 0.00043085060430268795 58
1627561972796 0.0004296026999130049 59
1627561972903 0.0004289753868068474 60
1627561973009 0.0004275545825626735 61
1627561973115 0.0004264414756473046 62
1627561973194 0.00042568278021816246 63
1627561973264 0.000425139503557171 64
1627561973369 0.000424637000189632 65
1627561973463 0.0004240832505065157 66
1627561973558 0.0004235638962824096 67
1627561973639 0.00042293921239421815 68
1627561973719 0.0004217559662539776 69
1627561973805 0.000421282950434985 70
1627561973884 0.00042077158895569293 71
1627561973958 0.0004202912916828516 72
1627561974039 0.00041928118188115323 73
1627561974121 0.0004181062340050209 74
1627561974200 0.000417071589848053 75
1627561974275 0.0004163697382126755 76
1627561974350 0.00041589715196451983 77
1627561974420 0.00041534700425454636 78
1627561974490 0.00041483623912480814 79
1627561974566 0.0004143100512895001 80
1627561974647 0.0004133567897784406 81
1627561974721 0.0004128819734950277 82
1627561974793 0.00041249292094833943 83
1627561974869 0.0004120951639561226 84
1627561974945 0.00041167898354143624 85
1627561975008 0.00041128871632372093 86
1627561975077 0.00041087879015206714 87
1627561975146 0.00041039570976494265 88
1627561975220 0.00040956589484776026 89
1627561975289 0.000408915583778635 90
1627561975358 0.00040854349697319587 91
1627561975432 0.00040816244185329684 92
1627561975508 0.00040732043534294976 93
1627561975586 0.0004068932758725594 94
1627561975677 0.0004063643368809253 95
1627561975764 0.0004055629550796406 96
1627561975839 0.00040515390732613203 97
1627561975915 0.0004047910056065917 98
1627561976020 0.0004041701314858871 99
1627561976102 0.00040378988802648594 100
1627561976177 0.00040303658274085504 101
1627561976242 0.0004024712198982012 102
1627561976320 0.00040201890661823407 103
1627561976381 0.0004016774330001076 104
1627561976475 0.00040111249977220297 105
1627561976536 0.0004007526656335755 106
1627561976606 0.0004001492513095075 107
1627561976685 0.000399813231388551 108
1627561976759 0.00039945151194298507 109
1627561976833 0.0003989294276313637 110
1627561976897 0.00039856821549926174 111
1627561976971 0.0003982680453410362 112
1627561977048 0.0003976799569391527 113
1627561977122 0.00039735528180164523 114
1627561977190 0.0003970258698876638 115
1627561977261 0.00039663275725554566 116
1627561977325 0.00039629994558233327 117
1627561977397 0.00039591759220445526 118
1627561977468 0.00039558984357629807 119
1627561977563 0.00039526025026880994 120
1627561977662 0.00039468646573963197 121
1627561977735 0.00039437704687240576 122
1627561977804 0.0003940580199867562 123
1627561977880 0.0003934199055484213 124
1627561977977 0.00039307769316720016 125
1627561978065 0.00039249603132285023 126
1627561978126 0.00039210555365545613 127
1627561978189 0.0003918231069299916 128
1627561978253 0.0003915176703712477 129
1627561978325 0.0003911398611274255 130
1627561978378 0.0003908844380082809 131
1627561978442 0.0003905844161654325 132
1627561978504 0.00039026774833561333 133
1627561978624 0.00038961358307354867 134
1627561978691 0.0003893267600577735 135
1627561978758 0.00038903813808234625 136
1627561978840 0.0003886166460782364 137
1627561978905 0.0003883246574033767 138
1627561978979 0.00038795552786822493 139
1627561979040 0.0003876667160321653 140
1627561979114 0.0003874046306667937 141
1627561979166 0.0003871186139130101 142
1627561979234 0.00038684708958811704 143
1627561979291 0.00038655546145759334 144
1627561979354 0.00038628841412406933 145
1627561979412 0.0003860471135229202 146
1627561979479 0.00038560342933033294 147
1627561979529 0.00038533762274810604 148
1627561979579 0.00038508332678343764 149
1627561979647 0.00038470028870876336 150
1627561979709 0.0003843461830585633 151
1627561979780 0.00038397285659844994 152
1627561979837 0.0003837155652311252 153
1627561979911 0.00038323207275693986 154
1627561979963 0.0003829848718618912 155
1627561980017 0.0003827542872101557 156
1627561980087 0.0003823531857312137 157
1627561980159 0.00038209672259364763 158
1627561980214 0.0003818577693118047 159
1627561980319 0.00038158441727963405 160
1627561980425 0.0003810920342711473 161
1627561980475 0.0003808474549760794 162
1627561980579 0.0003804317977527275 163
1627561980650 0.0003801811980900476 164
1627561980699 0.0003799266524134943 165
1627561980748 0.0003797027571575541 166
1627561980798 0.0003794855351368184 167
1627561980853 0.00037920702763836767 168
1627561980896 0.00037900958499384273 169
1627561980956 0.0003787627843682859 170
1627561981006 0.0003785282096667599 171
1627561981064 0.0003782992448574722 172
1627561981120 0.00037807205982390323 173
1627561981176 0.00037781888117435596 174
1627561981237 0.0003775568491916211 175
1627561981298 0.00037733961152155223 176
1627561981357 0.0003771143040831575 177
1627561981422 0.00037686417327811893 178
1627561981468 0.00037667180117706157 179
1627561981522 0.00037644739088832423 180
1627561981581 0.0003762248424986362 181
1627561981636 0.0003759959782577245 182
1627561981693 0.0003757752491022451 183
1627561981761 0.0003755333310200182 184
1627561981826 0.000375291489404461 185
1627561981926 0.00037492272173533683 186
1627561981980 0.0003747000515182304 187
1627561982044 0.00037450749158641307 188
1627561982131 0.0003742373354700479 189
1627561982217 0.0003738010368264606 190
1627561982288 0.0003734908603826654 191
1627561982376 0.0003732460403938517 192
1627561982471 0.00037301776271622206 193
1627561982523 0.0003727920845370824 194
1627561982591 0.00037244793329569597 195
1627561982671 0.00037220251191956205 196
1627561982752 0.0003719969205936702 197
1627561982818 0.0003718260273227739 198
1627561982883 0.00037158156018525317 199
1627561982952 0.00037136083412208563 200
1627561983003 0.0003712051717331571 201
1627561983088 0.0003707978924284235 202
1627561983142 0.00037060389494461386 203
1627561983195 0.00037041514171898054 204
1627561983255 0.00037017598094726015 205
1627561983306 0.0003699658268739105 206
1627561983373 0.00036967446555922 207
1627561983449 0.0003692799929358176 208
1627561983502 0.000369083629600824 209
1627561983554 0.0003688761173943469 210
1627561983599 0.00036870159287493326 211
1627561983662 0.000368466805127522 212
1627561983710 0.00036831915866867806 213
1627561983758 0.000368145951307734 214
1627561983810 0.00036797566416719486 215
1627561983888 0.0003675755027721681 216
1627561983948 0.00036737561768226696 217
1627561984000 0.00036719608040901714 218
1627561984052 0.000366972870523448 219
1627561984116 0.0003667823374172874 220
1627561984182 0.00036657987604837177 221
1627561984242 0.0003663840380768373 222
1627561984299 0.00036619769425871797 223
1627561984401 0.0003658354326033985 224
1627561984468 0.0003656422675461438 225
1627561984518 0.0003654613991501126 226
1627561984572 0.00036525608773573697 227
1627561984658 0.0003650152196543519 228
1627561984715 0.00036479387087357955 229
1627561984778 0.0003645795300935294 230
1627561984843 0.00036436999599057324 231
1627561984900 0.00036412496257152494 232
1627561984957 0.0003639269212501975 233
1627561985010 0.0003637392460900128 234
1627561985075 0.0003635224445031559 235
1627561985139 0.0003633158760399611 236
1627561985186 0.00036315583855770303 237
1627561985230 0.00036300603351192585 238
1627561985296 0.0003627803768686917 239
1627561985360 0.0003626016047549067 240
1627561985416 0.0003624268820207027 241
1627561985473 0.0003622128599595031 242
1627561985517 0.000362026305803509 243
1627561985561 0.00036184833545648335 244
1627561985609 0.0003616566398916689 245
1627561985655 0.0003614883275595054 246
1627561985702 0.0003613238679132945 247
1627561985756 0.0003611376582978947 248
1627561985812 0.0003609603766004871 249
1627561985854 0.00036078794788893726 250
1627561985919 0.0003605644065061312 251
1627561985979 0.00036039019026399947 252
1627561986040 0.00036019787998082864 253
1627561986118 0.0003599978418314008 254
1627561986171 0.000359797371071059 255
1627561986243 0.0003596022925613391 256
1627561986318 0.0003594255957455121 257
1627561986376 0.0003592311950641381 258
1627561986452 0.0003590432480113838 259
1627561986520 0.0003588511284876259 260
1627561986589 0.000358701771634394 261
1627561986706 0.0003583725788964996 262
1627561986768 0.00035819539017484443 263
1627561986815 0.0003580442267163882 264
1627561986882 0.00035785122866919985 265
1627561986959 0.00035769679207480837 266
1627561987062 0.0003575016230294634 267
1627561987126 0.0003573433543565728 268
1627561987219 0.00035713392726333446 269
1627561987284 0.0003569657403756307 270
1627561987339 0.0003567934186854035 271
1627561987409 0.0003564831194911064 272
1627561987457 0.0003563090387027672 273
1627561987536 0.0003559986752629552 274
1627561987595 0.00035582030247037765 275
1627561987645 0.00035562241974883475 276
1627561987698 0.00035544812966711186 277
1627561987740 0.0003552903171250111 278
1627561987814 0.00035511245767392993 279
1627561987882 0.0003548833659067223 280
1627561987939 0.0003547173578971487 281
1627561987994 0.00035456459235940824 282
1627561988040 0.0003544049748115497 283
1627561988105 0.00035420431423190357 284
1627561988153 0.0003540748117972435 285
1627561988205 0.0003539130311940955 286
1627561988252 0.000353769307036779 287
1627561988308 0.0003536328906611002 288
1627561988362 0.00035346397952956774 289
1627561988429 0.0003532812537465004 290
1627561988478 0.00035313560124330886 291
1627561988534 0.00035295484606950146 292
1627561988575 0.00035280111676702386 293
1627561988635 0.00035261408855861905 294
1627561988697 0.0003523965090709884 295
1627561988748 0.000352213293396781 296
1627561988811 0.0003520436641256963 297
1627561988853 0.0003518913371708443 298
1627561988905 0.0003517328936061933 299
1627561988981 0.0003515291294582986 300
1627561989025 0.0003514054652828336 301
1627561989084 0.0003512188881413957 302
1627561989148 0.0003510735440274795 303
1627561989205 0.00035090998723538366 304
1627561989269 0.00035067187082104325 305
1627561989330 0.0003504710653598035 306
1627561989403 0.0003503128764958198 307
1627561989467 0.000350132730334839 308
1627561989530 0.0003499786812409587 309
1627561989589 0.0003498412643812987 310
1627561989651 0.00034969843603092416 311
1627561989731 0.0003495349654845242 312
1627561989805 0.0003493559009899691 313
1627561989860 0.00034917649173305 314
1627561989922 0.00034896893186993507 315
1627561989984 0.0003487356875541661 316
1627561990030 0.00034858034642498904 317
1627561990085 0.00034844273632522694 318
1627561990142 0.00034828823674789514 319
1627561990214 0.00034809027278694213 320
1627561990269 0.0003479197924918615 321
1627561990322 0.00034774555700735387 322
1627561990376 0.0003475952665743168 323
1627561990450 0.00034730404477515054 324
1627561990514 0.00034714563840604985 325
1627561990556 0.00034698729171845727 326
1627561990607 0.00034683925872647714 327
1627561990656 0.00034669043550781306 328
1627561990714 0.000346543691515218 329
1627561990763 0.00034640000005587465 330
1627561990819 0.000346238252396577 331
1627561990863 0.00034610088903913404 332
1627561990922 0.0003459356059087382 333
1627561990976 0.00034576027411876466 334
1627561991043 0.00034561086506428067 335
1627561991120 0.00034546575345400404 336
1627561991176 0.00034534123694064444 337
1627561991235 0.0003452228075081507 338
1627561991308 0.0003450705730028323 339
1627561991360 0.00034492724230748985 340
1627561991412 0.00034477403678128814 341
1627561991465 0.0003446189871510999 342
1627561991532 0.0003443886566173199 343
1627561991579 0.00034425087349911326 344
1627561991633 0.0003440843898721508 345
1627561991690 0.0003439235556205703 346
1627561991736 0.00034376893293828977 347
1627561991795 0.00034359570000182043 348
1627561991867 0.00034343431027253595 349
1627561991912 0.0003433126810006631 350
1627561991964 0.00034317702858333715 351
1627561992019 0.0003430108139472837 352
1627561992062 0.00034289537057958315 353
1627561992110 0.00034276876725740265 354
1627561992157 0.00034262456547379076 355
1627561992200 0.000342502413340337 356
1627561992260 0.0003423587614608141 357
1627561992318 0.00034221795188391 358
1627561992392 0.0003419381284516096 359
1627561992443 0.00034179324056435225 360
1627561992495 0.00034165604147639585 361
1627561992547 0.00034150610695007363 362
1627561992592 0.0003413880951175186 363
1627561992638 0.0003412464950920601 364
1627561992693 0.0003411219168926339 365
1627561992756 0.0003409482151225202 366
1627561992817 0.00034078081798674057 367
1627561992868 0.0003406451199055269 368
1627561992922 0.0003405103569163694 369
1627561992984 0.00034036779795146126 370
1627561993041 0.0003402262111515683 371
1627561993105 0.0003400763448879598 372
1627561993161 0.0003399363882790918 373
1627561993217 0.00033979640112688384 374
1627561993285 0.00033966100030803474 375
1627561993355 0.0003395254964290644 376
1627561993415 0.00033938917245485405 377
1627561993457 0.00033926944493458403 378
1627561993529 0.00033911359463094387 379
1627561993582 0.0003389639586170035 380
1627561993646 0.00033881416177252967 381
1627561993709 0.0003386335619816947 382
1627561993762 0.00033849285771494217 383
1627561993812 0.000338372486401364 384
1627561993877 0.0003382317317377149 385
1627561993923 0.00033809737398472636 386
1627561993986 0.00033795288839859095 387
1627561994033 0.000337824013195593 388
1627561994075 0.0003377061024488263 389
1627561994129 0.0003375745547235798 390
1627561994185 0.0003374477967135682 391
1627561994256 0.0003372545712964447 392
1627561994316 0.00033712579703472036 393
1627561994378 0.0003369769248987277 394
1627561994428 0.0003368387881664739 395
1627561994499 0.00033660278523494686 396
1627561994569 0.0003364159965245281 397
1627561994633 0.00033626165051997743 398
1627561994726 0.0003361329917977095 399
1627561994818 0.00033598460271399606 400
1627561994909 0.0003358143047415678 401
1627561994970 0.0003356636451004271 402
1627561995027 0.0003355067073408075 403
1627561995077 0.00033539088382525807 404
1627561995123 0.00033527096867739446 405
1627561995175 0.0003351452763671302 406
1627561995220 0.00033503758771297214 407
1627561995264 0.00033491008864260726 408
1627561995315 0.0003347694557635036 409
1627561995391 0.0003419381284516096 410
1627561999526 0.0011001748275605648 0
1627561999629 0.001015537416696788 1
1627561999731 0.0009408468865475934 2
1627561999833 0.0008752818512989815 3
1627561999940 0.0008177459377100208 4
1627562000042 0.0007675874070324478 5
1627562000143 0.0007240914428691761 6
1627562000246 0.0006866141624292734 7
1627562000345 0.0006543614129320426 8
1627562000439 0.0006265062370704137 9
1627562000532 0.0006023027120946493 10
1627562000635 0.000581836593041496 11
1627562000737 0.000564124195477318 12
1627562000836 0.0005491335926017751 13
1627562000929 0.000536275072537395 14
1627562001024 0.0005254535319787502 15
1627562001122 0.0005162413634394147 16
1627562001216 0.0005084643542925267 17
1627562001315 0.0005018982666947408 18
1627562001428 0.0004957621687190106 19
1627562001523 0.0004906951066651466 20
1627562001629 0.0004863938118669393 21
1627562001766 0.0004828108725224276 22
1627562001888 0.0004792308533036658 23
1627562001989 0.0004761117184804851 24
1627562002073 0.00047377907462489114 25
1627562002178 0.00047128104842850105 26
1627562002275 0.0004691329733372024 27
1627562002358 0.00046715759179770063 28
1627562002440 0.0004652522196204166 29
1627562002547 0.00046349399231526006 30
1627562002649 0.0004620315336895128 31
1627562002738 0.000460258741406449 32
1627562002851 0.0004583466302004011 33
1627562002931 0.0004573030392971968 34
1627562002999 0.00045557394797995297 35
1627562003119 0.0004538941723217287 36
1627562003199 0.0004519273819034992 37
1627562003284 0.00045088393732238823 38
1627562003364 0.00044901606823946003 39
1627562003435 0.000448116895030162 40
1627562003510 0.0004464884003965265 41
1627562003586 0.00044518086295436 42
1627562003663 0.0004440468947926332 43
1627562003739 0.00044280123912687904 44
1627562003818 0.0004417373019565842 45
1627562003894 0.00044105443354812277 46
1627562003979 0.0004393036328559581 47
1627562004053 0.0004383510167313446 48
1627562004126 0.00043756393030072597 49
1627562004205 0.00043637204955627177 50
1627562004282 0.0004357164370323713 51
1627562004358 0.000435132298232532 52
1627562004435 0.00043338988656336174 53
1627562004510 0.0004325953888289263 54
1627562004578 0.00043196204041271385 55
1627562004651 0.00043072548743520864 56
1627562004725 0.0004298632645875129 57
1627562004802 0.00042910537039334793 58
1627562004884 0.0004277507462413624 59
1627562004960 0.00042716313522114216 60
1627562005036 0.00042636168459482315 61
1627562005121 0.0004251452801549381 62
1627562005200 0.00042434881212131194 63
1627562005269 0.00042382172883003225 64
1627562005338 0.00042326416321642233 65
1627562005418 0.00042219079444168905 66
1627562005498 0.00042110988674197913 67
1627562005569 0.0004205939285076348 68
1627562005648 0.0004200217314766215 69
1627562005721 0.0004195219594617878 70
1627562005784 0.0004190357914087209 71
1627562005876 0.0004179457337975544 72
1627562005953 0.00041746606780069867 73
1627562006028 0.0004163683212732786 74
1627562006111 0.00041574175823833677 75
1627562006189 0.000414956472057351 76
1627562006256 0.00041449621166849397 77
1627562006320 0.00041405908300593805 78
1627562006394 0.0004134663982929449 79
1627562006465 0.0004130092817431767 80
1627562006536 0.00041252487239328326 81
1627562006606 0.0004119441496235971 82
1627562006676 0.000411479767769072 83
1627562006750 0.0004108799445255045 84
1627562006824 0.00041051287463638044 85
1627562006885 0.00041016001732641056 86
1627562006953 0.00040975013723867004 87
1627562007035 0.0004089378648214273 88
1627562007107 0.0004084649531246908 89
1627562007176 0.00040805074194687663 90
1627562007257 0.0004071788265740943 91
1627562007324 0.0004067959093113722 92
1627562007385 0.00040641936911211846 93
1627562007498 0.000406042672194571 94
1627562007622 0.0004051787686562025 95
1627562007737 0.0004048209191553596 96
1627562007857 0.00040421640249469105 97
1627562007953 0.0004038201754459183 98
1627562008045 0.0004034196151743387 99
1627562008146 0.0004030617936601305 100
1627562008247 0.0004027495703319173 101
1627562008356 0.0004020817438698078 102
1627562008469 0.00040159475021818344 103
1627562008553 0.00040090106043822095 104
1627562008625 0.0004004962501768852 105
1627562008723 0.000400085608400434 106
1627562008816 0.00039965061370736003 107
1627562008898 0.0003993104863995036 108
1627562008978 0.0003989717504574335 109
1627562009056 0.00039830588051452317 110
1627562009123 0.00039796287631734277 111
1627562009201 0.0003972709982917572 112
1627562009272 0.00039670559549808576 113
1627562009329 0.0003963172177066741 114
1627562009398 0.0003959280854580908 115
1627562009465 0.0003954870598144016 116
1627562009528 0.0003951588949822125 117
1627562009596 0.00039484488788857656 118
1627562009662 0.0003945467439003772 119
1627562009737 0.0003942400882064369 120
1627562009809 0.0003938577647345462 121
1627562009875 0.00039351067572853884 122
1627562009945 0.00039322180054791986 123
1627562010051 0.00039294538673559994 124
1627562010139 0.000392668316511433 125
1627562010231 0.0003923807363311075 126
1627562010302 0.0003919732433350664 127
1627562010355 0.0003917225408552649 128
1627562010458 0.00039127064229447145 129
1627562010521 0.0003909087684750215 130
1627562010597 0.00039040878565881906 131
1627562010674 0.00038995442702499276 132
1627562010725 0.00038967686074690576 133
1627562010788 0.00038938944796805807 134
1627562010853 0.00038908746711797194 135
1627562010916 0.0003887756172665279 136
1627562010992 0.00038807574503224113 137
1627562011059 0.0003878094525956454 138
1627562011133 0.000387531435071989 139
1627562011211 0.0003872432053614356 140
1627562011299 0.00038699191194216344 141
1627562011371 0.00038669860715687696 142
1627562011446 0.00038646597538652075 143
1627562011530 0.0003860432331081558 144
1627562011618 0.000385768692622169 145
1627562011711 0.0003855221822140845 146
1627562011774 0.0003852625140105848 147
1627562011866 0.0003849244069305229 148
1627562011975 0.00038434367759746093 149
1627562012041 0.0003840635907140989 150
1627562012096 0.00038379642157160157 151
1627562012165 0.0003834906133454079 152
1627562012227 0.00038325702692009833 153
1627562012275 0.0003830383187155019 154
1627562012387 0.00038247780915680416 155
1627562012444 0.000382264394751717 156
1627562012522 0.0003818275236204567 157
1627562012576 0.00038161633180638617 158
1627562012620 0.0003814037251857432 159
1627562012693 0.00038114383143978005 160
1627562012741 0.00038095019430605813 161
1627562012828 0.00038072419465111633 162
1627562012897 0.0003804884106707254 163
1627562012971 0.00038026320489511193 164
1627562013041 0.00038000772757089754 165
1627562013107 0.0003797508738534184 166
1627562013169 0.00037950844823496593 167
1627562013230 0.00037927415910542504 168
1627562013295 0.0003790094643869134 169
1627562013369 0.00037861968702111075 170
1627562013412 0.00037840649250938963 171
1627562013473 0.00037820374145616255 172
1627562013532 0.0003779601814374265 173
1627562013608 0.00037773648713075115 174
1627562013687 0.000377456186767177 175
1627562013763 0.0003772652443930178 176
1627562013850 0.00037706129047263476 177
1627562013927 0.0003768159891229612 178
1627562013995 0.00037663674493352076 179
1627562014089 0.00037637860867965845 180
1627562014180 0.00037614195868985935 181
1627562014270 0.00037590256547787504 182
1627562014375 0.0003756166446362695 183
1627562014460 0.0003753791272228631 184
1627562014515 0.0003751710488512146 185
1627562014577 0.0003749757515721121 186
1627562014635 0.0003747495075178547 187
1627562014699 0.0003744119790721867 188
1627562014774 0.0003739040515732193 189
1627562014841 0.00037369355016256966 190
1627562014895 0.00037343887216566605 191
1627562014970 0.00037303127074238355 192
1627562015039 0.0003728179017688898 193
1627562015100 0.0003725909060649646 194
1627562015166 0.0003723548771970658 195
1627562015244 0.00037194747164958714 196
1627562015308 0.00037175444840657003 197
1627562015363 0.00037156432571712933 198
1627562015426 0.00037136606355657876 199
1627562015485 0.0003711906725870939 200
1627562015532 0.0003709891055876602 201
1627562015594 0.00037072331539911074 202
1627562015668 0.00037050341678777926 203
1627562015767 0.0003701962736356556 204
1627562015850 0.0003699685318417753 205
1627562015937 0.00036979338579578593 206
1627562016011 0.00036958474328804294 207
1627562016090 0.0003693570048351016 208
1627562016133 0.0003691749778086251 209
1627562016189 0.0003689536909658847 210
1627562016246 0.0003686746255715506 211
1627562016308 0.00036840223019652134 212
1627562016365 0.00036820863867346364 213
1627562016437 0.0003677372082797107 214
1627562016484 0.0003675338162971584 215
1627562016531 0.0003673687009957458 216
1627562016573 0.0003672060395633527 217
1627562016632 0.00036698378875029515 218
1627562016701 0.0003667672501223008 219
1627562016779 0.0003665338183183083 220
1627562016872 0.00036633153600821076 221
1627562016942 0.000366141950491108 222
1627562017018 0.00036589969865488084 223
1627562017102 0.00036571634626455553 224
1627562017145 0.000365534753017045 225
1627562017199 0.00036535661128193436 226
1627562017288 0.0003651340511136402 227
1627562017361 0.00036492446347238046 228
1627562017418 0.0003647243406982266 229
1627562017478 0.00036453558920740984 230
1627562017541 0.00036432410046008146 231
1627562017613 0.00036414137851452876 232
1627562017663 0.0003639766356966128 233
1627562017736 0.000363635856989308 234
1627562017807 0.00036331243982623806 235
1627562017865 0.00036312638229118375 236
1627562017927 0.0003629398338421744 237
1627562017978 0.00036275123495709043 238
1627562018039 0.0003625548279433195 239
1627562018102 0.0003623661224184982 240
1627562018182 0.00036208100595419546 241
1627562018229 0.00036189591873589557 242
1627562018283 0.00036173728511604346 243
1627562018368 0.00036151967808342587 244
1627562018450 0.00036109357661994693 245
1627562018508 0.0003609112065626381 246
1627562018571 0.0003607277549844494 247
1627562018624 0.00036056768255733195 248
1627562018669 0.00036042522585203656 249
1627562018737 0.00036024021163219333 250
1627562018810 0.00036004541422692563 251
1627562018909 0.00035978941837123393 252
1627562018972 0.0003596193856445788 253
1627562019044 0.00035941394839201607 254
1627562019127 0.00035923056479498843 255
1627562019189 0.00035906495936311486 256
1627562019233 0.00035892502184188806 257
1627562019288 0.0003587378826194339 258
1627562019362 0.0003584050189296883 259
1627562019419 0.0003582092452433218 260
1627562019478 0.0003580322180291738 261
1627562019530 0.00035789381168507947 262
1627562019599 0.0003575912153228669 263
1627562019651 0.00035739688435698375 264
1627562019707 0.00035721466986124336 265
1627562019772 0.00035699326187828767 266
1627562019835 0.0003567148585278879 267
1627562019881 0.0003565548941682931 268
1627562019944 0.00035636818328874543 269
1627562020003 0.0003562012475547286 270
1627562020057 0.000356055490253995 271
1627562020104 0.0003559184694409321 272
1627562020160 0.0003557418329931805 273
1627562020223 0.0003555677192317848 274
1627562020289 0.00035529103399076966 275
1627562020356 0.00035511726275616563 276
1627562020452 0.0003548707928889438 277
1627562020534 0.0003546881547065232 278
1627562020589 0.00035453542653407207 279
1627562020657 0.00035437892408838445 280
1627562020736 0.0003542146589699239 281
1627562020785 0.000354046535049565 282
1627562020844 0.00035388235918213604 283
1627562020899 0.00035370742335130934 284
1627562020942 0.00035358066278074537 285
1627562020991 0.00035344298178500674 286
1627562021037 0.00035329717577893153 287
1627562021089 0.00035312856369638327 288
1627562021138 0.0003529866913941728 289
1627562021190 0.0003528533198906181 290
1627562021232 0.0003527198239074868 291
1627562021292 0.00035257895389568524 292
1627562021336 0.0003524408631036246 293
1627562021393 0.00035224915143143516 294
1627562021459 0.00035207243028472385 295
1627562021527 0.000351835068700743 296
1627562021575 0.00035168002886174513 297
1627562021635 0.0003515212192989816 298
1627562021676 0.00035137094229149596 299
1627562021716 0.000351239327893422 300
1627562021793 0.00035107341675946676 301
1627562021861 0.00035083970843720254 302
1627562021943 0.00035064499002227217 303
1627562022023 0.00035049212114791244 304
1627562022087 0.0003503523069991501 305
1627562022152 0.00035018552455428194 306
1627562022225 0.00035003434750376317 307
1627562022290 0.00034988501882460076 308
1627562022346 0.000349731065423977 309
1627562022403 0.0003495505105496071 310
1627562022474 0.00034928706552762195 311
1627562022517 0.00034912630332377084 312
1627562022560 0.00034896356680031115 313
1627562022626 0.0003488005111759608 314
1627562022705 0.00034866972682798757 315
1627562022766 0.00034848191828493414 316
1627562022815 0.0003483531066393151 317
1627562022864 0.00034819997832437235 318
1627562022919 0.0003480214871355985 319
1627562022981 0.0003478203188160814 320
1627562023035 0.00034765470538547825 321
1627562023100 0.0003474401283365317 322
1627562023158 0.0003472199251180072 323
1627562023213 0.00034706347228648433 324
1627562023254 0.00034694535808419465 325
1627562023311 0.0003467878860290704 326
1627562023367 0.0003466406081298492 327
1627562023427 0.0003464944283629941 328
1627562023474 0.0003463413607031458 329
1627562023519 0.00034621596051558263 330
1627562023563 0.0003460785186079388 331
1627562023606 0.0003459153976441501 332
1627562023664 0.00034575424834287874 333
1627562023723 0.0003455771658440562 334
1627562023793 0.0003454243216970911 335
1627562023840 0.0003453050823310653 336
1627562023903 0.0003451334286533988 337
1627562023952 0.00034500670668402724 338
1627562024009 0.0003448397933285689 339
1627562024051 0.00034471411633285533 340
1627562024106 0.00034457585562769425 341
1627562024182 0.0003444335492186888 342
1627562024253 0.0003442887177205077 343
1627562024300 0.0003441755825600416 344
1627562024346 0.0003440347131566236 345
1627562024401 0.00034387581197846233 346
1627562024447 0.0003437422245151741 347
1627562024535 0.0003435092725969218 348
1627562024595 0.0003433558052008625 349
1627562024660 0.000343211738959183 350
1627562024709 0.0003430824758765804 351
1627562024768 0.0003429416825004383 352
1627562024854 0.0003426585370764105 353
1627562024910 0.00034252200415635993 354
1627562024977 0.0003423601733081689 355
1627562025046 0.00034220738843250044 356
1627562025113 0.00034206289051378936 357
1627562025166 0.0003419079530604455 358
1627562025232 0.0003417298779231269 359
1627562025283 0.00034159146005877735 360
1627562025333 0.00034144959898196447 361
1627562025390 0.000341300919920083 362
1627562025439 0.0003411456746528689 363
1627562025488 0.00034101710635654986 364
1627562025537 0.0003408670761046247 365
1627562025596 0.0003407133330358586 366
1627562025640 0.0003406017815287763 367
1627562025701 0.00034045030677048354 368
1627562025753 0.0003403083251457527 369
1627562025797 0.0003401991112540246 370
1627562025839 0.0003400917373427845 371
1627562025880 0.0003399754304137934 372
1627562025924 0.0003398658192265232 373
1627562025966 0.0003397584240229327 374
1627562026022 0.0003395846783759489 375
1627562026090 0.00034694535808419465 376
1627562030086 0.0010976097357202228 0
1627562030186 0.0010133807381891076 1
1627562030304 0.0009389369412456714 2
1627562030422 0.0008736513768498248 3
1627562030526 0.0008162229693126889 4
1627562030659 0.000766160760421877 5
1627562030767 0.0007228599845767439 6
1627562030867 0.0006855593317894982 7
1627562030978 0.0006535062899161155 8
1627562031070 0.0006258464619994422 9
1627562031172 0.0006019023298999568 10
1627562031293 0.0005814564720777285 11
1627562031380 0.0005638233632734537 12
1627562031467 0.0005490520955238451 13
1627562031556 0.000536132340551168 14
1627562031646 0.0005255273140288307 15
1627562031730 0.0005164384592834919 16
1627562031835 0.0005089107057505525 17
1627562031931 0.0005023754551199544 18
1627562032027 0.0004963997660883001 19
1627562032155 0.0004914672811119906 20
1627562032244 0.00048712885783774775 21
1627562032371 0.0004835732813119023 22
1627562032454 0.00048005679140197707 23
1627562032541 0.00047693993862768015 24
1627562032630 0.0004744278699907011 25
1627562032738 0.00047203553819127235 26
1627562032861 0.0004699453871484611 27
1627562032996 0.00046798443882553554 28
1627562033109 0.00046618856225099704 29
1627562033205 0.00046445204185972713 30
1627562033319 0.00046309136436426305 31
1627562033426 0.00046134361888782187 32
1627562033509 0.0004599228873340221 33
1627562033585 0.00045863716494585886 34
1627562033659 0.00045673123858327547 35
1627562033735 0.00045501917100154835 36
1627562033808 0.00045358982573162106 37
1627562033880 0.0004519123972405269 38
1627562033956 0.0004503531945383056 39
1627562034026 0.00044952692896746215 40
1627562034099 0.0004480977536871088 41
1627562034171 0.00044681887837734257 42
1627562034255 0.0004449145827215837 43
1627562034333 0.0004438187639414853 44
1627562034400 0.0004431575207022257 45
1627562034476 0.0004419071498042009 46
1627562034554 0.00044024784401689056 47
1627562034639 0.0004385134122499605 48
1627562034721 0.00043718516940624964 49
1627562034797 0.0004358011853817004 50
1627562034871 0.00043507840989067895 51
1627562034955 0.0004344649618759007 52
1627562035049 0.0004328019424045671 53
1627562035119 0.0004322222258404344 54
1627562035194 0.00043157435253044705 55
1627562035281 0.00043096873080651263 56
1627562035357 0.0004304374619632256 57
1627562035424 0.00042988238977001566 58
1627562035503 0.000429108865067054 59
1627562035573 0.0004285425690697062 60
1627562035660 0.0004272033033019691 61
1627562035738 0.00042647821664880647 62
1627562035806 0.0004259843504140016 63
1627562035884 0.000425064201181302 64
1627562035964 0.00042379942429693205 65
1627562036047 0.00042290035343118426 66
1627562036122 0.0004221005917489562 67
1627562036202 0.00042100812145773076 68
1627562036279 0.00042041588573920615 69
1627562036365 0.00041988446233131243 70
1627562036437 0.00041934807374588917 71
1627562036507 0.00041877416002334956 72
1627562036585 0.0004182764719366936 73
1627562036703 0.0004171476985611782 74
1627562036788 0.0004164026153405781 75
1627562036861 0.0004159796506581086 76
1627562036935 0.00041543809452581086 77
1627562037009 0.0004145027316711285 78
1627562037084 0.0004138073742359718 79
1627562037158 0.0004133981229475559 80
1627562037233 0.00041265425238730055 81
1627562037305 0.0004117274751587063 82
1627562037376 0.00041129321391064204 83
1627562037447 0.0004105933713321333 84
1627562037517 0.00041011293295139715 85
1627562037586 0.0004097021023497775 86
1627562037650 0.00040925104804210964 87
1627562037716 0.000408836451159973 88
1627562037788 0.00040840816557527243 89
1627562037857 0.000407634683013106 90
1627562037925 0.00040692733580263365 91
1627562038014 0.0004062984238295335 92
1627562038088 0.0004058894644496322 93
1627562038158 0.00040549659186597006 94
1627562038234 0.0004051267455452012 95
1627562038314 0.00040480801370576807 96
1627562038382 0.00040444559379633255 97
1627562038448 0.00040408720076284837 98
1627562038525 0.00040327872581364744 99
1627562038607 0.00040284508393166016 100
1627562038681 0.0004024364570050138 101
1627562038762 0.00040160405384807353 102
1627562038832 0.00040116620657725427 103
1627562038900 0.0004007527754189261 104
1627562038973 0.00040029359961431493 105
1627562039030 0.00039994846583364977 106
1627562039096 0.00039946282598704466 107
1627562039162 0.0003990192524284011 108
1627562039222 0.0003985424642186074 109
1627562039291 0.0003981850196442869 110
1627562039355 0.00039786507675161354 111
1627562039421 0.00039755151983220035 112
1627562039474 0.00039723177679466137 113
1627562039544 0.0003967817685823308 114
1627562039618 0.00039647408888280385 115
1627562039680 0.00039616801262497313 116
1627562039739 0.0003958788836177014 117
1627562039812 0.0003954605940957385 118
1627562039889 0.0003951535760242131 119
1627562039963 0.0003945708325380608 120
1627562040058 0.00039416678973786434 121
1627562040164 0.0003937084595575864 122
1627562040267 0.0003934064774588516 123
1627562040359 0.0003931072870705256 124
1627562040429 0.0003928142778139562 125
1627562040501 0.00039233742579782135 126
1627562040578 0.0003916469553189648 127
1627562040648 0.0003912235761117346 128
1627562040734 0.0003909177732640842 129
1627562040829 0.0003905453925586665 130
1627562040882 0.00039027782510335133 131
1627562040955 0.0003897455144541296 132
1627562041014 0.00038938435243743817 133
1627562041069 0.00038909733611427794 134
1627562041150 0.00038877457224702704 135
1627562041227 0.0003883242616905029 136
1627562041350 0.0003877416190961495 137
1627562041399 0.0003874334095602114 138
1627562041464 0.00038712347231891576 139
1627562041538 0.00038680490204718443 140
1627562041640 0.0003864628375779944 141
1627562041716 0.0003861667144930539 142
1627562041792 0.0003857781732393915 143
1627562041867 0.00038548841804698025 144
1627562041946 0.00038520985082283386 145
1627562042040 0.0003849244337994275 146
1627562042112 0.0003846718504874242 147
1627562042184 0.00038437723326152634 148
1627562042232 0.0003841617077494251 149
1627562042293 0.0003838824678695368 150
1627562042366 0.00038338490081830543 151
1627562042428 0.00038313598752311623 152
1627562042500 0.0003828694817306883 153
1627562042555 0.0003826125050676843 154
1627562042628 0.00038214284706986567 155
1627562042720 0.00038188604812499407 156
1627562042779 0.0003816220797821162 157
1627562042841 0.0003813720638638754 158
1627562042922 0.00038108791219386814 159
1627562042978 0.0003808436799205797 160
1627562043071 0.00038045489587728264 161
1627562043150 0.0003802447067514258 162
1627562043235 0.0003800281737855777 163
1627562043326 0.0003797982182432355 164
1627562043387 0.0003795752297977328 165
1627562043437 0.0003793170626342778 166
1627562043517 0.0003790687835638109 167
1627562043592 0.00037883032802722916 168
1627562043640 0.00037862332804155846 169
1627562043716 0.0003784103187006101 170
1627562043793 0.0003781449422013725 171
1627562043864 0.0003777118650520034 172
1627562043927 0.0003774543952581133 173
1627562044002 0.000377180286252763 174
1627562044080 0.00037696684415558534 175
1627562044142 0.00037665785913852076 176
1627562044201 0.0003764130489170131 177
1627562044255 0.0003761733622111458 178
1627562044314 0.0003759483517907988 179
1627562044375 0.00037569344494508785 180
1627562044427 0.0003754743644531976 181
1627562044497 0.00037517178237598284 182
1627562044555 0.0003749452964975744 183
1627562044610 0.0003747199297109476 184
1627562044669 0.0003745257918199442 185
1627562044750 0.000374282379939982 186
1627562044823 0.0003740480183796474 187
1627562044891 0.0003738201634984167 188
1627562044969 0.00037361246418471963 189
1627562045039 0.0003734173068154489 190
1627562045125 0.0003731432233227114 191
1627562045187 0.0003729240203544617 192
1627562045266 0.0003727034818719919 193
1627562045352 0.00037242953301534537 194
1627562045432 0.0003722081335965194 195
1627562045486 0.00037199871270353395 196
1627562045563 0.00037179733184337937 197
1627562045643 0.000371327142544738 198
1627562045708 0.0003710738309979257 199
1627562045777 0.0003707241400537725 200
1627562045847 0.00037039669602798985 201
1627562045950 0.0003699948614188665 202
1627562046032 0.000369791563614233 203
1627562046084 0.00036958345362713476 204
1627562046140 0.00036937459093632966 205
1627562046201 0.0003691610202635764 206
1627562046257 0.00036895564563296324 207
1627562046319 0.0003687504502416739 208
1627562046377 0.0003685214352827289 209
1627562046438 0.00036832406853490356 210
1627562046499 0.00036808946166853965 211
1627562046563 0.00036785542305642593 212
1627562046627 0.0003675703512482439 213
1627562046700 0.00036736925611494364 214
1627562046768 0.00036703979715731655 215
1627562046820 0.00036685033379160823 216
1627562046879 0.0003666538378434645 217
1627562046922 0.00036649943939009045 218
1627562046978 0.00036630151402116404 219
1627562047042 0.0003660271154497758 220
1627562047097 0.00036584427254591557 221
1627562047149 0.0003656511443882397 222
1627562047212 0.0003654453082694073 223
1627562047259 0.00036527604574936566 224
1627562047349 0.00036496932359560277 225
1627562047434 0.0003647823262566901 226
1627562047516 0.00036456347837304337 227
1627562047593 0.00036436239998846555 228
1627562047673 0.0003641820790575091 229
1627562047744 0.0003640050751274995 230
1627562047825 0.00036378886210331965 231
1627562047890 0.0003636445881401002 232
1627562047969 0.00036345860135283503 233
1627562048041 0.00036326317184358196 234
1627562048121 0.00036306596171760945 235
1627562048200 0.0003628668984794465 236
1627562048265 0.0003626496692557949 237
1627562048324 0.00036247825396821534 238
1627562048385 0.00036225369374537293 239
1627562048441 0.00036208340604372834 240
1627562048509 0.00036185718870036863 241
1627562048589 0.00036151861214921046 242
1627562048647 0.00036132101960002674 243
1627562048699 0.0003611386531700802 244
1627562048756 0.00036094842183853913 245
1627562048799 0.0003608033347866469 246
1627562048851 0.00036060497454785235 247
1627562048914 0.0003603844960971727 248
1627562048968 0.0003601812098573346 249
1627562049023 0.0003599864575002791 250
1627562049074 0.0003597930279641759 251
1627562049139 0.0003595918391444024 252
1627562049191 0.0003594018715734609 253
1627562049257 0.00035921470718440084 254
1627562049320 0.00035895926950831427 255
1627562049376 0.00035875770949529755 256
1627562049430 0.0003586024470644929 257
1627562049493 0.0003583938907813402 258
1627562049567 0.0003580249268461054 259
1627562049630 0.0003578202859223172 260
1627562049683 0.00035765059866943514 261
1627562049753 0.00035738067169658585 262
1627562049802 0.0003571876550276098 263
1627562049843 0.0003570375943654601 264
1627562049896 0.0003568699320012421 265
1627562049947 0.0003566896260677206 266
1627562050006 0.00035651746698534144 267
1627562050062 0.0003563291862715314 268
1627562050115 0.0003561463519929153 269
1627562050176 0.0003559659237510378 270
1627562050266 0.0003558056537295703 271
1627562050364 0.0003556107403603359 272
1627562050415 0.00035543860268333533 273
1627562050471 0.00035527766528559656 274
1627562050547 0.0003551092251370271 275
1627562050603 0.0003549343835995424 276
1627562050653 0.00035478258935460065 277
1627562050730 0.00035459319749489516 278
1627562050773 0.00035446775618010434 279
1627562050828 0.0003542778887339722 280
1627562050876 0.0003541346965561737 281
1627562050923 0.0003539914031825258 282
1627562050973 0.0003538267312472079 283
1627562051020 0.0003536675143848462 284
1627562051067 0.00035352530836539516 285
1627562051126 0.00035333235840436124 286
1627562051182 0.0003531529144665267 287
1627562051229 0.00035300259414251654 288
1627562051290 0.0003528427228951329 289
1627562051345 0.00035267704065505427 290
1627562051398 0.00035253321658110405 291
1627562051451 0.00035237485873891247 292
1627562051503 0.00035221337911681903 293
1627562051568 0.0003520210599846667 294
1627562051633 0.000351805736035145 295
1627562051684 0.00035163813574552006 296
1627562051737 0.0003514855819391931 297
1627562051789 0.0003513287724719069 298
1627562051836 0.00035119688205200323 299
1627562051892 0.0003510290588091901 300
1627562051946 0.00035084903152985753 301
1627562051998 0.0003506930882335134 302
1627562052054 0.0003505227852622069 303
1627562052108 0.0003503587667971111 304
1627562052173 0.0003502053450701718 305
1627562052229 0.0003500336806475274 306
1627562052285 0.0003498977096542439 307
1627562052345 0.0003496592711771056 308
1627562052408 0.00034949921004299143 309
1627562052472 0.00034934449057468306 310
1627562052527 0.00034920262198642483 311
1627562052588 0.0003490703814825155 312
1627562052668 0.00034891374459062794 313
1627562052735 0.0003571876550276098 314
1627562056733 0.00110064477960679 0
1627562056837 0.0010160358002944507 1
1627562056939 0.0009412720345249702 2
1627562057041 0.0008755450286327116 3
1627562057147 0.0008177694096270762 4
1627562057294 0.0007675524719006253 5
1627562057406 0.0007240795539690346 6
1627562057551 0.0006865992048476253 7
1627562057664 0.0006543060883046534 8
1627562057757 0.0006264532319179114 9
1627562057860 0.0006022852541991382 10
1627562057958 0.0005817043583176179 11
1627562058055 0.0005639531015392095 12
1627562058148 0.0005491118938007045 13
1627562058235 0.0005360599420325165 14
1627562058329 0.0005253048622516006 15
1627562058426 0.0005160858425687444 16
1627562058528 0.0005083992113171906 17
1627562058619 0.000501799621503072 18
1627562058710 0.00049578627811707 19
1627562058797 0.0004905930228724815 20
1627562058886 0.00048635883883783984 21
1627562058987 0.0004827020478326207 22
1627562059073 0.0004791065235883192 23
1627562059161 0.00047599751985329347 24
1627562059241 0.0004735063683336446 25
1627562059324 0.00047098499697637784 26
1627562059405 0.0004688446795342627 27
1627562059497 0.0004669895832097817 28
1627562059589 0.0004649737235109818 29
1627562059699 0.0004629938855360272 30
1627562059794 0.0004615375233974029 31
1627562059892 0.0004598431713093365 32
1627562059985 0.0004582204947057301 33
1627562060063 0.0004570255943587754 34
1627562060142 0.000455130971447329 35
1627562060223 0.0004535396428859721 36
1627562060303 0.00045211775970823256 37
1627562060381 0.0004512303749796173 38
1627562060460 0.00044984409498443305 39
1627562060535 0.00044886193687426225 40
1627562060609 0.000447401833763059 41
1627562060689 0.0004464915614499256 42
1627562060767 0.00044470939964034794 43
1627562060851 0.0004434609683731567 44
1627562060921 0.000442726744547116 45
1627562060999 0.00044193712756903736 46
1627562061085 0.000439870410174353 47
1627562061162 0.0004387320188328903 48
1627562061242 0.00043786981116828696 49
1627562061319 0.00043672355893385224 50
1627562061394 0.0004356070056900626 51
1627562061473 0.0004349903323491118 52
1627562061561 0.00043326891698582066 53
1627562061633 0.00043237068443485174 54
1627562061712 0.0004313940253987865 55
1627562061792 0.00043074442866749917 56
1627562061869 0.00043020514627085265 57
1627562061942 0.000429609162538807 58
1627562062021 0.0004283354218481275 59
1627562062110 0.00042777871844402196 60
1627562062194 0.00042721543963151744 61
1627562062303 0.00042654100091121507 62
1627562062398 0.00042554090460221727 63
1627562062481 0.0004246907609718648 64
1627562062575 0.00042346806156880315 65
1627562062672 0.0004229309917249751 66
1627562062757 0.00042202491916272755 67
1627562062837 0.00042125415200444395 68
1627562062943 0.0004206706447307251 69
1627562063030 0.00042001638331215973 70
1627562063122 0.0004194517538534689 71
1627562063210 0.0004189598551815444 72
1627562063277 0.00041848376060672304 73
1627562063345 0.00041804362721922377 74
1627562063442 0.00041718005935046396 75
1627562063530 0.0004158539596972012 76
1627562063617 0.0004153191715388115 77
1627562063698 0.00041485690509021525 78
1627562063786 0.00041429052986487636 79
1627562063876 0.00041387193476906186 80
1627562063963 0.00041337494607605505 81
1627562064045 0.00041290255158536407 82
1627562064130 0.0004120429964491512 83
1627562064206 0.00041159411248894187 84
1627562064285 0.00041116043882982696 85
1627562064360 0.00041072384581561106 86
1627562064433 0.00041009403561142235 87
1627562064497 0.00040962329462757615 88
1627562064570 0.00040922364333618116 89
1627562064664 0.00040841523204588503 90
1627562064751 0.0004080497341150521 91
1627562064846 0.000407234316072182 92
1627562064937 0.00040655981519492954 93
1627562065032 0.00040607149222607694 94
1627562065112 0.0004052729560605957 95
1627562065184 0.00040461490409994907 96
1627562065255 0.0004041020766143504 97
1627562065312 0.00040372582128984935 98
1627562065387 0.0004032396623376898 99
1627562065468 0.0004023876600284569 100
1627562065537 0.00040197793314963415 101
1627562065604 0.0004016110020345253 102
1627562065670 0.0004012361388067747 103
1627562065734 0.00040089780518522036 104
1627562065826 0.0004005489799792132 105
1627562065922 0.00040018879002940046 106
1627562066016 0.0003997034388413891 107
1627562066099 0.00039936567274222493 108
1627562066171 0.0003990468736685503 109
1627562066244 0.00039868345679808736 110
1627562066334 0.000398325440531816 111
1627562066411 0.0003978202609563301 112
1627562066481 0.0003974860261838476 113
1627562066573 0.0003969886462860843 114
1627562066653 0.00039626482102443275 115
1627562066704 0.0003959282589765047 116
1627562066780 0.00039549355526351037 117
1627562066850 0.0003951434687557177 118
1627562066922 0.00039483700842264197 119
1627562066987 0.0003945105015256058 120
1627562067052 0.00039416571022818126 121
1627562067109 0.0003938493154300296 122
1627562067180 0.00039353231334237243 123
1627562067263 0.0003928102085843586 124
1627562067320 0.0003925290191207696 125
1627562067391 0.00039225904804669 126
1627562067464 0.000391883440737916 127
1627562067542 0.00039143506880646496 128
1627562067610 0.0003911287514007706 129
1627562067687 0.0003906444225852018 130
1627562067765 0.00039033513768489924 131
1627562067833 0.00038984188371906525 132
1627562067892 0.00038955380957774594 133
1627562068003 0.0003889329932798607 134
1627562068059 0.0003886339637140284 135
1627562068141 0.000388316788340956 136
1627562068221 0.00038807065337070245 137
1627562068299 0.00038780309978817944 138
1627562068380 0.00038750689608794736 139
1627562068470 0.0003871630497820305 140
1627562068559 0.0003868865431991061 141
1627562068645 0.00038651394907721136 142
1627562068714 0.00038625634510874727 143
1627562068784 0.0003859143239329439 144
1627562068853 0.0003855702963030991 145
1627562068917 0.0003852442900904378 146
1627562068980 0.000384983567481849 147
1627562069042 0.0003847085801902831 148
1627562069111 0.00038443322868492765 149
1627562069175 0.00038416268716911345 150
1627562069280 0.0003836360080773855 151
1627562069383 0.0003833798773333948 152
1627562069438 0.0003831284142829247 153
1627562069536 0.00038277831840098056 154
1627562069630 0.000382480191464219 155
1627562069694 0.0003821539185368656 156
1627562069788 0.00038188272518894107 157
1627562069890 0.0003816500680265359 158
1627562069992 0.00038139866692841866 159
1627562070064 0.00038094467931841936 160
1627562070128 0.0003807099830093407 161
1627562070219 0.0003803092148432816 162
1627562070289 0.0003800418793244395 163
1627562070355 0.0003797869211109786 164
1627562070406 0.0003795348531902996 165
1627562070462 0.00037929549235870034 166
1627562070531 0.00037905414292961767 167
1627562070583 0.0003788401436786374 168
1627562070650 0.0003785084103112025 169
1627562070702 0.0003782886208946302 170
1627562070764 0.00037803680112055856 171
1627562070823 0.0003778331004517131 172
1627562070888 0.00037755070043677275 173
1627562070942 0.00037730567779875113 174
1627562070994 0.00037711158994090826 175
1627562071060 0.0003768582086249092 176
1627562071130 0.00037662032415787365 177
1627562071193 0.00037636739605025434 178
1627562071260 0.00037613033298353584 179
1627562071325 0.0003758960952712977 180
1627562071374 0.0003757026482169589 181
1627562071434 0.00037549708180077283 182
1627562071491 0.00037530703538182206 183
1627562071548 0.0003750814637117939 184
1627562071591 0.0003748985875302143 185
1627562071661 0.000374499629735767 186
1627562071712 0.0003742854504241274 187
1627562071787 0.0003738376680903185 188
1627562071850 0.0003735835739238739 189
1627562071918 0.0003733337210127507 190
1627562071973 0.00037313327498481963 191
1627562072039 0.0003728153320474309 192
1627562072104 0.00037257011618644514 193
1627562072153 0.0003723568584121596 194
1627562072198 0.0003721802823531461 195
1627562072255 0.00037199091054919203 196
1627562072331 0.0003716040986046204 197
1627562072405 0.0003711630087048362 198
1627562072468 0.0003709686475722654 199
1627562072526 0.00037074055878356693 200
1627562072597 0.0003704419483168441 201
1627562072672 0.000370065545725489 202
1627562072739 0.00036982347490466423 203
1627562072788 0.00036960589425311715 204
1627562072834 0.0003694159470925649 205
1627562072895 0.0003691974831282317 206
1627562072942 0.0003689979155212799 207
1627562073000 0.00036877476830877347 208
1627562073056 0.0003685801168068484 209
1627562073109 0.00036837448915032645 210
1627562073168 0.00036811487220718436 211
1627562073231 0.0003678329859933852 212
1627562073313 0.00036762523048548655 213
1627562073437 0.00036725120760912723 214
1627562073535 0.0003670048109337704 215
1627562073606 0.0003668296510236988 216
1627562073681 0.00036666926288175556 217
1627562073749 0.0003664292343017973 218
1627562073804 0.0003662293302734543 219
1627562073869 0.00036597033190563554 220
1627562073920 0.0003658210227853585 221
1627562073981 0.00036559811068346675 222
1627562074047 0.00036539129763676567 223
1627562074112 0.00036519616885363624 224
1627562074174 0.00036500533012112716 225
1627562074230 0.00036483111522769054 226
1627562074275 0.00036467496026194835 227
1627562074342 0.0003643474436951503 228
1627562074400 0.00036410998823676314 229
1627562074459 0.000363893543339431 230
1627562074521 0.00036367715182383586 231
1627562074571 0.00036347970525388843 232
1627562074633 0.0003632665142446922 233
1627562074682 0.000363095834879004 234
1627562074733 0.00036290725355655963 235
1627562074790 0.0003627219852180698 236
1627562074856 0.00036250936925857067 237
1627562074933 0.00036231001654470855 238
1627562075009 0.00036211904862580975 239
1627562075081 0.00036196438065242646 240
1627562075141 0.00036173967066156776 241
1627562075208 0.000361495236793222 242
1627562075283 0.00036130748045201476 243
1627562075365 0.00036102250138627154 244
1627562075438 0.000360664963088473 245
1627562075483 0.00036049176897790956 246
1627562075543 0.00036028973661781863 247
1627562075603 0.00036010417002162534 248
1627562075647 0.00035994724371242297 249
1627562075709 0.00035973432442175363 250
1627562075768 0.0003595072206992176 251
1627562075821 0.0003593163450011825 252
1627562075869 0.0003591425428465097 253
1627562075923 0.0003589602442533954 254
1627562075978 0.00035877481440918285 255
1627562076034 0.0003585755004198759 256
1627562076076 0.00035843965111117285 257
1627562076148 0.000358139297833109 258
1627562076199 0.000357957388780198 259
1627562076251 0.00035776618571337787 260
1627562076305 0.00035762534273919123 261
1627562076368 0.00035745410762839507 262
1627562076432 0.000357313913506254 263
1627562076493 0.00035714444634245 264
1627562076541 0.000356998109732595 265
1627562076609 0.000356775393153398 266
1627562076656 0.0003566386162547418 267
1627562076719 0.00035645312844593115 268
1627562076776 0.00035625902502484357 269
1627562076819 0.0003561318614742335 270
1627562076901 0.0003559548271011346 271
1627562076972 0.00035579776617517586 272
1627562077054 0.0003556287165210718 273
1627562077152 0.00035538780795605403 274
1627562077235 0.00035522557756098767 275
1627562077306 0.0003550771772522663 276
1627562077376 0.0003549075965637025 277
1627562077442 0.0003546934717842778 278
1627562077505 0.0003545122000144017 279
1627562077561 0.00035433530355592324 280
1627562077611 0.0003541791895519536 281
1627562077658 0.00035404840582482815 282
1627562077712 0.000353841125113842 283
1627562077777 0.00035364831334055915 284
1627562077839 0.00035346279417395216 285
1627562077895 0.0003532902925532528 286
1627562077968 0.00035311630306504355 287
1627562078018 0.00035295233504390247 288
1627562078083 0.0003527029901736673 289
1627562078146 0.0003525894812342111 290
1627562078219 0.0003524340703196396 291
1627562078294 0.00035229015265788016 292
1627562078375 0.0003520951432163632 293
1627562078436 0.00035191239049346104 294
1627562078489 0.0003517238281002116 295
1627562078561 0.00035144193315906545 296
1627562078624 0.00035126245603300734 297
1627562078683 0.0003510954162788039 298
1627562078745 0.0003508150399451289 299
1627562078799 0.0003506331895605491 300
1627562078855 0.0003504831374684196 301
1627562078931 0.00035030279835931673 302
1627562078987 0.00035012825968290686 303
1627562079052 0.00034990340895989296 304
1627562079110 0.0003497429463977528 305
1627562079162 0.00034958087757460505 306
1627562079220 0.0003494218414528765 307
1627562079267 0.00034930390804606296 308
1627562079332 0.00034903844494574396 309
1627562079390 0.0003488664915580226 310
1627562079451 0.0003486994258166491 311
1627562079497 0.00034854197870644386 312
1627562079556 0.0003483558912261947 313
1627562079623 0.0003482040318581802 314
1627562079694 0.0003480670070602858 315
1627562079759 0.0003478956506543071 316
1627562079822 0.00034771282128429244 317
1627562079876 0.0003475547931545206 318
1627562079921 0.00034741873313636916 319
1627562079970 0.00034727384555041863 320
1627562080022 0.0003470866282120179 321
1627562080068 0.0003469569209914003 322
1627562080140 0.0003467094905043608 323
1627562080193 0.0003465468771201177 324
1627562080249 0.00034637913384406985 325
1627562080295 0.0003462537581859937 326
1627562080352 0.0003461037637932745 327
1627562080414 0.000345970480722579 328
1627562080478 0.0003457302952610875 329
1627562080539 0.00034557512118659406 330
1627562080602 0.00034540420662120387 331
1627562080646 0.00034527624840400444 332
1627562080705 0.00034511847292959707 333
1627562080763 0.00034495418531347633 334
1627562080815 0.0003448049144342437 335
1627562080879 0.0003446180014181399 336
1627562080927 0.0003444885474484722 337
1627562080986 0.0003443110571256443 338
1627562081040 0.0003441959739226071 339
1627562081091 0.00034404469072854717 340
1627562081154 0.0003438654850816019 341
1627562081211 0.00034372336437920795 342
1627562081284 0.0003434757279760272 343
1627562081331 0.00034335301715184783 344
1627562081393 0.00034317702337881387 345
1627562081461 0.0003429595823870793 346
1627562081507 0.00034279804280945786 347
1627562081567 0.00034264241638517074 348
1627562081617 0.0003424875696861454 349
1627562081673 0.0003423667416085703 350
1627562081730 0.00034220989422268337 351
1627562081779 0.0003420871942807347 352
1627562081822 0.0003420025877315447 353
1627562081883 0.0003418561172818722 354
1627562081930 0.0003417187680050407 355
1627562081985 0.00034157278554866605 356
1627562082045 0.000341425414520634 357
1627562082091 0.0003412999863774831 358
1627562082140 0.0003411531466679975 359
1627562082186 0.00034102487727442974 360
1627562082232 0.00034089766345331534 361
1627562082308 0.00034063355721883744 362
1627562082360 0.00034049313561148817 363
1627562082413 0.0003403516910375479 364
1627562082465 0.00034019939999436783 365
1627562082515 0.00034006718852843353 366
1627562082566 0.00033993202149747013 367
1627562082631 0.0003397464178069669 368
1627562082686 0.00033961465412825554 369
1627562082731 0.00033949132426946564 370
1627562082777 0.0003393692823650646 371
1627562082823 0.00033922266116685995 372
1627562082874 0.00033910418334007615 373
1627562082922 0.0003389792323768309 374
1627562082978 0.00033885118478603964 375
1627562083034 0.0003387146843824917 376
1627562083109 0.0003385061186729876 377
1627562083159 0.00033840082086506357 378
1627562083226 0.0003382237863371399 379
1627562083269 0.0003380825295175909 380
1627562083321 0.00033794841603422386 381
1627562083394 0.00033779919406697116 382
1627562083472 0.00033764425512692746 383
1627562083535 0.00033752132704874927 384
1627562083605 0.00033739130850126575 385
1627562083666 0.0003372700855540234 386
1627562083715 0.0003371361874041576 387
1627562083795 0.00033698987906397916 388
1627562083882 0.00033683893991154644 389
1627562083949 0.0003367318894229588 390
1627562084011 0.00033661637047238614 391
1627562084058 0.00033648290795690783 392
1627562084116 0.0003363268032965572 393
1627562084164 0.0003361864520119557 394
1627562084210 0.00033607500064491893 395
1627562084261 0.00033594681135407073 396
1627562084317 0.000335803990236761 397
1627562084369 0.00033566969828312975 398
1627562084417 0.0003355670275298883 399
1627562084467 0.0003354083435656781 400
1627562084516 0.00033526822036322637 401
1627562084573 0.00033511448893068074 402
1627562084622 0.0003350115072414651 403
1627562084684 0.0003348293179451766 404
1627562084744 0.0003346867582715163 405
1627562084796 0.0003345409627088586 406
1627562084843 0.0003344292364362841 407
1627562084903 0.00033427248180603093 408
1627562084947 0.0003341513047210783 409
1627562084996 0.00033402446867390756 410
1627562085057 0.0003339131627707028 411
1627562085110 0.0003337775009782108 412
1627562085163 0.00033365033317878903 413
1627562085233 0.0003334400598924109 414
1627562085280 0.0003333395401284173 415
1627562085332 0.00033322474303207653 416
1627562085389 0.0003330852250423574 417
1627562085436 0.00033296899886955743 418
1627562085484 0.0003328357858778089 419
1627562085534 0.0003326943057610357 420
1627562085584 0.00033258923821582353 421
1627562085640 0.000332438340371443 422
1627562085695 0.00033228763465251393 423
1627562085754 0.00033215133973225837 424
1627562085805 0.0003320250933374124 425
1627562085870 0.00033182933820259425 426
1627562085919 0.0003317196971702972 427
1627562085974 0.00033158375054467983 428
1627562086030 0.0003314715411962914 429
1627562086103 0.0003382237863371399 430
