1627563725264 0.0010982842392511815 0
1627563725412 0.0010128709622688487 1
1627563725551 0.0009371698449972037 2
1627563725688 0.0008705412996788199 3
1627563725821 0.0008119807989472453 4
1627563725955 0.0007610876781463163 5
1627563726085 0.0007170199933595996 6
1627563726222 0.0006789478133899525 7
1627563726357 0.0006461547296809821 8
1627563726490 0.0006176624900482469 9
1627563726629 0.0005930741033972101 10
1627563726757 0.0005720653427705121 11
1627563726893 0.0005540459505225424 12
1627563727052 0.0005387819491799765 13
1627563727183 0.0005255727520843096 14
1627563727363 0.0005146701969625575 15
1627563727481 0.0005050535708981402 16
1627563727606 0.0004972588220077995 17
1627563727723 0.0004904842995553347 18
1627563727837 0.0004842904638891657 19
1627563727951 0.0004791183232630306 20
1627563728063 0.0004746412444909143 21
1627563728180 0.0004706688198952257 22
1627563728298 0.00046657717904803863 23
1627563728415 0.000462812870024187 24
1627563728558 0.0004601878669626516 25
1627563728689 0.0004572399850301894 26
1627563728839 0.000454938504110684 27
1627563728967 0.0004526735216047067 28
1627563729076 0.0004506291527050064 29
1627563729179 0.00044869727211088213 30
1627563729287 0.00044703266813590363 31
1627563729391 0.0004448520533643884 32
1627563729496 0.0004431599865573227 33
1627563729601 0.00044181985831843454 34
1627563729704 0.00043975303292474765 35
1627563729810 0.0004370451819238626 36
1627563729922 0.00043520196027470315 37
1627563730040 0.00043390679571397715 38
1627563730170 0.0004323957394709398 39
1627563730292 0.0004310827776716548 40
1627563730402 0.000429110219815736 41
1627563730511 0.00042722740428610245 42
1627563730639 0.0004249108640657554 43
1627563730754 0.00042365566457512745 44
1627563730839 0.00042282288214585034 45
1627563730945 0.0004213858288932207 46
1627563731042 0.0004201358072357439 47
1627563731150 0.00041844082817861717 48
1627563731261 0.0004168776045296268 49
1627563731431 0.0004154281065957553 50
1627563731525 0.0004146103743267465 51
1627563731638 0.00041327919894088965 52
1627563731770 0.00041149390406680945 53
1627563731861 0.0004107854566183945 54
1627563731974 0.000409780773003603 55
1627563732092 0.000408343075270259 56
1627563732183 0.0004076441083823709 57
1627563732296 0.00040655503803272325 58
1627563732404 0.0004058206292790323 59
1627563732498 0.0004051778655379315 60
1627563732626 0.00040348273040277763 61
1627563732747 0.0004022625115975213 62
1627563732869 0.0004016188562378953 63
1627563732965 0.0004010441471749871 64
1627563733097 0.00039968862515390503 65
1627563733191 0.00039902076008257965 66
1627563733284 0.00039838638412308916 67
1627563733390 0.00039758553206218884 68
1627563733491 0.0003966371529974643 69
1627563733589 0.000396039015820549 70
1627563733694 0.0003954347048272329 71
1627563733786 0.0003948503181280117 72
1627563733899 0.00039346948964294356 73
1627563734000 0.0003928669856766629 74
1627563734119 0.0003914804798748833 75
1627563734214 0.0003909333456014646 76
1627563734347 0.00039035750372973515 77
1627563734454 0.00038970653282080036 78
1627563734557 0.0003886597815052832 79
1627563734701 0.00038808654835401616 80
1627563734808 0.00038755262475800894 81
1627563734943 0.0003870221801718344 82
1627563735066 0.00038591226003547143 83
1627563735172 0.0003853968717563294 84
1627563735277 0.00038486939457171637 85
1627563735370 0.0003843210375125801 86
1627563735475 0.00038382836060261066 87
1627563735587 0.00038335376774592273 88
1627563735683 0.00038280507675815236 89
1627563735805 0.00038227138207209266 90
1627563735911 0.00038167593960880926 91
1627563736062 0.00038113669294287476 92
1627563736162 0.00038038264717555633 93
1627563736261 0.0003798762850839095 94
1627563736365 0.0003789720113347901 95
1627563736474 0.00037814471807209437 96
1627563736571 0.00037768552798966447 97
1627563736660 0.0003772232282765549 98
1627563736757 0.0003767431777999966 99
1627563736881 0.00037626101838015034 100
1627563736978 0.0003757890959094643 101
1627563737084 0.0003749462972788218 102
1627563737172 0.00037447684192321127 103
1627563737256 0.00037402339564773123 104
1627563737342 0.00037359887359186285 105
1627563737439 0.000373174795394007 106
1627563737557 0.00037227732723968306 107
1627563737650 0.0003718215519366178 108
1627563737812 0.0003710458564454847 109
1627563737930 0.000370413429589546 110
1627563738014 0.0003700003203531303 111
1627563738127 0.00036939034549430893 112
1627563738217 0.0003689564754458712 113
1627563738341 0.00036824033089175295 114
1627563738442 0.0003678408921559869 115
1627563738522 0.00036744694843408285 116
1627563738623 0.0003668138767234585 117
1627563738710 0.00036636196325939293 118
1627563738793 0.00036599247037480984 119
1627563738878 0.00036559254328684333 120
1627563738947 0.0003652096091016644 121
1627563739048 0.0003646320083741426 122
1627563739143 0.0003642302151855291 123
1627563739230 0.0003638101937982264 124
1627563739330 0.00036332527742249845 125
1627563739419 0.00036293272532673547 126
1627563739509 0.0003625161724709748 127
1627563739600 0.00036214922614869225 128
1627563739707 0.00036175534427919116 129
1627563739806 0.00036138927444303665 130
1627563739870 0.0003610760337345097 131
1627563739991 0.0003605171659605121 132
1627563740067 0.00036017320078833136 133
1627563740160 0.00035984186860017937 134
1627563740233 0.00035947212098004884 135
1627563740315 0.00035910043275196805 136
1627563740404 0.00035860719333960365 137
1627563740487 0.0003582121622674146 138
1627563740574 0.00035781866318272936 139
1627563740650 0.0003574661290638451 140
1627563740732 0.00035707635132938443 141
1627563740834 0.00035656542205906607 142
1627563740927 0.0003562292531972591 143
1627563741004 0.0003558759815685219 144
1627563741075 0.0003555482419748662 145
1627563741168 0.0003551212000844319 146
1627563741268 0.00035461510362510363 147
1627563741341 0.00035426724809276065 148
1627563741433 0.00035392631697294487 149
1627563741529 0.0003535995064857399 150
1627563741608 0.00035327204899079657 151
1627563741680 0.0003529615712606605 152
1627563741781 0.00035259805345837545 153
1627563741871 0.0003522307128361051 154
1627563741961 0.0003519266514901216 155
1627563742051 0.0003515931891312255 156
1627563742177 0.000351263610395821 157
1627563742231 0.00035093661371026543 158
1627563742312 0.0003506097610850393 159
1627563742399 0.0003502876874206547 160
1627563742488 0.0003499705322436879 161
1627563742581 0.00034964515534423 162
1627563742663 0.00034938812440887 163
1627563742744 0.0003490819593243344 164
1627563742843 0.00034881608463317287 165
1627563742917 0.00034851851065985823 166
1627563743001 0.0003482064561491434 167
1627563743083 0.0003479661750285842 168
1627563743168 0.0003476353214675306 169
1627563743240 0.0003473469815383653 170
1627563743359 0.0003470389126423307 171
1627563743481 0.00034658882350383516 172
1627563743572 0.000346266070771284 173
1627563743640 0.0003459471776400856 174
1627563743711 0.0003456322197069823 175
1627563743792 0.0003453152804617653 176
1627563743914 0.0003449777094727993 177
1627563744005 0.00034466152997341304 178
1627563744090 0.00034437468001699025 179
1627563744168 0.00034405010626038747 180
1627563744249 0.00034373697534100553 181
1627563744354 0.00034340115536098565 182
1627563744487 0.0003430399713530406 183
1627563744577 0.00034271216791639304 184
1627563744667 0.0003423984651980299 185
1627563744781 0.000342085829168594 186
1627563744890 0.0003417950870214258 187
1627563744991 0.00034155078197866507 188
1627563745111 0.0003412013563912222 189
1627563745236 0.00034092824004799336 190
1627563745321 0.00034064541024662355 191
1627563745393 0.00034034806361404223 192
1627563745482 0.0003400719178369597 193
1627563745581 0.0003397584813394784 194
1627563745686 0.0003394368049012156 195
1627563745770 0.0003391344047535318 196
1627563745840 0.00033888879137279783 197
1627563745921 0.00033860676539792525 198
1627563745993 0.00033831315849051745 199
1627563746084 0.0003380454290751295 200
1627563746151 0.0003378059227600094 201
1627563746220 0.00033754378064146086 202
1627563746297 0.0003372358255041156 203
1627563746390 0.0003369170003422492 204
1627563746463 0.0003366219196280694 205
1627563746542 0.00033637773361390726 206
1627563746617 0.00033616031914304197 207
1627563746696 0.0003358849005928109 208
1627563746781 0.00033554717741515603 209
1627563746855 0.000335279163207066 210
1627563746926 0.00033503441807288496 211
1627563747007 0.00033473750123862834 212
1627563747114 0.00033435879093452625 213
1627563747196 0.00033409210652389016 214
1627563747271 0.00033386033526543044 215
1627563747356 0.0003336065697030528 216
1627563747438 0.0003333501641330914 217
1627563747504 0.000333081294380962 218
1627563747582 0.00033279377834951484 219
1627563747668 0.00033253138327944936 220
1627563747748 0.0003322821098228128 221
1627563747817 0.00033204776212145896 222
1627563747892 0.0003318411496108104 223
1627563747960 0.0003315804969321612 224
1627563748069 0.00033118434378591867 225
1627563748148 0.0003309491508138367 226
1627563748219 0.0003307019218292527 227
1627563748300 0.0003304536617185335 228
1627563748375 0.00033021234815851843 229
1627563748443 0.000329950522978593 230
1627563748531 0.00032964255886318484 231
1627563748617 0.00032937105916339425 232
1627563748709 0.00032911063499480085 233
1627563748786 0.00032885670968934677 234
1627563748864 0.0003285999862838278 235
1627563748941 0.0003283735714392407 236
1627563749023 0.0003281296055576866 237
1627563749113 0.00032785835095658263 238
1627563749202 0.0003276097855856145 239
1627563749277 0.0003274010976784968 240
1627563749351 0.0003271572147408427 241
1627563749430 0.00032697355277936903 242
1627563749511 0.00032672309529837304 243
1627563749588 0.0003264523200636224 244
1627563749668 0.0003262292526437851 245
1627563749741 0.0003259796016005264 246
1627563749814 0.00032571041787863463 247
1627563749886 0.00032544974645058717 248
1627563749973 0.0003252028520196005 249
1627563750054 0.00032501967126726997 250
1627563750129 0.0003247603540897645 251
1627563750201 0.0003245025539721541 252
1627563750282 0.00032426202806461386 253
1627563750360 0.0003240152439637763 254
1627563750429 0.00032379411896813696 255
1627563750531 0.0003235373591293318 256
1627563750612 0.00032331232246636434 257
1627563750690 0.000323061796001425 258
1627563750763 0.0003228443915755407 259
1627563750856 0.00032260833137885724 260
1627563750941 0.00032235305357497523 261
1627563751027 0.00032210124032636903 262
1627563751092 0.00032188505343572926 263
1627563751194 0.0003216213089103049 264
1627563751262 0.00032138721613960954 265
1627563751386 0.00032103919184579295 266
1627563751463 0.0003208167152181276 267
1627563751557 0.00032060332932122825 268
1627563751637 0.0003203814833002294 269
1627563751713 0.0003201352316762177 270
1627563751789 0.0003199076980981847 271
1627563751871 0.0003197193933692493 272
1627563751976 0.00031947859217612914 273
1627563752060 0.0003192497395362931 274
1627563752130 0.0003190489687734377 275
1627563752195 0.00031885240046021854 276
1627563752289 0.0003186417997753647 277
1627563752390 0.0003183948857871162 278
1627563752475 0.00031819431569427925 279
1627563752543 0.0003179450558684624 280
1627563752608 0.0003177699719202032 281
1627563752673 0.00031754713051663336 282
1627563752762 0.0003173291553893713 283
1627563752844 0.0003171118065108467 284
1627563752902 0.00031690568152961375 285
1627563752963 0.0003167069337382565 286
1627563753020 0.00031650666532170266 287
1627563753116 0.00031616970669296347 288
1627563753180 0.0003159764640190558 289
1627563753252 0.00031574859820416185 290
1627563753315 0.0003155829701331943 291
1627563753375 0.00031537963717690923 292
1627563753450 0.00031514705200959053 293
1627563753518 0.00031491826572440393 294
1627563753590 0.0003147029593884235 295
1627563753650 0.00031450668612849374 296
1627563753704 0.0003142999403664003 297
1627563753780 0.0003141161448873067 298
1627563753864 0.0003139073098339904 299
1627563753960 0.00031371119251774127 300
1627563754038 0.00031347401104627734 301
1627563754107 0.0003133071480264815 302
1627563754188 0.00031309981504495314 303
1627563754253 0.00031292366326749507 304
1627563754321 0.0003127356181722185 305
1627563754393 0.0003125333540261703 306
1627563754468 0.0003123279857846079 307
1627563754528 0.0003121030226762829 308
1627563754604 0.0003119085097996906 309
1627563754736 0.0003116465040853186 310
1627563754871 0.000311432572782213 311
1627563754989 0.00031124083720134716 312
1627563755082 0.000310998289286082 313
1627563755148 0.00031078277420692265 314
1627563755210 0.00031058977059897325 315
1627563755283 0.00031036152689186845 316
1627563755355 0.00031015623675671814 317
1627563755466 0.0003099185181741561 318
1627563755533 0.0003097162830137636 319
1627563755602 0.00030951355258301085 320
1627563755694 0.0003092338402130926 321
1627563755772 0.00030900592425785905 322
1627563755885 0.0003197193933692493 323
1627563760222 0.0010981559487242762 0
1627563760476 0.001012860320108725 1
1627563760630 0.0009372600130075741 2
1627563760795 0.0008708308114604741 3
1627563760968 0.0008125765175880633 4
1627563761126 0.0007618002490476735 5
1627563761281 0.0007178467710789238 6
1627563761504 0.0006798284070734791 7
1627563761645 0.0006470597861176474 8
1627563761818 0.0006186815272358383 9
1627563761969 0.0005941442987817731 10
1627563762106 0.0005732174127605667 11
1627563762240 0.0005551911423180562 12
1627563762385 0.0005399666007841301 13
1627563762513 0.0005268841661314064 14
1627563762639 0.0005159273535612699 15
1627563762767 0.0005062744980344476 16
1627563762950 0.0004984709293305232 17
1627563763076 0.0004916927996900631 18
1627563763198 0.00048539731906713224 19
1627563763314 0.0004800150485870896 20
1627563763441 0.0004756097539208199 21
1627563763571 0.0004717236276846001 22
1627563763710 0.00046805572643864355 23
1627563763832 0.0004646080972832913 24
1627563763944 0.000462037712033433 25
1627563764067 0.00045965324825405373 26
1627563764187 0.0004571975020980832 27
1627563764319 0.0004550676434806436 28
1627563764433 0.0004529241224451102 29
1627563764601 0.0004509426578752425 30
1627563764790 0.00044924646381104663 31
1627563764934 0.0004474113904002597 32
1627563765052 0.00044578113712174757 33
1627563765211 0.0004440967101331287 34
1627563765303 0.0004423584948343103 35
1627563765366 0.0004407091542766269 36
1627563765436 0.0004384468868407433 37
1627563765497 0.00043684000681173263 38
1627563765557 0.0004351046913769157 39
1627563765618 0.00043405687114091385 40
1627563765676 0.0004320453941988437 41
1627563765746 0.00042906558689414826 42
1627563765809 0.0004278254240952174 43
1627563765874 0.0004267078236212423 44
1627563765924 0.0004258264399339373 45
1627563765991 0.00042448918883257973 46
1627563766051 0.00042286627850384644 47
1627563766112 0.0004216157479573106 48
1627563766176 0.0004206016011434963 49
1627563766277 0.0004179154746294139 50
1627563766327 0.0004171394764564491 51
1627563766386 0.0004162750003437451 52
1627563766470 0.0004140799309043207 53
1627563766523 0.00041339628625424314 54
1627563766585 0.00041253393466261676 55
1627563766655 0.00041136483521178173 56
1627563766701 0.00041065160884089946 57
1627563766767 0.000409807271056104 58
1627563766850 0.00040789065577940766 59
1627563766902 0.00040717125838318064 60
1627563766986 0.00040522523085688233 61
1627563767044 0.00040457254864773436 62
1627563767091 0.00040387275391644793 63
1627563767170 0.00040218453187861134 64
1627563767238 0.0004012981871023341 65
1627563767289 0.0004006165123489435 66
1627563767346 0.00039988458906180317 67
1627563767418 0.00039867448031513956 68
1627563767471 0.00039809192390712414 69
1627563767533 0.00039738006965117005 70
1627563767586 0.00039664705280688476 71
1627563767634 0.00039606508751201925 72
1627563767694 0.000395446046206529 73
1627563767765 0.0003941478338241985 74
1627563767823 0.00039356252295721407 75
1627563767878 0.00039299310975008983 76
1627563767954 0.00039185134436257586 77
1627563768006 0.00039128466563966973 78
1627563768070 0.00039059108091504433 79
1627563768137 0.0003897494237683589 80
1627563768212 0.00038864015741075543 81
1627563768269 0.0003880889833994478 82
1627563768345 0.00038686206892514117 83
1627563768401 0.0003863396919553625 84
1627563768455 0.00038586290509254296 85
1627563768500 0.00038538900360491214 86
1627563768556 0.0003848961208762402 87
1627563768612 0.00038438614731890297 88
1627563768673 0.00038374862023826277 89
1627563768726 0.00038320819007583724 90
1627563768779 0.00038256356931060337 91
1627563768835 0.0003820488393242469 92
1627563768882 0.00038153509247526314 93
1627563768956 0.00038061349341166805 94
1627563769018 0.00037991564738477533 95
1627563769081 0.0003790726004140585 96
1627563769152 0.00037827277713423373 97
1627563769191 0.00037780301314706185 98
1627563769250 0.0003772041871232082 99
1627563769337 0.0003764179004554861 100
1627563769391 0.00037594458098795237 101
1627563769460 0.00037513819954833913 102
1627563769502 0.0003746808073186423 103
1627563769550 0.0003742081694548137 104
1627563769600 0.00037377339720301694 105
1627563769662 0.0003733496968712204 106
1627563769719 0.00037285647507665756 107
1627563769778 0.0003723773635656203 108
1627563769838 0.0003719469693091462 109
1627563769893 0.0003715301772837369 110
1627563769937 0.00037107968953658236 111
1627563770000 0.000370473552505682 112
1627563770043 0.0003700441735971677 113
1627563770099 0.00036962453748844333 114
1627563770147 0.0003692217227251931 115
1627563770184 0.00036879538641705617 116
1627563770254 0.0003681228557741613 117
1627563770303 0.0003677137406810343 118
1627563770353 0.00036730391507042626 119
1627563770400 0.000366928865265285 120
1627563770442 0.00036652388685880243 121
1627563770486 0.00036609770311905773 122
1627563770541 0.0003656884373468919 123
1627563770589 0.0003653228922599392 124
1627563770666 0.0003647038189396821 125
1627563770715 0.00036429087520156944 126
1627563770761 0.0003638576253336052 127
1627563770830 0.00036330028746540683 128
1627563770876 0.0003629353273589611 129
1627563770921 0.00036255666229068734 130
1627563770960 0.00036224185413653566 131
1627563771012 0.00036186821965279617 132
1627563771050 0.00036149406190186717 133
1627563771115 0.000361026068901347 134
1627563771159 0.00036066642995783 135
1627563771206 0.0003602601733874369 136
1627563771259 0.0003598749334994548 137
1627563771296 0.0003595329305954672 138
1627563771344 0.00035914306885191725 139
1627563771383 0.0003588034603590816 140
1627563771459 0.00035816631141517055 141
1627563771498 0.00035780104953631134 142
1627563771538 0.0003574567719015048 143
1627563771587 0.00035702338505104594 144
1627563771632 0.00035663613958860035 145
1627563771674 0.00035632710837278143 146
1627563771723 0.00035600813162542844 147
1627563771763 0.000355646598621685 148
1627563771809 0.00035534107042915715 149
1627563771864 0.00035499278069569303 150
1627563771910 0.00035460579303471545 151
1627563771954 0.00035431571947868145 152
1627563772009 0.00035388623355023783 153
1627563772046 0.00035356037615390853 154
1627563772086 0.00035326636970609834 155
1627563772133 0.00035295784473382715 156
1627563772198 0.00035247498427848085 157
1627563772250 0.0003521393441564725 158
1627563772288 0.0003518329937686972 159
1627563772322 0.0003515088608266069 160
1627563772371 0.0003511317351815028 161
1627563772433 0.00035069703302667956 162
1627563772475 0.00035039152519991565 163
1627563772529 0.0003500808404184641 164
1627563772571 0.0003497495131972378 165
1627563772611 0.0003494239245214458 166
1627563772666 0.00034905680564701914 167
1627563772710 0.0003487604703910001 168
1627563772742 0.0003484589218372834 169
1627563772786 0.000348140483525979 170
1627563772819 0.00034784229625936227 171
1627563772865 0.00034754536897373123 172
1627563772901 0.0003472748475709829 173
1627563772948 0.0003469856890711394 174
1627563772991 0.00034668249239351297 175
1627563773025 0.0003463819163509383 176
1627563773089 0.0003459029130990733 177
1627563773128 0.00034557819955360317 178
1627563773164 0.00034528402010646316 179
1627563773209 0.0003449692716391537 180
1627563773255 0.0003446466929479992 181
1627563773299 0.0003443692123519347 182
1627563773350 0.0003440300115029856 183
1627563773413 0.0003436017319965434 184
1627563773454 0.00034331167035723474 185
1627563773494 0.00034300406913173197 186
1627563773541 0.0003426917679568115 187
1627563773581 0.0003424521204164584 188
1627563773624 0.0003421849695157028 189
1627563773666 0.00034188664728130485 190
1627563773709 0.0003416257465542595 191
1627563773757 0.00034130130764817686 192
1627563773804 0.00034101563285244185 193
1627563773848 0.00034075441295547437 194
1627563773902 0.00034043092159580186 195
1627563773954 0.00034013197443378597 196
1627563773999 0.0003398640962426439 197
1627563774044 0.0003395801414174028 198
1627563774096 0.0003392955125245869 199
1627563774146 0.0003390526928470808 200
1627563774189 0.00033876127138526076 201
1627563774226 0.0003385001303474269 202
1627563774261 0.0003382193547411759 203
1627563774311 0.00033794808571079466 204
1627563774343 0.0003376615555423535 205
1627563774408 0.0003373205504681236 206
1627563774452 0.0003370476529409667 207
1627563774493 0.0003367804739090336 208
1627563774533 0.00033652307736002017 209
1627563774572 0.0003362389029776039 210
1627563774614 0.00033596313169609494 211
1627563774645 0.0003357372065661264 212
1627563774685 0.00033546278326114943 213
1627563774724 0.00033521807793703815 214
1627563774771 0.0003349715370679273 215
1627563774839 0.00033456857889211934 216
1627563774886 0.00033430245009102773 217
1627563774916 0.00033405642303356456 218
1627563774951 0.0003337974588102301 219
1627563774992 0.0003335355283479549 220
1627563775039 0.0003332582341119074 221
1627563775089 0.000332972049980723 222
1627563775132 0.00033276112279276033 223
1627563775197 0.0003324204307355994 224
1627563775236 0.0003321583051725409 225
1627563775278 0.00033189927540689713 226
1627563775316 0.00033163014910622576 227
1627563775362 0.000331353273295819 228
1627563775403 0.0003310961054699036 229
1627563775441 0.00033082577954211156 230
1627563775475 0.0003305874492348294 231
1627563775541 0.00033020232391779204 232
1627563775580 0.00032996296839963755 233
1627563775621 0.00032974408115803383 234
1627563775661 0.0003295299999556185 235
1627563775712 0.0003292773747373459 236
1627563775754 0.00032902477899801087 237
1627563775800 0.00032877834259719367 238
1627563775841 0.00032856184377809487 239
1627563775885 0.00032832236204509294 240
1627563775924 0.00032807595055774286 241
1627563775970 0.00032782576638410116 242
1627563776006 0.000327616509357144 243
1627563776038 0.0003273666643318211 244
1627563776075 0.0003270919248200284 245
1627563776113 0.00032684339321194494 246
1627563776152 0.00032660748219121824 247
1627563776216 0.0003398640962426439 248
1627563780226 0.0010991449440498522 0
1627563780378 0.0010136807160775066 1
1627563780511 0.0009379619352172796 2
1627563780639 0.0008713982791631054 3
1627563780776 0.0008130668222020393 4
1627563780911 0.0007621967494562411 5
1627563781044 0.000718237133217012 6
1627563781208 0.0006800819930468795 7
1627563781389 0.0006471309850830014 8
1627563781511 0.0006185943905794241 9
1627563781644 0.0005939292392746651 10
1627563781776 0.0005729258141943044 11
1627563781910 0.0005548111130087898 12
1627563782115 0.0005395400750560489 13
1627563782270 0.0005263801296168989 14
1627563782398 0.0005152214503591756 15
1627563782522 0.0005057488173576693 16
1627563782650 0.0004978985445182826 17
1627563782771 0.0004911487846259066 18
1627563782890 0.00048508281991235363 19
1627563783005 0.0004798908292927251 20
1627563783123 0.0004754053643375779 21
1627563783249 0.0004714196650293391 22
1627563783401 0.0004677905982165185 23
1627563783545 0.00046452811732920296 24
1627563783657 0.00046199484514637353 25
1627563783783 0.0004595504824805899 26
1627563783921 0.00045703168584554946 27
1627563784044 0.0004546471196292192 28
1627563784164 0.0004523823961083974 29
1627563784265 0.00045017420263618503 30
1627563784380 0.0004482983450815827 31
1627563784498 0.00044589167434737174 32
1627563784604 0.0004435849141717682 33
1627563784703 0.0004421635005340389 34
1627563784822 0.000440250389760734 35
1627563784937 0.0004386111158423796 36
1627563785043 0.0004364329852126965 37
1627563785160 0.000434920575654002 38
1627563785280 0.0004329989929899579 39
1627563785390 0.00043167562996280806 40
1627563785523 0.0004296730905013535 41
1627563785638 0.0004275981652739179 42
1627563785748 0.0004265930306971182 43
1627563785863 0.0004244345622262021 44
1627563785960 0.000423416403652496 45
1627563786068 0.00042249542849563074 46
1627563786167 0.00042128328646788863 47
1627563786282 0.00041969177548390905 48
1627563786387 0.00041853307428070226 49
1627563786517 0.00041693307213424663 50
1627563786614 0.00041609684691242145 51
1627563786715 0.0004153184440049316 52
1627563786862 0.0004129676518289505 53
1627563786988 0.0004117072810476842 54
1627563787120 0.0004098905547891544 55
1627563787233 0.00040849203728436737 56
1627563787321 0.0004076939209909926 57
1627563787419 0.0004070445715240747 58
1627563787529 0.0004060457132654635 59
1627563787623 0.0004054035396552021 60
1627563787722 0.0004047317514399472 61
1627563787832 0.00040380531363876164 62
1627563787930 0.00040321181508722894 63
1627563788054 0.00040144934012388875 64
1627563788159 0.0004004976954837752 65
1627563788249 0.00039983014066149563 66
1627563788337 0.0003991657790272067 67
1627563788476 0.0003982264301153405 68
1627563788588 0.00039746380705240236 69
1627563788684 0.0003968433261785833 70
1627563788779 0.00039598141036505677 71
1627563788903 0.00039472164685244715 72
1627563789001 0.0003941060316967901 73
1627563789116 0.00039351078433143304 74
1627563789272 0.00039297667179406267 75
1627563789459 0.000391606901446185 76
1627563789550 0.000391034328762599 77
1627563789694 0.0003904551792574978 78
1627563789782 0.00038989327679117493 79
1627563789935 0.00038911487045161994 80
1627563790106 0.00038860307797575027 81
1627563790204 0.0003880767785669069 82
1627563790302 0.00038745991821233304 83
1627563790400 0.0003868311444863492 84
1627563790524 0.00038574622627845595 85
1627563790616 0.00038520740401381723 86
1627563790729 0.0003842072613058781 87
1627563790841 0.00038341144453085294 88
1627563790931 0.00038289199931787113 89
1627563791013 0.0003824043154538803 90
1627563791103 0.0003818308327807638 91
1627563791205 0.00038136119373857795 92
1627563791293 0.0003808126550422513 93
1627563791395 0.00038007492066821635 94
1627563791479 0.0003795707493225606 95
1627563791589 0.0003786750575088995 96
1627563791706 0.00037792513176931593 97
1627563791795 0.00037743767398835395 98
1627563791899 0.0003769920329077397 99
1627563792014 0.00037649768183277275 100
1627563792103 0.0003760225154265805 101
1627563792254 0.0003751194706309658 102
1627563792345 0.00037464989452458945 103
1627563792446 0.0003741930148693785 104
1627563792535 0.0003737465106330434 105
1627563792689 0.00037330214456485694 106
1627563792851 0.00037259981760451354 107
1627563793003 0.0003719634964525261 108
1627563793115 0.000371533732701557 109
1627563793227 0.00037086775200233083 110
1627563793333 0.0003704268496140754 111
1627563793407 0.0003700172588070046 112
1627563793495 0.0003696081700068757 113
1627563793603 0.00036915439274665953 114
1627563793700 0.00036874891002251233 115
1627563793780 0.00036831309299981813 116
1627563793879 0.000367920513289239 117
1627563793986 0.0003674899341179486 118
1627563794080 0.00036705303021605513 119
1627563794166 0.0003666720438836044 120
1627563794285 0.0003661300015326377 121
1627563794357 0.00036570642486610154 122
1627563794451 0.0003652332675764024 123
1627563794545 0.0003648318374774361 124
1627563794653 0.0003644715859907334 125
1627563794737 0.0003640907831461441 126
1627563794887 0.0003636747328691682 127
1627563794973 0.0003632955026284738 128
1627563795060 0.00036290177783232145 129
1627563795142 0.0003625443593861156 130
1627563795220 0.000362189143775824 131
1627563795322 0.0003617947736923688 132
1627563795413 0.00036139363450648143 133
1627563795485 0.0003610338655477571 134
1627563795560 0.0003606792152014243 135
1627563795652 0.00036027549681453256 136
1627563795752 0.0003596704133585724 137
1627563795832 0.0003593009941990439 138
1627563795917 0.0003589031803317515 139
1627563796004 0.0003585406149970558 140
1627563796115 0.0003579867822399439 141
1627563796198 0.000357611645761795 142
1627563796268 0.00035730261712971836 143
1627563796342 0.0003569606301076947 144
1627563796429 0.00035659060098178024 145
1627563796570 0.0003562536706599687 146
1627563796750 0.0003557149148386747 147
1627563796868 0.0003553446271773973 148
1627563796988 0.0003549237758691543 149
1627563797076 0.00035459630593429547 150
1627563797149 0.00035431661702494776 151
1627563797234 0.00035400419866029166 152
1627563797334 0.0003534936621594851 153
1627563797415 0.0003531385955689021 154
1627563797510 0.00035281697682235357 155
1627563797586 0.00035252013767567906 156
1627563797664 0.0003521869765064025 157
1627563797735 0.0003518710507573302 158
1627563797839 0.0003514246102540672 159
1627563797927 0.00035112023179065493 160
1627563797998 0.00035085160922504574 161
1627563798088 0.0003505454871559005 162
1627563798171 0.000350230812959571 163
1627563798264 0.00034991967700898546 164
1627563798350 0.00034960577969083366 165
1627563798433 0.0003492646400918787 166
1627563798566 0.00034892932766577 167
1627563798739 0.0003484515648930667 168
1627563798818 0.00034815333567660617 169
1627563798898 0.0003478434060111038 170
1627563798996 0.0003475222836205755 171
1627563799071 0.00034722180540604577 172
1627563799149 0.0003468688101232406 173
1627563799261 0.00034655688202585674 174
1627563799334 0.0003462394055239545 175
1627563799436 0.00034590113309719686 176
1627563799514 0.00034560321605731027 177
1627563799580 0.0003453255330392097 178
1627563799650 0.0003450481576751239 179
1627563799742 0.00034471821135064547 180
1627563799823 0.0003444254163541236 181
1627563799903 0.000344155111380144 182
1627563799978 0.00034389322323483395 183
1627563800062 0.00034357401965010975 184
1627563800141 0.000343244935807604 185
1627563800224 0.00034292106874784384 186
1627563800287 0.0003426562380319495 187
1627563800355 0.0003423917856135512 188
1627563800487 0.0003420973860243306 189
1627563800632 0.0003418017572775266 190
1627563800712 0.00034151295754510325 191
1627563800784 0.0003412000936916516 192
1627563800863 0.00034090325738032304 193
1627563800948 0.00034059300000231606 194
1627563801050 0.00034018190099916265 195
1627563801135 0.0003398872069308358 196
1627563801216 0.00033960991458027517 197
1627563801285 0.0003393490387888013 198
1627563801358 0.00033908663851328337 199
1627563801477 0.00033879579804551246 200
1627563801567 0.0003384365988096961 201
1627563801626 0.00033816173807435084 202
1627563801709 0.00033787297718570103 203
1627563801791 0.0003375520891730424 204
1627563801864 0.0003372493001696388 205
1627563801951 0.00033696821418149447 206
1627563802033 0.0003367360336721019 207
1627563802112 0.0003364480902945341 208
1627563802219 0.00033618583102886315 209
1627563802344 0.0003359028584249317 210
1627563802410 0.00035112023179065493 211
1627563806567 0.0010965911269694966 0
1627563806716 0.0010113825435971824 1
1627563806856 0.0009360512486752995 2
1627563806990 0.0008698171941579651 3
1627563807127 0.0008115124800473984 4
1627563807265 0.0007607794091790374 5
1627563807402 0.0007168464726833539 6
1627563807532 0.000678836553141929 7
1627563807670 0.0006461445825889582 8
1627563807799 0.0006178861585893086 9
1627563807926 0.0005934246136438452 10
1627563808053 0.0005725647839721172 11
1627563808177 0.0005545853771346822 12
1627563808303 0.0005395046310406876 13
1627563808426 0.0005263488748192609 14
1627563808553 0.0005153730691305998 15
1627563808682 0.0005059562542027302 16
1627563808810 0.0004980696922710288 17
1627563808939 0.0004914112484606766 18
1627563809056 0.00048517543400934947 19
1627563809177 0.00047981131136835343 20
1627563809291 0.00047541681721140834 21
1627563809414 0.0004714081586938906 22
1627563809526 0.00046755718304587507 23
1627563809643 0.0004644625851080497 24
1627563809751 0.00046171536113974595 25
1627563809915 0.0004589203410568852 26
1627563810040 0.00045665821844697793 27
1627563810162 0.00045435574832312177 28
1627563810270 0.0004522102288409717 29
1627563810377 0.0004503275117173398 30
1627563810492 0.00044878121443080773 31
1627563810602 0.00044685617977973714 32
1627563810706 0.0004452302544278725 33
1627563810805 0.0004437419992588628 34
1627563810908 0.00044210783121670074 35
1627563811016 0.00044044666961252726 36
1627563811122 0.0004386389587721854 37
1627563811227 0.00043741061728425946 38
1627563811326 0.000435741009678395 39
1627563811425 0.0004345119559601218 40
1627563811585 0.0004318730340579419 41
1627563811733 0.0004292728160834033 42
1627563811836 0.00042776105125461435 43
1627563811939 0.0004267907882396411 44
1627563812039 0.0004256846941208662 45
1627563812155 0.0004236038509197233 46
1627563812259 0.0004221486111315896 47
1627563812380 0.00042059221210774826 48
1627563812497 0.0004195485492218999 49
1627563812631 0.00041697356126932004 50
1627563812724 0.0004161470609423307 51
1627563812839 0.00041494352391747367 52
1627563812950 0.0004139199949699259 53
1627563813054 0.0004129338063264733 54
1627563813163 0.0004116788653884501 55
1627563813285 0.0004095074803297024 56
1627563813371 0.0004088640514654047 57
1627563813494 0.0004068838230097264 58
1627563813589 0.00040612049847277477 59
1627563813677 0.00040541484066855787 60
1627563813775 0.0004047718936980651 61
1627563813888 0.0004034600409809143 62
1627563813971 0.00040281826045982693 63
1627563814126 0.00040123045230564143 64
1627563814226 0.00040057843690274197 65
1627563814350 0.0003998986704184107 66
1627563814474 0.00039855139605540383 67
1627563814579 0.00039772560340587066 68
1627563814688 0.0003971629496032257 69
1627563814785 0.000396517977877124 70
1627563814924 0.0003956365055865587 71
1627563815019 0.00039507130814813314 72
1627563815137 0.00039372476724975833 73
1627563815232 0.00039316124393490434 74
1627563815333 0.00039254166736069914 75
1627563815440 0.000391766922210011 76
1627563815536 0.00039116908203428027 77
1627563815623 0.00039056925946961583 78
1627563815717 0.0003900362383689447 79
1627563815811 0.00038949778403067246 80
1627563815956 0.0003884288581574582 81
1627563816061 0.00038785749637314134 82
1627563816161 0.0003873564552704477 83
1627563816278 0.00038682390811013815 84
1627563816378 0.00038634389450663373 85
1627563816469 0.0003858170406996679 86
1627563816590 0.0003849082721182029 87
1627563816687 0.00038439090013283646 88
1627563816777 0.00038384562911909564 89
1627563816868 0.00038332872011044236 90
1627563816962 0.00038280226500518973 91
1627563817082 0.0003818814439509746 92
1627563817185 0.0003811836294457748 93
1627563817296 0.0003804879806440713 94
1627563817422 0.00037981467124548044 95
1627563817528 0.0003793018577086772 96
1627563817650 0.0003788596560938631 97
1627563817765 0.0003780998871100881 98
1627563817868 0.0003776539078330139 99
1627563818010 0.00037718468433184626 100
1627563818133 0.00037656484134454066 101
1627563818215 0.0003761456743991704 102
1627563818315 0.0003756595545937499 103
1627563818447 0.000374948458193977 104
1627563818548 0.0003744954997778041 105
1627563818637 0.00037405980712143565 106
1627563818739 0.0003736159522155517 107
1627563818838 0.0003732020996764014 108
1627563818968 0.0003725868830809063 109
1627563819053 0.0003721731938282781 110
1627563819146 0.0003717688954945477 111
1627563819241 0.00037137084457583954 112
1627563819340 0.0003709631909161297 113
1627563819441 0.0003704942950319554 114
1627563819519 0.00037008195031521115 115
1627563819605 0.0003696382851693439 116
1627563819697 0.0003692282387538226 117
1627563819794 0.0003688039078346004 118
1627563819919 0.00036794526952435694 119
1627563819993 0.00036757954601106724 120
1627563820085 0.000367157192755207 121
1627563820166 0.00036676525933579927 122
1627563820256 0.00036638551998731536 123
1627563820354 0.0003658966122215539 124
1627563820425 0.0003655668387040784 125
1627563820559 0.00036496899972580265 126
1627563820655 0.0003646268311985805 127
1627563820757 0.0003642382888430557 128
1627563820846 0.0003638283183424043 129
1627563820952 0.0003632889795922567 130
1627563821055 0.000362670500610108 131
1627563821143 0.00036225821742060486 132
1627563821218 0.00036190629000611244 133
1627563821322 0.0003614546205352366 134
1627563821402 0.0003610900609330779 135
1627563821480 0.0003607192747630766 136
1627563821579 0.0003602046562575068 137
1627563821644 0.0003598488915945395 138
1627563821726 0.00035948430418865373 139
1627563821805 0.00035912418556512164 140
1627563821895 0.00035876759837783623 141
1627563821969 0.0003584114317265067 142
1627563822089 0.00035803436843341786 143
1627563822182 0.0003576626837550046 144
1627563822260 0.000357293338571416 145
1627563822345 0.00035691732361111826 146
1627563822470 0.00035642605888295495 147
1627563822599 0.00035607707217080416 148
1627563822798 0.00035545354254100316 149
1627563822885 0.00035514954983009776 150
1627563822966 0.0003548081510469923 151
1627563823047 0.0003544722916539867 152
1627563823124 0.0003541610640814958 153
1627563823207 0.0003538013388019666 154
1627563823304 0.00035335224334582063 155
1627563823389 0.000353043378219261 156
1627563823463 0.0003527420526164945 157
1627563823553 0.00035238414442756324 158
1627563823631 0.00035204897515422575 159
1627563823730 0.0003517429711296469 160
1627563823830 0.00035144531935117965 161
1627563823907 0.00035112591804844774 162
1627563823998 0.00035077442113752057 163
1627563824095 0.0003503700370650334 164
1627563824182 0.00035002040468454785 165
1627563824263 0.000349688971749179 166
1627563824375 0.0003492272478677823 167
1627563824484 0.0003488451701716184 168
1627563824547 0.00034854283617456315 169
1627563824615 0.00034822254093075004 170
1627563824705 0.00034788825849727944 171
1627563824789 0.00034759090196370977 172
1627563824853 0.0003472748654451881 173
1627563824943 0.00034694297545374576 174
1627563825028 0.0003466475364167008 175
1627563825120 0.0003462761177653369 176
1627563825232 0.00034578912545620607 177
1627563825302 0.0003455140885206716 178
1627563825385 0.00034517794795254394 179
1627563825473 0.0003448537874478085 180
1627563825562 0.00034451002624466906 181
1627563825641 0.00034425579938611277 182
1627563825744 0.00034398355075867116 183
1627563825834 0.0003436690059855917 184
1627563825913 0.0003434095010847547 185
1627563826030 0.0003430835410574287 186
1627563826112 0.000342777727762516 187
1627563826198 0.0003424530736042786 188
1627563826278 0.00034215192459849646 189
1627563826360 0.0003418447475643638 190
1627563826430 0.0003415958007430199 191
1627563826495 0.00034135742991890097 192
1627563826576 0.00034109146034896247 193
1627563826649 0.0003407794280139753 194
1627563826726 0.0003404853029009451 195
1627563826819 0.00034008169810661966 196
1627563826898 0.0003398171249530315 197
1627563826985 0.0003394363052288388 198
1627563827074 0.00033915642071570686 199
1627563827154 0.00033889351915901384 200
1627563827249 0.0003384600810884711 201
1627563827338 0.0003381779588983111 202
1627563827437 0.00033785099289919656 203
1627563827513 0.0003375982537540508 204
1627563827591 0.000337316779656158 205
1627563827681 0.00033702955424969505 206
1627563827762 0.00033676945869864694 207
1627563827840 0.000336509042379211 208
1627563827924 0.0003362315786503211 209
1627563828003 0.00033595564032240906 210
1627563828083 0.00033569623532852486 211
1627563828155 0.0003354101450058697 212
1627563828229 0.00033511895567569795 213
1627563828333 0.0003348510881622163 214
1627563828435 0.0003345918464239915 215
1627563828534 0.0003342963019175282 216
1627563828664 0.0003339581802912694 217
1627563828745 0.0003336735933074596 218
1627563828840 0.00033334277357023796 219
1627563828923 0.0003330724321770963 220
1627563829017 0.00033275016251074465 221
1627563829100 0.00033250087956451845 222
1627563829166 0.00033229102122362693 223
1627563829236 0.0003320831934305182 224
1627563829314 0.00033183309265921994 225
1627563829385 0.00033160211994063746 226
1627563829467 0.0003313153223379443 227
1627563829542 0.0003310946876980992 228
1627563829614 0.00033086055713989237 229
1627563829679 0.00033062775935412017 230
1627563829744 0.00033040207855519353 231
1627563829816 0.0003301418432444863 232
1627563829885 0.0003299106129168812 233
1627563829980 0.0003296648487926323 234
1627563830075 0.0003294309474185893 235
1627563830150 0.0003291997763418744 236
1627563830223 0.0003289404737721587 237
1627563830284 0.00032875906418391445 238
1627563830389 0.00032833750929945986 239
1627563830461 0.000328112358311748 240
1627563830525 0.00032787476721936435 241
1627563830611 0.00032765973498106803 242
1627563830692 0.00032741399772940233 243
1627563830783 0.0003271317462521926 244
1627563830854 0.00032691660124642907 245
1627563830923 0.000326684342935982 246
1627563830998 0.0003264501595681171 247
1627563831069 0.0003262396234667534 248
1627563831138 0.0003259902259274465 249
1627563831216 0.0003257874085847938 250
1627563831283 0.00032555789579455553 251
1627563831363 0.0003384600810884711 252
1627563835349 0.001099655700078562 0
1627563835524 0.0010142173953242946 1
1627563835671 0.000938565393825577 2
1627563835806 0.0008720159738602871 3
1627563835944 0.0008135430754222998 4
1627563836072 0.0007625642592110387 5
1627563836206 0.0007184134406902616 6
1627563836336 0.0006802420715977783 7
1627563836467 0.0006472871934979187 8
1627563836596 0.0006188573295442805 9
1627563836726 0.0005942869086776871 10
1627563836874 0.0005733332044135147 11
1627563837014 0.0005552528495622108 12
1627563837168 0.0005399828205117909 13
1627563837285 0.0005266341172411394 14
1627563837412 0.0005155626727274146 15
1627563837529 0.0005060734927596226 16
1627563837652 0.0004981427778123009 17
1627563837777 0.0004914010815727646 18
1627563837903 0.0004852097510963588 19
1627563838015 0.00047979963479595955 20
1627563838126 0.0004752991923259095 21
1627563838245 0.0004714716337051441 22
1627563838408 0.0004678370657780887 23
1627563838521 0.0004644409648765839 24
1627563838645 0.00046177846949966824 25
1627563838778 0.00045938647034477446 26
1627563838890 0.0004567899913690272 27
1627563839063 0.00045476637893368695 28
1627563839179 0.00045255186369048993 29
1627563839291 0.0004506608351615158 30
1627563839415 0.00044889440947818874 31
1627563839530 0.0004464553751341034 32
1627563839643 0.0004440188231632245 33
1627563839760 0.0004425155593761608 34
1627563839911 0.0004405072934933547 35
1627563840028 0.000438224837311764 36
1627563840139 0.0004362870454880832 37
1627563840256 0.0004349643041935309 38
1627563840416 0.0004333334072353352 39
1627563840533 0.00043224263768935217 40
1627563840630 0.0004304926300103025 41
1627563840757 0.00042802318383051757 42
1627563840862 0.0004264095397371842 43
1627563840970 0.00042512658214283525 44
1627563841064 0.0004242476274340328 45
1627563841162 0.00042335169499883933 46
1627563841259 0.0004224018090849553 47
1627563841378 0.0004206776159036985 48
1627563841504 0.00041818327253407146 49
1627563841634 0.0004163691719322038 50
1627563841736 0.00041554124235479195 51
1627563841839 0.00041454417058380374 52
1627563841948 0.00041342456779629313 53
1627563842038 0.00041272558597538775 54
1627563842161 0.0004108800943974208 55
1627563842267 0.0004101076425544798 56
1627563842364 0.0004091813917700628 57
1627563842474 0.0004079252348530216 58
1627563842575 0.000407216344606667 59
1627563842666 0.00040649443672605465 60
1627563842777 0.00040527092845957366 61
1627563842891 0.00040409106031433293 62
1627563842984 0.00040342195095522456 63
1627563843117 0.00040191922640318666 64
1627563843209 0.00040097019903772934 65
1627563843317 0.00040026539338147054 66
1627563843418 0.0003996553666606235 67
1627563843570 0.00039892946269134755 68
1627563843715 0.00039740330951720256 69
1627563843832 0.00039675701544949707 70
1627563843949 0.00039562530333184107 71
1627563844051 0.0003949880232731465 72
1627563844145 0.00039442883239864534 73
1627563844240 0.0003938086052197536 74
1627563844342 0.00039314885078720903 75
1627563844460 0.00039170401624310657 76
1627563844552 0.00039115074046816513 77
1627563844643 0.00039059159788222775 78
1627563844735 0.00038999997035539573 79
1627563844862 0.0003888387639103268 80
1627563844981 0.00038768797020421737 81
1627563845080 0.00038713346621155586 82
1627563845179 0.00038643106624304064 83
1627563845269 0.0003858721284298356 84
1627563845365 0.00038535672299542183 85
1627563845461 0.00038476849008828036 86
1627563845553 0.0003842733467083579 87
1627563845654 0.00038375560710001794 88
1627563845750 0.0003832242838591265 89
1627563845841 0.00038270169257335597 90
1627563845948 0.0003817846316357178 91
1627563846039 0.0003810636071240608 92
1627563846128 0.00038052852761562896 93
1627563846229 0.000379727940169763 94
1627563846349 0.00037886389756989916 95
1627563846464 0.00037800940550917524 96
1627563846575 0.00037722243250678687 97
1627563846667 0.0003766939421679407 98
1627563846762 0.0003761479231395919 99
1627563846877 0.00037557198272557295 100
1627563846964 0.0003751027295787545 101
1627563847055 0.0003746513113415271 102
1627563847153 0.00037411995127836523 103
1627563847245 0.0003736681199586163 104
1627563847344 0.0003731893444129321 105
1627563847486 0.0003726698334966718 106
1627563847587 0.00037228359876436155 107
1627563847698 0.00037181927256492453 108
1627563847798 0.00037119534243933 109
1627563847882 0.00037078461131751037 110
1627563847966 0.0003703782828683737 111
1627563848068 0.00036970612165791034 112
1627563848145 0.000369290084089928 113
1627563848243 0.0003688754782074949 114
1627563848346 0.00036847524306863157 115
1627563848425 0.00036802031575458187 116
1627563848516 0.0003675982820066746 117
1627563848606 0.00036711855421452805 118
1627563848690 0.0003667483107252033 119
1627563848775 0.00036630908777971735 120
1627563848853 0.00036591433708709837 121
1627563848939 0.00036552663067061444 122
1627563849029 0.00036504652678127003 123
1627563849110 0.0003646323090789355 124
1627563849190 0.0003642437195520549 125
1627563849266 0.00036386204577215425 126
1627563849355 0.0003635130723438547 127
1627563849454 0.0003630646793082793 128
1627563849541 0.00036268479929337606 129
1627563849635 0.0003622473148098967 130
1627563849707 0.00036189031652675855 131
1627563849792 0.00036155220309367747 132
1627563849885 0.00036114129428472733 133
1627563849967 0.0003607693625624971 134
1627563850062 0.00036038553063672533 135
1627563850138 0.00035999715844651115 136
1627563850264 0.00035934184825942266 137
1627563850353 0.00035896721336699873 138
1627563850424 0.0003586032387946216 139
1627563850516 0.00035817623840984285 140
1627563850628 0.00035759664563886925 141
1627563850710 0.0003572390476665872 142
1627563850793 0.0003569022502791623 143
1627563850880 0.0003565264652635041 144
1627563850947 0.00035622960704329487 145
1627563851028 0.0003558773123118469 146
1627563851110 0.0003555309396382351 147
1627563851190 0.00035518446331009117 148
1627563851279 0.00035485154849586515 149
1627563851369 0.00035451621044631535 150
1627563851440 0.00035422815923362444 151
1627563851541 0.0003537476820021009 152
1627563851630 0.0003532931100960415 153
1627563851703 0.00035297674346662807 154
1627563851785 0.00035268839484878467 155
1627563851866 0.00035235257524779943 156
1627563851950 0.000351977690970613 157
1627563852040 0.0003516610360045201 158
1627563852120 0.0003513073892881057 159
1627563852202 0.0003510030328072758 160
1627563852278 0.0003507204980550806 161
1627563852340 0.00035045164036109216 162
1627563852418 0.00035010955263059643 163
1627563852522 0.00034980539799096886 164
1627563852599 0.0003494641095769657 165
1627563852710 0.00034907651284238534 166
1627563852782 0.0003488052936106351 167
1627563852886 0.00034841781988669826 168
1627563853003 0.0003480749069612307 169
1627563853095 0.0003477469211770036 170
1627563853171 0.0003474319725202569 171
1627563853253 0.00034712767968321257 172
1627563853322 0.00034683652537861805 173
1627563853413 0.0003465176565100498 174
1627563853496 0.00034617891227534814 175
1627563853567 0.00034584779067006066 176
1627563853647 0.00034552587029895346 177
1627563853719 0.000345204961431037 178
1627563853799 0.0003449078585863578 179
1627563853867 0.00034459600962520826 180
1627563853948 0.00034427868918858375 181
1627563854023 0.0003439932848228323 182
1627563854103 0.0003437083752521641 183
1627563854207 0.00034339630410898874 184
1627563854281 0.0003430972469560165 185
1627563854357 0.0003428183206502295 186
1627563854458 0.00034250278883953596 187
1627563854567 0.00034224147334211617 188
1627563854677 0.00034177432281161634 189
1627563854762 0.0003414878609538447 190
1627563854834 0.00034123441560359743 191
1627563854904 0.0003409345955843628 192
1627563854989 0.0003405930873478284 193
1627563855084 0.00034030205405927627 194
1627563855203 0.00034004118370262713 195
1627563855327 0.00033956296912545785 196
1627563855431 0.00033929221919184533 197
1627563855542 0.0003390080795543084 198
1627563855629 0.0003387316515434197 199
1627563855719 0.0003384725116551639 200
1627563855796 0.00033820657171555556 201
1627563855874 0.0003379650287710285 202
1627563855942 0.0003377222148164553 203
1627563856041 0.00033733372209847676 204
1627563856131 0.00033706886017845905 205
1627563856268 0.0003367725942567809 206
1627563856349 0.0003364907155489758 207
1627563856438 0.0003361712472663153 208
1627563856512 0.00033591274378629265 209
1627563856578 0.0003356570626300832 210
1627563856645 0.0003354222532215975 211
1627563856721 0.0003351731800561977 212
1627563856789 0.00033490772812459535 213
1627563856863 0.0003346559034915474 214
1627563856938 0.00033441116687026067 215
1627563857012 0.00033419962262560903 216
1627563857083 0.00033395401725336076 217
1627563857159 0.00033370203356409417 218
1627563857237 0.00033344535240364997 219
1627563857384 0.00033304196900807605 220
1627563857449 0.00033281897442717846 221
1627563857548 0.00033254860103766013 222
1627563857630 0.0003323028562160548 223
1627563857697 0.00033207789976230244 224
1627563857788 0.00033176431681293517 225
1627563857865 0.0003315321812164716 226
1627563857941 0.0003313150105378425 227
1627563858017 0.00033106618963612715 228
1627563858112 0.0003307908004477423 229
1627563858174 0.00033055497886712006 230
1627563858240 0.00033029980849315273 231
1627563858332 0.0003299900669063841 232
1627563858406 0.00032973880981587955 233
1627563858473 0.0003294779900990344 234
1627563858548 0.00032919407523188804 235
1627563858612 0.0003289820395080783 236
1627563858685 0.0003287676517675137 237
1627563858792 0.000328480620809571 238
1627563858914 0.0003282339545609613 239
1627563859031 0.0003280474767768967 240
1627563859121 0.00032781667823533593 241
1627563859190 0.00032760241057903965 242
1627563859265 0.0003273728504654279 243
1627563859344 0.00032708324513243745 244
1627563859448 0.0003267009630764495 245
1627563859524 0.0003264431744814554 246
1627563859608 0.00032615971222674814 247
1627563859696 0.0003259343683094323 248
1627563859822 0.00032558402148098476 249
1627563859967 0.0003253015030788954 250
1627563860045 0.000325101324208628 251
1627563860127 0.00032485009744137524 252
1627563860196 0.0003246192583710043 253
1627563860275 0.0003243693655211612 254
1627563860345 0.00032410716458261443 255
1627563860415 0.0003238557803420031 256
1627563860494 0.00032363518753316615 257
1627563860583 0.00032337809811246637 258
1627563860682 0.00032314579581225973 259
1627563860754 0.00032290165194139584 260
1627563860829 0.0003227177349738033 261
1627563860926 0.0003224771924344212 262
1627563861008 0.000322275653009437 263
1627563861085 0.0003220264099512185 264
1627563861182 0.0003217613464296355 265
1627563861265 0.00032152460421602726 266
1627563861365 0.00032126287491168265 267
1627563861486 0.00032104189629050323 268
1627563861562 0.0003207940771707125 269
1627563861635 0.0003205900210421761 270
1627563861744 0.0003203512427592746 271
1627563861810 0.0003201157780148865 272
1627563861876 0.00031986967976074766 273
1627563861941 0.0003196513594420341 274
1627563862014 0.0003194557604129434 275
1627563862102 0.00031919216160282866 276
1627563862189 0.00031890088736320397 277
1627563862271 0.00031869478621756166 278
1627563862346 0.0003184835472808774 279
1627563862447 0.0003182506707067163 280
1627563862550 0.0003180459147102962 281
1627563862632 0.0003178424991347937 282
1627563862734 0.0003176351924703118 283
1627563862834 0.0003174570522928905 284
1627563862929 0.00031724399713164015 285
1627563863032 0.0003170122173051962 286
1627563863134 0.00031679509790420783 287
1627563863233 0.0003165397878310127 288
1627563863312 0.00031632782620289677 289
1627563863392 0.00031610901284700733 290
1627563863459 0.00031589478344019195 291
1627563863531 0.000315706895566275 292
1627563863609 0.0003154902988955164 293
1627563863674 0.00031525535509845326 294
1627563863742 0.00031505493274239075 295
1627563863826 0.0003148183993447838 296
1627563863900 0.0003145713534708287 297
1627563863999 0.0003143417521418172 298
1627563864137 0.0003141158641615063 299
1627563864226 0.0003138780638438664 300
1627563864315 0.0003136523685295799 301
1627563864392 0.0003134089225067072 302
1627563864496 0.00032485009744137524 303
