1627554966342 0.5090667773512692 0
1627554966508 0.46969281213436676 1
1627554966652 0.4349718887197372 2
1627554966853 0.4045699152238143 3
1627554967043 0.37774922410669737 4
1627554967213 0.3543160598722183 5
1627554967361 0.33395234711428423 6
1627554967522 0.31658472870807985 7
1627554967661 0.3014491155446267 8
1627554967794 0.28847117435268527 9
1627554967936 0.27721091829033123 10
1627554968075 0.2677324910956032 11
1627554968206 0.25956751800719746 12
1627554968389 0.2526492060264221 13
1627554968535 0.24671658043672517 14
1627554968663 0.24167257849024842 15
1627554968838 0.2374497621709891 16
1627554968969 0.233879692721339 17
1627554969105 0.23073245583071197 18
1627554969217 0.22796574762434904 19
1627554969327 0.22561737640002616 20
1627554969441 0.2236973095744557 21
1627554969588 0.22195409411301475 22
1627554969708 0.22045263881334062 23
1627554969820 0.21896986390968362 24
1627554969955 0.21771395337221922 25
1627554970076 0.21657166262855193 26
1627554970198 0.21556997654678486 27
1627554970316 0.21453934753029136 28
1627554970476 0.2137909806339209 29
1627554970590 0.21304640688331902 30
1627554970686 0.21238000063545442 31
1627554970793 0.21163442010076072 32
1627554970905 0.21085340553308166 33
1627554971004 0.20984796919188314 34
1627554971099 0.20897364872137783 35
1627554971208 0.20818178449108599 36
1627554971313 0.2075659632696603 37
1627554971411 0.20671033506264488 38
1627554971519 0.2060963343950756 39
1627554971627 0.20543419202035174 40
1627554971759 0.20479362838026827 41
1627554971867 0.20402049568936115 42
1627554971991 0.2035109112080053 43
1627554972099 0.2031140377682548 44
1627554972192 0.20277410350003264 45
1627554972326 0.2020505556114912 46
1627554972447 0.20112962344302096 47
1627554972538 0.20080365325161126 48
1627554972661 0.20029399999445732 49
1627554972799 0.19995130749887122 50
1627554972886 0.19967338950156832 51
1627554972998 0.19914857820556872 52
1627554973096 0.19860277976462298 53
1627554973199 0.19792532691091594 54
1627554973298 0.19763019854743968 55
1627554973397 0.19735313186961237 56
1627554973503 0.1968649210125524 57
1627554973599 0.19660350675890323 58
1627554973738 0.19631371690806784 59
1627554973832 0.19605144845285677 60
1627554973951 0.19527812419854546 61
1627554974061 0.19476358859875834 62
1627554974163 0.19449536899327005 63
1627554974270 0.1941186862895242 64
1627554974424 0.19382402352589526 65
1627554974528 0.1934876719961149 66
1627554974636 0.19280909425891793 67
1627554974744 0.19256534496557698 68
1627554974845 0.1922354780537312 69
1627554974943 0.1919617369357945 70
1627554975061 0.19152106268045263 71
1627554975182 0.19110151753258103 72
1627554975303 0.19078591854527538 73
1627554975413 0.1903398456241367 74
1627554975518 0.1900280434185657 75
1627554975617 0.18968082222862684 76
1627554975713 0.18937554640957807 77
1627554975821 0.18898223574079584 78
1627554975909 0.1887675920889284 79
1627554976006 0.18856304565083076 80
1627554976114 0.18811005897394592 81
1627554976208 0.187855866755724 82
1627554976313 0.18766651122697367 83
1627554976451 0.1873664154370707 84
1627554976560 0.18715597012896015 85
1627554976644 0.1869630257494863 86
1627554976733 0.18677246583152746 87
1627554976860 0.18655054822802458 88
1627554976950 0.1863553099984485 89
1627554977042 0.18613575136617475 90
1627554977138 0.18591611626851026 91
1627554977238 0.18567994803151044 92
1627554977326 0.185481261412304 93
1627554977426 0.1851279833391832 94
1627554977519 0.184956179118528 95
1627554977596 0.1847578503937235 96
1627554977707 0.18430785636469604 97
1627554977807 0.1841171534718504 98
1627554977923 0.18394802865288165 99
1627554978081 0.18363236115933812 100
1627554978172 0.1833980545890526 101
1627554978276 0.18305289991542217 102
1627554978357 0.18288507423779315 103
1627554978439 0.18270506150830626 104
1627554978507 0.18254324884300388 105
1627554978602 0.18231496214576634 106
1627554978720 0.18194105721923093 107
1627554978831 0.18165943824435352 108
1627554978940 0.18144065380283167 109
1627554979092 0.1811132496297172 110
1627554979185 0.18094410817373446 111
1627554979281 0.18079213238945696 112
1627554979362 0.18062130404787505 113
1627554979454 0.18046913722547428 114
1627554979594 0.18015152102286572 115
1627554979671 0.17998729400719946 116
1627554979766 0.17973351860987966 117
1627554979854 0.17956279736110475 118
1627554979994 0.1792373809968457 119
1627554980110 0.17908080245807487 120
1627554980203 0.1789274708015764 121
1627554980288 0.1787372153600083 122
1627554980414 0.17857555306580486 123
1627554980562 0.17842853026344094 124
1627554980685 0.17828105017454107 125
1627554980764 0.17815296293434343 126
1627554980896 0.17801402854488174 127
1627554981036 0.17776421357750646 128
1627554981154 0.17754284476381085 129
1627554981240 0.17738733325238257 130
1627554981327 0.1771563154380838 131
1627554981415 0.1770201805212258 132
1627554981497 0.17688798924326848 133
1627554981603 0.17673817097551672 134
1627554981727 0.17657352687544883 135
1627554981846 0.1764401297642721 136
1627554981946 0.1762156253109496 137
1627554982026 0.1760791956588392 138
1627554982129 0.1759215832010555 139
1627554982219 0.17577843391827339 140
1627554982297 0.17563806042131042 141
1627554982397 0.1754872916108519 142
1627554982476 0.17532515748155 143
1627554982568 0.17512494592431166 144
1627554982645 0.17499346521233625 145
1627554982746 0.17485585868720327 146
1627554982892 0.1747189232771187 147
1627554983035 0.17452050077619147 148
1627554983165 0.1743829267981924 149
1627554983261 0.1742597113574247 150
1627554983376 0.17414312931367665 151
1627554983448 0.17402810667294627 152
1627554983567 0.17386732813935296 153
1627554983661 0.17373165188983367 154
1627554983796 0.17360122551882196 155
1627554983924 0.1733366691634112 156
1627554984037 0.1731158087486228 157
1627554984130 0.17299979871915097 158
1627554984205 0.17286874574299085 159
1627554984288 0.1727280819819422 160
1627554984371 0.17257091772653477 161
1627554984435 0.17246967857947115 162
1627554984501 0.17237489374224207 163
1627554984565 0.17227460073901177 164
1627554984642 0.17215489213824478 165
1627554984718 0.1720436258750067 166
1627554984814 0.1718488959515205 167
1627554984893 0.17171908100122454 168
1627554984971 0.17159019693154595 169
1627554985046 0.17146225458119607 170
1627554985143 0.17128913260723772 171
1627554985226 0.17112928164482036 172
1627554985288 0.1710109525997406 173
1627554985353 0.17089629900384024 174
1627554985423 0.17078805940545647 175
1627554985498 0.17066948072428018 176
1627554985586 0.17049749764458938 177
1627554985675 0.1703712443752867 178
1627554985759 0.17026687577201818 179
1627554985817 0.17015709394609188 180
1627554985885 0.1700412411530382 181
1627554985976 0.16991680562648073 182
1627554986055 0.16978886880206917 183
1627554986132 0.16966996386620967 184
1627554986233 0.16955970878661428 185
1627554986299 0.16945851751149535 186
1627554986367 0.16935253506269285 187
1627554986445 0.16923177270645487 188
1627554986511 0.16912758284989685 189
1627554986608 0.1689624021395753 190
1627554986694 0.16884244111800378 191
1627554986781 0.1687135491424927 192
1627554986863 0.1685924915800691 193
1627554986941 0.16847986945101445 194
1627554987030 0.16837593413971752 195
1627554987115 0.1682891321281633 196
1627554987239 0.1681851450111203 197
1627554987364 0.16808014350656278 198
1627554987455 0.16796739777805664 199
1627554987542 0.16786000395501746 200
1627554987637 0.16768089897021846 201
1627554987713 0.1675801995331634 202
1627554987824 0.16742182570457012 203
1627554987915 0.16731050539275932 204
1627554987983 0.16719763913147648 205
1627554988054 0.16708502163913952 206
1627554988129 0.16698374171144803 207
1627554988207 0.1668729522156765 208
1627554988277 0.16677618247815104 209
1627554988337 0.16667183713855652 210
1627554988389 0.16658098823411885 211
1627554988482 0.1664430211266393 212
1627554988543 0.16635343501762598 213
1627554988622 0.16625651255710117 214
1627554988712 0.16616426016714847 215
1627554988789 0.16607205093636784 216
1627554988911 0.16588394235723292 217
1627554988998 0.16577693139430413 218
1627554989065 0.16568618980778324 219
1627554989141 0.16559485330015924 220
1627554989203 0.16550498088090818 221
1627554989282 0.16540065793476857 222
1627554989400 0.1652623166530022 223
1627554989474 0.16516579638962967 224
1627554989541 0.16508188079697603 225
1627554989599 0.16498553113665684 226
1627554989671 0.16488438821391724 227
1627554989727 0.16479581764727977 228
1627554989793 0.1647078051315025 229
1627554989849 0.16461613355022334 230
1627554989905 0.16453936952962817 231
1627554989984 0.16443589650447793 232
1627554990064 0.1643522129351915 233
1627554990121 0.16427470293712215 234
1627554990196 0.16419138786765805 235
1627554990285 0.16411512879027262 236
1627554990409 0.1640303248693691 237
1627554990533 0.16392587722938085 238
1627554990644 0.16382250141161955 239
1627554990766 0.16372570811921341 240
1627554990867 0.16361371568583746 241
1627554990928 0.16353212450297044 242
1627554990998 0.1634557434445074 243
1627554991094 0.16336716154014963 244
1627554991224 0.16317721637267885 245
1627554991291 0.1630882147839503 246
1627554991363 0.16299273040387524 247
1627554991470 0.16290210404611166 248
1627554991541 0.16281160385140098 249
1627554991622 0.16271752480235116 250
1627554991703 0.1626251213829549 251
1627554991764 0.16253533600637535 252
1627554991831 0.16244872830454068 253
1627554991920 0.16233431579106908 254
1627554992001 0.16224189351907442 255
1627554992073 0.162147778449472 256
1627554992184 0.16201689386956575 257
1627554992297 0.1619273230703681 258
1627554992358 0.16183792157728064 259
1627554992418 0.16175097293291024 260
1627554992520 0.16166519531553794 261
1627554992572 0.16159281716022633 262
1627554992649 0.16150684913602986 263
1627554992705 0.1614231710478634 264
1627554992763 0.16134230219963244 265
1627554992858 0.16123707278792135 266
1627554992933 0.16114690903386245 267
1627554993013 0.16105809468688917 268
1627554993122 0.16096955933456658 269
1627554993213 0.1608735446534961 270
1627554993291 0.16077731489621758 271
1627554993377 0.16068433083634834 272
1627554993476 0.1605662260794766 273
1627554993585 0.1604211687678517 274
1627554993667 0.16034751361528116 275
1627554993769 0.16027509189356107 276
1627554993828 0.16019211347587817 277
1627554993887 0.16010504600575295 278
1627554993961 0.16002056730203337 279
1627554994038 0.15993717353526424 280
1627554994114 0.15986030992892666 281
1627554994189 0.15976184456877163 282
1627554994278 0.15968085385969222 283
1627554994381 0.15955486349113443 284
1627554994447 0.15946301026003878 285
1627554994513 0.15938106884641698 286
1627554994589 0.15929739735458487 287
1627554994722 0.15912892586596603 288
1627554994773 0.15905796270125436 289
1627554994841 0.15899015469692634 290
1627554994918 0.15891124248933317 291
1627554995013 0.15882939029559787 292
1627554995092 0.15874321603444827 293
1627554995177 0.15867518331635505 294
1627554995246 0.15858807479252937 295
1627554995303 0.15851127435882495 296
1627554995380 0.15842686813525367 297
1627554995469 0.15833891381257 298
1627554995526 0.15825853180502708 299
1627554995599 0.15818412824173314 300
1627554995657 0.15810923962800602 301
1627554995714 0.15802781307772223 302
1627554995780 0.15794409652644625 303
1627554995867 0.15785988088422484 304
1627554995938 0.157783875087161 305
1627554996027 0.15770329851925938 306
1627554996121 0.15762590956894865 307
1627554996223 0.15754419551249335 308
1627554996319 0.15746959553520778 309
1627554996387 0.1573902520205248 310
1627554996447 0.15732899383707113 311
1627554996511 0.1572502239092142 312
1627554996597 0.157177030021273 313
1627554996667 0.15709995160987913 314
1627554996735 0.15702741145384244 315
1627554996841 0.15693921225688093 316
1627554996916 0.15686516338694154 317
1627554996985 0.15679325086665374 318
1627554997048 0.15671762953427162 319
1627554997113 0.15663578393176678 320
1627554997202 0.15654450825172256 321
1627554997317 0.1564551059684701 322
1627554997432 0.15637296167169948 323
1627554997520 0.15629174845756943 324
1627554997598 0.15620588426993015 325
1627554997658 0.15612666740205242 326
1627554997725 0.15605770729635857 327
1627554997791 0.1559893188731621 328
1627554997877 0.15588818669967577 329
1627554997954 0.15578965902246447 330
1627554998070 0.1556882613962938 331
1627554998206 0.15557345343597725 332
1627554998269 0.15550180211862158 333
1627554998332 0.1554301314722174 334
1627554998417 0.15531840650795942 335
1627554998487 0.15524903759481876 336
1627554998571 0.1551540646857716 337
1627554998653 0.15505143005443442 338
1627554998716 0.15498404975054733 339
1627554998775 0.1549082953271273 340
1627554998842 0.15484192331172938 341
1627554998937 0.15474099519802054 342
1627554999008 0.15882939029559787 343
1627555003182 0.5083199843698993 0
1627555003363 0.46912531291421916 1
1627555003552 0.4345665030678005 2
1627555003699 0.40415781705379344 3
1627555003883 0.3774492290677838 4
1627555004026 0.35406208370219183 5
1627555004163 0.33378316685199566 6
1627555004301 0.3164100080848772 7
1627555004455 0.3013584954640807 8
1627555004668 0.2885365415013809 9
1627555004864 0.2774335896312121 10
1627555004998 0.2680315246259663 11
1627555005150 0.2598809464220779 12
1627555005329 0.252987756508145 13
1627555005468 0.24708959425675578 14
1627555005597 0.24207958713021033 15
1627555005766 0.23783166355023708 16
1627555005898 0.23426620814524463 17
1627555006022 0.2311584989539033 18
1627555006143 0.22841649275264395 19
1627555006259 0.2260429390152491 20
1627555006377 0.2240131252197558 21
1627555006502 0.22229866826329098 22
1627555006617 0.2206777806096184 23
1627555006735 0.2191409315206879 24
1627555006844 0.21775202399334367 25
1627555006960 0.2165934676736583 26
1627555007072 0.21547895450697366 27
1627555007190 0.21455041064287034 28
1627555007346 0.21379581148580512 29
1627555007460 0.21300314496423367 30
1627555007616 0.21222212126009443 31
1627555007767 0.21142265903165985 32
1627555007938 0.21070216837343503 33
1627555008051 0.2100746302610768 34
1627555008148 0.2092362548620071 35
1627555008251 0.20843863374437252 36
1627555008366 0.2078588392549529 37
1627555008501 0.20722290939086338 38
1627555008607 0.20673474710771073 39
1627555008736 0.2061074279090984 40
1627555008836 0.20535255074131226 41
1627555008980 0.20486831769637792 42
1627555009106 0.2045144694364611 43
1627555009211 0.20366156558060228 44
1627555009318 0.20330856586969914 45
1627555009422 0.2027219892026455 46
1627555009527 0.20195524649026747 47
1627555009628 0.20148249373739624 48
1627555009738 0.20114205433458532 49
1627555009873 0.2004331107488616 50
1627555009978 0.19995656214524732 51
1627555010094 0.19905685781293167 52
1627555010282 0.19822491816850402 53
1627555010373 0.1979578707556967 54
1627555010495 0.19767837659173929 55
1627555010635 0.19720627095979493 56
1627555010730 0.19688507495881932 57
1627555010820 0.19660990424839284 58
1627555010926 0.1963161640088373 59
1627555011023 0.19584998274396118 60
1627555011179 0.1951080586425896 61
1627555011300 0.19485373445423823 62
1627555011415 0.19455732489821204 63
1627555011517 0.1942819556974012 64
1627555011631 0.1936123068922571 65
1627555011760 0.19334850764437458 66
1627555011899 0.19280376462180138 67
1627555012039 0.19215236102276595 68
1627555012143 0.19186010986075558 69
1627555012246 0.19161102725885884 70
1627555012352 0.1913596836346841 71
1627555012449 0.19109711591776088 72
1627555012549 0.19075309879353478 73
1627555012644 0.1905115114905491 74
1627555012809 0.190235300924994 75
1627555012914 0.19000756929741988 76
1627555013012 0.18961452607148777 77
1627555013133 0.18930892448953748 78
1627555013244 0.18908496131226535 79
1627555013386 0.1888585740776342 80
1627555013502 0.18842085146155962 81
1627555013656 0.18806288114513534 82
1627555013745 0.18779474771971838 83
1627555013908 0.18729259221857067 84
1627555014021 0.1870559253898021 85
1627555014113 0.18685580889580233 86
1627555014219 0.18657447413793327 87
1627555014316 0.186278822651057 88
1627555014410 0.18605412085244075 89
1627555014490 0.18584075809976155 90
1627555014578 0.1856562125396964 91
1627555014714 0.18521825987481702 92
1627555014800 0.18501006805068543 93
1627555014930 0.1847686887844658 94
1627555015043 0.18450088279185173 95
1627555015130 0.1842982422258896 96
1627555015238 0.1841126739647053 97
1627555015329 0.18393722645185961 98
1627555015428 0.18375898329148116 99
1627555015541 0.18353314611094249 100
1627555015625 0.18336390878645023 101
1627555015749 0.18288993380002389 102
1627555015844 0.18268792202001466 103
1627555015942 0.1824875896559928 104
1627555016043 0.1822589196823142 105
1627555016130 0.1820941125821608 106
1627555016243 0.18176181033032904 107
1627555016341 0.18152034166749642 108
1627555016462 0.1813265690277999 109
1627555016559 0.1811597783840011 110
1627555016639 0.1809967906539674 111
1627555016744 0.18067043529529084 112
1627555016808 0.18051616377467855 113
1627555016921 0.18036272780968454 114
1627555017010 0.18019094111176556 115
1627555017118 0.18004413550795817 116
1627555017218 0.17973082881814523 117
1627555017297 0.17957470160990993 118
1627555017388 0.17936832263452765 119
1627555017464 0.1791983155247798 120
1627555017555 0.17903741046479849 121
1627555017658 0.17874582741488113 122
1627555017751 0.1785694297055692 123
1627555017865 0.17834260011271494 124
1627555017944 0.1781921495043047 125
1627555018025 0.17804661484511988 126
1627555018100 0.17790837741547588 127
1627555018185 0.17776758969222525 128
1627555018283 0.17760880664417375 129
1627555018378 0.17745428458338708 130
1627555018471 0.17731584546811477 131
1627555018559 0.17718212159257968 132
1627555018662 0.1769479768649278 133
1627555018751 0.1768157884743865 134
1627555018826 0.1766764974542777 135
1627555018913 0.17652452676742578 136
1627555019005 0.17631850114498165 137
1627555019068 0.17619012630083286 138
1627555019137 0.17606241834806896 139
1627555019237 0.17579799873118476 140
1627555019308 0.1756753837402671 141
1627555019394 0.17551287306558203 142
1627555019528 0.1752832719139246 143
1627555019642 0.1751284846632969 144
1627555019747 0.17500286683324873 145
1627555019842 0.17484228668862437 146
1627555019958 0.1745941214671977 147
1627555020039 0.174471906883761 148
1627555020138 0.17435822211625226 149
1627555020292 0.17411616984336273 150
1627555020366 0.17399999708385566 151
1627555020433 0.17387475806275762 152
1627555020524 0.17370543620211018 153
1627555020602 0.1735734340663728 154
1627555020687 0.17344663872910762 155
1627555020813 0.17331745363427234 156
1627555020921 0.1730723961121893 157
1627555020995 0.1729596269768642 158
1627555021081 0.17276876020419624 159
1627555021170 0.17260121612993926 160
1627555021263 0.17238155859304963 161
1627555021345 0.17224880286105532 162
1627555021466 0.17213298267169128 163
1627555021604 0.17200810432668417 164
1627555021720 0.17183612431995593 165
1627555021780 0.17172922920679026 166
1627555021868 0.17160781697122274 167
1627555021971 0.1714012958453132 168
1627555022070 0.17121465108293987 169
1627555022148 0.1710918440363957 170
1627555022231 0.1709589702595162 171
1627555022321 0.17084061516563023 172
1627555022417 0.17071423839431257 173
1627555022517 0.17059098810143927 174
1627555022588 0.1704780073909399 175
1627555022662 0.17035889500517665 176
1627555022783 0.17015206406687064 177
1627555022867 0.1700474758508967 178
1627555022948 0.16991355932377286 179
1627555023010 0.1698164002871288 180
1627555023094 0.16970423598413223 181
1627555023166 0.16957245348974723 182
1627555023241 0.16945061841328898 183
1627555023319 0.16933267124139323 184
1627555023395 0.1692153892943597 185
1627555023474 0.1690717732022066 186
1627555023553 0.16896111027698085 187
1627555023635 0.16883921480430378 188
1627555023697 0.1687292548642241 189
1627555023779 0.16861264649058935 190
1627555023878 0.16838757079010394 191
1627555023949 0.1682778345026419 192
1627555024027 0.1681558092233603 193
1627555024114 0.16800746381772694 194
1627555024192 0.16789878011711923 195
1627555024248 0.16779402377910677 196
1627555024364 0.16768487842817503 197
1627555024455 0.1675860720474992 198
1627555024546 0.1674709245794929 199
1627555024634 0.16738200622686267 200
1627555024762 0.16723204372202 201
1627555024829 0.16712888616626123 202
1627555024912 0.16702800300900789 203
1627555024989 0.16692668057912863 204
1627555025068 0.16681674507079164 205
1627555025141 0.16671984812873458 206
1627555025231 0.166586788967003 207
1627555025298 0.16649697782945425 208
1627555025355 0.16641394848891453 209
1627555025418 0.16632308345374675 210
1627555025497 0.1662245549133744 211
1627555025598 0.1661204470036676 212
1627555025704 0.1659735698818473 213
1627555025833 0.16580789392620995 214
1627555025910 0.1657156848315745 215
1627555025997 0.16561164374852136 216
1627555026072 0.16551112866546192 217
1627555026138 0.1654088538474972 218
1627555026208 0.16530763563709866 219
1627555026296 0.1652110912679894 220
1627555026368 0.16512816366950145 221
1627555026427 0.16503567141943842 222
1627555026492 0.16495488403942915 223
1627555026553 0.16486035412569158 224
1627555026636 0.16477199230652043 225
1627555026704 0.16468514800656486 226
1627555026766 0.16460248030560065 227
1627555026832 0.164515093523149 228
1627555026899 0.16442313282085735 229
1627555026976 0.16431334830981792 230
1627555027051 0.16420365304332196 231
1627555027123 0.16410515146773644 232
1627555027219 0.16401270976270807 233
1627555027302 0.16391397834964602 234
1627555027396 0.16381719357327934 235
1627555027508 0.16372008555372308 236
1627555027608 0.16362274443678027 237
1627555027688 0.163527527305002 238
1627555027749 0.16343871582438507 239
1627555027870 0.16332898765953763 240
1627555027944 0.16321132038246144 241
1627555028009 0.1631258760498594 242
1627555028097 0.1630398851855207 243
1627555028169 0.16295102984745952 244
1627555028267 0.16286370916760345 245
1627555028340 0.16277315167848116 246
1627555028411 0.16267512988143007 247
1627555028492 0.1625890939038141 248
1627555028575 0.16246099199401515 249
1627555028664 0.16237618916318472 250
1627555028724 0.16229717749538136 251
1627555028786 0.16220890390015666 252
1627555028850 0.16212686641090326 253
1627555028934 0.16203510297578289 254
1627555029006 0.16194764535284836 255
1627555029077 0.1618614637362235 256
1627555029143 0.16177917224371377 257
1627555029240 0.16168575822926848 258
1627555029405 0.16151465747875 259
1627555029530 0.16141092570608295 260
1627555029595 0.16132661339368656 261
1627555029679 0.1612181031164164 262
1627555029754 0.16113068742817946 263
1627555029817 0.16104835080329483 264
1627555029881 0.16096389495294516 265
1627555029960 0.16087326356287643 266
1627555030060 0.1607699168128211 267
1627555030126 0.1606792872524428 268
1627555030198 0.16059850014877794 269
1627555030276 0.16051198443746184 270
1627555030355 0.16042491506256673 271
1627555030433 0.16034772678431186 272
1627555030507 0.16024749225573806 273
1627555030563 0.1601595849364057 274
1627555030644 0.160033115301641 275
1627555030729 0.15994037865018 276
1627555030815 0.1598517995933786 277
1627555030900 0.15976943784830452 278
1627555030964 0.15968696163353902 279
1627555031029 0.15959518092271016 280
1627555031099 0.15952082518478478 281
1627555031170 0.15943137782106903 282
1627555031229 0.15934252201715202 283
1627555031300 0.15925175235756134 284
1627555031363 0.15916450761088272 285
1627555031432 0.1590911789961083 286
1627555031502 0.15900000885091575 287
1627555031565 0.15892905173543773 288
1627555031631 0.15884171923158433 289
1627555031703 0.1587633877344945 290
1627555031825 0.15863119785167945 291
1627555031909 0.15854159148263675 292
1627555031988 0.15845349006248544 293
1627555032052 0.15836320422474529 294
1627555032127 0.15826817923573475 295
1627555032182 0.158189938620234 296
1627555032257 0.15810093855865623 297
1627555032327 0.15802292840731533 298
1627555032393 0.1579475443378713 299
1627555032484 0.15787298071465275 300
1627555032555 0.15778948311679006 301
1627555032654 0.1576378735710508 302
1627555032737 0.15756023196702476 303
1627555032805 0.15747739524070578 304
1627555032891 0.15736671061319976 305
1627555032950 0.1572849683982252 306
1627555033007 0.157218931084447 307
1627555033063 0.15713025900609168 308
1627555033124 0.1570680346778464 309
1627555033185 0.15698993424338079 310
1627555033285 0.15685650870239842 311
1627555033341 0.15677663075348436 312
1627555033411 0.1612181031164164 313
1627555037565 0.5090263931464071 0
1627555037713 0.46967672638637037 1
1627555037857 0.4349841771883775 2
1627555038008 0.4046014468843893 3
1627555038161 0.3779033912383427 4
1627555038300 0.3544939257469957 5
1627555038438 0.3341881188234173 6
1627555038575 0.31685433479880726 7
1627555038725 0.301733966575517 8
1627555038852 0.2887368317503875 9
1627555038989 0.2775211825018109 10
1627555039126 0.2680279791609661 11
1627555039254 0.25974138076648356 12
1627555039388 0.25278163747077464 13
1627555039519 0.24688456816677398 14
1627555039652 0.2418740926740847 15
1627555039778 0.23760549714053794 16
1627555039916 0.23400683659015797 17
1627555040042 0.2308424984394053 18
1627555040159 0.2281260092700559 19
1627555040275 0.22575082788608988 20
1627555040388 0.2237780319732079 21
1627555040517 0.22197913832334767 22
1627555040630 0.22037254438304957 23
1627555040751 0.2190502097922879 24
1627555040863 0.21785379061895746 25
1627555040969 0.21660966869001186 26
1627555041081 0.21556083716500227 27
1627555041189 0.2146939599121502 28
1627555041301 0.21382789866910037 29
1627555041404 0.21295526601331624 30
1627555041504 0.21203000560395635 31
1627555041606 0.21125456775069337 32
1627555041719 0.21033680299636592 33
1627555041841 0.20971176152434107 34
1627555041953 0.20884147707302433 35
1627555042065 0.20792746035765075 36
1627555042184 0.20718987394188063 37
1627555042297 0.2066046129833725 38
1627555042399 0.20596280751607526 39
1627555042496 0.20558069148505914 40
1627555042603 0.20464035541998163 41
1627555042703 0.20415333083612228 42
1627555042809 0.2033690673921099 43
1627555042923 0.20295019733480477 44
1627555043027 0.20241116576213897 45
1627555043148 0.20143562932786516 46
1627555043242 0.20103217031711512 47
1627555043353 0.20068873881073276 48
1627555043477 0.19987049682660216 49
1627555043625 0.19927456266833785 50
1627555043744 0.19899121438345668 51
1627555043848 0.198667199708127 52
1627555043953 0.19813468405138598 53
1627555044068 0.1974695357058957 54
1627555044174 0.19682475379505715 55
1627555044281 0.19643778701510653 56
1627555044379 0.19614772438232914 57
1627555044479 0.1958706636197772 58
1627555044592 0.1952299956618343 59
1627555044701 0.19494139393929197 60
1627555044808 0.194677809276542 61
1627555044911 0.19417023060676206 62
1627555044996 0.19391504231742335 63
1627555045114 0.19331790463129317 64
1627555045211 0.19306728886107352 65
1627555045307 0.1928056033044712 66
1627555045416 0.19228839479868845 67
1627555045534 0.19171256278544208 68
1627555045642 0.19140803466973888 69
1627555045735 0.1911636093629757 70
1627555045832 0.19092359236841527 71
1627555045930 0.19070329433502597 72
1627555046030 0.19048843804405408 73
1627555046139 0.1901005082444168 74
1627555046246 0.18982960044168576 75
1627555046344 0.18959302483741405 76
1627555046479 0.18927632058008903 77
1627555046595 0.18894610980906493 78
1627555046702 0.18867508120374288 79
1627555046847 0.18844497761274998 80
1627555046963 0.18799016367424065 81
1627555047081 0.18747673980266039 82
1627555047158 0.18727429150866165 83
1627555047246 0.1870868749267866 84
1627555047360 0.1868538136456242 85
1627555047477 0.18644181819711372 86
1627555047571 0.18622952204569665 87
1627555047675 0.1860028011876881 88
1627555047768 0.18579831240836908 89
1627555047857 0.1856033745823968 90
1627555047964 0.18542503320362003 91
1627555048077 0.185081900315035 92
1627555048163 0.1849009216479324 93
1627555048296 0.1845431901171301 94
1627555048402 0.18434498213080616 95
1627555048487 0.18410035768202737 96
1627555048592 0.1839245620230271 97
1627555048729 0.18356882178546322 98
1627555048839 0.1831411552384519 99
1627555048944 0.1829617038309573 100
1627555049045 0.18279458970478285 101
1627555049175 0.18262087920500064 102
1627555049316 0.18226293085009615 103
1627555049412 0.18209603889086526 104
1627555049515 0.1819308324195087 105
1627555049596 0.18175391229793345 106
1627555049683 0.18157293928528945 107
1627555049788 0.18139541757077582 108
1627555049885 0.1812172841092843 109
1627555049969 0.18104734551504298 110
1627555050046 0.18088156352004453 111
1627555050119 0.18073259254423393 112
1627555050217 0.18050160704505713 113
1627555050325 0.1801625094947074 114
1627555050426 0.17993030223913328 115
1627555050527 0.17964573072230328 116
1627555050592 0.17949794815496903 117
1627555050706 0.17921594307763528 118
1627555050792 0.17905305922741485 119
1627555050873 0.17889603277234087 120
1627555050968 0.17875057716142076 121
1627555051048 0.1785949749468507 122
1627555051152 0.1784505049085271 123
1627555051259 0.17820862807003096 124
1627555051350 0.17805621316480366 125
1627555051452 0.17791073505741448 126
1627555051513 0.17778327002631233 127
1627555051575 0.17764053646266525 128
1627555051674 0.17739429015423575 129
1627555051766 0.17723073660983213 130
1627555051852 0.17709316918245138 131
1627555051939 0.1769532601019142 132
1627555052026 0.17681133994732898 133
1627555052118 0.1766630030998024 134
1627555052199 0.17652803938295433 135
1627555052291 0.17633959990296025 136
1627555052370 0.17620646019150463 137
1627555052460 0.1760379737325778 138
1627555052568 0.1757816429891068 139
1627555052642 0.1756341499561541 140
1627555052762 0.17549540289797627 141
1627555052866 0.17533615919632214 142
1627555052940 0.17520855051875994 143
1627555053044 0.17496921912828006 144
1627555053174 0.1747215932651692 145
1627555053253 0.17460893250987017 146
1627555053334 0.17446163261727826 147
1627555053420 0.1743238276127831 148
1627555053517 0.17406658472563546 149
1627555053614 0.1739380075304067 150
1627555053708 0.17381632827207502 151
1627555053793 0.17369120954031972 152
1627555053876 0.1735674181072385 153
1627555053949 0.17345106050250292 154
1627555054047 0.1733259357691732 155
1627555054151 0.17310073579917284 156
1627555054229 0.1729711357268134 157
1627555054310 0.17285889644010108 158
1627555054418 0.1726405924487003 159
1627555054517 0.17242309964917696 160
1627555054593 0.17231418499678802 161
1627555054653 0.17218832709661283 162
1627555054736 0.1719895578339214 163
1627555054816 0.1718804414692657 164
1627555054902 0.17175281967515235 165
1627555054991 0.17156988426770037 166
1627555055073 0.17145644818163708 167
1627555055133 0.17133395474716115 168
1627555055216 0.17121422114710652 169
1627555055294 0.17109713084806014 170
1627555055371 0.17096448734064099 171
1627555055441 0.17085629629640786 172
1627555055525 0.17070864238826156 173
1627555055604 0.17059103926284885 174
1627555055731 0.17041484522229347 175
1627555055811 0.17029798792557263 176
1627555055898 0.17016895001729176 177
1627555056024 0.17000405109308409 178
1627555056087 0.16990531199566133 179
1627555056147 0.16980991589210295 180
1627555056221 0.16969675979184257 181
1627555056287 0.16958284604498716 182
1627555056381 0.1693934368569007 183
1627555056453 0.16926732520745882 184
1627555056530 0.16916081277222592 185
1627555056605 0.16905416975184298 186
1627555056690 0.1689339511127545 187
1627555056766 0.16883200382767283 188
1627555056853 0.1686793292523945 189
1627555056935 0.1685621433709183 190
1627555056991 0.16847135866811733 191
1627555057048 0.1683758522262007 192
1627555057148 0.16825402183824664 193
1627555057211 0.16816627396179545 194
1627555057294 0.1680613905755185 195
1627555057377 0.16792334227843725 196
1627555057453 0.16783517231888323 197
1627555057549 0.1676459445665762 198
1627555057630 0.16753095860522957 199
1627555057724 0.16738468277660673 200
1627555057792 0.16729198794576433 201
1627555057877 0.1671843248609245 202
1627555057940 0.1670905717020758 203
1627555058030 0.16698158029057142 204
1627555058101 0.16687184178707917 205
1627555058161 0.16676883191734937 206
1627555058235 0.16667333563462827 207
1627555058307 0.16656222079112828 208
1627555058384 0.16645270736155354 209
1627555058466 0.16635000075805884 210
1627555058529 0.16626182462096945 211
1627555058614 0.1661455308599831 212
1627555058707 0.16604637574621106 213
1627555058842 0.1658472269161403 214
1627555058937 0.16567956965596028 215
1627555059034 0.16558371808977929 216
1627555059128 0.16546078381508258 217
1627555059199 0.1653739153309963 218
1627555059282 0.16524714385782105 219
1627555059350 0.1651469132319851 220
1627555059410 0.1650576390259843 221
1627555059479 0.16494531101584045 222
1627555059541 0.16486360902260544 223
1627555059612 0.16476173884503165 224
1627555059701 0.16467709603658312 225
1627555059777 0.16457463240378964 226
1627555059840 0.16448467862891372 227
1627555059933 0.16433383587580644 228
1627555060029 0.1641882233608237 229
1627555060090 0.16408864477458687 230
1627555060181 0.16398155775517156 231
1627555060248 0.163893981704869 232
1627555060343 0.1638122340143811 233
1627555060474 0.16371614331588769 234
1627555060568 0.1636142587431891 235
1627555060656 0.16351744255984715 236
1627555060737 0.16342883390775878 237
1627555060810 0.16334853297356008 238
1627555060880 0.16326098251305826 239
1627555060952 0.16317900190915618 240
1627555061016 0.1630895641374512 241
1627555061114 0.1629445018357361 242
1627555061195 0.16283757766266635 243
1627555061261 0.16274472239347224 244
1627555061366 0.1626551296319784 245
1627555061463 0.16256320745201758 246
1627555061568 0.16243267179636736 247
1627555061656 0.16235180640054683 248
1627555061742 0.16223247714644343 249
1627555061825 0.16214617201895212 250
1627555061909 0.1620425300760638 251
1627555061982 0.16194585729494607 252
1627555062068 0.16186009879320423 253
1627555062141 0.16177214413252455 254
1627555062205 0.16169807623168478 255
1627555062286 0.16159934428533834 256
1627555062359 0.1615176628834608 257
1627555062425 0.1614361592774938 258
1627555062482 0.16135567614397434 259
1627555062587 0.16116874169654766 260
1627555062656 0.16107593925034858 261
1627555062738 0.16098241588885537 262
1627555062815 0.16089965599629197 263
1627555062894 0.16080090560474844 264
1627555062977 0.16069993380800143 265
1627555063055 0.16061806232231637 266
1627555063124 0.16053527996519176 267
1627555063188 0.16044742640394627 268
1627555063254 0.1603579480430519 269
1627555063330 0.16027181162605558 270
1627555063404 0.16018607154866785 271
1627555063471 0.16011098975632493 272
1627555063535 0.1600357164561627 273
1627555063585 0.15995532014716843 274
1627555063635 0.15988890051581633 275
1627555063733 0.15972503388068213 276
1627555063808 0.15964769532304074 277
1627555063912 0.1594986130157464 278
1627555063983 0.1594117016112127 279
1627555064084 0.1592592502050409 280
1627555064170 0.15917445541257233 281
1627555064262 0.159057096281432 282
1627555064348 0.15893004053813672 283
1627555064407 0.15885162047538237 284
1627555064487 0.15876696399181853 285
1627555064568 0.15868410104908207 286
1627555064634 0.15859687908266304 287
1627555064708 0.1585115427735291 288
1627555064775 0.15842115207634774 289
1627555064882 0.15832268543751546 290
1627555064954 0.15823700892346687 291
1627555065038 0.15815377960817248 292
1627555065104 0.15808828771177091 293
1627555065173 0.1579969990044923 294
1627555065253 0.15791318254148198 295
1627555065334 0.15782940780454255 296
1627555065398 0.15774233083736738 297
1627555065462 0.15766933013359682 298
1627555065523 0.15759874664703624 299
1627555065615 0.1575216217206858 300
1627555065695 0.15743676739276152 301
1627555065769 0.15734883370904915 302
1627555065832 0.1572863930596097 303
1627555065901 0.1571990118071325 304
1627555065963 0.1571167271926867 305
1627555066028 0.15703789796147588 306
1627555066107 0.15696322248693123 307
1627555066180 0.15688751064546527 308
1627555066265 0.15681002742420086 309
1627555066327 0.15672939010081427 310
1627555066390 0.1566488835231516 311
1627555066449 0.15657224725666952 312
1627555066509 0.1564940396872752 313
1627555066568 0.15641746019812344 314
1627555066627 0.1563515181349702 315
1627555066685 0.15627886447350947 316
1627555066741 0.15621286556667735 317
1627555066805 0.1561302296485244 318
1627555066890 0.15604672687559512 319
1627555066963 0.15595548092635006 320
1627555067029 0.15587484086732442 321
1627555067114 0.15579680927765263 322
1627555067182 0.15572331510996956 323
1627555067250 0.15563458007525077 324
1627555067343 0.1555652503416977 325
1627555067440 0.15543289162190851 326
1627555067535 0.15534207068367492 327
1627555067660 0.15526724218541207 328
1627555067771 0.15510811744716402 329
1627555067848 0.15503012348576573 330
1627555067911 0.15495764822924624 331
1627555067971 0.154873838077969 332
1627555068030 0.15480828661007967 333
1627555068090 0.15473586203787687 334
1627555068159 0.15465944242927684 335
1627555068230 0.1545774646740642 336
1627555068307 0.15449997759223463 337
1627555068377 0.15444061081663507 338
1627555068465 0.1543411223849214 339
1627555068532 0.1542642037773886 340
1627555068603 0.15832268543751546 341
1627555072734 0.5070592420205586 0
1627555072888 0.4679488122497764 1
1627555073028 0.4335262017628593 2
1627555073168 0.40321550157861713 3
1627555073310 0.3765943385387383 4
1627555073448 0.35332251582441976 5
1627555073623 0.3331141697538248 6
1627555073792 0.31581199359604467 7
1627555073944 0.300808911876701 8
1627555074122 0.28790659289150156 9
1627555074257 0.2768299382510959 10
1627555074398 0.2673997430025418 11
1627555074553 0.25930940664133956 12
1627555074717 0.2524373230650055 13
1627555074843 0.2465985825470099 14
1627555074977 0.24156504147845342 15
1627555075104 0.23734157160566974 16
1627555075281 0.23380340691929066 17
1627555075409 0.23064320820307763 18
1627555075538 0.2277768893766962 19
1627555075653 0.22546135638461148 20
1627555075802 0.22345151584420425 21
1627555075931 0.22173918987656252 22
1627555076052 0.22016653580220064 23
1627555076192 0.2187345069121187 24
1627555076304 0.21746310746833267 25
1627555076422 0.21630784576980958 26
1627555076539 0.21519863950067467 27
1627555076646 0.2142344883015302 28
1627555076755 0.2133990507029555 29
1627555076860 0.21253541406732804 30
1627555076963 0.21158213385562238 31
1627555077092 0.21089310398167366 32
1627555077200 0.21002939065198503 33
1627555077326 0.2093331413991108 34
1627555077425 0.20843342774052323 35
1627555077531 0.20761706336598984 36
1627555077643 0.2069028024333463 37
1627555077749 0.2059527094877464 38
1627555077852 0.2054881201545159 39
1627555077956 0.20506039010201352 40
1627555078054 0.20435877162522909 41
1627555078165 0.20379430368229434 42
1627555078281 0.20329963693278516 43
1627555078388 0.20294658684723962 44
1627555078489 0.20256519541788237 45
1627555078607 0.2018625996700262 46
1627555078720 0.2010367893017323 47
1627555078823 0.20067114770416491 48
1627555078958 0.20035734562718432 49
1627555079104 0.1996227429615773 50
1627555079250 0.19930511252643526 51
1627555079373 0.19898898514007798 52
1627555079516 0.19833510621960426 53
1627555079651 0.1980019678085078 54
1627555079757 0.19772362579636915 55
1627555079909 0.19691631380142433 56
1627555080020 0.19665271342188895 57
1627555080156 0.19637179500415744 58
1627555080271 0.19566483173382299 59
1627555080378 0.19518267827900848 60
1627555080480 0.19467604239253813 61
1627555080603 0.1944099609876365 62
1627555080734 0.19404248066303953 63
1627555080853 0.19375326255235623 64
1627555080995 0.1933141272309154 65
1627555081132 0.19307458568367156 66
1627555081248 0.19280469495953187 67
1627555081381 0.19254768619039903 68
1627555081526 0.19186513483967282 69
1627555081667 0.19152071054164024 70
1627555081773 0.19120398201019595 71
1627555081935 0.19066833533342933 72
1627555082076 0.19032394372413913 73
1627555082206 0.19009777192300667 74
1627555082337 0.18973800152574044 75
1627555082454 0.18917277879058028 76
1627555082549 0.18895188752495004 77
1627555082645 0.18870189317463465 78
1627555082751 0.18820095498429446 79
1627555082853 0.18795062504012988 80
1627555082961 0.18771442726084328 81
1627555083068 0.18750801873358408 82
1627555083208 0.18712352399965929 83
1627555083328 0.18692586451270748 84
1627555083450 0.1866927562023282 85
1627555083539 0.1864778023087445 86
1627555083636 0.18625733013580878 87
1627555083724 0.18606371923993775 88
1627555083816 0.18585797825003456 89
1627555083902 0.18567207797673135 90
1627555083996 0.18549089406218314 91
1627555084087 0.1853146363832055 92
1627555084184 0.1850378078060838 93
1627555084287 0.18473462688701237 94
1627555084379 0.18447882548404745 95
1627555084477 0.18411661269595297 96
1627555084569 0.18394416416569903 97
1627555084677 0.1836379635267757 98
1627555084780 0.1834412598733395 99
1627555084933 0.18321314887544357 100
1627555085073 0.1829200638389842 101
1627555085182 0.18275049560896234 102
1627555085264 0.18257388718688045 103
1627555085345 0.18239304559964845 104
1627555085438 0.18221448333027015 105
1627555085506 0.18205232279814348 106
1627555085618 0.18169687197975148 107
1627555085716 0.18152393212125997 108
1627555085820 0.18114576867250942 109
1627555085895 0.18099271677285927 110
1627555085986 0.18081788659253653 111
1627555086076 0.18066906825328022 112
1627555086161 0.1805189626460626 113
1627555086295 0.18022692799048073 114
1627555086428 0.1800662809140993 115
1627555086525 0.17988848804245175 116
1627555086638 0.1797258534765047 117
1627555086753 0.17955730064851988 118
1627555086853 0.17932920106751885 119
1627555086964 0.17904486868948738 120
1627555087036 0.17888993706142883 121
1627555087113 0.1787578499075569 122
1627555087211 0.17861168888416207 123
1627555087371 0.17828557617316515 124
1627555087448 0.17813966125704245 125
1627555087591 0.1778923463817745 126
1627555087669 0.17776484793879221 127
1627555087732 0.1776466974874769 128
1627555087818 0.1775043600072657 129
1627555087947 0.1773694724391979 130
1627555088059 0.17702669517512648 131
1627555088175 0.17678250292903672 132
1627555088257 0.17661354374494717 133
1627555088333 0.17649462119845194 134
1627555088465 0.1763492609902169 135
1627555088610 0.17616451342998382 136
1627555088731 0.17602756220073348 137
1627555088826 0.17585970890955746 138
1627555088906 0.17568868178662836 139
1627555088982 0.1755586950437544 140
1627555089077 0.17542122368849358 141
1627555089146 0.17527525004676206 142
1627555089227 0.1751429747122403 143
1627555089330 0.1749495983185301 144
1627555089418 0.1748177847278462 145
1627555089478 0.17471182622766418 146
1627555089558 0.17456215909239509 147
1627555089636 0.17442753900391061 148
1627555089735 0.1742900693715234 149
1627555089837 0.17414202554273042 150
1627555089902 0.1740317757994775 151
1627555089999 0.17382342014628435 152
1627555090078 0.1736978871966076 153
1627555090161 0.17358915177618925 154
1627555090240 0.17347215548945943 155
1627555090342 0.17332715558290046 156
1627555090414 0.17319457629022514 157
1627555090488 0.173078907566054 158
1627555090571 0.17291324513387737 159
1627555090648 0.17278515198066208 160
1627555090740 0.17254207112019104 161
1627555090800 0.1724333070501502 162
1627555090879 0.1723076793015958 163
1627555090948 0.17218501393036217 164
1627555091023 0.17206751118857508 165
1627555091091 0.1719361117519552 166
1627555091181 0.17180751741244782 167
1627555091248 0.17169513957802862 168
1627555091320 0.17158653134724863 169
1627555091399 0.17146466294438714 170
1627555091471 0.17134374058427038 171
1627555091527 0.17123662585567265 172
1627555091598 0.1711198914372656 173
1627555091676 0.17100484589056933 174
1627555091769 0.17080585981393107 175
1627555091865 0.17068168231802386 176
1627555092000 0.17052775525346417 177
1627555092148 0.17034701402001065 178
1627555092209 0.17024982910916295 179
1627555092315 0.17012477092211808 180
1627555092429 0.16993350756354805 181
1627555092487 0.16983550237233544 182
1627555092564 0.16970492645438753 183
1627555092648 0.16958271797247093 184
1627555092750 0.16946105155102015 185
1627555092824 0.1693384208195094 186
1627555092899 0.16923040554242838 187
1627555092962 0.16911001554780997 188
1627555093066 0.16891576295923658 189
1627555093133 0.1688049612609365 190
1627555093226 0.16869286698453725 191
1627555093306 0.16855864606295184 192
1627555093376 0.16844511008546373 193
1627555093473 0.16824317540561973 194
1627555093570 0.1681187685580978 195
1627555093658 0.16801235188645658 196
1627555093743 0.1679025531711814 197
1627555093826 0.16778612339528792 198
1627555093898 0.16768620886804506 199
1627555094001 0.1675318957582182 200
1627555094076 0.16743512400009886 201
1627555094169 0.16729692783402775 202
1627555094233 0.16719865669506292 203
1627555094306 0.16709462081475893 204
1627555094394 0.1669646133698128 205
1627555094457 0.16686117851289625 206
1627555094540 0.1667354192874051 207
1627555094620 0.16662787780297184 208
1627555094699 0.16652272529138845 209
1627555094781 0.1664145711866286 210
1627555094843 0.16631420759500992 211
1627555094940 0.16615360288137274 212
1627555095004 0.1660624325534388 213
1627555095097 0.1659681653597395 214
1627555095167 0.16586865366571024 215
1627555095248 0.16578122674535536 216
1627555095312 0.16568088358273558 217
1627555095375 0.16558565298271757 218
1627555095466 0.1654812604132508 219
1627555095538 0.16538395374096757 220
1627555095620 0.16528051040679057 221
1627555095697 0.1651798554895523 222
1627555095770 0.16509634089679148 223
1627555095834 0.16500484760839473 224
1627555095904 0.16491096074062955 225
1627555096002 0.1647563849111114 226
1627555096070 0.1646562808672169 227
1627555096146 0.16455168914019744 228
1627555096237 0.16436972296021962 229
1627555096299 0.16428560048364876 230
1627555096357 0.1641883243233217 231
1627555096428 0.1640818900029137 232
1627555096526 0.16396153450973094 233
1627555096613 0.16384419918936793 234
1627555096708 0.16374818848236092 235
1627555096797 0.16364524710404696 236
1627555096882 0.16355590505432172 237
1627555096955 0.16346835760880565 238
1627555097014 0.16339358689097627 239
1627555097086 0.16331344847889587 240
1627555097143 0.16323593806203246 241
1627555097201 0.1631564976435435 242
1627555097274 0.16305875313123788 243
1627555097351 0.1629599460041369 244
1627555097417 0.16286947917315847 245
1627555097493 0.16277711180893403 246
1627555097551 0.1626893005287524 247
1627555097638 0.1626010188765823 248
1627555097727 0.16250964103598076 249
1627555097807 0.1624111630441808 250
1627555097875 0.16230868638043264 251
1627555097940 0.1622231717220213 252
1627555098014 0.16214358640738438 253
1627555098134 0.1620239873760319 254
1627555098196 0.1619324776479452 255
1627555098265 0.16183991298397918 256
1627555098343 0.16176432173893357 257
1627555098412 0.16166930564671622 258
1627555098499 0.16157599003361137 259
1627555098568 0.16148807928463588 260
1627555098665 0.16132193747528834 261
1627555098753 0.16118046844949657 262
1627555098823 0.16109823452499442 263
1627555098891 0.1610143674692632 264
1627555098962 0.16093217380344593 265
1627555099061 0.16085474081854573 266
1627555099135 0.160775491027371 267
1627555099245 0.16064465728520402 268
1627555099371 0.16054930360575126 269
1627555099449 0.16047978140489058 270
1627555099537 0.1603491371009607 271
1627555099606 0.16026307089260342 272
1627555099682 0.16016533584793796 273
1627555099761 0.16006941712140849 274
1627555099828 0.15996761345941088 275
1627555099930 0.15980092175914143 276
1627555099991 0.15971580356951245 277
1627555100057 0.1596307998977867 278
1627555100125 0.1595414037696951 279
1627555100191 0.15945470207029844 280
1627555100266 0.15937877588987165 281
1627555100323 0.15930876492972898 282
1627555100385 0.1592294983205058 283
1627555100445 0.15914739684003906 284
1627555100533 0.15902155931205608 285
1627555100627 0.15885205160457344 286
1627555100688 0.15876451229142668 287
1627555100755 0.15869398669812676 288
1627555100838 0.1586088581306369 289
1627555100909 0.15852973539060078 290
1627555100981 0.15844910251641517 291
1627555101058 0.1583776404949545 292
1627555101115 0.15831388142603672 293
1627555101172 0.15824817336270905 294
1627555101236 0.15816632758677987 295
1627555101313 0.1580827926293992 296
1627555101405 0.15799552069774445 297
1627555101497 0.15792451039593958 298
1627555101568 0.15784252044392916 299
1627555101651 0.15776354212179347 300
1627555101710 0.15767579849349886 301
1627555101778 0.15759302070226142 302
1627555101863 0.15746337633926408 303
1627555101937 0.15738959143565517 304
1627555102028 0.15732350459446323 305
1627555102128 0.1572503277485569 306
1627555102243 0.15716905367711326 307
1627555102344 0.15707626864746285 308
1627555102464 0.15698317561048503 309
1627555102543 0.15691258364867766 310
1627555102634 0.1568203684605686 311
1627555102699 0.15674911407439113 312
1627555102764 0.1566661035884936 313
1627555102843 0.15656327721384017 314
1627555102912 0.15648603463754843 315
1627555102967 0.15641030917207663 316
1627555103024 0.15634179099801618 317
1627555103123 0.1562102246047782 318
1627555103182 0.1561286723762999 319
1627555103252 0.15603057807998622 320
1627555103333 0.15594152418251953 321
1627555103409 0.1558502592783373 322
1627555103464 0.15578676364854702 323
1627555103525 0.15570675350570015 324
1627555103587 0.15564423524091814 325
1627555103655 0.15556664069289877 326
1627555103742 0.15544257875212802 327
1627555103824 0.15537356313723674 328
1627555103921 0.15523647282976874 329
1627555103990 0.15515680010428692 330
1627555104046 0.15509056915201094 331
1627555104116 0.15501351441263192 332
1627555104170 0.15494010969408797 333
1627555104234 0.15487063569763185 334
1627555104300 0.1547943398471182 335
1627555104360 0.15472397585919284 336
1627555104469 0.1546297365078237 337
1627555104559 0.15453007104579322 338
1627555104627 0.15446968224947147 339
1627555104731 0.15438105738139782 340
1627555104846 0.15428815592747755 341
1627555104928 0.15422695760460634 342
1627555105012 0.1541558786050616 343
1627555105093 0.15409130417034322 344
1627555105170 0.1540077694339478 345
1627555105240 0.15392681735011465 346
1627555105311 0.15384678002720753 347
1627555105383 0.15375940386574505 348
1627555105443 0.15368510273881253 349
1627555105521 0.15361328507014252 350
1627555105618 0.15349071675266937 351
1627555105680 0.15342463207422655 352
1627555105752 0.1533478845655355 353
1627555105822 0.15328167799019107 354
1627555105893 0.15321605785577722 355
1627555105966 0.15314897379766879 356
1627555106054 0.15305617248350797 357
1627555106130 0.1529930658992788 358
1627555106190 0.1529236423769518 359
1627555106250 0.15285394747882114 360
1627555106342 0.15274018033451955 361
1627555106426 0.1526507605993229 362
1627555106490 0.15258164570017774 363
1627555106550 0.15251297962740304 364
1627555106623 0.15243351659898832 365
1627555106692 0.1523617005878036 366
1627555106757 0.15229160919561768 367
1627555106829 0.15220705672683885 368
1627555106925 0.1521321005397834 369
1627555106991 0.15206118162742316 370
1627555107075 0.15198951577516778 371
1627555107151 0.15191766259141307 372
1627555107220 0.1518456703501481 373
1627555107296 0.15177875481142195 374
1627555107369 0.15171255570474754 375
1627555107440 0.15164920239630558 376
1627555107497 0.15159283374763438 377
1627555107563 0.1515279677942156 378
1627555107624 0.15147089732543256 379
1627555107708 0.1514213198159967 380
1627555107767 0.1513575535206793 381
1627555107854 0.1512557563194069 382
1627555107919 0.1511773601808712 383
1627555107992 0.15110104744933167 384
1627555108051 0.1510393765721391 385
1627555108130 0.1509564539167399 386
1627555108180 0.15088469981933736 387
1627555108269 0.1507808198220225 388
1627555108342 0.15070638877158282 389
1627555108424 0.15060239798084968 390
1627555108504 0.1505234585368354 391
1627555108582 0.15043770835830506 392
1627555108652 0.15036599001786005 393
1627555108725 0.15030221620029202 394
1627555108802 0.15023512874218198 395
1627555108896 0.1501627329445619 396
1627555108961 0.1500940200518533 397
1627555109021 0.15002541968232375 398
1627555109081 0.1499524936583145 399
1627555109149 0.1498878179521626 400
1627555109237 0.14980197659509864 401
1627555109299 0.1497281656027658 402
1627555109356 0.14966587576824697 403
1627555109418 0.14960419560971283 404
1627555109478 0.1495442380626301 405
1627555109537 0.1494857212259553 406
1627555109594 0.14942223794781526 407
1627555109648 0.14936046663318048 408
1627555109728 0.1493037154856649 409
1627555109798 0.14924043641619433 410
1627555109856 0.1491846902420569 411
1627555109922 0.14911487071769158 412
1627555109979 0.14905647765209215 413
1627555110059 0.14899198484461895 414
1627555110121 0.14892610900471126 415
1627555110180 0.14885965472557383 416
1627555110251 0.14879733704210882 417
1627555110334 0.14872837871701583 418
1627555110397 0.14866190385251962 419
1627555110474 0.14858409409200626 420
1627555110535 0.1485132280795203 421
1627555110591 0.14845449780974795 422
1627555110669 0.1483907773340114 423
1627555110746 0.14832420277123362 424
1627555110811 0.14825731234728826 425
1627555110868 0.14819752592364405 426
1627555110960 0.14813426680950698 427
1627555111038 0.148078329071238 428
1627555111101 0.14800869915795237 429
1627555111188 0.14794349103800983 430
1627555111288 0.14788197300086978 431
1627555111378 0.14781633880359907 432
1627555111461 0.1477550070942067 433
1627555111539 0.14768896431807893 434
1627555111665 0.14761476745586383 435
1627555111742 0.14755077639847713 436
1627555111830 0.1474563237981696 437
1627555111895 0.1473892088866132 438
1627555111951 0.14732652179355268 439
1627555112005 0.1472619635023387 440
1627555112061 0.1471939292292309 441
1627555112123 0.14712957088767462 442
1627555112182 0.14706171318855016 443
1627555112278 0.15036599001786005 444
1627555116409 0.5098621632073329 0
1627555116578 0.47046175188280887 1
1627555116737 0.4357544877294903 2
1627555116885 0.4052142113083795 3
1627555117054 0.37834236878275473 4
1627555117197 0.3548795659694539 5
1627555117341 0.3345071307824431 6
1627555117546 0.31702819974104207 7
1627555117717 0.3019060640065296 8
1627555117847 0.2889758754598629 9
1627555117985 0.2777891775701506 10
1627555118165 0.2682712333040214 11
1627555118291 0.26011222769756054 12
1627555118420 0.2532064901422741 13
1627555118577 0.2472864942613395 14
1627555118737 0.24227076927581295 15
1627555118865 0.23800880624079887 16
1627555118997 0.2344375414636928 17
1627555119125 0.23134745583862035 18
1627555119244 0.22860598207889463 19
1627555119360 0.22622395131780787 20
1627555119517 0.2242240698492167 21
1627555119699 0.2224829906720406 22
1627555119852 0.22074835507206872 23
1627555119987 0.21933208490901704 24
1627555120092 0.21802964152002036 25
1627555120199 0.21691061661703676 26
1627555120334 0.2158212917049499 27
1627555120461 0.2149033449123486 28
1627555120590 0.2139920543595205 29
1627555120694 0.21323804290514656 30
1627555120804 0.21243209058608167 31
1627555120911 0.2115281759307218 32
1627555121059 0.2106969876428717 33
1627555121204 0.21002174868492188 34
1627555121325 0.20913118050715007 35
1627555121431 0.20833879421461438 36
1627555121594 0.20765248689205962 37
1627555121699 0.20709165909799726 38
1627555121804 0.2063391985338295 39
1627555121901 0.2057762772754754 40
1627555122005 0.20497801363407345 41
1627555122138 0.20449705664860318 42
1627555122274 0.20342380426043 43
1627555122386 0.20295853036111253 44
1627555122478 0.20259115890565757 45
1627555122591 0.20185320099333617 46
1627555122687 0.201450696611183 47
1627555122785 0.20105390532136208 48
1627555122928 0.2005610430054243 49
1627555123090 0.19996962903525442 50
1627555123242 0.19939198372643757 51
1627555123406 0.198624085583708 52
1627555123569 0.19793834865905413 53
1627555123674 0.1976404277882014 54
1627555123781 0.197360460507659 55
1627555123915 0.19656643473602164 56
1627555124002 0.1962671192659187 57
1627555124096 0.19601155325866979 58
1627555124193 0.19567487630732558 59
1627555124294 0.19539493390311272 60
1627555124411 0.1946927336147471 61
1627555124533 0.1943961963243356 62
1627555124625 0.19416403027223458 63
1627555124726 0.1938400677208772 64
1627555124837 0.193509647303483 65
1627555124942 0.1932629898761142 66
1627555125066 0.192676455723808 67
1627555125223 0.19205197562118873 68
1627555125317 0.19173194997818763 69
1627555125429 0.1914697586803071 70
1627555125522 0.19123908853312077 71
1627555125616 0.19099991601790373 72
1627555125720 0.19050518293938998 73
1627555125826 0.19005893940532315 74
1627555125932 0.18970110467077658 75
1627555126034 0.18942953761795095 76
1627555126134 0.18910758513332687 77
1627555126226 0.18888840162909126 78
1627555126323 0.18863945833387613 79
1627555126427 0.18837716362236118 80
1627555126536 0.18785280748763414 81
1627555126642 0.18759047099517026 82
1627555126731 0.1873749641803124 83
1627555126828 0.18717688490764423 84
1627555126935 0.18694874086689925 85
1627555127023 0.1867458773303173 86
1627555127113 0.18655285692040668 87
1627555127184 0.18636732934599598 88
1627555127269 0.1861714195298291 89
1627555127362 0.18598407405799594 90
1627555127497 0.18553040645510968 91
1627555127597 0.1853073681750473 92
1627555127705 0.18511964711885773 93
1627555127813 0.18493332702693255 94
1627555127907 0.1845958354289266 95
1627555128027 0.18431293771638863 96
1627555128116 0.18415324474238 97
1627555128227 0.18377630163174377 98
1627555128321 0.1835803108030165 99
1627555128469 0.18339518692754697 100
1627555128543 0.18322469857862309 101
1627555128642 0.18305120153261026 102
1627555128731 0.1828743945063599 103
1627555128820 0.18269513384476394 104
1627555128925 0.1824335081064495 105
1627555129013 0.18227387391548838 106
1627555129158 0.18197116672081473 107
1627555129232 0.18179495549832209 108
1627555129349 0.1816361617656841 109
1627555129467 0.18141114414948215 110
1627555129557 0.1812353620416192 111
1627555129636 0.18107872517480356 112
1627555129717 0.18092412516565956 113
1627555129793 0.1807594591378427 114
1627555129902 0.18039400489244473 115
1627555129993 0.18020054290990886 116
1627555130120 0.1799489938770796 117
1627555130212 0.179788146650548 118
1627555130310 0.1796121995456609 119
1627555130380 0.1794585217767099 120
1627555130464 0.17931659298363592 121
1627555130560 0.1791215238578699 122
1627555130655 0.17893021850666793 123
1627555130772 0.1787684008544542 124
1627555130924 0.17848401562718963 125
1627555131046 0.17829132050594368 126
1627555131137 0.17804733559783842 127
1627555131244 0.17776732384417857 128
1627555131326 0.17760426431270343 129
1627555131418 0.17743688360154522 130
1627555131493 0.17729216083188476 131
1627555131574 0.17708869419028683 132
1627555131644 0.17694338252225347 133
1627555131765 0.17672024550050092 134
1627555131854 0.17657392095399943 135
1627555131952 0.17639794666126593 136
1627555132057 0.17626521382180652 137
1627555132158 0.17614206296432994 138
1627555132218 0.17603361482133228 139
1627555132299 0.17589799939067532 140
1627555132379 0.17575543284764641 141
1627555132443 0.17563349581661394 142
1627555132524 0.17549628739890138 143
1627555132622 0.17535821369051893 144
1627555132721 0.1752172131283426 145
1627555132808 0.17509305983805434 146
1627555132954 0.1749187677908601 147
1627555133085 0.17475596377849006 148
1627555133200 0.17451410018430313 149
1627555133290 0.17436509730054284 150
1627555133359 0.17425007976226792 151
1627555133442 0.17411385874633847 152
1627555133535 0.17394093671078537 153
1627555133612 0.1738133802620848 154
1627555133699 0.1736822763202658 155
1627555133788 0.17356482842247886 156
1627555133870 0.17341948126633797 157
1627555133938 0.1732822034413448 158
1627555133996 0.1731686678277199 159
1627555134077 0.1730416694792873 160
1627555134150 0.17293238535556602 161
1627555134219 0.17282331234645412 162
1627555134298 0.17272230000710073 163
1627555134390 0.17260140452713266 164
1627555134484 0.17247051736644503 165
1627555134575 0.17229003997604098 166
1627555134684 0.17203769002893268 167
1627555134755 0.17191536238234675 168
1627555134830 0.17178933176200695 169
1627555134915 0.17166886101675272 170
1627555135002 0.17155224156056795 171
1627555135109 0.1713883814594595 172
1627555135168 0.1712786891567689 173
1627555135231 0.1711771292394973 174
1627555135329 0.17106234980786933 175
1627555135399 0.17094947455862455 176
1627555135491 0.1708323939204853 177
1627555135563 0.17073602927133236 178
1627555135660 0.17057160317432393 179
1627555135736 0.17046352337178583 180
1627555135808 0.17034166891015362 181
1627555135883 0.1702339180012346 182
1627555135967 0.17012377747469692 183
1627555136060 0.16995036859390225 184
1627555136162 0.16971096600534946 185
1627555136247 0.16957859257903726 186
1627555136347 0.16943506547590245 187
1627555136416 0.16934969599770322 188
1627555136491 0.1692269799898134 189
1627555136554 0.16913391282154294 190
1627555136668 0.16891608212219777 191
1627555136751 0.16879922851564264 192
1627555136838 0.16869339439849396 193
1627555136939 0.16858019243718442 194
1627555137056 0.16845807422643447 195
1627555137175 0.16829039270013493 196
1627555137273 0.16809284183652815 197
1627555137355 0.16798441813869688 198
1627555137428 0.16788198816472588 199
1627555137518 0.1677791902036235 200
1627555137583 0.1676955378232684 201
1627555137644 0.16759986444474856 202
1627555137714 0.16750650820420854 203
1627555137782 0.16739287613399098 204
1627555137848 0.16729002776244029 205
1627555137935 0.1671576768204995 206
1627555138008 0.1670605196645673 207
1627555138088 0.16694671186683172 208
1627555138169 0.16683842814037075 209
1627555138319 0.16664790657944464 210
1627555138407 0.16649872284805753 211
1627555138474 0.16640398606308482 212
1627555138539 0.1663013506324046 213
1627555138632 0.16619629433622507 214
1627555138710 0.16610816563505595 215
1627555138851 0.16594555527424257 216
1627555138945 0.16585200926591787 217
1627555139023 0.16575091392592053 218
1627555139091 0.16565446985622714 219
1627555139187 0.16554885689432164 220
1627555139271 0.1654432899197155 221
1627555139356 0.1653313324967664 222
1627555139422 0.16523152250775466 223
1627555139515 0.165084518590473 224
1627555139595 0.16499475070198866 225
1627555139674 0.16488579159816016 226
1627555139755 0.16478254575624474 227
1627555139833 0.1646719710677592 228
1627555139914 0.16456724110793183 229
1627555139985 0.16446508762408596 230
1627555140065 0.1643757777557456 231
1627555140162 0.16427071289394435 232
1627555140233 0.1641829087306853 233
1627555140335 0.16408523613918502 234
1627555140453 0.16397840045212403 235
1627555140558 0.16390188651966373 236
1627555140672 0.16380931755852235 237
1627555140776 0.16363769706472553 238
1627555140839 0.16354348004917402 239
1627555140903 0.1634580056956689 240
1627555140969 0.16337032298305412 241
1627555141079 0.16324738781866532 242
1627555141180 0.163079126796759 243
1627555141311 0.16298311385446518 244
1627555141398 0.1628957305155859 245
1627555141496 0.16279803195932152 246
1627555141565 0.16271332755233414 247
1627555141622 0.16262496935841345 248
1627555141703 0.16253016795054576 249
1627555141775 0.16244860635933744 250
1627555141849 0.16236138114258084 251
1627555141961 0.16225807192393382 252
1627555142036 0.1621698517782005 253
1627555142114 0.1620958212957807 254
1627555142181 0.1620079818527629 255
1627555142263 0.1619255439601297 256
1627555142357 0.16183882964585627 257
1627555142477 0.16173276653085925 258
1627555142558 0.1616405560880917 259
1627555142629 0.1615448735702572 260
1627555142689 0.16146179591840637 261
1627555142774 0.16133831835804152 262
1627555142838 0.1612540854758463 263
1627555142900 0.16117080857624003 264
1627555142975 0.1610780642764008 265
1627555143048 0.16100202205697275 266
1627555143124 0.16090952552732243 267
1627555143191 0.1608204093315873 268
1627555143255 0.16073496935586834 269
1627555143354 0.1605988040322831 270
1627555143430 0.16050979118340822 271
1627555143521 0.1603766390021656 272
1627555143603 0.1602782373715015 273
1627555143672 0.1602047157615014 274
1627555143732 0.16013075916695316 275
1627555143810 0.16004231152294576 276
1627555143884 0.15995706515639432 277
1627555143974 0.15985997471970495 278
1627555144044 0.15976968390002608 279
1627555144104 0.15968883261160413 280
1627555144165 0.15960659093217616 281
1627555144240 0.15951738677757513 282
1627555144303 0.15944403541406862 283
1627555144365 0.15935319083888444 284
1627555144422 0.15927827747344156 285
1627555144536 0.15911817423534486 286
1627555144614 0.15904096201104911 287
1627555144694 0.1589396951459367 288
1627555144750 0.15886927805822054 289
1627555144857 0.15875059703663588 290
1627555144919 0.15867522839220383 291
1627555144995 0.15859730431599972 292
1627555145061 0.15851876612459392 293
1627555145125 0.15842967713290793 294
1627555145186 0.15834763536854835 295
1627555145261 0.15826196678860208 296
1627555145327 0.15817338574364057 297
1627555145405 0.15808889646644717 298
1627555145493 0.15801528596307055 299
1627555145591 0.15791850068590685 300
1627555145656 0.1578401519930683 301
1627555145732 0.1577472841593863 302
1627555145794 0.1576830050568695 303
1627555145851 0.15761508132591742 304
1627555145947 0.15752660450460695 305
1627555146036 0.15744287049178904 306
1627555146138 0.15735995136143024 307
1627555146229 0.15724378690975163 308
1627555146306 0.15716173290322613 309
1627555146371 0.15709110698783185 310
1627555146431 0.1570197629825505 311
1627555146528 0.15693104043247424 312
1627555146601 0.1568493134119176 313
1627555146678 0.15676355075392853 314
1627555146738 0.15669747129766864 315
1627555146799 0.15662006613204182 316
1627555146889 0.15653440346118927 317
1627555146955 0.15645854732564732 318
1627555147042 0.15635628494866885 319
1627555147110 0.15627197978255367 320
1627555147174 0.1562005506870059 321
1627555147260 0.1561119696989132 322
1627555147335 0.15603576776979225 323
1627555147397 0.155951012844797 324
1627555147496 0.15587147734265314 325
1627555147578 0.15579356945769532 326
1627555147701 0.1556858565709258 327
1627555147812 0.15559865100282383 328
1627555147914 0.15552185467935667 329
1627555147981 0.15544098159744787 330
1627555148037 0.15538021912344513 331
1627555148105 0.15529568638106644 332
1627555148205 0.15520950689508398 333
1627555148280 0.15514467509883775 334
1627555148353 0.15506704944362268 335
1627555148448 0.15498771984657317 336
1627555148542 0.15490224289298835 337
1627555148645 0.15482861796223552 338
1627555148723 0.15475127204962125 339
1627555148808 0.15464133662531013 340
1627555148879 0.15456896514081775 341
1627555148961 0.1544805404756755 342
1627555149024 0.15440715812381187 343
1627555149085 0.1543506618794142 344
1627555149151 0.1542723606330477 345
1627555149207 0.1541945864919161 346
1627555149266 0.15412561844058442 347
1627555149325 0.1540535308862113 348
1627555149400 0.15398093231031554 349
1627555149483 0.15389937981816051 350
1627555149555 0.1538237840311313 351
1627555149619 0.15374634761976264 352
1627555149678 0.15369197051701497 353
1627555149756 0.15360448810418184 354
1627555149833 0.1535175524221481 355
1627555149897 0.15344446983139867 356
1627555149952 0.15337500554454828 357
1627555150031 0.15331346639176596 358
1627555150137 0.15324496209610688 359
1627555150242 0.15316464967597387 360
1627555150340 0.1531024442026735 361
1627555150432 0.15303248229872476 362
1627555150492 0.15296251042511116 363
1627555150552 0.1528889014304153 364
1627555150617 0.15281973178252117 365
1627555150679 0.15274465101793205 366
1627555150761 0.15264128944821304 367
1627555150822 0.15257867098526268 368
1627555150903 0.15251396471950696 369
1627555150965 0.15244016999787374 370
1627555151026 0.15238344191409905 371
1627555151099 0.1523126938740258 372
1627555151155 0.1522561981775803 373
1627555151225 0.15218565165580736 374
1627555151305 0.1521145255463737 375
1627555151393 0.1520204964243039 376
1627555151458 0.15194687110584865 377
1627555151525 0.15187499220077874 378
1627555151631 0.15181236861499187 379
1627555151732 0.15174787842320991 380
1627555151801 0.15167530960404596 381
1627555151871 0.15160686740427134 382
1627555151941 0.15153792509832842 383
1627555151999 0.1514624575549781 384
1627555152054 0.15140023706259492 385
1627555152110 0.15133930385671268 386
1627555152176 0.1512780310558714 387
1627555152251 0.15119719833092266 388
1627555152317 0.15112569296293718 389
1627555152393 0.15105279627429563 390
1627555152452 0.15099804220441285 391
1627555152541 0.15089873842432117 392
1627555152615 0.15081917590674407 393
1627555152703 0.1507260721741497 394
1627555152791 0.15065676849332213 395
1627555152871 0.1505883303889795 396
1627555152920 0.15053595540271764 397
1627555153028 0.15044200975709354 398
1627555153097 0.15037448002695253 399
1627555153177 0.15030337607106334 400
1627555153254 0.15023530431305038 401
1627555153338 0.15014699181867006 402
1627555153405 0.1500740021558506 403
1627555153461 0.15001940122600407 404
1627555153524 0.14995854094311442 405
1627555153624 0.14989094800984057 406
1627555153686 0.14982880740539095 407
1627555153739 0.14977745332779943 408
1627555153808 0.14972380023079396 409
1627555153877 0.14965543690084981 410
1627555153947 0.1495943672710693 411
1627555154038 0.14952541763314073 412
1627555154154 0.1494528918019853 413
1627555154256 0.1493925291897636 414
1627555154332 0.14932129603724595 415
1627555154426 0.15281973178252117 416
