1627564195083 0.5088795857795095 0
1627564195222 0.46942175943125947 1
1627564195385 0.4345098793113742 2
1627564195532 0.40383900435553904 3
1627564195662 0.3769039429672384 4
1627564195787 0.35346377445737404 5
1627564195913 0.33310812629454645 6
1627564196037 0.31559623141759896 7
1627564196162 0.3005157884575116 8
1627564196301 0.2874391391089895 9
1627564196430 0.27617166248436564 10
1627564196563 0.26655537284072284 11
1627564196692 0.25823302627498546 12
1627564196805 0.2512041243866966 13
1627564196928 0.24516788615921947 14
1627564197091 0.24010006679295806 15
1627564197202 0.23576733775932432 16
1627564197356 0.23217042908257085 17
1627564197470 0.22908949403859902 18
1627564197582 0.22627656475608796 19
1627564197686 0.22388728773332542 20
1627564197792 0.22183599770984538 21
1627564197954 0.22008789208976434 22
1627564198062 0.21850397255290474 23
1627564198208 0.2169127196638223 24
1627564198304 0.21567671054528373 25
1627564198400 0.21435645543494292 26
1627564198500 0.21332940383384066 27
1627564198612 0.21215732313555338 28
1627564198709 0.21129141949101643 29
1627564198808 0.21038875683884947 30
1627564198913 0.20973081837455956 31
1627564199055 0.20889556250238261 32
1627564199163 0.20801407364050972 33
1627564199258 0.20730732478468236 34
1627564199374 0.20639205550704579 35
1627564199515 0.2053199177624079 36
1627564199625 0.204366161606877 37
1627564199757 0.20369045673318742 38
1627564199847 0.20287830444558966 39
1627564199934 0.2024691536942455 40
1627564200028 0.20156985446175527 41
1627564200121 0.20076181848958083 42
1627564200212 0.20010943663486674 43
1627564200303 0.19968951059765103 44
1627564200386 0.19930629929826515 45
1627564200487 0.19889267431622856 46
1627564200620 0.19804052057180185 47
1627564200720 0.1972439729001459 48
1627564200816 0.1968960594186664 49
1627564200934 0.19630492656484516 50
1627564201027 0.19597505137944204 51
1627564201182 0.195615599856025 52
1627564201298 0.1946914691072698 53
1627564201379 0.19429197835268047 54
1627564201469 0.19399005546117948 55
1627564201574 0.19321390818821774 56
1627564201652 0.19294053165782743 57
1627564201728 0.1926722220407714 58
1627564201811 0.1923511399480454 59
1627564201897 0.192058249867546 60
1627564202003 0.1912411874371651 61
1627564202102 0.19065265312144786 62
1627564202187 0.19038149431041956 63
1627564202278 0.1900295632325956 64
1627564202365 0.18977350501422582 65
1627564202453 0.18948901797830367 66
1627564202540 0.18922562911920707 67
1627564202633 0.18892397279581327 68
1627564202724 0.1885867255147982 69
1627564202819 0.18823341331570062 70
1627564202911 0.18796539201782547 71
1627564203021 0.18734241915411534 72
1627564203136 0.187095303644894 73
1627564203274 0.1868207172895085 74
1627564203394 0.1861687950976912 75
1627564203482 0.1859099068533184 76
1627564203567 0.1856968596478318 77
1627564203669 0.18523410417871639 78
1627564203769 0.1846867731903464 79
1627564203859 0.18444989755221858 80
1627564203961 0.18387125698191145 81
1627564204065 0.1835970006868331 82
1627564204153 0.1833536150395998 83
1627564204241 0.18311681781524475 84
1627564204337 0.18292042443887138 85
1627564204410 0.18270960188425617 86
1627564204499 0.18247485404298736 87
1627564204578 0.1822521706874087 88
1627564204656 0.18204408625711815 89
1627564204748 0.18176523761999908 90
1627564204849 0.18157129546582848 91
1627564204943 0.18115641120105072 92
1627564205023 0.1809455496947823 93
1627564205104 0.1807351301004605 94
1627564205205 0.1802762372554237 95
1627564205290 0.18010177225582177 96
1627564205384 0.17974811232032253 97
1627564205465 0.17952019485839354 98
1627564205548 0.17934664845558712 99
1627564205646 0.17914195982032083 100
1627564205711 0.17896803849676662 101
1627564205805 0.17860818598416822 102
1627564205866 0.1784252720028191 103
1627564205947 0.17824010581342842 104
1627564206032 0.1780593069480516 105
1627564206114 0.17787741871705223 106
1627564206198 0.17770237185519086 107
1627564206286 0.17750595734646774 108
1627564206385 0.17718773360842877 109
1627564206510 0.1768745270107165 110
1627564206589 0.17670526016776403 111
1627564206670 0.17652486668112202 112
1627564206762 0.17625297594933576 113
1627564206855 0.17608386970508919 114
1627564206928 0.1759176694358907 115
1627564207019 0.17565096484293352 116
1627564207122 0.1752292595206898 117
1627564207197 0.1750554437135389 118
1627564207280 0.17487684652510685 119
1627564207356 0.17470138430238014 120
1627564207424 0.17451949817478063 121
1627564207497 0.17433354134634657 122
1627564207592 0.17416867062361913 123
1627564207689 0.17393923226721758 124
1627564207771 0.17377153791069586 125
1627564207860 0.1736230055120143 126
1627564207956 0.17347589658804774 127
1627564208040 0.1733172266279116 128
1627564208118 0.17314934613699257 129
1627564208191 0.17300066252416568 130
1627564208269 0.1728438957030845 131
1627564208362 0.17255444621500224 132
1627564208440 0.17238344705861683 133
1627564208551 0.17221528469540248 134
1627564208692 0.17201025526917108 135
1627564208760 0.1718766385563046 136
1627564208866 0.17165192864485596 137
1627564208979 0.17150141893809323 138
1627564209075 0.17134696171356328 139
1627564209141 0.17119380193602474 140
1627564209211 0.1710514452830402 141
1627564209281 0.17090902064748648 142
1627564209370 0.1706963555952623 143
1627564209460 0.1704964306220089 144
1627564209524 0.17034850135173743 145
1627564209607 0.17018514972734353 146
1627564209686 0.17004550342612257 147
1627564209769 0.1698919544868138 148
1627564209855 0.1697422646894891 149
1627564209957 0.16954030739897746 150
1627564210036 0.1693717770498113 151
1627564210111 0.16922192033014777 152
1627564210187 0.1691011555205051 153
1627564210266 0.16894053149953292 154
1627564210343 0.16881221166989094 155
1627564210428 0.16868005811091794 156
1627564210562 0.16842908189067476 157
1627564210683 0.16828176405439563 158
1627564210769 0.16814502401932407 159
1627564210886 0.1679002995009341 160
1627564210986 0.16777872441670488 161
1627564211105 0.16763315159192402 162
1627564211172 0.1675247600055381 163
1627564211252 0.16739806429960333 164
1627564211336 0.16726012383863895 165
1627564211451 0.16712635640979923 166
1627564211544 0.1669951904543541 167
1627564211640 0.16673092459275324 168
1627564211700 0.1666020897946782 169
1627564211782 0.16642462948542974 170
1627564211845 0.1662820874330061 171
1627564211929 0.16613824959956944 172
1627564212003 0.16600276778945736 173
1627564212071 0.16586907158724346 174
1627564212145 0.16573045554794036 175
1627564212219 0.16559182835377845 176
1627564212290 0.16546484648054421 177
1627564212361 0.16532663769864897 178
1627564212424 0.16521715020254005 179
1627564212496 0.16507328142649208 180
1627564212570 0.1649378583922954 181
1627564212671 0.164678945557885 182
1627564212750 0.16455424248329908 183
1627564212820 0.16443756609082932 184
1627564212893 0.16433049541418343 185
1627564212978 0.16417301155695252 186
1627564213048 0.1640457243028446 187
1627564213105 0.16393931040286228 188
1627564213169 0.16381812535950607 189
1627564213229 0.16371269889287188 190
1627564213306 0.16355549347752615 191
1627564213379 0.1634275508281046 192
1627564213455 0.16330899031624535 193
1627564213525 0.16319246686700284 194
1627564213598 0.16305486383640305 195
1627564213672 0.16291603119857095 196
1627564213743 0.16281019121508025 197
1627564213809 0.16270573290091137 198
1627564213876 0.16259735428535954 199
1627564213965 0.16249024353029198 200
1627564214033 0.16237769086562887 201
1627564214127 0.16225129226033355 202
1627564214235 0.1621423962673907 203
1627564214346 0.1620352115684383 204
1627564214410 0.16192859433363396 205
1627564214491 0.16177815151658817 206
1627564214560 0.1616805327184053 207
1627564214620 0.16158101875570668 208
1627564214679 0.16147033696700905 209
1627564214743 0.16135738518556653 210
1627564214828 0.16117096221582755 211
1627564214895 0.1610524837387074 212
1627564214964 0.16094066662058182 213
1627564215047 0.16080665569162345 214
1627564215126 0.16070140266559446 215
1627564215202 0.1605940688079572 216
1627564215285 0.16043866069978105 217
1627564215381 0.1603256232095549 218
1627564215440 0.1602212253239404 219
1627564215510 0.1601073601117806 220
1627564215635 0.1599172807617757 221
1627564215707 0.1598116581527414 222
1627564215773 0.15971552316494408 223
1627564215846 0.15960713860164594 224
1627564215930 0.159500248370874 225
1627564216016 0.1593561339251527 226
1627564216078 0.1592469234220838 227
1627564216150 0.15913646489356942 228
1627564216224 0.1590286543822527 229
1627564216292 0.15891741390068714 230
1627564216353 0.1588184039017317 231
1627564216426 0.15872056131143306 232
1627564216499 0.1586133336047037 233
1627564216560 0.15851627743465663 234
1627564216617 0.15841820018281583 235
1627564216696 0.15827605525866673 236
1627564216776 0.1581728061987389 237
1627564216850 0.15804858889360626 238
1627564216908 0.1579551847469153 239
1627564216971 0.15785462522731836 240
1627564217032 0.15775888226421705 241
1627564217091 0.1576652258045599 242
1627564217149 0.15757111298612542 243
1627564217208 0.15747190119387988 244
1627564217260 0.15738046278850296 245
1627564217317 0.1572967450786817 246
1627564217372 0.1571897432948093 247
1627564217437 0.15709940455716323 248
1627564217501 0.15701074200428045 249
1627564217571 0.15693013859574825 250
1627564217639 0.15683191405227975 251
1627564217724 0.15673238755253535 252
1627564217802 0.15662451657583268 253
1627564217882 0.15651730579435805 254
1627564217949 0.15641449169797356 255
1627564218023 0.15631675715132246 256
1627564218118 0.15622221290874355 257
1627564218176 0.15612812708049714 258
1627564218276 0.15602700854986779 259
1627564218327 0.15593680733540005 260
1627564218387 0.15585417803528798 261
1627564218455 0.16117096221582755 262
1627564222708 0.5081605386501372 0
1627564222845 0.4688008379898575 1
1627564223014 0.4340518308441081 2
1627564223131 0.40349220853288176 3
1627564223295 0.37663982763244147 4
1627564223418 0.3532442590155362 5
1627564223577 0.333007643071881 6
1627564223697 0.3155152447811002 7
1627564223825 0.30045375082580283 8
1627564223940 0.2874691177738728 9
1627564224062 0.27618620221592727 10
1627564224180 0.26656206745228905 11
1627564224302 0.258319925620157 12
1627564224418 0.25136163875204204 13
1627564224531 0.24536414275708918 14
1627564224645 0.24033393420754967 15
1627564224758 0.2359264806012152 16
1627564224934 0.23233636205120956 17
1627564225072 0.22923632598763707 18
1627564225190 0.22638768863185058 19
1627564225291 0.22398640557335622 20
1627564225393 0.2220103671491658 21
1627564225500 0.22028235256859519 22
1627564225603 0.2186603881235149 23
1627564225707 0.2169455798732973 24
1627564225805 0.215700405788877 25
1627564225900 0.21452336703363845 26
1627564225997 0.21343558977780805 27
1627564226100 0.21252163178488115 28
1627564226193 0.21158939371648344 29
1627564226292 0.21072193985945414 30
1627564226398 0.21001540624169418 31
1627564226495 0.20902229264608888 32
1627564226589 0.20819738621036163 33
1627564226671 0.20759915997251122 34
1627564226765 0.2068620069663521 35
1627564226870 0.2059312011541292 36
1627564226970 0.20504968049486952 37
1627564227064 0.2043882719800427 38
1627564227155 0.20376287524896594 39
1627564227242 0.20329734607171726 40
1627564227342 0.20226195372099198 41
1627564227495 0.2013026514510044 42
1627564227594 0.2007982133734326 43
1627564227687 0.20040590868635028 44
1627564227776 0.2000666745122308 45
1627564227873 0.19942888362338507 46
1627564227959 0.19864139585953391 47
1627564228046 0.19805732722357658 48
1627564228134 0.19770937186859203 49
1627564228253 0.1966012230925104 50
1627564228334 0.19624775895307603 51
1627564228423 0.195888699516561 52
1627564228511 0.19552915944269533 53
1627564228589 0.19522593203164035 54
1627564228680 0.19461288327939177 55
1627564228772 0.193974595580621 56
1627564228848 0.19370515495247392 57
1627564228943 0.19319724476521843 58
1627564229046 0.19287942600201016 59
1627564229130 0.19258051140661575 60
1627564229221 0.19200599985722366 61
1627564229330 0.19127673226548436 62
1627564229423 0.1910343982808952 63
1627564229519 0.1905459032502034 64
1627564229621 0.19024816108858655 65
1627564229712 0.1899410420944313 66
1627564229798 0.189582023467593 67
1627564229890 0.18885144507907134 68
1627564230018 0.18845730984196185 69
1627564230120 0.18803304481893873 70
1627564230204 0.18777673968375513 71
1627564230300 0.18731616691165717 72
1627564230396 0.18707224271355594 73
1627564230479 0.18682646413620782 74
1627564230572 0.18656668701914264 75
1627564230678 0.18591983758673206 76
1627564230755 0.18569170650981645 77
1627564230841 0.18535604765991998 78
1627564230928 0.18506840156502202 79
1627564231027 0.18471306620339606 80
1627564231127 0.1842992231326869 81
1627564231218 0.18403779309854987 82
1627564231300 0.18377753173174474 83
1627564231379 0.18355570229285204 84
1627564231469 0.1831291147999537 85
1627564231546 0.18291483086586693 86
1627564231624 0.18269379367892893 87
1627564231703 0.1824801735924074 88
1627564231786 0.18225597769027352 89
1627564231870 0.1820248842047503 90
1627564231979 0.1816481216366702 91
1627564232086 0.18131849491527113 92
1627564232166 0.1811196851478793 93
1627564232269 0.18090660081339735 94
1627564232385 0.18041263278735628 95
1627564232473 0.1801274088941801 96
1627564232571 0.17993142077150182 97
1627564232652 0.17973378343507687 98
1627564232752 0.17949419823420862 99
1627564232852 0.17926963809383836 100
1627564232953 0.17883640237429566 101
1627564233036 0.17854234772940045 102
1627564233106 0.1783475970186952 103
1627564233182 0.17815680876599568 104
1627564233270 0.17798455529340299 105
1627564233341 0.1777729577324363 106
1627564233422 0.17760962958444035 107
1627564233511 0.1773278627628769 108
1627564233602 0.1771191074584751 109
1627564233688 0.1769410151805804 110
1627564233766 0.17676149819885884 111
1627564233844 0.17655985778924263 112
1627564233921 0.1763539263306847 113
1627564234012 0.1761554615016935 114
1627564234085 0.17599113426373122 115
1627564234162 0.17581270924738143 116
1627564234241 0.17559796778499576 117
1627564234326 0.17537513706079158 118
1627564234422 0.17507661835082633 119
1627564234491 0.17490452182585706 120
1627564234567 0.17472430044907528 121
1627564234659 0.17454473970574103 122
1627564234762 0.17428519171346396 123
1627564234838 0.1741367059337838 124
1627564234911 0.1739807150814723 125
1627564234982 0.17382789846201302 126
1627564235048 0.17367356375845008 127
1627564235118 0.17352902270257775 128
1627564235203 0.173321916151787 129
1627564235288 0.17309879427091 130
1627564235349 0.17294776964243333 131
1627564235430 0.17278403494432115 132
1627564235508 0.17262216681624754 133
1627564235584 0.17248786191040763 134
1627564235661 0.1723379255609022 135
1627564235736 0.17217526489126922 136
1627564235814 0.17201234134685886 137
1627564235887 0.17184686759689166 138
1627564235975 0.17164081333642497 139
1627564236056 0.17145125020749852 140
1627564236127 0.17130152771153742 141
1627564236224 0.17114623914863566 142
1627564236346 0.17086616604485433 143
1627564236439 0.17070565851726524 144
1627564236500 0.17055757807759145 145
1627564236584 0.17040419623694936 146
1627564236698 0.1701370261377586 147
1627564236769 0.16997025594560636 148
1627564236858 0.16978662056519825 149
1627564236942 0.16965517519064047 150
1627564237007 0.1695318970922731 151
1627564237112 0.1693736192573697 152
1627564237193 0.16923179749059863 153
1627564237256 0.16911133259580324 154
1627564237337 0.16896758200160777 155
1627564237413 0.1688257258983927 156
1627564237485 0.16868350388293774 157
1627564237595 0.1685442812000775 158
1627564237672 0.16840890490209795 159
1627564237736 0.16829098836109124 160
1627564237801 0.16816246535500026 161
1627564237877 0.16799656223081036 162
1627564237950 0.1678796806075239 163
1627564238045 0.16776924039928492 164
1627564238130 0.16763724528923685 165
1627564238208 0.16749157965719846 166
1627564238283 0.16736435661265187 167
1627564238354 0.16722490342072954 168
1627564238413 0.16709500509913372 169
1627564238490 0.16694878710876782 170
1627564238559 0.1668258053183739 171
1627564238621 0.1667005052663158 172
1627564238687 0.1665799353645092 173
1627564238757 0.16645533231640466 174
1627564238835 0.16631093034108468 175
1627564238903 0.166182567936346 176
1627564238987 0.16605224903900476 177
1627564239075 0.16586130883472863 178
1627564239151 0.16571454086570953 179
1627564239214 0.16558829057687027 180
1627564239284 0.16546197248760944 181
1627564239360 0.1652915078438761 182
1627564239448 0.16510156656888952 183
1627564239517 0.16497117456338756 184
1627564239584 0.16482477455688205 185
1627564239653 0.16470123268351636 186
1627564239715 0.16457838062582697 187
1627564239810 0.164447621387145 188
1627564239889 0.16432946729529854 189
1627564239953 0.16420028780833368 190
1627564240008 0.1641010246497923 191
1627564240068 0.16398777710289864 192
1627564240157 0.16385044998471593 193
1627564240231 0.16372254819277868 194
1627564240296 0.1636023354776148 195
1627564240354 0.1634979958029501 196
1627564240414 0.1633958991318437 197
1627564240483 0.16326916226130053 198
1627564240544 0.1631681322169855 199
1627564240637 0.16304944605938365 200
1627564240696 0.1629399844251995 201
1627564240786 0.16274154076903374 202
1627564240861 0.16261167727050357 203
1627564240932 0.1624970931269344 204
1627564240988 0.16239566939155187 205
1627564241070 0.16224003736713094 206
1627564241175 0.16211325645428837 207
1627564241260 0.16191818997948818 208
1627564241323 0.16181447550542727 209
1627564241394 0.16169019935979367 210
1627564241465 0.1615814051269544 211
1627564241547 0.16145595365529633 212
1627564241624 0.16132410524333013 213
1627564241700 0.1612109699235807 214
1627564241762 0.161107631028138 215
1627564241844 0.16099333354319748 216
1627564241924 0.1608835541249412 217
1627564241994 0.1607709648822458 218
1627564242049 0.16066678218683045 219
1627564242104 0.16055554276216358 220
1627564242167 0.1604498935594163 221
1627564242240 0.16031623463712538 222
1627564242310 0.16019005721238333 223
1627564242382 0.16009338589001398 224
1627564242457 0.1599738923530656 225
1627564242521 0.15987663999748095 226
1627564242574 0.15976867223292107 227
1627564242641 0.1596633560500637 228
1627564242725 0.15954951837612552 229
1627564242794 0.15943797422857242 230
1627564242874 0.15930531735637163 231
1627564242934 0.15922657449283487 232
1627564243004 0.1591278615148892 233
1627564243062 0.15905006739311084 234
1627564243119 0.1589433149128169 235
1627564243191 0.1588383843672969 236
1627564243264 0.1587422917737129 237
1627564243345 0.15860260055470252 238
1627564243399 0.15849944909760763 239
1627564243483 0.15839813854488008 240
1627564243538 0.1582963543826111 241
1627564243603 0.15818972981169202 242
1627564243681 0.15807340722751295 243
1627564243743 0.1579721419397755 244
1627564243804 0.15787943585727507 245
1627564243883 0.15774825771815476 246
1627564243963 0.15762130940977875 247
1627564244028 0.1575365804089285 248
1627564244089 0.1574460202251779 249
1627564244175 0.15735081589777353 250
1627564244234 0.15725501282547893 251
1627564244294 0.15715021708616184 252
1627564244370 0.1570241544772871 253
1627564244488 0.15689164773439424 254
1627564244565 0.1567654803105827 255
1627564244625 0.15665885195251023 256
1627564244691 0.15656059781904244 257
1627564244745 0.15645903372392192 258
1627564244812 0.15635899918783086 259
1627564244877 0.1562566284333038 260
1627564244945 0.1561574531841711 261
1627564245009 0.15606625993139603 262
1627564245078 0.155967914604391 263
1627564245139 0.15587262858437037 264
1627564245198 0.1557766964812428 265
1627564245273 0.15565486841736573 266
1627564245346 0.15555306957848034 267
1627564245414 0.15545417095660044 268
1627564245473 0.15535707684649594 269
1627564245556 0.15521457278921866 270
1627564245632 0.15508526279887772 271
1627564245693 0.15500409131386594 272
1627564245757 0.15490239829673233 273
1627564245809 0.15483035187168673 274
1627564245875 0.15474790455815596 275
1627564245971 0.15459622875528697 276
1627564246029 0.15450125753550184 277
1627564246098 0.15439944928844074 278
1627564246156 0.1543234188528986 279
1627564246220 0.15421572713136783 280
1627564246282 0.1541270288314968 281
1627564246373 0.15402576196348577 282
1627564246443 0.1539424947408918 283
1627564246501 0.1538500536040812 284
1627564246571 0.15375381508098293 285
1627564246661 0.15365900792951165 286
1627564246730 0.15355215289030266 287
1627564246803 0.1534592467371608 288
1627564246867 0.15335602112195346 289
1627564246924 0.15327052923143683 290
1627564246996 0.15315118058194008 291
1627564247067 0.15306026661686933 292
1627564247148 0.15295429392859128 293
1627564247216 0.15286295068962602 294
1627564247276 0.15276963655518305 295
1627564247336 0.1526776497108849 296
1627564247406 0.15256923503797165 297
1627564247478 0.1524735540695247 298
1627564247540 0.1523963943604063 299
1627564247618 0.15232082408522202 300
1627564247673 0.15223336229734796 301
1627564247745 0.15214251554626013 302
1627564247822 0.15202774947476042 303
1627564247881 0.15193247439712218 304
1627564247956 0.15183605201059225 305
1627564248018 0.1517492095193162 306
1627564248079 0.15165869301571816 307
1627564248146 0.15156859986225307 308
1627564248243 0.1514838973178791 309
1627564248315 0.15139012499854468 310
1627564248386 0.15130795310070289 311
1627564248461 0.1512375756721379 312
1627564248580 0.15114254188011578 313
1627564248667 0.15106826593401732 314
1627564248733 0.1509862136691654 315
1627564248790 0.15089690257592117 316
1627564248849 0.1508124178446976 317
1627564248926 0.15073270555261392 318
1627564248998 0.15064212377383263 319
1627564249045 0.15055724987653388 320
1627564249108 0.15046841588165163 321
1627564249168 0.15039427639932976 322
1627564249283 0.1502628714780572 323
1627564249362 0.15018630856634377 324
1627564249434 0.15009544838806504 325
1627564249491 0.15000366986288188 326
1627564249568 0.149919098308189 327
1627564249618 0.1498478945532079 328
1627564249685 0.14977289218111034 329
1627564249760 0.14965339397549746 330
1627564249841 0.14956299234375678 331
1627564249914 0.1494654980781641 332
1627564249974 0.14937934951761486 333
1627564250042 0.14928061688716868 334
1627564250107 0.14920459980218626 335
1627564250168 0.1491230283945667 336
1627564250225 0.14904674916290836 337
1627564250292 0.1489716408354643 338
1627564250370 0.14886878082698876 339
1627564250426 0.14878063084774856 340
1627564250484 0.1486941712094504 341
1627564250537 0.14862906903032477 342
1627564250594 0.14853865836885694 343
1627564250664 0.14845169318689422 344
1627564250722 0.1483641023112234 345
1627564250800 0.14823161147949573 346
1627564250849 0.1481460198780922 347
1627564250907 0.14805013933908764 348
1627564250964 0.1479678406221944 349
1627564251057 0.1478912952058332 350
1627564251121 0.14781135764184752 351
1627564251197 0.14774581593595432 352
1627564251287 0.14762878608226848 353
1627564251358 0.14754348768081813 354
1627564251453 0.15193247439712218 355
1627564255522 0.5088792042464675 0
1627564255657 0.46939361350047093 1
1627564255782 0.4345026024533249 2
1627564255900 0.40383048460683446 3
1627564256019 0.3769752068644121 4
1627564256141 0.35351897626348056 5
1627564256255 0.33325504585299076 6
1627564256380 0.315754686336107 7
1627564256501 0.3006964802095475 8
1627564256618 0.2876794646043441 9
1627564256730 0.2764002997978408 10
1627564256837 0.2668158406504681 11
1627564256948 0.258457735653153 12
1627564257056 0.25143664307633184 13
1627564257159 0.24543560449100696 14
1627564257264 0.2403696947340531 15
1627564257368 0.2360328429405611 16
1627564257483 0.23241661508620404 17
1627564257591 0.22934874792161997 18
1627564257689 0.22649030726654834 19
1627564257787 0.2241136600982054 20
1627564257887 0.22202708827905587 21
1627564257998 0.22029643581270902 22
1627564258102 0.21857394811695188 23
1627564258206 0.21713539057553458 24
1627564258304 0.21594631873925493 25
1627564258404 0.21473626512894767 26
1627564258498 0.21359810532299756 27
1627564258598 0.21262566318851617 28
1627564258689 0.21147462806376757 29
1627564258787 0.2106349772167124 30
1627564258883 0.2098829524470027 31
1627564258979 0.20897976939170587 32
1627564259074 0.20803237984721715 33
1627564259161 0.20738564821998803 34
1627564259252 0.20669055802600836 35
1627564259348 0.20564547945980916 36
1627564259436 0.20483486731750533 37
1627564259524 0.2041484618893986 38
1627564259618 0.2034525476509151 39
1627564259731 0.20295702634627671 40
1627564259821 0.20219939910067367 41
1627564259917 0.20177369409714566 42
1627564260014 0.20081961723435937 43
1627564260115 0.20042804020788102 44
1627564260209 0.20000980261665957 45
1627564260300 0.19966108519495185 46
1627564260405 0.19859894699278002 47
1627564260501 0.19801352686460272 48
1627564260591 0.19757837517719568 49
1627564260711 0.19671013844971852 50
1627564260828 0.19642078416577158 51
1627564260970 0.19598214685458418 52
1627564261115 0.1955381620937287 53
1627564261202 0.19512167329425964 54
1627564261291 0.19452750342387248 55
1627564261384 0.194203891655524 56
1627564261474 0.19364517309670506 57
1627564261582 0.19328837103108457 58
1627564261697 0.19258595300845371 59
1627564261787 0.19227215909445036 60
1627564261890 0.19140269828702913 61
1627564261987 0.1908644171461279 62
1627564262065 0.1906047072102873 63
1627564262153 0.19030945323371312 64
1627564262246 0.189990318952366 65
1627564262358 0.18966992086755796 66
1627564262500 0.18913569429199614 67
1627564262595 0.18854759331983031 68
1627564262725 0.18822480192900867 69
1627564262826 0.18798110149118052 70
1627564262906 0.18772398921172162 71
1627564263013 0.18719962337122803 72
1627564263136 0.18694032572673003 73
1627564263240 0.18641284220548335 74
1627564263376 0.1860868845150802 75
1627564263508 0.18546894794394467 76
1627564263597 0.18522046526979588 77
1627564263703 0.1849832597859195 78
1627564263826 0.1847265272770163 79
1627564263924 0.1843868744391503 80
1627564264031 0.18389961491042842 81
1627564264127 0.18360963633318453 82
1627564264213 0.18336673955990326 83
1627564264298 0.18313125764135152 84
1627564264393 0.18288246220327045 85
1627564264468 0.18266573650347942 86
1627564264542 0.18244497438455398 87
1627564264616 0.18222357443554152 88
1627564264722 0.18190952986892633 89
1627564264808 0.18159326534588563 90
1627564264932 0.18137450082553383 91
1627564265057 0.18116571534835033 92
1627564265139 0.1809385627214921 93
1627564265262 0.18073017431625316 94
1627564265356 0.18048034775097607 95
1627564265456 0.18006193583952443 96
1627564265540 0.1798802831947924 97
1627564265649 0.1794676512940537 98
1627564265732 0.1792709078937282 99
1627564265836 0.17905738390285578 100
1627564265919 0.17875471895157397 101
1627564266000 0.1785728195916596 102
1627564266068 0.17837476763026702 103
1627564266146 0.1781858308736626 104
1627564266228 0.17801025595212436 105
1627564266303 0.17781564354143756 106
1627564266398 0.17745969760774974 107
1627564266537 0.17728238437627594 108
1627564266620 0.17711196196565235 109
1627564266731 0.176920339681469 110
1627564266837 0.1767442616703314 111
1627564266915 0.1765272965873016 112
1627564266993 0.17634962870164655 113
1627564267103 0.17613459511787208 114
1627564267193 0.17596102677956688 115
1627564267262 0.1757868492339499 116
1627564267351 0.1755897665339672 117
1627564267440 0.17541577281802898 118
1627564267592 0.17509457666420442 119
1627564267681 0.17491937501060287 120
1627564267769 0.17471738831486633 121
1627564267853 0.17453050225191089 122
1627564267943 0.17426468357687952 123
1627564268033 0.17406919324683257 124
1627564268094 0.17392471223459838 125
1627564268159 0.17378561804564396 126
1627564268264 0.17362790812222895 127
1627564268372 0.1733359134986333 128
1627564268449 0.1731678384101991 129
1627564268542 0.17294575906961995 130
1627564268637 0.1726253544743059 131
1627564268720 0.1724769550251821 132
1627564268795 0.17231291488289255 133
1627564268896 0.17215498428515483 134
1627564268978 0.1719815740281574 135
1627564269046 0.1718317373989454 136
1627564269133 0.17155690096364254 137
1627564269213 0.17138042642318094 138
1627564269284 0.17122475454164773 139
1627564269378 0.17107105563148053 140
1627564269451 0.17093115245569246 141
1627564269567 0.1707754756296216 142
1627564269629 0.17065865440732847 143
1627564269703 0.17051205448532636 144
1627564269780 0.17035336536901433 145
1627564269842 0.1702188901486982 146
1627564269911 0.17009065929194664 147
1627564269977 0.1699401929181396 148
1627564270048 0.16980032857940497 149
1627564270134 0.1696547397428126 150
1627564270226 0.16944648867658285 151
1627564270309 0.1692515662538452 152
1627564270384 0.16908924470795128 153
1627564270452 0.1689602873493945 154
1627564270526 0.16881490959341267 155
1627564270608 0.1686471540695415 156
1627564270684 0.1684971213937259 157
1627564270756 0.16835720042661742 158
1627564270818 0.16822031556450925 159
1627564270904 0.16808289812467583 160
1627564270976 0.16796861917320208 161
1627564271041 0.16782995218987642 162
1627564271102 0.16770339023431163 163
1627564271169 0.16757212318792045 164
1627564271233 0.16743769011045032 165
1627564271294 0.167304040086998 166
1627564271362 0.1671948330776092 167
1627564271432 0.16707579942705486 168
1627564271494 0.16693707580965764 169
1627564271595 0.16680072663889814 170
1627564271706 0.16667788869344152 171
1627564271837 0.16645628572597285 172
1627564271908 0.16632642986337723 173
1627564272003 0.16619307488270182 174
1627564272070 0.16607259719886816 175
1627564272139 0.1659417771054149 176
1627564272258 0.16570360528981723 177
1627564272325 0.16557012490084316 178
1627564272422 0.1654290884882073 179
1627564272476 0.16532931045992189 180
1627564272556 0.16519276641539352 181
1627564272630 0.16506773498546726 182
1627564272724 0.16491381623999052 183
1627564272801 0.164782843043409 184
1627564272888 0.16463286055740234 185
1627564272959 0.16452231027969458 186
1627564273035 0.16440893324864939 187
1627564273124 0.16423524622734645 188
1627564273186 0.1641261267479372 189
1627564273267 0.16401042523864465 190
1627564273351 0.16386464693140942 191
1627564273442 0.16370630761770402 192
1627564273538 0.16347809095963842 193
1627564273600 0.1633586443394375 194
1627564273685 0.16318489506794734 195
1627564273751 0.1630747108241739 196
1627564273862 0.16292186706743803 197
1627564273961 0.16280523204663064 198
1627564274030 0.16269071527989648 199
1627564274124 0.1625786107761676 200
1627564274202 0.1624665750772088 201
1627564274267 0.1623439147725512 202
1627564274334 0.16222299268227108 203
1627564274396 0.16211562025390894 204
1627564274478 0.16199213109486815 205
1627564274529 0.1618784030733707 206
1627564274639 0.1617686480822413 207
1627564274703 0.16166244703727087 208
1627564274759 0.1615661116959652 209
1627564274850 0.1614632273039272 210
1627564274941 0.16136146961279282 211
1627564274997 0.16125267614057226 212
1627564275072 0.1611345643615331 213
1627564275173 0.16092551171988845 214
1627564275240 0.16081881926317468 215
1627564275313 0.16070289994471318 216
1627564275398 0.16052997872853034 217
1627564275462 0.1604200000703983 218
1627564275526 0.16030651623252137 219
1627564275592 0.16020089359722878 220
1627564275658 0.16010067823548663 221
1627564275722 0.15999269373319078 222
1627564275795 0.15986457825943232 223
1627564275848 0.159775318569396 224
1627564275913 0.1596744513188623 225
1627564275991 0.15955468524527497 226
1627564276051 0.1594587852847914 227
1627564276118 0.15934346105326905 228
1627564276187 0.15924308821117172 229
1627564276245 0.15914010930067365 230
1627564276313 0.15902682490426903 231
1627564276382 0.15891527004228959 232
1627564276462 0.15880067536238038 233
1627564276569 0.15865785599628568 234
1627564276651 0.15855208661747403 235
1627564276723 0.15845443048023744 236
1627564276787 0.15835722019133314 237
1627564276870 0.1582558632957274 238
1627564276948 0.1581506451473828 239
1627564277039 0.15805176940055005 240
1627564277104 0.15794522750364673 241
1627564277161 0.15784007755843807 242
1627564277241 0.15773112496379277 243
1627564277307 0.15762958032908342 244
1627564277384 0.15749382597378947 245
1627564277442 0.15738680271068878 246
1627564277505 0.1572834377971455 247
1627564277574 0.157177937371687 248
1627564277648 0.1570805614135503 249
1627564277746 0.15693750555673788 250
1627564277801 0.15683796206390402 251
1627564277866 0.15672739163425306 252
1627564277929 0.15663880885104844 253
1627564277992 0.15655342935734573 254
1627564278045 0.15646106703100565 255
1627564278104 0.15636474102257936 256
1627564278210 0.15625554504958608 257
1627564278303 0.15615161766724234 258
1627564278388 0.1560444691504669 259
1627564278450 0.1559444458409963 260
1627564278520 0.15583768416928484 261
1627564278616 0.1557409248403439 262
1627564278708 0.15565010986745612 263
1627564278809 0.15554792980989254 264
1627564278866 0.1554620817064493 265
1627564278966 0.15536629868244223 266
1627564279065 0.1552717999615828 267
1627564279131 0.1551611450373726 268
1627564279202 0.15506066683683897 269
1627564279262 0.1549776661906196 270
1627564279327 0.15488159987505715 271
1627564279386 0.15479392590817928 272
1627564279452 0.15470003286310963 273
1627564279529 0.1546118220617562 274
1627564279615 0.15450555185017587 275
1627564279712 0.15435088273100953 276
1627564279765 0.15425539142010877 277
1627564279823 0.15415983422960108 278
1627564279888 0.1540709050551066 279
1627564279952 0.15397334794705567 280
1627564280012 0.1538769318494968 281
1627564280076 0.15380358873321007 282
1627564280126 0.1537185887635924 283
1627564280196 0.15361650876520944 284
1627564280268 0.15352825746254695 285
1627564280368 0.15344104125940475 286
1627564280448 0.15333523732263965 287
1627564280534 0.15835722019133314 288
1627564284774 0.5070221653672422 0
1627564284920 0.46782644346893587 1
1627564285052 0.4332764720335147 2
1627564285185 0.4029004376944703 3
1627564285307 0.37607258727452597 4
1627564285428 0.35270446618640783 5
1627564285547 0.3324814040921369 6
1627564285668 0.31496310730816646 7
1627564285796 0.2999384312488233 8
1627564285910 0.2869637187617081 9
1627564286022 0.2757547619053293 10
1627564286144 0.2661580722323341 11
1627564286319 0.257868873409211 12
1627564286430 0.2509350130977771 13
1627564286578 0.24495594174897753 14
1627564286724 0.23991979892107507 15
1627564286855 0.23556385861311271 16
1627564287006 0.23199714708159958 17
1627564287143 0.22891469864510092 18
1627564287293 0.2260911442188705 19
1627564287437 0.22374078509571668 20
1627564287546 0.22173360288076624 21
1627564287659 0.21996414060978361 22
1627564287760 0.21821449919266694 23
1627564287859 0.2166858400772347 24
1627564287961 0.21556027151465545 25
1627564288062 0.21436586203426822 26
1627564288165 0.21341194999840518 27
1627564288322 0.21225929418123962 28
1627564288474 0.21128235535832515 29
1627564288573 0.2104128650047186 30
1627564288684 0.20970873950053306 31
1627564288825 0.2087418198374885 32
1627564288931 0.20791997499742856 33
1627564289026 0.20730488159206217 34
1627564289116 0.2064835527213522 35
1627564289246 0.20543831256314635 36
1627564289364 0.20455801961657197 37
1627564289489 0.2040123353617411 38
1627564289610 0.20329428536414446 39
1627564289707 0.20278881263519588 40
1627564289799 0.20195183322050664 41
1627564289899 0.20152902949601822 42
1627564289997 0.200861870298828 43
1627564290105 0.20022601216831445 44
1627564290194 0.19985235792359252 45
1627564290303 0.19876651220278113 46
1627564290400 0.19805590303217405 47
1627564290496 0.19739636554073722 48
1627564290597 0.19705970312823515 49
1627564290706 0.19642854043199914 50
1627564290793 0.1960802409919786 51
1627564290885 0.1955116827004429 52
1627564290991 0.1949347921347709 53
1627564291075 0.19451098528434135 54
1627564291181 0.19376761055139807 55
1627564291297 0.19284702644437338 56
1627564291389 0.1924696214268581 57
1627564291474 0.19220660598454675 58
1627564291579 0.19152068589793023 59
1627564291666 0.19121466674374127 60
1627564291782 0.19045265914297854 61
1627564291881 0.1901108288309927 62
1627564291964 0.18983071861669548 63
1627564292055 0.18953429677377484 64
1627564292149 0.18926346776892988 65
1627564292231 0.1889651125727425 66
1627564292326 0.18854933756787137 67
1627564292423 0.1881730966962574 68
1627564292515 0.18781723433755004 69
1627564292624 0.18754997040503718 70
1627564292724 0.18723883315407983 71
1627564292850 0.18680042337347835 72
1627564292943 0.1864221713874779 73
1627564293045 0.18609946481836295 74
1627564293147 0.18584409790152231 75
1627564293236 0.18558827866813252 76
1627564293325 0.18535629874755338 77
1627564293404 0.1851248813117244 78
1627564293495 0.18489354919368386 79
1627564293606 0.18429120005771377 80
1627564293690 0.1840140321935507 81
1627564293773 0.18374655990359362 82
1627564293860 0.183445120285933 83
1627564293931 0.18321826356616297 84
1627564294017 0.18290685721995326 85
1627564294100 0.1825795435466015 86
1627564294212 0.18227953665661595 87
1627564294306 0.18205293499865957 88
1627564294409 0.18161306722939524 89
1627564294490 0.18138933175516556 90
1627564294577 0.18114696951670645 91
1627564294683 0.18091895185530701 92
1627564294761 0.18070578476701163 93
1627564294837 0.18051531667261186 94
1627564294935 0.18011322252765138 95
1627564295033 0.17988071993939736 96
1627564295111 0.17969262353806695 97
1627564295199 0.179482250529391 98
1627564295297 0.17926231599443074 99
1627564295431 0.17905636863579177 100
1627564295552 0.17874086841777775 101
1627564295664 0.17854593795403936 102
1627564295747 0.17835236412309358 103
1627564295820 0.17815713995866775 104
1627564295924 0.1779413656747439 105
1627564296002 0.17776039700352364 106
1627564296127 0.1774331521081253 107
1627564296235 0.1772503285292729 108
1627564296336 0.17692057588726798 109
1627564296420 0.17673604412918237 110
1627564296494 0.17654696245494003 111
1627564296580 0.17636336411008843 112
1627564296656 0.17618651988249484 113
1627564296752 0.17594297999198674 114
1627564296845 0.1757507678497337 115
1627564296925 0.1755240674752437 116
1627564296992 0.17535632253745387 117
1627564297081 0.17517573478386228 118
1627564297178 0.17482613675839276 119
1627564297282 0.17449912012605123 120
1627564297358 0.1743224855047042 121
1627564297429 0.17415283657913408 122
1627564297507 0.17394515378009787 123
1627564297600 0.17373175534830004 124
1627564297679 0.17356549849782646 125
1627564297802 0.17332553572023698 126
1627564297909 0.17309161574241963 127
1627564297993 0.17286671877866888 128
1627564298078 0.1726991618593043 129
1627564298169 0.1725148767637672 130
1627564298261 0.1723527438877691 131
1627564298340 0.17219518174885878 132
1627564298422 0.17200693695079464 133
1627564298511 0.17185618230859137 134
1627564298597 0.171698980591676 135
1627564298671 0.1715320925174033 136
1627564298759 0.171381778682861 137
1627564298833 0.1712264436209511 138
1627564298899 0.17107251246719712 139
1627564298955 0.17094463070707258 140
1627564299043 0.17074201455703747 141
1627564299117 0.17058332173373855 142
1627564299191 0.1703846168635151 143
1627564299273 0.1702337106772454 144
1627564299337 0.17009884347033608 145
1627564299426 0.16989383005809194 146
1627564299502 0.1697530498279075 147
1627564299587 0.16957335470203616 148
1627564299673 0.16942966598501233 149
1627564299757 0.169294039709307 150
1627564299862 0.16904642074903692 151
1627564299940 0.16890870551414958 152
1627564300048 0.16877138974758576 153
1627564300124 0.16864679404649627 154
1627564300220 0.1684491448796453 155
1627564300316 0.16831454045434174 156
1627564300391 0.16817518799532408 157
1627564300478 0.16797852419119066 158
1627564300575 0.16782975292563146 159
1627564300672 0.16768982391563747 160
1627564300774 0.16753912287790163 161
1627564300859 0.1674063755125419 162
1627564300927 0.1672950996612343 163
1627564301002 0.1671536159922335 164
1627564301074 0.16702324841672628 165
1627564301149 0.16687919784113966 166
1627564301231 0.16675674866553802 167
1627564301290 0.16664822693824186 168
1627564301357 0.1665167505702969 169
1627564301421 0.16639718215270688 170
1627564301492 0.16626149140222435 171
1627564301549 0.16611968980084799 172
1627564301614 0.1659812758855785 173
1627564301674 0.16586729221660138 174
1627564301743 0.16573223039584767 175
1627564301812 0.16559558577463382 176
1627564301897 0.165417440162198 177
1627564301971 0.16528678188273002 178
1627564302046 0.16515341780705342 179
1627564302125 0.16502123442368716 180
1627564302184 0.16490942299828787 181
1627564302254 0.16478757876120348 182
1627564302343 0.1646662868696284 183
1627564302404 0.1645465763982474 184
1627564302463 0.16443563905079722 185
1627564302538 0.16430917915980264 186
1627564302629 0.16413783018477854 187
1627564302720 0.16402126296930664 188
1627564302789 0.16390711842111685 189
1627564302867 0.16376375334943263 190
1627564302925 0.16367429525083568 191
1627564302984 0.16355067354471722 192
1627564303079 0.16338191543250719 193
1627564303161 0.16324359082409787 194
1627564303224 0.16312720993311605 195
1627564303295 0.16299762418774513 196
1627564303372 0.16287922023181928 197
1627564303456 0.1627469747046477 198
1627564303533 0.16262194672134364 199
1627564303609 0.16250873540904034 200
1627564303686 0.16238573169906206 201
1627564303769 0.16220146642862535 202
1627564303832 0.1620858969109803 203
1627564303927 0.1619454918303116 204
1627564303993 0.1618231426526801 205
1627564304066 0.16170980277379945 206
1627564304152 0.1615486186928421 207
1627564304223 0.16143326168219213 208
1627564304304 0.1613161828708477 209
1627564304371 0.16120310728322712 210
1627564304436 0.16111179843359852 211
1627564304513 0.16098667404448505 212
1627564304582 0.16089506291440817 213
1627564304656 0.16078993045566004 214
1627564304724 0.1606886357063538 215
1627564304790 0.16057760131225285 216
1627564304865 0.16047715149304329 217
1627564304929 0.16036875121125774 218
1627564304998 0.16023822558887216 219
1627564305090 0.16007834148597572 220
1627564305158 0.15997579577229232 221
1627564305224 0.15988448650497247 222
1627564305285 0.15978212295821737 223
1627564305352 0.15969023230196464 224
1627564305449 0.15958584651475022 225
1627564305537 0.1594605096944975 226
1627564305597 0.15935903089318884 227
1627564305659 0.15925326779223517 228
1627564305751 0.15914907104445086 229
1627564305852 0.15903199047354705 230
1627564305924 0.15891794277181398 231
1627564306018 0.15874816235111963 232
1627564306087 0.15864001467583927 233
1627564306156 0.15853437598779446 234
1627564306246 0.15837075855129898 235
1627564306328 0.15825705212395985 236
1627564306403 0.15814242396488165 237
1627564306467 0.1580400003915815 238
1627564306530 0.15793747574611983 239
1627564306594 0.15783647398343256 240
1627564306662 0.15772257541281953 241
1627564306726 0.15762865959625383 242
1627564306802 0.15752709035274526 243
1627564306858 0.15742841764924118 244
1627564306948 0.15728373490186276 245
1627564307021 0.15716437782060602 246
1627564307091 0.1570547915935319 247
1627564307154 0.1569606910222291 248
1627564307229 0.15685752706663464 249
1627564307306 0.156761730302159 250
1627564307367 0.1566646130815984 251
1627564307425 0.15656412788879717 252
1627564307504 0.15645844807955914 253
1627564307591 0.15634719189682394 254
1627564307652 0.15624477802422548 255
1627564307722 0.1561364597576764 256
1627564307793 0.15604103687649606 257
1627564307864 0.15592876253079244 258
1627564307942 0.15581108838804833 259
1627564308007 0.15570959902132542 260
1627564308083 0.15558883751842095 261
1627564308172 0.15550260847251982 262
1627564308285 0.1554100045587139 263
1627564308375 0.15531584506238905 264
1627564308442 0.15522295652334228 265
1627564308528 0.1550537356072832 266
1627564308591 0.15496084814801642 267
1627564308658 0.15485595907521027 268
1627564308712 0.15477802935413218 269
1627564308785 0.15469281345094382 270
1627564308845 0.15461116029474747 271
1627564308904 0.15453253372751044 272
1627564308961 0.15443453542103996 273
1627564309012 0.15435243386204045 274
1627564309082 0.1542595563877152 275
1627564309137 0.15417699208694888 276
1627564309201 0.15407625912448455 277
1627564309255 0.15397550221734954 278
1627564309322 0.15388495123778 279
1627564309382 0.15377989272061282 280
1627564309439 0.15369849211994555 281
1627564309513 0.1536001784555138 282
1627564309584 0.15350963885070146 283
1627564309636 0.15342653663592373 284
1627564309690 0.153348230294402 285
1627564309761 0.15325052704372352 286
1627564309831 0.15314863517230054 287
1627564309908 0.15304773492127127 288
1627564309974 0.15295570960294294 289
1627564310048 0.1528705965861691 290
1627564310116 0.1527928289539131 291
1627564310183 0.1526983118088178 292
1627564310253 0.15261031914288348 293
1627564310308 0.15251993218824703 294
1627564310367 0.1524201388568626 295
1627564310423 0.1523281713388105 296
1627564310483 0.1522402417014755 297
1627564310552 0.1521561352283726 298
1627564310609 0.15207358385073771 299
1627564310710 0.1519956292073516 300
1627564310802 0.15190246439853686 301
1627564310900 0.1566646130815984 302
1627564315381 0.5097115173215208 0
1627564315522 0.4701813054049552 1
1627564315642 0.43526791123916714 2
1627564315789 0.4046211818491353 3
1627564315936 0.37761898490745455 4
1627564316100 0.3541080574370132 5
1627564316247 0.33373126620677446 6
1627564316378 0.3161587421527672 7
1627564316501 0.3009790014996521 8
1627564316654 0.28790572917560603 9
1627564316789 0.27658525840115966 10
1627564316957 0.26693455994342863 11
1627564317092 0.25865572181626517 12
1627564317225 0.25166592224971124 13
1627564317330 0.2456744939789153 14
1627564317443 0.2406635919089423 15
1627564317555 0.2362980322163484 16
1627564317668 0.23270971312024963 17
1627564317781 0.229647242240204 18
1627564317890 0.22680380181480395 19
1627564317993 0.224470900749127 20
1627564318099 0.22246043638487564 21
1627564318247 0.22075295176691304 22
1627564318416 0.21910883598112502 23
1627564318514 0.21765723249826258 24
1627564318639 0.2163757638533576 25
1627564318793 0.21522302859336834 26
1627564318888 0.21409607355334376 27
1627564319045 0.2131491425291729 28
1627564319144 0.21220611275066767 29
1627564319245 0.21134855619693638 30
1627564319381 0.21063841702718195 31
1627564319481 0.2098809117519418 32
1627564319591 0.2089651580127199 33
1627564319682 0.20827340634843425 34
1627564319772 0.20736203073240966 35
1627564319861 0.20639641709561893 36
1627564319955 0.20518154379822703 37
1627564320054 0.20425381751803526 38
1627564320150 0.2035753074996552 39
1627564320245 0.20315162437427872 40
1627564320369 0.2025095471117387 41
1627564320461 0.20164046110233796 42
1627564320604 0.20124971290243646 43
1627564320694 0.20053210036354038 44
1627564320781 0.2001671324949478 45
1627564320880 0.1994289294155441 46
1627564320976 0.19884614665889958 47
1627564321079 0.19844979763059623 48
1627564321175 0.19788379773488465 49
1627564321301 0.19680793623533369 50
1627564321383 0.19646437100133482 51
1627564321487 0.195555744000916 52
1627564321587 0.1950661319967719 53
1627564321675 0.19455587818996134 54
1627564321773 0.19410684672865502 55
1627564321867 0.1934603901395523 56
1627564321995 0.19319866498779245 57
1627564322163 0.19268358949743963 58
1627564322263 0.19228992602003817 59
1627564322353 0.1919680388507151 60
1627564322447 0.19170726767965013 61
1627564322571 0.19113689271389236 62
1627564322649 0.19086496487329516 63
1627564322753 0.19057536716653461 64
1627564322843 0.19017472526787188 65
1627564322940 0.18983419455615733 66
1627564323031 0.18942179327803718 67
1627564323128 0.18886169193108238 68
1627564323231 0.18857743100521476 69
1627564323328 0.1883303125540617 70
1627564323429 0.1879939520666711 71
1627564323510 0.18772827662051017 72
1627564323600 0.1874325514460302 73
1627564323697 0.18685744789839867 74
1627564323829 0.18661866615643857 75
1627564323935 0.18610329863976302 76
1627564324019 0.18587023251727686 77
1627564324103 0.1856148540950026 78
1627564324174 0.18537859881744473 79
1627564324264 0.18513867455525085 80
1627564324375 0.1846221494429529 81
1627564324462 0.18438758631813873 82
1627564324544 0.18416031532987867 83
1627564324627 0.1838942952432484 84
1627564324729 0.18335601303987573 85
1627564324808 0.1831316597353344 86
1627564324884 0.18290129904023392 87
1627564324997 0.18267151736559323 88
1627564325112 0.18243068551810596 89
1627564325200 0.18221444643989376 90
1627564325341 0.1817275923000081 91
1627564325428 0.18150940126397963 92
1627564325514 0.18131185298839644 93
1627564325608 0.18104135317966072 94
1627564325691 0.18083267902004613 95
1627564325790 0.18048060709818467 96
1627564325867 0.18029889326439627 97
1627564325963 0.18004404435554308 98
1627564326052 0.17985227574027707 99
1627564326155 0.17962109020654177 100
1627564326233 0.179444519074763 101
1627564326329 0.17902806623932271 102
1627564326407 0.1788150874862988 103
1627564326485 0.17861893843014887 104
1627564326577 0.17829832167933773 105
1627564326657 0.1780475004259439 106
1627564326731 0.1778796970778102 107
1627564326826 0.1775847528126973 108
1627564326908 0.17740909799255075 109
1627564327008 0.17700501662191562 110
1627564327083 0.1768214070314776 111
1627564327171 0.17662666763819163 112
1627564327238 0.17645430385917316 113
1627564327332 0.17622758656851958 114
1627564327418 0.1759729815049172 115
1627564327487 0.1758138132365007 116
1627564327599 0.17563457712120328 117
1627564327687 0.17545683713803567 118
1627564327768 0.17524999240398742 119
1627564327860 0.1750842620916161 120
1627564327939 0.17490545340701966 121
1627564328036 0.17472843178656947 122
1627564328153 0.17457022128125005 123
1627564328235 0.17441069434455425 124
1627564328320 0.17425048118201925 125
1627564328413 0.17393961853761844 126
1627564328494 0.17379274715108234 127
1627564328556 0.17365329172164767 128
1627564328624 0.17349773044730957 129
1627564328703 0.17334483865035474 130
1627564328774 0.17321066597078888 131
1627564328854 0.1730543110488993 132
1627564328930 0.17289405961948914 133
1627564329010 0.17269426116308226 134
1627564329078 0.17254420828157596 135
1627564329151 0.1723925748465084 136
1627564329234 0.17218567978794627 137
1627564329307 0.1720105019329563 138
1627564329384 0.17186088254095283 139
1627564329464 0.1716889720466228 140
1627564329562 0.17139037528880674 141
1627564329636 0.171244334902745 142
1627564329700 0.1710986756428627 143
1627564329769 0.17095549168690719 144
1627564329846 0.17080332169180262 145
1627564329919 0.17066441202683172 146
1627564330003 0.1705017639468219 147
1627564330070 0.17035427843330206 148
1627564330167 0.17019938014564825 149
1627564330240 0.1700798790262706 150
1627564330327 0.16985823626749072 151
1627564330410 0.1697156040825972 152
1627564330502 0.16957901474933784 153
1627564330566 0.16945693575279877 154
1627564330624 0.16933078578389898 155
1627564330695 0.1691767295169968 156
1627564330766 0.16904173304618264 157
1627564330838 0.16891580638279005 158
1627564330925 0.16869845144097273 159
1627564331008 0.16849731677472515 160
1627564331063 0.16838676489083912 161
1627564331152 0.16815635518054353 162
1627564331225 0.16801189732536073 163
1627564331309 0.16787991365029803 164
1627564331363 0.16775461566885014 165
1627564331435 0.1676142259153937 166
1627564331510 0.1674804219471248 167
1627564331600 0.16724892190804283 168
1627564331673 0.16711877069518236 169
1627564331744 0.16699379671176276 170
1627564331810 0.16685809121603892 171
1627564331880 0.16674004024531153 172
1627564331948 0.16660808650142972 173
1627564332026 0.1664820427209803 174
1627564332094 0.16635793559345124 175
1627564332165 0.16623335508361498 176
1627564332232 0.16611689488315254 177
1627564332376 0.16593062313999932 178
1627564332458 0.1657925388390381 179
1627564332517 0.16566604099927543 180
1627564332579 0.16555018042892852 181
1627564332648 0.16544277978716554 182
1627564332729 0.16529218961438158 183
1627564332802 0.16516222070405598 184
1627564332880 0.1649950826152727 185
1627564332939 0.16486562018253353 186
1627564333004 0.16476028424799435 187
1627564333083 0.16463790370434558 188
1627564333161 0.1644805744217689 189
1627564333262 0.16423149107775767 190
1627564333339 0.16410788589307365 191
1627564333410 0.16398740408006365 192
1627564333504 0.1638664734566208 193
1627564333562 0.16374750387597614 194
1627564333625 0.1636340974493564 195
1627564333693 0.16351708543985605 196
1627564333775 0.1633336706539164 197
1627564333846 0.16323299067404937 198
1627564333913 0.1631242388828023 199
1627564333994 0.16302130438750245 200
1627564334082 0.16282703639908055 201
1627564334150 0.162718536122986 202
1627564334223 0.16259645700654898 203
1627564334294 0.1624895562052366 204
1627564334350 0.1623790213602687 205
1627564334426 0.1622551849907635 206
1627564334506 0.1621378689210598 207
1627564334582 0.16201372073802792 208
1627564334656 0.16189100212396837 209
1627564334719 0.16179043251940906 210
1627564334783 0.16167663167341875 211
1627564334844 0.16156896724278874 212
1627564334905 0.16146017045018735 213
1627564334970 0.1613625657130601 214
1627564335036 0.16125220671835166 215
1627564335118 0.16113674859068006 216
1627564335198 0.16097957567563484 217
1627564335270 0.1608663666702133 218
1627564335357 0.16074069234720806 219
1627564335458 0.16054195244118727 220
1627564335538 0.16043667778809592 221
1627564335621 0.16031701411316374 222
1627564335686 0.16021783774139917 223
1627564335754 0.1601051312160035 224
1627564335832 0.16000068882524973 225
1627564335893 0.15989177349869854 226
1627564335948 0.15979105068453453 227
1627564336030 0.15968173101327512 228
1627564336114 0.15955243582477713 229
1627564336172 0.1594499024806288 230
1627564336239 0.15933220654728775 231
1627564336312 0.15923836830996657 232
1627564336386 0.15912253268772406 233
1627564336456 0.15902565387681578 234
1627564336535 0.1589094980358818 235
1627564336613 0.1588060561933787 236
1627564336671 0.1587241617940703 237
1627564336738 0.1586164402816378 238
1627564336803 0.15851590206400307 239
1627564336865 0.1584236077872628 240
1627564336922 0.1583313438116626 241
1627564336981 0.15822624606245028 242
1627564337048 0.15811730706295118 243
1627564337108 0.1580169483266748 244
1627564337169 0.15791744158403745 245
1627564337243 0.15778885869160758 246
1627564337304 0.15769014871177642 247
1627564337368 0.15757598091943342 248
1627564337426 0.1574854017760588 249
1627564337511 0.1573858465421098 250
1627564337570 0.157296846279874 251
1627564337662 0.15718187799287037 252
1627564337718 0.15709276928200966 253
1627564337799 0.15699027022107867 254
1627564337858 0.15689558571280882 255
1627564337906 0.1567962105379681 256
1627564337974 0.15669297245665453 257
1627564338054 0.1566084242921607 258
1627564338158 0.15641769989914958 259
1627564338222 0.15632128063421677 260
1627564338311 0.15622579982270712 261
1627564338411 0.15608826442254228 262
1627564338497 0.15598701548675972 263
1627564338566 0.155886723785633 264
1627564338639 0.15578743926776112 265
1627564338722 0.15569554967373017 266
1627564338825 0.15559699977018845 267
1627564338911 0.15548627665914122 268
1627564338969 0.1554088041835154 269
1627564339042 0.15531117315773352 270
1627564339119 0.15518397189317418 271
1627564339242 0.15504191452542063 272
1627564339307 0.1549457921961389 273
1627564339368 0.15485326650465692 274
1627564339454 0.15475817402309844 275
1627564339518 0.15467470582659634 276
1627564339568 0.1545845070500791 277
1627564339624 0.15449894104374978 278
1627564339701 0.1543975223798213 279
1627564339757 0.1543022732995368 280
1627564339848 0.15417004204662507 281
1627564339916 0.15408336630343733 282
1627564340000 0.15394126817694773 283
1627564340082 0.1538326039377902 284
1627564340139 0.1537459713824725 285
1627564340199 0.15365313741283645 286
1627564340261 0.15355864244085038 287
1627564340329 0.1534642062263698 288
1627564340396 0.15336750854738684 289
1627564340451 0.1532924006760241 290
1627564340511 0.15320618122517116 291
1627564340590 0.15311844808353522 292
1627564340656 0.1530228608960383 293
1627564340728 0.15293255984516319 294
1627564340793 0.15284745773664393 295
1627564340870 0.1527458724390602 296
1627564340938 0.15265010638290205 297
1627564341010 0.15256386625195092 298
1627564341085 0.15246802424387504 299
1627564341159 0.15238865489205444 300
1627564341218 0.15230656269435844 301
1627564341274 0.15221655357970612 302
1627564341346 0.1521175003393813 303
1627564341407 0.15202721694375854 304
1627564341456 0.15194476855452999 305
1627564341514 0.1518599174821811 306
1627564341573 0.1517799627178967 307
1627564341650 0.15168899761663435 308
1627564341712 0.15161645346286057 309
1627564341772 0.15153814395783868 310
1627564341847 0.15145253630147668 311
1627564341908 0.1513713093889583 312
1627564341974 0.15127645636450637 313
1627564342029 0.1511869728879293 314
1627564342080 0.15111328186906978 315
1627564342143 0.15102679792751353 316
1627564342199 0.1509398928565584 317
1627564342275 0.1508552247023135 318
1627564342344 0.15077012752495625 319
1627564342401 0.15068622836172327 320
1627564342460 0.15059449577059617 321
1627564342530 0.15051058866843373 322
1627564342602 0.15041653539058777 323
1627564342665 0.15033171569534023 324
1627564342736 0.1502454000158339 325
1627564342802 0.15016090927564926 326
1627564342889 0.1500773014418369 327
1627564342960 0.14998937930937345 328
1627564343027 0.14989547645139759 329
1627564343110 0.149820421047983 330
1627564343171 0.1497334481154194 331
1627564343227 0.14965496863989325 332
1627564343282 0.14957664139313906 333
1627564343340 0.14948330662919782 334
1627564343436 0.1538326039377902 335
