1627564347652 0.0010991793119013583 0
1627564347768 0.0010143525624482109 1
1627564347885 0.000939409317230666 2
1627564347993 0.0008735112283040582 3
1627564348146 0.0008157300228502633 4
1627564348251 0.0007655301030730398 5
1627564348353 0.0007219385756347762 6
1627564348452 0.0006843536965913805 7
1627564348553 0.0006519811421394581 8
1627564348648 0.0006239284462642464 9
1627564348746 0.0005996684452740684 10
1627564348840 0.0005790093083498406 11
1627564348941 0.0005613481226867047 12
1627564349052 0.0005464994097243133 13
1627564349194 0.0005334641829660317 14
1627564349280 0.0005226388909503836 15
1627564349399 0.0005134394957872787 16
1627564349515 0.0005058377730539987 17
1627564349653 0.0004993049265146764 18
1627564349770 0.0004935033413346812 19
1627564349867 0.0004883447069331926 20
1627564349955 0.00048410738800767043 21
1627564350041 0.0004800640449582924 22
1627564350129 0.0004768313262477329 23
1627564350223 0.0004737365187588484 24
1627564350341 0.0004713106922509791 25
1627564350423 0.0004683083465853174 26
1627564350503 0.00046607673851026656 27
1627564350585 0.0004635289935065374 28
1627564350664 0.00046164496373520155 29
1627564350744 0.00045997355753670427 30
1627564350830 0.0004585980967339438 31
1627564350938 0.00045699674206002827 32
1627564351017 0.0004555450039772178 33
1627564351094 0.00045415302026084465 34
1627564351168 0.0004527107569301664 35
1627564351254 0.0004513560568335405 36
1627564351332 0.00044907733280225324 37
1627564351422 0.00044797066337714744 38
1627564351504 0.0004459321847513381 39
1627564351583 0.00044509611706921345 40
1627564351659 0.00044347169110496386 41
1627564351741 0.0004419721684601636 42
1627564351815 0.00044079066633920385 43
1627564351904 0.00043902961679297603 44
1627564351983 0.00043812054926105885 45
1627564352070 0.0004372254400191823 46
1627564352153 0.00043535429029192287 47
1627564352225 0.0004346805937030005 48
1627564352308 0.000433951361725754 49
1627564352451 0.00043221893782380917 50
1627564352521 0.00043161576865836286 51
1627564352598 0.000430580631587207 52
1627564352675 0.0004295556339308669 53
1627564352759 0.00042846373845193997 54
1627564352847 0.00042723056722669136 55
1627564352926 0.00042656680421965286 56
1627564353020 0.00042586887886789267 57
1627564353102 0.00042425921638407544 58
1627564353179 0.0004233068102066517 59
1627564353249 0.0004227043888052863 60
1627564353317 0.0004221448793615188 61
1627564353397 0.00042111760864654656 62
1627564353463 0.00042058876845190156 63
1627564353573 0.00041912325963821184 64
1627564353648 0.000418620277485737 65
1627564353725 0.0004180953097442455 66
1627564353807 0.0004172894573077429 67
1627564353897 0.0004160698290239925 68
1627564353980 0.0004149737756359964 69
1627564354072 0.0004143064971636024 70
1627564354149 0.00041381646870696567 71
1627564354229 0.0004131398976662852 72
1627564354307 0.00041262504855851275 73
1627564354386 0.0004120965865898094 74
1627564354478 0.00041088972680539327 75
1627564354553 0.0004103847309921704 76
1627564354634 0.00040993591637279286 77
1627564354705 0.0004092859010545143 78
1627564354780 0.00040846000616665717 79
1627564354853 0.00040798074249693786 80
1627564354926 0.0004070699383972058 81
1627564355005 0.00040665554723841394 82
1627564355087 0.0004060893440678229 83
1627564355171 0.0004052713834399406 84
1627564355251 0.00040479364318934984 85
1627564355318 0.000404386208009925 86
1627564355410 0.0004039899617331332 87
1627564355520 0.0004035710544952887 88
1627564355592 0.00040302589283228315 89
1627564355665 0.00040252750070741175 90
1627564355736 0.0004021921944618307 91
1627564355818 0.0004012129527790639 92
1627564355900 0.0004004576820918539 93
1627564355979 0.0003996841664316301 94
1627564356057 0.00039896244917226773 95
1627564356140 0.0003985162951732504 96
1627564356200 0.000398142807581316 97
1627564356276 0.00039776640456745107 98
1627564356364 0.00039738176682664275 99
1627564356464 0.00039692740977701895 100
1627564356541 0.0003962999766280992 101
1627564356628 0.0003957430541226117 102
1627564356687 0.0003953848877027827 103
1627564356744 0.00039503861706350837 104
1627564356822 0.00039435979792628656 105
1627564356886 0.0003939933749521709 106
1627564356956 0.00039358274552218214 107
1627564357029 0.00039318531570393283 108
1627564357098 0.00039282892465882885 109
1627564357185 0.00039240741141446136 110
1627564357243 0.00039205258936828133 111
1627564357321 0.0003913905604967579 112
1627564357386 0.0003910553326641376 113
1627564357483 0.0003903311126397167 114
1627564357585 0.0003899558728947484 115
1627564357662 0.0003896142400345544 116
1627564357752 0.00038922030636221665 117
1627564357845 0.00038887609946853114 118
1627564357929 0.00038853732121743974 119
1627564357998 0.0003882149399965162 120
1627564358069 0.00038782272851229586 121
1627564358126 0.00038748208820002376 122
1627564358201 0.0003871428660915146 123
1627564358266 0.00038678751222767947 124
1627564358330 0.0003864880025527381 125
1627564358419 0.00038580169453247853 126
1627564358483 0.00038552243809031735 127
1627564358550 0.00038517751194763755 128
1627564358615 0.00038485076255819183 129
1627564358688 0.00038445944973741715 130
1627564358752 0.00038418417166651204 131
1627564358813 0.0003838704832295183 132
1627564358877 0.0003835646704690738 133
1627564358948 0.00038329711944622374 134
1627564359009 0.00038302249477887787 135
1627564359076 0.0003826271965004723 136
1627564359145 0.00038232094700108276 137
1627564359211 0.0003820164738719277 138
1627564359282 0.00038172415891245417 139
1627564359367 0.0003813231661802034 140
1627564359439 0.0003810449417830264 141
1627564359500 0.00038066910693254267 142
1627564359592 0.000380365766069271 143
1627564359656 0.0003800906701378087 144
1627564359749 0.00037979425241519327 145
1627564359824 0.0003793525856332608 146
1627564359897 0.00037905718842902886 147
1627564359952 0.0003788104692916046 148
1627564360055 0.0003785234139889301 149
1627564360153 0.00037827842581386557 150
1627564360219 0.00037804438348436846 151
1627564360315 0.00037746738659984815 152
1627564360430 0.0003769718607129388 153
1627564360503 0.00037668856780197397 154
1627564360598 0.0003764152420705456 155
1627564360686 0.0003761434233890344 156
1627564360746 0.00037592155304832576 157
1627564360820 0.00037565333140446 158
1627564360881 0.00037539214043918274 159
1627564360944 0.00037513231380426347 160
1627564360996 0.00037487790183949145 161
1627564361060 0.00037460522089588494 162
1627564361129 0.00037418415939361897 163
1627564361200 0.0003738703162520412 164
1627564361249 0.0003736237186930899 165
1627564361313 0.0003733307886187874 166
1627564361374 0.0003730163784842988 167
1627564361439 0.00037273424692421133 168
1627564361491 0.00037249116726776666 169
1627564361559 0.00037220008556920064 170
1627564361622 0.0003719139132897864 171
1627564361694 0.0003716479560055373 172
1627564361744 0.00037142544319879764 173
1627564361796 0.0003712188125565861 174
1627564361854 0.0003709775184316273 175
1627564361913 0.00037074010591000407 176
1627564361989 0.00037040295201904415 177
1627564362059 0.0003701388746772389 178
1627564362131 0.00036987066563241627 179
1627564362200 0.0003696159578531236 180
1627564362272 0.0003693704354158353 181
1627564362336 0.000369157638978832 182
1627564362401 0.0003689087412828728 183
1627564362455 0.00036868816065177063 184
1627564362515 0.0003684451349906735 185
1627564362567 0.00036821610887051074 186
1627564362627 0.0003679780208901691 187
1627564362700 0.0003677064685185251 188
1627564362766 0.0003674354232948985 189
1627564362865 0.0003672188696800698 190
1627564362943 0.00036682576574133675 191
1627564362995 0.00036659578993507845 192
1627564363058 0.0003663698553570723 193
1627564363112 0.0003661540566832357 194
1627564363173 0.00036593254081503974 195
1627564363231 0.000365688135621775 196
1627564363289 0.000365457789805968 197
1627564363372 0.0003649895973652834 198
1627564363439 0.0003647689133441498 199
1627564363527 0.0003643350929426338 200
1627564363593 0.00036414625780796604 201
1627564363665 0.0003639428226515808 202
1627564363713 0.00036373641334461583 203
1627564363772 0.00036352805648841367 204
1627564363825 0.0003633310084489181 205
1627564363890 0.00036306067316867213 206
1627564363952 0.0003628345060820836 207
1627564364012 0.00036262869807272 208
1627564364093 0.000362244417370797 209
1627564364156 0.00036202346725588616 210
1627564364228 0.00036164907912744615 211
1627564364289 0.0003614171154138737 212
1627564364400 0.0003609911845715693 213
1627564364495 0.0003607503280559747 214
1627564364566 0.00036054609745684603 215
1627564364643 0.00036029736144555094 216
1627564364713 0.0003600913898112993 217
1627564364774 0.0003598761072097651 218
1627564364837 0.0003596393217247931 219
1627564364896 0.0003594405958239894 220
1627564364953 0.00035923705263977805 221
1627564365016 0.00035906109765219426 222
1627564365070 0.00035885846169068377 223
1627564365152 0.0003586473213881255 224
1627564365231 0.0003584446259156057 225
1627564365302 0.00035824216483142595 226
1627564365356 0.00035804405475442334 227
1627564365407 0.0003578465022915478 228
1627564365475 0.0003576501230378542 229
1627564365529 0.0003574550664129785 230
1627564365580 0.00035726433899069314 231
1627564365636 0.00035705539035939395 232
1627564365687 0.0003568859166981535 233
1627564365753 0.0003566889362757374 234
1627564365807 0.0003564831945523572 235
1627564365861 0.00035630301550945064 236
1627564365934 0.00035601564805520184 237
1627564366002 0.0003557987963108721 238
1627564366055 0.00035558243577531775 239
1627564366113 0.00035537450759719636 240
1627564366177 0.0003551465743245384 241
1627564366227 0.0003549868854099161 242
1627564366290 0.0003547780002781841 243
1627564366342 0.0003545761402440681 244
1627564366403 0.00035434678962468135 245
1627564366456 0.00035415715221429327 246
1627564366514 0.0003539419951134339 247
1627564366571 0.00035375472261147897 248
1627564366635 0.0003535472448479969 249
1627564366713 0.0003533657125005884 250
1627564366767 0.0003531783027229471 251
1627564366813 0.00035299020315198706 252
1627564366862 0.0003527993349007447 253
1627564366921 0.00035260688617871525 254
1627564366984 0.0003524190881915609 255
1627564367037 0.0003522386419276848 256
1627564367101 0.0003520469817121517 257
1627564367153 0.0003518558820416662 258
1627564367210 0.0003516558719256094 259
1627564367270 0.00035145929131540207 260
1627564367328 0.00035127079794487634 261
1627564367408 0.0003510939236865768 262
1627564367481 0.00035080418891373304 263
1627564367528 0.0003506213620649084 264
1627564367585 0.00035041806558221096 265
1627564367640 0.0003502183083277291 266
1627564367698 0.0003500354348024956 267
1627564367751 0.00034985386602776075 268
1627564367804 0.00034967354037473107 269
1627564367858 0.00034947354480489086 270
1627564367938 0.00034928986036468317 271
1627564368006 0.00034895371649943654 272
1627564368053 0.0003487821123562687 273
1627564368117 0.00034860179826249905 274
1627564368203 0.0003483348353799785 275
1627564368298 0.00034811965274237554 276
1627564368347 0.0003479433269465699 277
1627564368394 0.0003477861572023949 278
1627564368482 0.0003475890876551656 279
1627564368540 0.00034743715891838954 280
1627564368590 0.00034727604526581224 281
1627564368639 0.00034712097666853557 282
1627564368694 0.00034694897395100825 283
1627564368752 0.00034673556808752904 284
1627564368801 0.0003465391464251813 285
1627564368873 0.00034639630881680043 286
1627564368959 0.00034620953755655183 287
1627564369012 0.0003460583276340919 288
1627564369081 0.00034584947473020796 289
1627564369159 0.00034558328567712963 290
1627564369253 0.0003454030682800571 291
1627564369341 0.0003452142250307086 292
1627564369397 0.0003450446446474276 293
1627564369459 0.00034485893534788104 294
1627564369514 0.0003446923168655927 295
1627564369578 0.00034448433919170314 296
1627564369627 0.0003443079120554474 297
1627564369720 0.0003441275207370885 298
1627564369798 0.00034395286217280436 299
1627564369865 0.0003437937279332828 300
1627564369918 0.00034363231663488706 301
1627564369970 0.0003434513408895826 302
1627564370035 0.00034325126560276427 303
1627564370093 0.0003430817152109088 304
1627564370151 0.00034292132067982795 305
1627564370205 0.00034274303684305645 306
1627564370282 0.0003424794471944437 307
1627564370334 0.0003423477549582116 308
1627564370393 0.00034212268550972894 309
1627564370444 0.00034195090937671265 310
1627564370523 0.0003417213799970424 311
1627564370613 0.0003415684092901298 312
1627564370700 0.00034141423528971843 313
1627564370755 0.00034123940019993647 314
1627564370811 0.00034108013506564655 315
1627564370860 0.0003409102923137838 316
1627564370909 0.0003407486035636993 317
1627564370962 0.00034059617398251614 318
1627564371015 0.0003404273610692554 319
1627564371068 0.0003402732063533213 320
1627564371123 0.0003401194178603106 321
1627564371172 0.00033996190621828315 322
1627564371222 0.00033979727686746176 323
1627564371280 0.0003396422666710761 324
1627564371334 0.0003394842418187765 325
1627564371378 0.0003393295061881369 326
1627564371431 0.0003391813036923796 327
1627564371479 0.000339045427365769 328
1627564371539 0.00033886731544156704 329
1627564371598 0.00033867754409332656 330
1627564371644 0.00033853226480918245 331
1627564371695 0.0003383657112909052 332
1627564371765 0.00033820316739675843 333
1627564371846 0.000338048420142598 334
1627564371949 0.00033788886381338264 335
1627564372041 0.0003377268603629779 336
1627564372106 0.0003375150796078745 337
1627564372168 0.0003373658181130945 338
1627564372252 0.0003372027492924608 339
1627564372345 0.0003370296131382424 340
1627564372404 0.00033686734832539405 341
1627564372469 0.00033670218092516615 342
1627564372531 0.00033655536918214427 343
1627564372587 0.000336392910391668 344
1627564372634 0.0003362321836166136 345
1627564372677 0.00033607733941511125 346
1627564372722 0.00033592402043052726 347
1627564372771 0.0003357537976322406 348
1627564372831 0.00033556690902781855 349
1627564372898 0.0003354226882539135 350
1627564372953 0.00033529648862985225 351
1627564373006 0.0003351190875035988 352
1627564373058 0.00033495764104480663 353
1627564373119 0.00033482159668694086 354
1627564373176 0.0003346758704836345 355
1627564373234 0.00033452021760789117 356
1627564373310 0.0003342775753317932 357
1627564373364 0.0003341161729347811 358
1627564373423 0.0003339621088774647 359
1627564373486 0.00033379448885301595 360
1627564373546 0.00033361292856447575 361
1627564373622 0.0003417213799970424 362
1627564377839 0.0010989548383500785 0
1627564377962 0.0010141911903925166 1
1627564378073 0.0009394366177566428 2
1627564378174 0.0008736413015119129 3
1627564378284 0.0008159871557173353 4
1627564378396 0.0007658682325086505 5
1627564378501 0.0007225321465017757 6
1627564378606 0.0006850585417250438 7
1627564378711 0.0006526819968175854 8
1627564378808 0.0006246935032400764 9
1627564378910 0.0006004975087319266 10
1627564379012 0.0005798298178202977 11
1627564379110 0.0005620149876801434 12
1627564379247 0.000547215206753771 13
1627564379334 0.0005342172255911039 14
1627564379425 0.0005234588084698652 15
1627564379513 0.000514135386248923 16
1627564379602 0.0005064800617802541 17
1627564379693 0.0004999689461011888 18
1627564379780 0.0004939338063686586 19
1627564379883 0.0004888263976924559 20
1627564379966 0.00048463720982589863 21
1627564380084 0.0004809709259726901 22
1627564380172 0.0004775193720615931 23
1627564380270 0.0004747727552549935 24
1627564380391 0.00047222358748506246 25
1627564380481 0.00046975256227352655 26
1627564380565 0.00046744968917431667 27
1627564380655 0.00046557388545233894 28
1627564380766 0.0004634442084158398 29
1627564380844 0.0004617808905878893 30
1627564380930 0.00045993283775657004 31
1627564381018 0.00045815755526057455 32
1627564381099 0.0004568151285370658 33
1627564381175 0.000455412688460137 34
1627564381250 0.00045411929479567806 35
1627564381366 0.00045282189029962694 36
1627564381481 0.0004509740012141969 37
1627564381567 0.0004498342539569603 38
1627564381654 0.0004480659136657585 39
1627564381729 0.000446924123039658 40
1627564381806 0.0004452287567501895 41
1627564381879 0.00044395936344584667 42
1627564381963 0.0004422224349864347 43
1627564382044 0.0004403024708598599 44
1627564382114 0.00043966143395467367 45
1627564382197 0.00043876665196404904 46
1627564382283 0.0004371569691034442 47
1627564382371 0.0004353575032202181 48
1627564382450 0.000434212677467287 49
1627564382548 0.0004330567968907123 50
1627564382621 0.000432391746908419 51
1627564382705 0.00043090358135556157 52
1627564382789 0.0004294728942287872 53
1627564382858 0.0004289078441429797 54
1627564382936 0.0004283233861662759 55
1627564383030 0.0004265178089162463 56
1627564383103 0.0004259208216327016 57
1627564383181 0.000425343920184628 58
1627564383264 0.00042469292467871446 59
1627564383335 0.00042414450389591604 60
1627564383407 0.00042361402289277166 61
1627564383484 0.0004230808714783888 62
1627564383551 0.0004225705259640856 63
1627564383633 0.0004211126883790962 64
1627564383713 0.0004197104964633895 65
1627564383786 0.0004191707930557695 66
1627564383879 0.00041853141556916093 67
1627564384009 0.00041718982779755386 68
1627564384098 0.0004161864732067497 69
1627564384193 0.00041562992169802627 70
1627564384290 0.0004151436210084333 71
1627564384379 0.00041469955094221533 72
1627564384501 0.00041358074422585513 73
1627564384592 0.0004130096491284173 74
1627564384666 0.0004124166736767868 75
1627564384736 0.0004118817913304981 76
1627564384803 0.0004113108407615837 77
1627564384874 0.0004108307005771176 78
1627564384953 0.0004097895309661638 79
1627564385027 0.000409371724037905 80
1627564385104 0.0004087102798233921 81
1627564385191 0.0004081194910370386 82
1627564385264 0.00040733142111603726 83
1627564385379 0.0004065609201746809 84
1627564385449 0.0004061066718023141 85
1627564385507 0.0004056699745521291 86
1627564385574 0.00040522555314248423 87
1627564385646 0.00040482109242598243 88
1627564385711 0.0004043890761997782 89
1627564385783 0.0004038117421666354 90
1627564385854 0.0004034395063553575 91
1627564385923 0.0004029825159652183 92
1627564385976 0.00040262986807709246 93
1627564386044 0.00040221318883398155 94
1627564386152 0.00040144103083796493 95
1627564386250 0.0004010352486586107 96
1627564386333 0.00040068009050554717 97
1627564386418 0.00039973542719892236 98
1627564386489 0.00039928324294319817 99
1627564386580 0.00039888381702419265 100
1627564386652 0.0003984955174646051 101
1627564386726 0.0003978251705023339 102
1627564386788 0.0003974174616283599 103
1627564386874 0.0003970787760610608 104
1627564386967 0.00039671281151637175 105
1627564387035 0.0003963374043884868 106
1627564387130 0.0003956290821862099 107
1627564387216 0.0003951929156422713 108
1627564387341 0.0003944075105151945 109
1627564387436 0.00039360196190456494 110
1627564387499 0.0003932245086005127 111
1627564387569 0.00039270144690699646 112
1627564387626 0.000392399012454592 113
1627564387699 0.00039206579801374296 114
1627564387745 0.0003917714845598405 115
1627564387806 0.0003914210102184049 116
1627564387873 0.0003911166529115728 117
1627564387931 0.0003907984019194954 118
1627564388008 0.000390119484454731 119
1627564388067 0.0003897858251030605 120
1627564388136 0.00038919265655746525 121
1627564388195 0.00038888129040318153 122
1627564388267 0.00038841125898032445 123
1627564388347 0.00038772184535719836 124
1627564388412 0.00038730033181143286 125
1627564388477 0.0003869785903053497 126
1627564388552 0.00038662084659384517 127
1627564388615 0.00038634075937885585 128
1627564388673 0.0003860405688748351 129
1627564388747 0.0003857377719366481 130
1627564388820 0.00038542378546216127 131
1627564388901 0.0003850458911730445 132
1627564388977 0.00038475251664294965 133
1627564389036 0.0003844677684376409 134
1627564389104 0.000384153658738387 135
1627564389167 0.000383858565026905 136
1627564389241 0.0003835688686448842 137
1627564389307 0.00038316985687370707 138
1627564389373 0.0003828349471623802 139
1627564389434 0.00038256439455230934 140
1627564389485 0.0003822880718885428 141
1627564389548 0.00038198872423641703 142
1627564389620 0.0003814589475944524 143
1627564389678 0.0003811761357719305 144
1627564389740 0.0003808707996057539 145
1627564389816 0.00038034200811002457 146
1627564389878 0.0003800482889920848 147
1627564389939 0.00037974946079825066 148
1627564390003 0.0003795014939134415 149
1627564390075 0.0003792398294735179 150
1627564390158 0.00037878556345456385 151
1627564390228 0.000378518266883263 152
1627564390285 0.000378288003234868 153
1627564390351 0.000377982591781104 154
1627564390441 0.0003777187003813301 155
1627564390522 0.00037744866120740633 156
1627564390588 0.00037717791031479346 157
1627564390653 0.0003768734757507206 158
1627564390706 0.00037663497313080975 159
1627564390763 0.00037636772029355555 160
1627564390832 0.0003761127932174296 161
1627564390907 0.0003758696289549782 162
1627564390968 0.0003756425219702355 163
1627564391036 0.00037538532768765284 164
1627564391091 0.0003751287130227791 165
1627564391151 0.0003748520386519066 166
1627564391225 0.00037438759997980494 167
1627564391285 0.000374090536265963 168
1627564391355 0.0003737244716135555 169
1627564391406 0.00037347943289053046 170
1627564391468 0.0003732329907509228 171
1627564391544 0.0003727469010685205 172
1627564391597 0.0003725191432818026 173
1627564391660 0.0003722490338756009 174
1627564391712 0.00037202278480380865 175
1627564391777 0.00037174890718501226 176
1627564391847 0.0003715129555317884 177
1627564391915 0.00037125668898817477 178
1627564391975 0.0003710352707327732 179
1627564392030 0.00037081667169571705 180
1627564392095 0.0003705615546599268 181
1627564392163 0.00037024708017477755 182
1627564392257 0.00036985300959855037 183
1627564392357 0.00036958462527439065 184
1627564392459 0.000369251586644855 185
1627564392523 0.0003690160866183206 186
1627564392584 0.00036875171825447874 187
1627564392652 0.0003685220841104841 188
1627564392700 0.00036831543948776966 189
1627564392773 0.00036805601093504564 190
1627564392832 0.00036782721015705873 191
1627564392882 0.00036761330163649457 192
1627564392943 0.00036738458946469895 193
1627564393002 0.0003671551300656682 194
1627564393072 0.0003667578719003883 195
1627564393143 0.00036632168885260166 196
1627564393201 0.00036608061771471685 197
1627564393260 0.00036587659457192246 198
1627564393322 0.0003656408012850556 199
1627564393405 0.0003653225292980363 200
1627564393473 0.00036500024842095436 201
1627564393533 0.00036477834059426054 202
1627564393621 0.00036448325955592485 203
1627564393686 0.00036422637772549763 204
1627564393757 0.000364008636402542 205
1627564393836 0.000363587860720631 206
1627564393895 0.00036337030410330006 207
1627564393969 0.00036308252841943254 208
1627564394038 0.0003628611383267775 209
1627564394096 0.00036261332662567244 210
1627564394165 0.0003623095802291568 211
1627564394217 0.0003621073005132202 212
1627564394264 0.00036192129221349176 213
1627564394330 0.0003617069159787342 214
1627564394380 0.0003614896097167706 215
1627564394442 0.0003612639765507236 216
1627564394506 0.0003609911065399347 217
1627564394557 0.00036076580874323984 218
1627564394641 0.00036050447810587313 219
1627564394722 0.0003603344496125644 220
1627564394843 0.00036011562455631253 221
1627564394909 0.00035990301098653277 222
1627564394959 0.000359701386130517 223
1627564395020 0.000359509804202607 224
1627564395087 0.0003593115981799525 225
1627564395168 0.000358913192714132 226
1627564395226 0.0003586853176596778 227
1627564395293 0.00035846679162134594 228
1627564395368 0.00035814947471222026 229
1627564395423 0.0003579476782283562 230
1627564395474 0.00035774921103001 231
1627564395519 0.00035758564466575307 232
1627564395589 0.00035738762410049803 233
1627564395654 0.0003572061357483899 234
1627564395710 0.000357005785018074 235
1627564395768 0.0003568252230552011 236
1627564395844 0.000356623814909003 237
1627564395918 0.0003564441899277069 238
1627564395969 0.00035624386984126413 239
1627564396046 0.00035605313300649997 240
1627564396111 0.00035585745334608935 241
1627564396164 0.00035566978308832213 242
1627564396220 0.0003554829462588064 243
1627564396268 0.00035529862405434394 244
1627564396332 0.0003550454402180453 245
1627564396391 0.0003548468918879469 246
1627564396445 0.0003546601257296122 247
1627564396522 0.0003543059164023803 248
1627564396585 0.0003540769557833562 249
1627564396669 0.00035388381894483744 250
1627564396746 0.00035370778222151747 251
1627564396834 0.00035351499952275767 252
1627564396915 0.0003533093088287903 253
1627564396996 0.00035305092027738705 254
1627564397043 0.000352849443994946 255
1627564397093 0.0003526721249342901 256
1627564397149 0.0003525018319249184 257
1627564397207 0.00035231097172053904 258
1627564397269 0.00035212608059336046 259
1627564397318 0.00035194929889473763 260
1627564397367 0.00035180168448987033 261
1627564397434 0.0003515604506888221 262
1627564397490 0.00035133774623531824 263
1627564397540 0.00035117384716939614 264
1627564397594 0.0003509935239894526 265
1627564397651 0.0003508020881577484 266
1627564397710 0.00035062930109356315 267
1627564397764 0.0003504454245914286 268
1627564397814 0.00035027359463325194 269
1627564397876 0.00035010214115151114 270
1627564397926 0.00034992846342384677 271
1627564397979 0.0003497408996801535 272
1627564398033 0.0003495366821012335 273
1627564398089 0.00034936188093909925 274
1627564398155 0.0003491557182078227 275
1627564398239 0.0003489787750306148 276
1627564398297 0.00034877743087986666 277
1627564398349 0.00034859873010916734 278
1627564398423 0.0003484147509556234 279
1627564398498 0.0003482217227826287 280
1627564398577 0.00034805976870947716 281
1627564398657 0.000347862192886068 282
1627564398716 0.00034767973258470307 283
1627564398781 0.00034751408921546395 284
1627564398829 0.0003473536549471417 285
1627564398891 0.0003471761169909276 286
1627564398940 0.00034698754779382657 287
1627564399005 0.0003467790004647678 288
1627564399062 0.00034661910261946246 289
1627564399146 0.00034644831979835556 290
1627564399224 0.0003461688189901635 291
1627564399281 0.00034599554544405465 292
1627564399341 0.00034583215826699507 293
1627564399401 0.0003456354098296902 294
1627564399452 0.00034545517583586805 295
1627564399505 0.0003452785620064185 296
1627564399563 0.0003450937496166672 297
1627564399625 0.0003449126276935955 298
1627564399680 0.00034474147344930924 299
1627564399760 0.0003445388675403865 300
1627564399804 0.0003443745739142065 301
1627564399852 0.00034421789129779985 302
1627564399902 0.00034407002300376277 303
1627564399958 0.0003438936860445753 304
1627564400008 0.0003437443655928657 305
1627564400066 0.0003435583704490376 306
1627564400134 0.00034337594338704213 307
1627564400189 0.00034319557973180886 308
1627564400249 0.00034302648386914524 309
1627564400295 0.00034286341054890536 310
1627564400355 0.0003426235000434904 311
1627564400414 0.00034246244466861527 312
1627564400468 0.0003423165659689039 313
1627564400512 0.00034214231229967395 314
1627564400583 0.00034195859551846127 315
1627564400662 0.0003417994305510676 316
1627564400713 0.0003416405397599063 317
1627564400778 0.00034142643239465945 318
1627564400845 0.0003412539512118558 319
1627564400906 0.0003410985853490727 320
1627564400982 0.0003409632791601255 321
1627564401035 0.00034080874282514575 322
1627564401109 0.0003405263414018956 323
1627564401161 0.000340376796223851 324
1627564401222 0.000340201693708847 325
1627564401319 0.0003400061658068306 326
1627564401391 0.00033986128119233445 327
1627564401441 0.00033972184937216654 328
1627564401508 0.00033956108498958964 329
1627564401641 0.00033923425423509966 330
1627564401688 0.0003390815383917107 331
1627564401737 0.0003389098188401898 332
1627564401810 0.00033874006261198404 333
1627564401909 0.0003385513936143951 334
1627564401963 0.0003384198587900154 335
1627564402027 0.0003382422495521245 336
1627564402129 0.00033807658904073934 337
1627564402219 0.0003379141207779713 338
1627564402295 0.0003377780483754119 339
1627564402348 0.0003376219828843644 340
1627564402395 0.00033748354477242847 341
1627564402443 0.00033733579217587787 342
1627564402492 0.0003371737857252488 343
1627564402558 0.00033693803844330844 344
1627564402612 0.0003367662795308599 345
1627564402665 0.000336603001510728 346
1627564402714 0.0003364549381576067 347
1627564402765 0.00033630582659113344 348
1627564402842 0.00033613366513375413 349
1627564402919 0.00033599328768462534 350
1627564402996 0.00033583582574227755 351
1627564403049 0.00033569587373452647 352
1627564403103 0.0003355374613257394 353
1627564403161 0.0003353875564610691 354
1627564403205 0.00033525036220098865 355
1627564403269 0.00033510986718594224 356
1627564403325 0.00033496684348240894 357
1627564403379 0.0003348219404158728 358
1627564403429 0.0003346777473757333 359
1627564403494 0.0003344704037121141 360
1627564403555 0.0003343231357575418 361
1627564403603 0.00033419384176579096 362
1627564403653 0.00033404069469591464 363
1627564403702 0.00033388725869949563 364
1627564403764 0.0003336897043614228 365
1627564403815 0.000333534550217541 366
1627564403860 0.00033340893664521933 367
1627564403915 0.0003332536926820174 368
1627564403974 0.00033308191563765656 369
1627564404024 0.00033292900962612513 370
1627564404088 0.00033277134092700607 371
1627564404147 0.0003326303642794991 372
1627564404199 0.00033251314891324935 373
1627564404259 0.0003323568746828138 374
1627564404323 0.00033214201342663324 375
1627564404392 0.00033197905509395825 376
1627564404454 0.0003318280614832871 377
1627564404504 0.0003316579635493152 378
1627564404559 0.00033150885741626944 379
1627564404609 0.0003313659011949724 380
1627564404662 0.00033122846453400293 381
1627564404710 0.0003310824575363407 382
1627564404761 0.00033093765950848857 383
1627564404812 0.00033077363137853097 384
1627564404858 0.0003306148737033404 385
1627564404904 0.00033047527580100356 386
1627564404982 0.0003302258309616761 387
1627564405041 0.00033007656559560947 388
1627564405084 0.0003299649681102044 389
1627564405132 0.000329834502305236 390
1627564405185 0.0003297067984581098 391
1627564405238 0.00032958124634792276 392
1627564405284 0.00032944945789504685 393
1627564405335 0.0003293315237023542 394
1627564405389 0.0003291813042848344 395
1627564405450 0.0003290262844372555 396
1627564405515 0.00032887473379273046 397
1627564405572 0.00032872563627283984 398
1627564405635 0.0003285481504671032 399
1627564405702 0.00032839143976431864 400
1627564405748 0.0003282550341299037 401
1627564405825 0.0003281006144476539 402
1627564405878 0.0003279674676566434 403
1627564405927 0.0003278117832195902 404
1627564405987 0.0003276545516258015 405
1627564406040 0.0003275231958273305 406
1627564406092 0.00032738829140502117 407
1627564406143 0.0003272396417217345 408
1627564406195 0.00032709356846344833 409
1627564406260 0.0003269290466930249 410
1627564406312 0.00032679545140508367 411
1627564406363 0.0003266702974430245 412
1627564406408 0.0003265229185448781 413
1627564406460 0.0003264028684177669 414
1627564406509 0.00032625456432207664 415
1627564406562 0.00032613386493115105 416
1627564406609 0.0003260159051150379 417
1627564406668 0.0003258703002733805 418
1627564406717 0.00032573480467263017 419
1627564406766 0.00032559867290055306 420
1627564406829 0.000325459459287179 421
1627564406879 0.00032530819458161586 422
1627564406934 0.00032517430714526665 423
1627564406988 0.000325039459668825 424
1627564407040 0.00032490236249396953 425
1627564407091 0.0003247524011044462 426
1627564407166 0.000324610787625195 427
1627564407231 0.000324398043177896 428
1627564407276 0.0003242535634703601 429
1627564407329 0.00032411716025426045 430
1627564407379 0.0003239885163228488 431
1627564407445 0.00032380807474028983 432
1627564407496 0.00032367416230357166 433
1627564407544 0.0003235281217668333 434
1627564407609 0.0003233489112118878 435
1627564407656 0.0003232179393355515 436
1627564407698 0.0003230852895515171 437
1627564407754 0.00032293890128277616 438
1627564407852 0.00033007656559560947 439
1627564412200 0.0010998930912396742 0
1627564412341 0.0010150165342579088 1
1627564412495 0.0009403892439599703 2
1627564412598 0.0008746976915714099 3
1627564412743 0.0008167670850678791 4
1627564412847 0.0007665675970333652 5
1627564412951 0.000722950856809721 6
1627564413054 0.0006852058997323708 7
1627564413165 0.0006528212690832494 8
1627564413270 0.0006248245079475954 9
1627564413368 0.0006005313002597876 10
1627564413478 0.0005798966496202203 11
1627564413570 0.0005621729901103215 12
1627564413665 0.0005472233620051739 13
1627564413758 0.0005342094722487826 14
1627564413854 0.0005233882976150394 15
1627564413943 0.0005141204009359758 16
1627564414039 0.0005064591560839097 17
1627564414134 0.0004998773702850936 18
1627564414223 0.0004937344014611105 19
1627564414313 0.0004885767525885022 20
1627564414413 0.0004842130305938172 21
1627564414515 0.0004800776113357228 22
1627564414599 0.00047638907402876106 23
1627564414717 0.00047349411657450344 24
1627564414846 0.0004710113894906724 25
1627564414931 0.00046857049984418765 26
1627564415019 0.0004664572819460421 27
1627564415106 0.00046425255598039265 28
1627564415187 0.00046240850860118535 29
1627564415267 0.00046064165748515684 30
1627564415357 0.00045917637604974077 31
1627564415435 0.00045746601527379933 32
1627564415528 0.0004556486175129705 33
1627564415640 0.0004545329484111872 34
1627564415755 0.0004531868773698614 35
1627564415867 0.000451267354741075 36
1627564415948 0.00044943674439915766 37
1627564416027 0.0004482446220184529 38
1627564416114 0.00044628443487543484 39
1627564416193 0.00044551387426770074 40
1627564416272 0.0004435345316623429 41
1627564416355 0.00044177872271860966 42
1627564416434 0.00044072241707140096 43
1627564416522 0.00043865723000877105 44
1627564416596 0.0004379177831573289 45
1627564416675 0.0004370966617162218 46
1627564416753 0.0004358347362100989 47
1627564416830 0.0004348162660113818 48
1627564416915 0.0004341712452228651 49
1627564417015 0.00043301841254184256 50
1627564417113 0.00043244431066340574 51
1627564417222 0.0004317542015003819 52
1627564417302 0.00043043228174217637 53
1627564417399 0.0004299185553587528 54
1627564417532 0.000428734182470611 55
1627564417612 0.00042807498394971383 56
1627564417700 0.0004275650398293019 57
1627564417790 0.00042638697034800855 58
1627564417878 0.00042490764547684903 59
1627564417974 0.000424343308791743 60
1627564418092 0.00042368117504153804 61
1627564418179 0.0004224518252546072 62
1627564418291 0.00042193278130226363 63
1627564418400 0.0004205402923314006 64
1627564418491 0.0004192196667597822 65
1627564418572 0.0004186512996118453 66
1627564418647 0.0004179908659963998 67
1627564418732 0.0004165153822883386 68
1627564418823 0.00041521678805230407 69
1627564418903 0.0004147231533618354 70
1627564418999 0.00041402019322397054 71
1627564419071 0.0004135151624881428 72
1627564419145 0.0004129257013262114 73
1627564419219 0.00041220062288547095 74
1627564419301 0.00041138904182237603 75
1627564419380 0.00041090431428018935 76
1627564419450 0.00041041477627954385 77
1627564419530 0.0004097024509562801 78
1627564419641 0.0004092958529463046 79
1627564419756 0.0004088717089085915 80
1627564419841 0.0004081047708660746 81
1627564419945 0.0004076213578061271 82
1627564420035 0.0004072181894969831 83
1627564420116 0.0004062564836125099 84
1627564420199 0.0004056468893974332 85
1627564420267 0.00040522461361490464 86
1627564420348 0.0004043780040173423 87
1627564420421 0.00040398317610093837 88
1627564420496 0.0004035646332903404 89
1627564420575 0.00040281603871722497 90
1627564420651 0.000402440369544974 91
1627564420724 0.00040173251939281963 92
1627564420797 0.0004013031860097972 93
1627564420870 0.00040073925469286657 94
1627564420949 0.0004000623058700172 95
1627564421044 0.000399121360566862 96
1627564421188 0.0003983459337281255 97
1627564421270 0.0003979675606779741 98
1627564421353 0.0003975141422996863 99
1627564421494 0.0003967952806775219 100
1627564421577 0.00039619991870909786 101
1627564421655 0.0003958000282114151 102
1627564421714 0.00039547366585741714 103
1627564421784 0.00039510176921749344 104
1627564421861 0.0003947021956540202 105
1627564421918 0.00039436066970271403 106
1627564421992 0.0003940290993473378 107
1627564422067 0.0003936543746078586 108
1627564422173 0.00039296387579319797 109
1627564422242 0.00039261451816920763 110
1627564422303 0.00039228821135319934 111
1627564422399 0.0003919430902619947 112
1627564422484 0.000391603690152508 113
1627564422550 0.000391260994843082 114
1627564422621 0.00039078321440673625 115
1627564422687 0.00039045487155720074 116
1627564422760 0.0003901415649984627 117
1627564422846 0.0003898182859564476 118
1627564422972 0.00038936908380773433 119
1627564423049 0.0003890577078787471 120
1627564423114 0.00038871931078720694 121
1627564423173 0.00038841810884606944 122
1627564423259 0.00038809205014709463 123
1627564423328 0.0003878048367660095 124
1627564423403 0.00038737370878874324 125
1627564423459 0.00038708661960182197 126
1627564423519 0.0003867654794477051 127
1627564423619 0.00038620421577193094 128
1627564423691 0.0003858711319799478 129
1627564423772 0.0003852977502922204 130
1627564423838 0.00038485478831948105 131
1627564423914 0.0003844952671157377 132
1627564423982 0.0003841817103762575 133
1627564424047 0.0003838628663879825 134
1627564424112 0.0003835494411702218 135
1627564424225 0.0003832330978869932 136
1627564424335 0.0003829065689549259 137
1627564424439 0.00038260430470044487 138
1627564424512 0.00038231800616784513 139
1627564424565 0.0003820353808144129 140
1627564424642 0.00038159298674405944 141
1627564424699 0.0003813011295520665 142
1627564424762 0.00038099925129289717 143
1627564424809 0.00038072148083284727 144
1627564424870 0.00038044974515369573 145
1627564424947 0.0003801669944726501 146
1627564425018 0.0003798451214970841 147
1627564425068 0.00037956683967678277 148
1627564425138 0.000379288929867747 149
1627564425215 0.0003790218803808677 150
1627564425286 0.0003785148176376436 151
1627564425357 0.00037817502082631367 152
1627564425423 0.0003779115823752689 153
1627564425491 0.00037755748002915633 154
1627564425552 0.0003772813088204379 155
1627564425626 0.00037701070676035873 156
1627564425716 0.0003767253669945962 157
1627564425807 0.0003764796617466977 158
1627564425867 0.00037622764288523 159
1627564425970 0.0003756719931089611 160
1627564426068 0.00037540306356113 161
1627564426154 0.0003749617107779962 162
1627564426250 0.0003746736170891006 163
1627564426345 0.00037444128008374926 164
1627564426391 0.0003741914629864733 165
1627564426456 0.00037390270921325384 166
1627564426527 0.00037365864055948265 167
1627564426621 0.00037313945077708843 168
1627564426684 0.00037290700403129614 169
1627564426736 0.0003726805637799597 170
1627564426809 0.00037238958318872137 171
1627564426869 0.0003721571085173611 172
1627564426921 0.0003719443273810722 173
1627564426988 0.00037167457167619716 174
1627564427056 0.00037141687134885175 175
1627564427119 0.00037116558895222874 176
1627564427186 0.00037091982956808045 177
1627564427243 0.00037067925315008445 178
1627564427309 0.00037039319630999 179
1627564427377 0.0003701451326283977 180
1627564427452 0.0003699114746341283 181
1627564427529 0.0003695132098232641 182
1627564427625 0.0003690816615602477 183
1627564427712 0.00036865914648202526 184
1627564427784 0.00036846497817622593 185
1627564427874 0.00036822919722826993 186
1627564427962 0.0003679991329394881 187
1627564428063 0.00036762412067537035 188
1627564428152 0.0003671853491110563 189
1627564428214 0.0003669412340086131 190
1627564428278 0.00036671698548542433 191
1627564428345 0.00036645566693456147 192
1627564428412 0.0003661001915867771 193
1627564428474 0.0003658600732712763 194
1627564428544 0.00036551786185089544 195
1627564428617 0.0003652543374615303 196
1627564428667 0.00036502923926797653 197
1627564428748 0.00036463890451830956 198
1627564428815 0.00036441379093406673 199
1627564428890 0.00036418379782780905 200
1627564428948 0.0003639811915337082 201
1627564429005 0.00036377408823601445 202
1627564429068 0.000363556935850061 203
1627564429141 0.0003632591418172069 204
1627564429191 0.00036307803863539547 205
1627564429241 0.0003628608557649889 206
1627564429334 0.0003626367124171897 207
1627564429392 0.00036243939879147965 208
1627564429469 0.0003621785835920197 209
1627564429539 0.0003619822289595804 210
1627564429611 0.00036176031897147454 211
1627564429671 0.00036151399838108445 212
1627564429731 0.0003613056780664117 213
1627564429797 0.0003610710337338466 214
1627564429846 0.000360860873072251 215
1627564429905 0.00036062591177456324 216
1627564429971 0.00036033708181336735 217
1627564430030 0.000360122386039949 218
1627564430092 0.0003599075795487894 219
1627564430157 0.00035967061055139745 220
1627564430220 0.00035946574015592874 221
1627564430281 0.00035925179031865 222
1627564430332 0.00035907911311289643 223
1627564430401 0.00035878257971831923 224
1627564430464 0.0003585756176207158 225
1627564430520 0.00035838696275450457 226
1627564430566 0.0003581808688992784 227
1627564430617 0.00035798115131152803 228
1627564430672 0.0003577867588175326 229
1627564430725 0.00035757407683308383 230
1627564430778 0.00035738364519094604 231
1627564430834 0.0003571771456051916 232
1627564430899 0.0003569665846219199 233
1627564430963 0.00035675817347293 234
1627564431016 0.00035654544049175656 235
1627564431097 0.00035634726184064673 236
1627564431187 0.00035614616890449364 237
1627564431253 0.00035592927112254157 238
1627564431307 0.0003557441385140651 239
1627564431369 0.00035554178213376055 240
1627564431432 0.00035533471324377715 241
1627564431520 0.00035514545468789304 242
1627564431617 0.0003549573628953089 243
1627564431667 0.000354764185936877 244
1627564431744 0.0003544848638425696 245
1627564431792 0.00035430487698332667 246
1627564431851 0.0003541203071471281 247
1627564431900 0.0003539443083486937 248
1627564431963 0.00035374823918942784 249
1627564432046 0.0003535271412330585 250
1627564432108 0.0003533363811151268 251
1627564432146 0.00035315317408025155 252
1627564432195 0.0003529818371628106 253
1627564432255 0.0003527967388205914 254
1627564432303 0.00035260580633272057 255
1627564432386 0.00035241252807589966 256
1627564432487 0.00035224219966271454 257
1627564432572 0.00035204143260456457 258
1627564432661 0.00035185952600562035 259
1627564432739 0.00035167190111861903 260
1627564432816 0.00035150086704302004 261
1627564432865 0.00035132949356555485 262
1627564432919 0.00035116381482419 263
1627564432972 0.000350988957433692 264
1627564433032 0.00035078008186694614 265
1627564433099 0.0003505317510419104 266
1627564433157 0.00035035473651181626 267
1627564433217 0.00035017888452179986 268
1627564433294 0.000349957937351363 269
1627564433354 0.0003497746404939376 270
1627564433417 0.0003495957805659633 271
1627564433470 0.0003494365517109235 272
1627564433530 0.00034923576443244143 273
1627564433597 0.0003490394041895806 274
1627564433662 0.00034887801933567515 275
1627564433734 0.0003486643418333099 276
1627564433781 0.0003484896529701114 277
1627564433831 0.00034830689290645667 278
1627564433930 0.00034810278151863776 279
1627564434012 0.0003479282109411356 280
1627564434110 0.0003476882093022141 281
1627564434186 0.0003475198682220096 282
1627564434262 0.0003473520084895243 283
1627564434342 0.00034717857404040247 284
1627564434415 0.0003469924806075209 285
1627564434471 0.00034682676678469905 286
1627564434521 0.0003466472805350389 287
1627564434598 0.00034650524175886975 288
1627564434678 0.000346353782840928 289
1627564434759 0.00034615137972516445 290
1627564434842 0.0003458319373970778 291
1627564434922 0.00034558446072327243 292
1627564434991 0.00034531899864425773 293
1627564435053 0.00034512814646444934 294
1627564435097 0.0003449593626819177 295
1627564435150 0.0003447816962538276 296
1627564435202 0.00034459478779106317 297
1627564435265 0.00034443245718120716 298
1627564435314 0.0003442614948624221 299
1627564435383 0.00034409790327825414 300
1627564435447 0.00034394941467584436 301
1627564435499 0.0003437725914648459 302
1627564435566 0.0003435726678405585 303
1627564435612 0.00034340967329098235 304
1627564435690 0.00034317178778921247 305
1627564435747 0.0003430031212831016 306
1627564435816 0.00034282991852598255 307
1627564435888 0.00034268627056620283 308
1627564435954 0.00034252001015899926 309
1627564436008 0.0003423366721862936 310
1627564436076 0.0003421191008936737 311
1627564436124 0.0003419746901589187 312
1627564436181 0.00034180469073934536 313
1627564436229 0.0003416420643158436 314
1627564436288 0.00034147235350820784 315
1627564436336 0.0003412913548801258 316
1627564436386 0.0003411159959200581 317
1627564436448 0.0003409556481253425 318
1627564436534 0.00034080828186324705 319
1627564436604 0.0003406523180828209 320
1627564436666 0.0003404861001846795 321
1627564436725 0.00034030879923885294 322
1627564436784 0.000340140498357463 323
1627564436851 0.00033998515611954416 324
1627564436930 0.0003398276974052855 325
1627564436984 0.0003396559972665729 326
1627564437039 0.00033948307101940966 327
1627564437094 0.00033933184656590007 328
1627564437156 0.0003391694582922317 329
1627564437239 0.0003390050546597396 330
1627564437302 0.00033883140541295494 331
1627564437374 0.0003386665701040215 332
1627564437439 0.0003384963181586456 333
1627564437506 0.0003383540613112828 334
1627564437603 0.00033817030975540237 335
1627564437661 0.0003380099509658349 336
1627564437710 0.0003378567806632962 337
1627564437770 0.00033763952570620674 338
1627564437820 0.0003374956929864167 339
1627564437887 0.00033733398702434744 340
1627564437943 0.0003371961165191268 341
1627564438018 0.0003369479319262222 342
1627564438066 0.0003367926356430018 343
1627564438110 0.0003366570024378748 344
1627564438158 0.00033649906170281785 345
1627564438218 0.0003363442753276462 346
1627564438274 0.00033616746279526544 347
1627564438330 0.00033599674980335897 348
1627564438381 0.0003358361704090389 349
1627564438452 0.0003356763284440889 350
1627564438511 0.0003355271021408895 351
1627564438562 0.00033538839939257906 352
1627564438645 0.00033519343564572806 353
1627564438726 0.00033500596801683085 354
1627564438779 0.00033485327047529063 355
1627564438843 0.0003347048355684165 356
1627564438939 0.0003345401316991087 357
1627564438998 0.0003343775675331723 358
1627564439043 0.00033423097235618854 359
1627564439089 0.00033409686622129286 360
1627564439136 0.0003339688864773146 361
1627564439184 0.00033382658981132767 362
1627564439244 0.0003336519511457974 363
1627564439290 0.00033351553325836986 364
1627564439356 0.0003333555587135304 365
1627564439407 0.0003331991037212065 366
1627564439469 0.0003330573994639961 367
1627564439531 0.00033287827687605246 368
1627564439589 0.000332733480588751 369
1627564439643 0.00033257572165961016 370
1627564439690 0.00033245203042482125 371
1627564439736 0.00033230766464696805 372
1627564439782 0.0003321505727763578 373
1627564439832 0.00033202152116548127 374
1627564439902 0.00033178277221742437 375
1627564439981 0.00033155225176964185 376
1627564440048 0.0003314069311487028 377
1627564440117 0.00033124028148636217 378
1627564440178 0.0003310921208306324 379
1627564440234 0.000330901433449124 380
1627564440316 0.0003307449182250717 381
1627564440356 0.00033059739003055784 382
1627564440415 0.00033044558384986576 383
1627564440466 0.0003302880329516668 384
1627564440526 0.0003301505858073748 385
1627564440589 0.0003300025605769423 386
1627564440653 0.0003298518909653888 387
1627564440710 0.00032969383766153686 388
1627564440764 0.00032955112461609823 389
1627564440814 0.0003294051347750589 390
1627564440870 0.00032927367073672624 391
1627564440922 0.00032914265659021404 392
1627564441008 0.0003369479319262222 393
1627564445095 0.0010974898613427685 0
1627564445221 0.0010130040073435228 1
1627564445330 0.0009382461380579665 2
1627564445434 0.000872558505864843 3
1627564445535 0.0008148790615410975 4
1627564445635 0.0007646720354343544 5
1627564445737 0.0007213035782572938 6
1627564445843 0.0006838123700367304 7
1627564445949 0.0006514862031269264 8
1627564446053 0.0006236464220699913 9
1627564446151 0.0005996712706562124 10
1627564446245 0.0005792435531833489 11
1627564446343 0.0005616949882628118 12
1627564446432 0.000546828561730478 13
1627564446532 0.0005339774708741399 14
1627564446661 0.000523274561389546 15
1627564446748 0.0005140535370290525 16
1627564446846 0.0005063830137134808 17
1627564446938 0.0004998725112802388 18
1627564447028 0.0004937220557504595 19
1627564447111 0.0004885181108180547 20
1627564447203 0.00048430084994825084 21
1627564447292 0.0004804916391122835 22
1627564447380 0.00047696181625555645 23
1627564447482 0.00047381709032664793 24
1627564447578 0.0004712914489412966 25
1627564447665 0.0004687831240993294 26
1627564447748 0.0004666619433330517 27
1627564447835 0.0004643313224775939 28
1627564447945 0.00046227920701474634 29
1627564448021 0.000460347274338511 30
1627564448141 0.00045861898260904306 31
1627564448237 0.00045690682182845737 32
1627564448323 0.00045535636284601357 33
1627564448394 0.00045419664313109436 34
1627564448502 0.0004527521425765694 35
1627564448587 0.0004511330262943957 36
1627564448691 0.00044944112337545777 37
1627564448766 0.0004477890133456134 38
1627564448841 0.0004459873429515633 39
1627564448940 0.00044497063819028674 40
1627564449009 0.000443503091953465 41
1627564449086 0.0004419359543328266 42
1627564449192 0.00044012071939747687 43
1627564449272 0.0004390551393643101 44
1627564449352 0.00043813833249250583 45
1627564449437 0.00043676372118555556 46
1627564449510 0.000436084928296528 47
1627564449587 0.0004348492870878618 48
1627564449673 0.00043390185980535543 49
1627564449808 0.00043231447108471637 50
1627564449882 0.0004316497070222575 51
1627564449979 0.0004308896939381538 52
1627564450074 0.00042968777991553997 53
1627564450151 0.0004289612243419849 54
1627564450262 0.0004281131293111428 55
1627564450349 0.0004265590637623346 56
1627564450437 0.0004252472945514985 57
1627564450517 0.0004244653577267807 58
1627564450597 0.00042370162004095815 59
1627564450680 0.000423117343992379 60
1627564450780 0.0004224979709852265 61
1627564450857 0.0004218855632091334 62
1627564450962 0.0004213038978810853 63
1627564451069 0.0004205267520014011 64
1627564451185 0.0004191372299925147 65
1627564451277 0.00041864063412515843 66
1627564451379 0.0004181939772452597 67
1627564451487 0.00041742651725391547 68
1627564451581 0.0004168840542899623 69
1627564451659 0.0004163908711444731 70
1627564451725 0.0004158912389606387 71
1627564451789 0.00041536959184072586 72
1627564451909 0.00041409879300896595 73
1627564451985 0.0004135778743946454 74
1627564452056 0.00041280275745018047 75
1627564452130 0.0004116893231026382 76
1627564452199 0.0004112409414731361 77
1627564452274 0.00041042806902808447 78
1627564452347 0.0004099616543826659 79
1627564452433 0.00040903796830744893 80
1627564452503 0.00040827618528189774 81
1627564452577 0.0004078693639349308 82
1627564452649 0.0004074371068036135 83
1627564452722 0.0004070128276255219 84
1627564452789 0.0004065971475274934 85
1627564452856 0.0004061723237587734 86
1627564452927 0.0004057351238316293 87
1627564453023 0.00040520037268263685 88
1627564453097 0.00040478857973390926 89
1627564453189 0.0004040530001623839 90
1627564453298 0.0004031318841029675 91
1627564453381 0.00040260991856352234 92
1627564453449 0.0004021958154169412 93
1627564453530 0.0004012498967241022 94
1627564453608 0.0004007812737477186 95
1627564453678 0.00040040466772522823 96
1627564453747 0.00040004940557938906 97
1627564453822 0.0003995801111696265 98
1627564453887 0.0003991801720449889 99
1627564453979 0.0003988079716905623 100
1627564454053 0.0003984634028212832 101
1627564454131 0.00039756520457658777 102
1627564454199 0.0003971117389107705 103
1627564454264 0.00039674065430111234 104
1627564454335 0.0003963634987431333 105
1627564454406 0.00039595767512292534 106
1627564454490 0.0003951917574483492 107
1627564454570 0.0003948218494946587 108
1627564454661 0.00039448476620527643 109
1627564454748 0.00039365182777842584 110
1627564454835 0.00039328745960675037 111
1627564454949 0.000392527960558876 112
1627564455010 0.00039220483902353327 113
1627564455076 0.0003918031960179017 114
1627564455153 0.000391468653592718 115
1627564455223 0.00039114175890924064 116
1627564455290 0.00039082074741118123 117
1627564455357 0.0003905045340546846 118
1627564455443 0.00038978909139569665 119
1627564455527 0.00038911974530457527 120
1627564455597 0.00038869786052539326 121
1627564455660 0.00038837363060874314 122
1627564455739 0.0003880579475147953 123
1627564455810 0.00038750373791525357 124
1627564455878 0.0003871870093588154 125
1627564455946 0.0003868393067807611 126
1627564456034 0.000386360400946652 127
1627564456098 0.0003860591384409599 128
1627564456175 0.00038571503344786087 129
1627564456251 0.00038531415423889124 130
1627564456318 0.0003850256456264613 131
1627564456406 0.00038469246116306266 132
1627564456464 0.00038438115230157824 133
1627564456537 0.00038381583077184663 134
1627564456593 0.0003835298232689172 135
1627564456656 0.0003832043778171467 136
1627564456718 0.0003829288567648455 137
1627564456780 0.0003826401370046666 138
1627564456855 0.00038233766421324583 139
1627564456914 0.0003820535355196606 140
1627564456981 0.00038179119257327897 141
1627564457050 0.00038149596538722234 142
1627564457123 0.00038118453618084795 143
1627564457173 0.00038091381627370816 144
1627564457234 0.00038060839892114015 145
1627564457302 0.0003803339398285206 146
1627564457384 0.00037987006704913006 147
1627564457436 0.0003796304519201374 148
1627564457499 0.0003792719520234136 149
1627564457574 0.00037901934863126456 150
1627564457642 0.0003787565144357647 151
1627564457748 0.00037831133908915394 152
1627564457863 0.00037775683885226964 153
1627564457943 0.0003774634807497291 154
1627564458015 0.00037720142952193557 155
1627564458084 0.00037693540725881143 156
1627564458146 0.0003766769161698194 157
1627564458219 0.0003763998154047881 158
1627564458273 0.0003761491862094583 159
1627564458329 0.00037590310736218687 160
1627564458407 0.00037546400256555703 161
1627564458485 0.00037514899929021466 162
1627564458559 0.00037492588651424013 163
1627564458624 0.0003746852856990668 164
1627564458692 0.00037441349857385227 165
1627564458768 0.00037416763689735507 166
1627564458839 0.0003739142560573316 167
1627564458908 0.00037357206302372883 168
1627564458989 0.0003732798884392205 169
1627564459072 0.0003729633230261864 170
1627564459139 0.0003726744721288334 171
1627564459209 0.0003724446711687491 172
1627564459266 0.0003721718688805879 173
1627564459330 0.0003719142385796903 174
1627564459398 0.0003716632564462207 175
1627564459470 0.0003714124016982114 176
1627564459550 0.0003710748404450515 177
1627564459612 0.00037083630847855014 178
1627564459676 0.0003705768025155674 179
1627564459759 0.00037031498989174426 180
1627564459833 0.0003700865063217801 181
1627564459896 0.0003697909059937267 182
1627564459964 0.00036945523393107506 183
1627564460040 0.00036910123598124587 184
1627564460088 0.000368888248363058 185
1627564460175 0.0003686565014267747 186
1627564460245 0.0003684264700471538 187
1627564460316 0.00036810292159762285 188
1627564460392 0.00036788088368214645 189
1627564460466 0.0003676881564981394 190
1627564460521 0.0003674811980493199 191
1627564460588 0.0003672220476435598 192
1627564460646 0.0003670101740862234 193
1627564460706 0.00036676615388815816 194
1627564460768 0.00036653498403464295 195
1627564460824 0.00036629682793754535 196
1627564460881 0.0003660968412659996 197
1627564460939 0.0003658801334182395 198
1627564460990 0.000365655195033836 199
1627564461080 0.0003652542181081187 200
1627564461153 0.0003649827718696608 201
1627564461221 0.00036472824416559815 202
1627564461270 0.0003645108404613259 203
1627564461360 0.00036428476440509953 204
1627564461435 0.00036406065539983535 205
1627564461503 0.00036384542592376654 206
1627564461559 0.00036365770714703237 207
1627564461623 0.00036344465401136995 208
1627564461734 0.0003630885117363621 209
1627564461803 0.0003628633934958692 210
1627564461884 0.0003626454021253422 211
1627564461978 0.00036242303998677074 212
1627564462054 0.0003622448590582057 213
1627564462124 0.000362046143231498 214
1627564462174 0.00036184564183881123 215
1627564462228 0.00036160612451911084 216
1627564462304 0.00036122350413762724 217
1627564462356 0.0003610070347959232 218
1627564462402 0.0003608031865606852 219
1627564462472 0.00036047452358978324 220
1627564462537 0.0003602667680823121 221
1627564462610 0.0003600580381396375 222
1627564462661 0.0003598846937997949 223
1627564462741 0.00035966357938253633 224
1627564462833 0.00035946116899535026 225
1627564462906 0.000359261548696348 226
1627564462979 0.00035906988858254614 227
1627564463040 0.00035886849974229093 228
1627564463095 0.00035867106051419085 229
1627564463152 0.00035847733293362593 230
1627564463203 0.0003582788714989085 231
1627564463257 0.0003580900519447685 232
1627564463320 0.00035788148492312905 233
1627564463377 0.00035769542113826467 234
1627564463429 0.00035749206817828073 235
1627564463491 0.00035727273906208074 236
1627564463550 0.00035708042177908753 237
1627564463605 0.0003568588113330962 238
1627564463653 0.00035667576978809816 239
1627564463729 0.0003563523669212882 240
1627564463782 0.00035614720608496286 241
1627564463848 0.00035596589907304005 242
1627564463911 0.00035576207853212625 243
1627564463962 0.0003555623741561334 244
1627564464025 0.00035528908886356246 245
1627564464070 0.0003550894632391695 246
1627564464120 0.0003549067380721128 247
1627564464178 0.000354691724315636 248
1627564464229 0.0003545267815052204 249
1627564464304 0.0003543159491587247 250
1627564464360 0.00035411318619911784 251
1627564464413 0.0003539422928167469 252
1627564464509 0.00035366450666364627 253
1627564464573 0.0003534935044018129 254
1627564464634 0.00035328155729534783 255
1627564464681 0.0003531045243643023 256
1627564464732 0.0003529369000611549 257
1627564464781 0.0003527635644026951 258
1627564464842 0.0003525760429998248 259
1627564464891 0.00035238933172671006 260
1627564464955 0.00035216433506061795 261
1627564465013 0.00035197882262672496 262
1627564465072 0.00035179614608631457 263
1627564465121 0.0003516238338823548 264
1627564465172 0.0003514404914519973 265
1627564465222 0.0003512670408709576 266
1627564465309 0.00035107223424552143 267
1627564465383 0.0003508921625347197 268
1627564465432 0.00035072400350945625 269
1627564465527 0.00035046033718590005 270
1627564465607 0.00035028296925297236 271
1627564465671 0.0003500822430839047 272
1627564465723 0.00034990658425392414 273
1627564465802 0.0003497192423286215 274
1627564465855 0.00034956062655360556 275
1627564465913 0.00034939706946455004 276
1627564465963 0.00034921052822501015 277
1627564466038 0.0003490351978980368 278
1627564466129 0.0003488358173407424 279
1627564466215 0.0003486512758690017 280
1627564466264 0.00034848391242762745 281
1627564466337 0.00034829684219505805 282
1627564466414 0.00034810759833112136 283
1627564466522 0.00034786428557243427 284
1627564466612 0.00034768700550066894 285
1627564466697 0.0003473967167341678 286
1627564466749 0.0003472098459041402 287
1627564466811 0.00034702690796011953 288
1627564466873 0.00034683541782469675 289
1627564466948 0.0003465327614593055 290
1627564467018 0.00034628139024186415 291
1627564467070 0.00034612645956953183 292
1627564467125 0.00034597126894352976 293
1627564467179 0.0003458020736101045 294
1627564467224 0.0003456298915611593 295
1627564467283 0.00034543371384180074 296
1627564467360 0.00034524381273501396 297
1627564467421 0.0003450704944326089 298
1627564467500 0.0003447932719393947 299
1627564467570 0.0003545267815052204 300
1627564471691 0.0011003122484211797 0
1627564471811 0.0010154675306031028 1
1627564471912 0.0009403862092195352 2
1627564472012 0.0008745155546647518 3
1627564472128 0.0008167640272025361 4
1627564472236 0.000766470289503709 5
1627564472368 0.0007228666191690065 6
1627564472470 0.0006851300402387294 7
1627564472569 0.0006527564008960989 8
1627564472661 0.0006249198924009498 9
1627564472760 0.0006006632936076721 10
1627564472853 0.0005800532602855116 11
1627564472953 0.0005622315365268716 12
1627564473095 0.0005472954600324799 13
1627564473192 0.0005342530539033869 14
1627564473327 0.0005234210734113311 15
1627564473428 0.0005141977223347248 16
1627564473556 0.000506431148614017 17
1627564473653 0.0004998338170723418 18
1627564473762 0.0004938813704517236 19
1627564473879 0.0004887279435095358 20
1627564473967 0.00048432706748953913 21
1627564474061 0.00048058347499503335 22
1627564474150 0.00047701915187355726 23
1627564474241 0.0004738454225150076 24
1627564474326 0.0004712343128492306 25
1627564474412 0.0004690026902688111 26
1627564474493 0.00046651663381328185 27
1627564474574 0.00046428890387988775 28
1627564474652 0.0004622107931214612 29
1627564474735 0.00046038485583352735 30
1627564474826 0.00045908838164412415 31
1627564474920 0.0004571818656806077 32
1627564475013 0.00045536324257956545 33
1627564475092 0.00045398269465048456 34
1627564475205 0.0004522254984839087 35
1627564475293 0.00045048675631927364 36
1627564475394 0.00044809723929733813 37
1627564475476 0.00044714548099157006 38
1627564475556 0.00044581823468777427 39
1627564475641 0.00044492195321460195 40
1627564475761 0.0004430871667339385 41
1627564475859 0.00044205945502466814 42
1627564475936 0.0004405862731114043 43
1627564476018 0.0004396288437852051 44
1627564476091 0.000438571410190785 45
1627564476166 0.00043776798159852456 46
1627564476235 0.00043700360352120474 47
1627564476314 0.00043592043694054783 48
1627564476404 0.00043415510213596877 49
1627564476513 0.0004332044763057981 50
1627564476588 0.0004324731538785909 51
1627564476670 0.00043059475900352726 52
1627564476760 0.0004291316913173804 53
1627564476867 0.00042850413562370033 54
1627564476963 0.00042724439991690023 55
1627564477051 0.00042556932813963395 56
1627564477124 0.000424989550942577 57
1627564477208 0.00042364847943196314 58
1627564477291 0.000422594420918601 59
1627564477360 0.00042206869298847774 60
1627564477460 0.00042144704310486075 61
1627564477546 0.0004202566411631243 62
1627564477607 0.00041978087082614765 63
1627564477685 0.0004192681565564811 64
1627564477766 0.00041806945622091936 65
1627564477842 0.0004175502230290161 66
1627564477915 0.00041704777744114974 67
1627564477987 0.0004164345129851288 68
1627564478076 0.0004158593252850573 69
1627564478153 0.00041536401699431203 70
1627564478223 0.0004148621210015635 71
1627564478306 0.00041366513030455335 72
1627564478399 0.00041234314006441424 73
1627564478518 0.0004113803806432092 74
1627564478628 0.00041089127036735305 75
1627564478698 0.0004104022289595952 76
1627564478774 0.00040952108822976864 77
1627564478869 0.0004090827246244878 78
1627564478947 0.0004085480954186971 79
1627564479021 0.0004079877113779783 80
1627564479087 0.0004075658368395487 81
1627564479166 0.00040659410828258876 82
1627564479241 0.0004057445671670142 83
1627564479313 0.00040524026143363994 84
1627564479385 0.0004047726498714275 85
1627564479453 0.0004043420472502266 86
1627564479525 0.00040393729132563424 87
1627564479620 0.00040352507799319156 88
1627564479694 0.0004031214228930252 89
1627564479755 0.00040270724645315376 90
1627564479837 0.00040219175078940296 91
1627564479916 0.00040154377893467016 92
1627564479988 0.0004010954656456608 93
1627564480062 0.00040071049145197295 94
1627564480141 0.0004000473417894748 95
1627564480255 0.00039928095064770624 96
1627564480325 0.0003986920899902582 97
1627564480396 0.00039831308796147634 98
1627564480472 0.00039794324689906613 99
1627564480591 0.0003974834921568574 100
1627564480662 0.0003970965940981058 101
1627564480728 0.00039670731128512083 102
1627564480794 0.00039625180410381904 103
1627564480863 0.0003959004313275146 104
1627564480928 0.0003955189085284357 105
1627564480999 0.0003951365407889077 106
1627564481113 0.0003943783513177023 107
1627564481194 0.0003940284192273311 108
1627564481268 0.0003934053246088598 109
1627564481367 0.0003925555545940323 110
1627564481436 0.0003922061512447734 111
1627564481500 0.0003918871427322911 112
1627564481552 0.0003915943430530296 113
1627564481628 0.0003911124283695807 114
1627564481689 0.0003907289568453907 115
1627564481747 0.00039043074217520567 116
1627564481827 0.00038982579074062934 117
1627564481891 0.0003894625975418521 118
1627564481968 0.00038909862783162663 119
1627564482031 0.0003887378653711936 120
1627564482095 0.0003883917667238012 121
1627564482157 0.0003880374465675342 122
1627564482226 0.000387712303227552 123
1627564482298 0.00038726882525988974 124
1627564482355 0.00038691590416831486 125
1627564482407 0.00038662662288601875 126
1627564482484 0.00038616006810520857 127
1627564482567 0.0003855219910363374 128
1627564482634 0.00038522799083940914 129
1627564482716 0.00038480844021712295 130
1627564482803 0.0003845214810422974 131
1627564482878 0.00038424152732683347 132
1627564482947 0.000383958079621533 133
1627564483019 0.0003836129797641168 134
1627564483092 0.0003833230068395888 135
1627564483162 0.0003830133358074817 136
1627564483221 0.0003827220753989819 137
1627564483286 0.00038241831544859344 138
1627564483352 0.00038209456990919615 139
1627564483404 0.00038181599337807075 140
1627564483452 0.0003815644260965865 141
1627564483511 0.00038122642967801417 142
1627564483613 0.0003809387255526467 143
1627564483692 0.0003806412701176944 144
1627564483757 0.00038035474674125646 145
1627564483873 0.00037987820860365784 146
1627564483955 0.00037956845633700935 147
1627564484019 0.00037925682019834676 148
1627564484086 0.00037899585972213265 149
1627564484158 0.0003786980350776897 150
1627564484227 0.00037828489576824544 151
1627564484296 0.00037801488087314334 152
1627564484389 0.00037765266679231746 153
1627564484453 0.00037739699145594436 154
1627564484528 0.000377116485340806 155
1627564484605 0.0003768486697107868 156
1627564484665 0.0003765910262806317 157
1627564484734 0.0003762577816385045 158
1627564484845 0.00037585884867698054 159
1627564484945 0.00037553638985395076 160
1627564485025 0.00037529622045980455 161
1627564485112 0.0003749179141259164 162
1627564485215 0.00037446581440173847 163
1627564485311 0.0003742222235627233 164
1627564485380 0.0003739531620986533 165
1627564485463 0.0003736718981775058 166
1627564485564 0.00037335779679018456 167
1627564485663 0.00037298900863149434 168
1627564485719 0.00037274507749945267 169
1627564485780 0.0003724792593628496 170
1627564485843 0.00037221401655258975 171
1627564485904 0.0003719759233947982 172
1627564485957 0.0003717421241739575 173
1627564486014 0.00037151442150766426 174
1627564486062 0.0003712929392753189 175
1627564486138 0.0003710678428914372 176
1627564486227 0.00037080797777017176 177
1627564486307 0.0003705575994179112 178
1627564486385 0.00037032095159809144 179
1627564486467 0.00036989726632165185 180
1627564486546 0.000369501881457272 181
1627564486654 0.00036907050053074255 182
1627564486724 0.00036882579006217663 183
1627564486784 0.00036854824264372213 184
1627564486859 0.0003682417395711646 185
1627564486922 0.00036800355790584885 186
1627564486991 0.00036771717536954304 187
1627564487065 0.00036747092326517926 188
1627564487152 0.000367232256651469 189
1627564487247 0.00036701581705410926 190
1627564487311 0.00036680090176046206 191
1627564487359 0.00036659226815572647 192
1627564487412 0.00036637335604198547 193
1627564487471 0.0003661620329399016 194
1627564487560 0.00036592722165184526 195
1627564487667 0.00036554455098114123 196
1627564487772 0.0003653017600097419 197
1627564487825 0.00036506124227918903 198
1627564487892 0.0003648243217972975 199
1627564487965 0.0003646384874996737 200
1627564488046 0.0003642551625733032 201
1627564488126 0.0003638514879603297 202
1627564488187 0.00036361638433992147 203
1627564488239 0.00036341951972531684 204
1627564488295 0.0003631957974564277 205
1627564488359 0.00036296509616561646 206
1627564488417 0.0003627491689827484 207
1627564488479 0.0003625252248921257 208
1627564488544 0.00036232009056661824 209
1627564488611 0.0003620705676874131 210
1627564488667 0.00036186171316551 211
1627564488725 0.00036163433982224305 212
1627564488801 0.00036138925487773805 213
1627564488854 0.00036120148787967894 214
1627564488919 0.00036096783646773916 215
1627564488982 0.00036070487578947327 216
1627564489050 0.00036035946074398407 217
1627564489098 0.00036014735541532554 218
1627564489151 0.00035994284775668595 219
1627564489202 0.00035975131269365857 220
1627564489276 0.0003595692920925006 221
1627564489331 0.0003593627509786667 222
1627564489401 0.0003590079277287413 223
1627564489466 0.000358811449250453 224
1627564489566 0.00035861468959563395 225
1627564489661 0.00035841429249194526 226
1627564489720 0.0003582103427431837 227
1627564489768 0.0003580159283499606 228
1627564489833 0.0003577205362486594 229
1627564489886 0.00035750091109084265 230
1627564489936 0.00035732679593408485 231
1627564489996 0.00035703812772222153 232
1627564490041 0.0003568620495791529 233
1627564490104 0.0003566573830153316 234
1627564490157 0.0003564638958399546 235
1627564490226 0.0003562860033768273 236
1627564490299 0.00035611327057054565 237
1627564490351 0.00035590425044224066 238
1627564490412 0.00035567342521355375 239
1627564490475 0.0003554725825234801 240
1627564490532 0.00035527148414101655 241
1627564490606 0.00035505430713607866 242
1627564490659 0.0003548488088501509 243
1627564490717 0.00035464602778424265 244
1627564490779 0.00035446172292969704 245
1627564490835 0.0003542625026495534 246
1627564490899 0.00035407642053003266 247
1627564490980 0.00035386265981381744 248
1627564491062 0.00035367931207561673 249
1627564491154 0.0003534806587023645 250
1627564491218 0.0003532988016292726 251
1627564491268 0.00035310724164125206 252
1627564491318 0.00035291378051200654 253
1627564491381 0.0003527512515665309 254
1627564491448 0.00035249231382173204 255
1627564491497 0.00035230419719229895 256
1627564491558 0.0003520664962521009 257
1627564491606 0.00035187816202911855 258
1627564491662 0.00035169819133329156 259
1627564491713 0.00035151848774383256 260
1627564491807 0.0003512397404987042 261
1627564491901 0.0003510523514166461 262
1627564491955 0.0003508864498270997 263
1627564492027 0.00035069628882168126 264
1627564492107 0.00035049575362196197 265
1627564492195 0.00035030673415015087 266
1627564492303 0.00035003226492211816 267
1627564492385 0.0003498529379481284 268
1627564492462 0.000349690026207079 269
1627564492574 0.00034945269354199964 270
1627564492643 0.00034925799877593024 271
1627564492702 0.00034906757118580113 272
1627564492759 0.0003488795089435958 273
1627564492830 0.00034869711404550175 274
1627564492881 0.00034854339399656464 275
1627564492955 0.0003481792960921004 276
1627564493003 0.00034800409600499227 277
1627564493066 0.0003478416120069286 278
1627564493159 0.0003476736211586263 279
1627564493234 0.00034749803552812494 280
1627564493327 0.00034729223678748715 281
1627564493414 0.0003471143660149689 282
1627564493501 0.00034694884837261475 283
1627564493588 0.0003467403946383894 284
1627564493637 0.0003465747172933015 285
1627564493715 0.0003462628899280388 286
1627564493766 0.0003460974410560438 287
1627564493840 0.00034592752520119086 288
1627564493888 0.00034578078296992616 289
1627564493960 0.000345443614419187 290
1627564494025 0.00034521641249129353 291
1627564494084 0.0003450433726926678 292
1627564494132 0.0003448993766690109 293
1627564494184 0.00034470166069591756 294
1627564494230 0.00034452602767695616 295
1627564494280 0.0003443485667803577 296
1627564494330 0.00034416734973848984 297
1627564494413 0.0003439835632690924 298
1627564494511 0.0003438133832574871 299
1627564494581 0.00034364334225928426 300
1627564494631 0.0003434862814916536 301
1627564494705 0.00034329031575828345 302
1627564494762 0.00034313744770367966 303
1627564494811 0.0003429610923089068 304
1627564494876 0.0003427773915278973 305
1627564494928 0.0003425957772758601 306
1627564494975 0.000342433786324119 307
1627564495027 0.00034227922347106757 308
1627564495080 0.00034211769099710417 309
1627564495127 0.0003419608885039045 310
1627564495180 0.00034180914350359295 311
1627564495228 0.0003416480460341725 312
1627564495281 0.0003414619285140565 313
1627564495363 0.00034125430475869076 314
1627564495441 0.000341107313724642 315
1627564495494 0.00034093728249112227 316
1627564495551 0.0003407420630168671 317
1627564495621 0.00034058614697877684 318
1627564495686 0.00034043480238334653 319
1627564495769 0.0003402360440933224 320
1627564495828 0.00034008095056936745 321
1627564495874 0.00033991897489665465 322
1627564495967 0.0003396742786352613 323
1627564496046 0.0003395047528828417 324
1627564496119 0.00033933002200621406 325
1627564496170 0.00033916950621990183 326
1627564496247 0.000339003643321539 327
1627564496327 0.00033887445658131634 328
1627564496402 0.0003387181060399406 329
1627564496504 0.0003385054304120758 330
1627564496579 0.00033834773530245696 331
1627564496660 0.0003381583417237929 332
1627564496731 0.00033799386007504306 333
1627564496785 0.00033783989097449583 334
1627564496838 0.0003376890455895192 335
1627564496906 0.00033748864344264914 336
1627564497002 0.00033732919087955856 337
1627564497079 0.00033718434515677537 338
1627564497158 0.00033704861944313324 339
1627564497233 0.00033690017431323 340
1627564497282 0.0003367646343892983 341
1627564497356 0.00034521641249129353 342
