1627553978871 0.0010980050239722582 0
1627553979094 0.0010120214697300737 1
1627553979291 0.0009362406836603725 2
1627553979558 0.0008696052232235523 3
1627553979790 0.0008109728569178318 4
1627553980098 0.0007597379935065678 5
1627553980387 0.0007151201926698399 6
1627553980661 0.0006768545523702003 7
1627553980902 0.0006436150230557753 8
1627553981084 0.0006151094270286658 9
1627553981267 0.0005903239700105279 10
1627553981464 0.0005693580618853333 11
1627553981642 0.0005513656493759815 12
1627553981824 0.000536112995671233 13
1627553982012 0.0005230301396479561 14
1627553982311 0.0005119690151791455 15
1627553982521 0.0005025412115640185 16
1627553982701 0.0004946276894322724 17
1627553982872 0.00048769405911473226 18
1627553983034 0.00048148957924377354 19
1627553983194 0.00047632331897258875 20
1627553983355 0.0004719006252455961 21
1627553983523 0.0004679311922376571 22
1627553983741 0.00046453037052336514 23
1627553983977 0.00046038934086296444 24
1627553984204 0.000457317695316918 25
1627553984372 0.00045459494052602447 26
1627553984552 0.0004523666402327902 27
1627553984797 0.00044994659458440033 28
1627553985037 0.0004477574394693149 29
1627553985181 0.00044569887832525163 30
1627553985368 0.00044406000040770477 31
1627553985551 0.00044193232178448255 32
1627553985723 0.0004397085555156645 33
1627553985867 0.0004380535996636513 34
1627553986018 0.00043622293121885897 35
1627553986159 0.0004342364014123854 36
1627553986326 0.00043266614892468417 37
1627553986473 0.00043095655275033365 38
1627553986647 0.0004296194280375416 39
1627553986836 0.00042812285233474295 40
1627553987037 0.0004257460195995505 41
1627553987210 0.0004230192477966401 42
1627553987442 0.0004210120137277441 43
1627553987662 0.00042002819200812416 44
1627553987865 0.0004190485154587461 45
1627553988062 0.00041761056788470276 46
1627553988234 0.0004148310059386149 47
1627553988366 0.00041376160956787064 48
1627553988517 0.0004118440622409395 49
1627553988706 0.00040994001638269736 50
1627553988847 0.00040894364720816075 51
1627553988992 0.00040802204224314395 52
1627553989133 0.0004072552482227155 53
1627553989372 0.00040519945125276304 54
1627553989577 0.00040447765356061083 55
1627553989798 0.00040240305452126144 56
1627553989949 0.00040146461181312726 57
1627553990095 0.0004006703699917256 58
1627553990223 0.0003999744830669814 59
1627553990340 0.0003992576020533446 60
1627553990476 0.0003984790961551366 61
1627553990624 0.00039755695612742905 62
1627553990777 0.0003967046963538922 63
1627553990912 0.0003958547405784931 64
1627553991081 0.0003942150411705398 65
1627553991214 0.00039348719177220216 66
1627553991414 0.00039249437175946296 67
1627553991554 0.00039182497462310817 68
1627553991770 0.0003903886585130284 69
1627553991961 0.0003897305213819701 70
1627553992161 0.0003891003281678289 71
1627553992337 0.00038803923616426096 72
1627553992469 0.00038740417014692345 73
1627553992614 0.0003867368350383699 74
1627553992776 0.00038547940427879337 75
1627553992924 0.00038481645988015675 76
1627553993059 0.0003841721153216749 77
1627553993204 0.0003834259347730984 78
1627553993330 0.0003828552781600133 79
1627553993461 0.00038222732148581216 80
1627553993605 0.00038155328335205636 81
1627553993746 0.00038093084076101135 82
1627553993876 0.00038036865042499025 83
1627553994008 0.0003798211268044258 84
1627553994123 0.00037925872037273287 85
1627553994248 0.00037871678790717654 86
1627553994417 0.0003776736784676014 87
1627553994539 0.000377076284933212 88
1627553994675 0.00037652717539116024 89
1627553994831 0.0003756044960323094 90
1627553994993 0.00037466902779178173 91
1627553995122 0.00037415795948672083 92
1627553995252 0.0003735212461359396 93
1627553995419 0.0003729847793019629 94
1627553995603 0.0003724807686998912 95
1627553995788 0.00037196226350710886 96
1627553995946 0.00037140500355478526 97
1627553996194 0.00037050674280206036 98
1627553996352 0.0003700318684365015 99
1627553996493 0.0003695464659484095 100
1627553996659 0.0003687262362950825 101
1627553996792 0.0003682510740301518 102
1627553996923 0.00036764180470993566 103
1627553997032 0.0003671207171115877 104
1627553997166 0.00036659501416905335 105
1627553997263 0.0003661262101747008 106
1627553997492 0.0003653504623255763 107
1627553997654 0.00036488106019925135 108
1627553997846 0.0003644276532541028 109
1627553997998 0.00036371780796318995 110
1627553998115 0.0003632254637724007 111
1627553998243 0.00036280169433102686 112
1627553998350 0.00036240609580269776 113
1627553998446 0.0003619679696331418 114
1627553998565 0.0003615663328668854 115
1627553998675 0.00036112852484532774 116
1627553998774 0.00036074250861883205 117
1627553998915 0.00036022339370460354 118
1627553999093 0.00035939035778747647 119
1627553999256 0.00035899842270685207 120
1627553999405 0.0003585509601964028 121
1627553999569 0.000357881191652169 122
1627553999694 0.0003574700917430792 123
1627553999834 0.00035704552061290756 124
1627553999933 0.00035664243611291445 125
1627554000043 0.00035623397140859545 126
1627554000192 0.00035556685508802364 127
1627554000313 0.0003551682671141638 128
1627554000438 0.00035474157080067273 129
1627554000598 0.00035404317998609017 130
1627554000729 0.0003536925130204354 131
1627554000868 0.0003532713519020269 132
1627554000974 0.0003528929640708688 133
1627554001107 0.0003524972758535037 134
1627554001229 0.00035202888860769177 135
1627554001340 0.0003516533349278727 136
1627554001448 0.00035129489914526187 137
1627554001610 0.00035079649496394126 138
1627554001719 0.0003503804193011189 139
1627554001848 0.0003499568737125227 140
1627554001981 0.0003496093949787657 141
1627554002097 0.00034922163129011695 142
1627554002198 0.00034886647296176505 143
1627554002291 0.00034855236937080236 144
1627554002415 0.0003481788164192472 145
1627554002532 0.0003478138952175821 146
1627554002650 0.0003474779132203772 147
1627554002751 0.0003471222027953173 148
1627554002917 0.00034677172058753317 149
1627554003041 0.0003464158706816814 150
1627554003214 0.0003459214532565997 151
1627554003365 0.00034553219856317655 152
1627554003503 0.0003451769433804904 153
1627554003614 0.00034483215336975846 154
1627554003762 0.00034429705112990535 155
1627554003876 0.0003439501825803253 156
1627554003973 0.0003435810056218496 157
1627554004119 0.00034322679089812534 158
1627554004265 0.0003429310827494266 159
1627554004459 0.00034248316314337 160
1627554004586 0.00034215620002099145 161
1627554004719 0.00034178445882038027 162
1627554004806 0.00034150636850136364 163
1627554004954 0.00034113305669016203 164
1627554005059 0.00034078576175031015 165
1627554005159 0.0003404634214690428 166
1627554005283 0.00034010238559798427 167
1627554005390 0.00033977660446922274 168
1627554005500 0.000339416463562521 169
1627554005658 0.0003390911049144882 170
1627554005781 0.0003387447119017521 171
1627554005902 0.0003384724898050867 172
1627554006045 0.00033819957548642335 173
1627554006212 0.0003378703180176011 174
1627554006329 0.0003374993915483024 175
1627554006456 0.0003371505289104807 176
1627554006684 0.0003367214665104092 177
1627554006801 0.0003364275833560872 178
1627554006916 0.0003360747295415528 179
1627554007041 0.0003357400628824916 180
1627554007147 0.00033540657215956523 181
1627554007243 0.0003351294950760741 182
1627554007345 0.0003348612139152184 183
1627554007463 0.00033450189950075113 184
1627554007557 0.00033420597578456856 185
1627554007662 0.0003338548343691233 186
1627554007752 0.0003335769536914017 187
1627554007852 0.00033328473249446503 188
1627554007941 0.0003329886328296305 189
1627554008090 0.0003326380107561566 190
1627554008179 0.0003323799960390955 191
1627554008269 0.00033207864726113973 192
1627554008420 0.0003316848021803928 193
1627554008522 0.0003313922651594478 194
1627554008614 0.00033113603365854426 195
1627554008738 0.0003308147525380564 196
1627554008839 0.00033053415360374746 197
1627554008945 0.0003302449224356503 198
1627554009041 0.00032997608457786825 199
1627554009175 0.00032970551229172083 200
1627554009291 0.00032940835638829057 201
1627554009417 0.0003290300528343316 202
1627554009511 0.00032875895781933514 203
1627554009652 0.000328343585252467 204
1627554009800 0.0003280355103043312 205
1627554009904 0.0003277402705820773 206
1627554010062 0.0003274781953607581 207
1627554010227 0.00032716754021503076 208
1627554010358 0.0003268866536868248 209
1627554010472 0.00032662189621937234 210
1627554010653 0.00032625349775694426 211
1627554010760 0.0003259624013782132 212
1627554010895 0.00032575201862420505 213
1627554011031 0.00032549976554040525 214
1627554011147 0.00032525327634122796 215
1627554011252 0.00032498940874856015 216
1627554011425 0.00032464295463440276 217
1627554011553 0.0003243552856443051 218
1627554011660 0.00032405832298557373 219
1627554011787 0.0003237725078990657 220
1627554011959 0.00032348965246565176 221
1627554012072 0.0003232096418103807 222
1627554012221 0.00032291679475769956 223
1627554012325 0.0003226290917548199 224
1627554012418 0.0003223819009529041 225
1627554012521 0.0003220990684366777 226
1627554012629 0.0003217951898046158 227
1627554012743 0.00032148262261834685 228
1627554012822 0.0003364275833560872 229
1627554016982 0.0010978916141245734 0
1627554017201 0.0010120500124848736 1
1627554017466 0.0009364153126339648 2
1627554017740 0.0008699079423790074 3
1627554017991 0.0008114342158534509 4
1627554018237 0.0007603105791304158 5
1627554018435 0.0007157471691562568 6
1627554018624 0.0006775929794849444 7
1627554018814 0.0006444754939636756 8
1627554019019 0.0006160979623418589 9
1627554019285 0.0005914753489267122 10
1627554019511 0.0005706414385622849 11
1627554019688 0.0005526360648295669 12
1627554019878 0.0005374408230725722 13
1627554020049 0.0005243073035447628 14
1627554020217 0.000513177082820697 15
1627554020386 0.0005037085669494083 16
1627554020566 0.0004958574160286034 17
1627554020759 0.0004889021041059135 18
1627554021005 0.0004826618746034512 19
1627554021178 0.00047752085886493967 20
1627554021342 0.00047294674944233916 21
1627554021519 0.0004688005533035679 22
1627554021735 0.0004648978135746231 23
1627554021923 0.00046140661286673016 24
1627554022128 0.00045809207181408447 25
1627554022281 0.00045525977188733737 26
1627554022435 0.0004528119063921181 27
1627554022599 0.0004501792607355901 28
1627554022755 0.00044793461681067376 29
1627554022898 0.00044597973486635965 30
1627554023044 0.0004440951003931219 31
1627554023200 0.00044224151285062824 32
1627554023352 0.0004402317927118486 33
1627554023503 0.00043874208870498807 34
1627554023657 0.00043685800656126454 35
1627554023834 0.00043499050841920133 36
1627554024005 0.0004338085772642709 37
1627554024184 0.0004315731958984156 38
1627554024325 0.0004300267464437674 39
1627554024466 0.00042850013147967064 40
1627554024622 0.00042607501771832257 41
1627554024770 0.0004244964596872025 42
1627554024921 0.0004235054582031254 43
1627554025103 0.0004203796778138445 44
1627554025274 0.00041937764289592987 45
1627554025508 0.0004174062817796364 46
1627554025679 0.0004165487397577283 47
1627554025897 0.00041550178339567193 48
1627554026058 0.0004144545030920132 49
1627554026294 0.00041264175162762873 50
1627554026443 0.0004117826275195611 51
1627554026598 0.0004102776747480193 52
1627554026741 0.0004090432165859733 53
1627554026902 0.0004079000350465271 54
1627554027030 0.00040710926877139057 55
1627554027255 0.00040542355460377737 56
1627554027440 0.00040452912429296984 57
1627554027611 0.0004033796206797101 58
1627554027770 0.0004024115676991465 59
1627554027917 0.0004017273856720291 60
1627554028074 0.00040104111509674706 61
1627554028259 0.0003994446145764858 62
1627554028426 0.0003980444167644676 63
1627554028589 0.00039651212819164357 64
1627554028776 0.00039496670109230136 65
1627554028904 0.00039425077773179147 66
1627554029022 0.0003935737018387808 67
1627554029180 0.00039252521364184983 68
1627554029362 0.0003910170981009743 69
1627554029562 0.000390382307193034 70
1627554029717 0.0003896471185986308 71
1627554029904 0.00038898429328367354 72
1627554030099 0.0003883602396214011 73
1627554030235 0.0003876165649004065 74
1627554030374 0.000386995310012946 75
1627554030533 0.0003857104454639238 76
1627554030649 0.00038513457786976466 77
1627554030776 0.00038451503266005504 78
1627554030939 0.0003833048975702051 79
1627554031071 0.0003827530129989281 80
1627554031196 0.0003821845583087218 81
1627554031342 0.00038149742035485445 82
1627554031499 0.0003809523954313636 83
1627554031672 0.0003803525530360866 84
1627554031819 0.00037981196641265745 85
1627554031962 0.0003790265234937535 86
1627554032070 0.00037848014401318126 87
1627554032207 0.00037779534028583645 88
1627554032340 0.00037718169549126775 89
1627554032451 0.00037663792531816446 90
1627554032560 0.0003761212722142414 91
1627554032696 0.0003755838351703423 92
1627554032810 0.00037505285388295584 93
1627554032935 0.0003745220359270166 94
1627554033051 0.0003739952339260814 95
1627554033224 0.00037297515425252053 96
1627554033390 0.00037225105734958096 97
1627554033667 0.0003713691522812911 98
1627554033878 0.0003708783188205996 99
1627554034015 0.00037033514570549206 100
1627554034166 0.00036954897427687986 101
1627554034299 0.0003690981582326704 102
1627554034405 0.0003685486093987069 103
1627554034499 0.0003680740207624445 104
1627554034643 0.0003673130948524456 105
1627554034759 0.0003668104076814015 106
1627554034875 0.00036637735654591164 107
1627554034995 0.00036588534178143175 108
1627554035124 0.00036544361010786274 109
1627554035238 0.00036500789653072334 110
1627554035343 0.0003645871341905477 111
1627554035461 0.000364181587458512 112
1627554035678 0.00036340635770712074 113
1627554035817 0.00036277823196090026 114
1627554035954 0.00036232766896780803 115
1627554036079 0.0003617594255205797 116
1627554036207 0.0003612753583875432 117
1627554036327 0.000360820691530553 118
1627554036470 0.00036041744401318226 119
1627554036609 0.0003599559863106727 120
1627554036774 0.00035951583776894203 121
1627554036934 0.0003590761547095554 122
1627554037089 0.0003586093086917958 123
1627554037268 0.0003580209055611381 124
1627554037413 0.000357431742053023 125
1627554037539 0.00035702327328950825 126
1627554037680 0.0003564098422131121 127
1627554037799 0.000356018198197031 128
1627554037921 0.000355561928867798 129
1627554038056 0.00035516054532716177 130
1627554038155 0.0003548111947654259 131
1627554038270 0.00035443429233356663 132
1627554038396 0.000354034264766263 133
1627554038510 0.00035365915724297215 134
1627554038631 0.0003532551518354144 135
1627554038732 0.0003528699356223245 136
1627554038832 0.0003524867415833049 137
1627554038920 0.00035212297951032616 138
1627554039014 0.00035176945529210435 139
1627554039140 0.00035137137308463275 140
1627554039234 0.000351054299122071 141
1627554039351 0.00035062759451864243 142
1627554039467 0.0003502103483775898 143
1627554039579 0.00034982240514755885 144
1627554039717 0.00034933739086325584 145
1627554039891 0.00034894050977280383 146
1627554040038 0.00034852978071402276 147
1627554040161 0.0003480600131609579 148
1627554040318 0.00034769728841881563 149
1627554040451 0.00034737721195093993 150
1627554040539 0.0003470394187089978 151
1627554040660 0.00034661931646301226 152
1627554040772 0.00034625445339018227 153
1627554040927 0.0003459138539405193 154
1627554041035 0.0003455864179664048 155
1627554041140 0.0003452645232894552 156
1627554041233 0.000344897354652945 157
1627554041345 0.00034454738661113797 158
1627554041524 0.0003441037691696105 159
1627554041629 0.00034377451653698916 160
1627554041762 0.00034330717098116347 161
1627554041880 0.0003429404970399454 162
1627554042027 0.00034242173073802313 163
1627554042242 0.00034189337897849075 164
1627554042349 0.0003415525909176367 165
1627554042444 0.0003412317987216549 166
1627554042568 0.00034089101618778274 167
1627554042712 0.00034056986623934516 168
1627554042816 0.0003402400298057262 169
1627554042909 0.00033994863565381167 170
1627554043046 0.0003396212444096597 171
1627554043154 0.00033932764825681937 172
1627554043243 0.00033903022180018416 173
1627554043355 0.0003386741687133992 174
1627554043433 0.0003383957679335341 175
1627554043535 0.00033808621384437523 176
1627554043704 0.0003377758522921732 177
1627554043889 0.00033731506797034634 178
1627554044019 0.00033700516037012595 179
1627554044122 0.0003366433854884524 180
1627554044235 0.0003363210614550948 181
1627554044351 0.0003360182149453615 182
1627554044477 0.0003356923236565116 183
1627554044577 0.00033537048479770213 184
1627554044675 0.00033511783240775244 185
1627554044785 0.0003348097505827384 186
1627554044882 0.0003345008711426893 187
1627554044964 0.0003342432923079973 188
1627554045069 0.00033393709433666573 189
1627554045183 0.00033365834112392806 190
1627554045282 0.0003333719812709176 191
1627554045370 0.0003331226818311995 192
1627554045461 0.00033282237943137275 193
1627554045586 0.0003324244701391397 194
1627554045682 0.00033212268596535105 195
1627554045792 0.0003318282741052638 196
1627554045905 0.00033152843883968913 197
1627554046017 0.00033124022167361854 198
1627554046128 0.00033093928402655475 199
1627554046253 0.00033068233172995785 200
1627554046432 0.00033032091327050636 201
1627554046591 0.00032996638557254444 202
1627554046738 0.00032955091848656964 203
1627554046864 0.0003292577286459775 204
1627554046968 0.0003289404526030665 205
1627554047114 0.0003286239403647208 206
1627554047233 0.00032828844873414114 207
1627554047334 0.0003279996911706561 208
1627554047445 0.00032768941721062297 209
1627554047561 0.00032735816173440016 210
1627554047644 0.0003271075787599052 211
1627554047793 0.0003266247985945228 212
1627554047908 0.00032636068169922223 213
1627554048024 0.00032607254941356386 214
1627554048098 0.00034189337897849075 215
1627554052240 0.0010988807320723292 0
1627554052525 0.00101294302366253 1
1627554052739 0.000937172290987786 2
1627554052947 0.0008705405017460359 3
1627554053187 0.0008119771790293232 4
1627554053389 0.0007607681907231635 5
1627554053578 0.0007161967125029807 6
1627554053768 0.0006779105422211453 7
1627554053965 0.000644678604339069 8
1627554054205 0.0006161818814783964 9
1627554054396 0.0005914784247008768 10
1627554054584 0.0005705097035379062 11
1627554054770 0.0005525059830397988 12
1627554054959 0.0005372272884358839 13
1627554055129 0.0005240621318390418 14
1627554055312 0.0005128369698276425 15
1627554055483 0.0005033789559814052 16
1627554055736 0.0004953003698809688 17
1627554055982 0.00048811248788012483 18
1627554056225 0.00048198818953512624 19
1627554056414 0.0004767592484537316 20
1627554056588 0.00047226091867590386 21
1627554056759 0.0004681953036620109 22
1627554056910 0.00046444381144934927 23
1627554057073 0.0004614737143853938 24
1627554057217 0.000458341436231892 25
1627554057353 0.0004553769238300115 26
1627554057505 0.00045300069934816825 27
1627554057663 0.0004505016318946407 28
1627554057809 0.00044834948171149286 29
1627554057954 0.0004463261671693825 30
1627554058129 0.00044462382650536827 31
1627554058288 0.00044274019770830465 32
1627554058452 0.0004406601041358162 33
1627554058597 0.0004390687184227637 34
1627554058742 0.00043628584967027366 35
1627554058889 0.00043443285096779206 36
1627554059140 0.00043223021258811695 37
1627554059303 0.0004302767039888629 38
1627554059544 0.00042859106305670247 39
1627554059702 0.00042757577274455744 40
1627554059862 0.0004248302374999334 41
1627554060015 0.00042355975633016457 42
1627554060170 0.0004215402319539443 43
1627554060324 0.0004195709245301859 44
1627554060450 0.00041867853718173217 45
1627554060617 0.00041665835581944767 46
1627554060792 0.0004140868443099382 47
1627554060930 0.000413094577528677 48
1627554061134 0.0004122227278327532 49
1627554061348 0.00041061158414606693 50
1627554061501 0.00040952074195343323 51
1627554061638 0.00040871184020122844 52
1627554061785 0.00040776266367976467 53
1627554061943 0.00040658998818145946 54
1627554062090 0.0004054271537736003 55
1627554062275 0.0004032807881084621 56
1627554062427 0.0004023289886771711 57
1627554062573 0.0004015747347718107 58
1627554062712 0.0004006717073168559 59
1627554062850 0.00039991710297406077 60
1627554063022 0.00039816668482344473 61
1627554063209 0.0003967965221890109 62
1627554063343 0.00039610212103130695 63
1627554063511 0.00039485112722177824 64
1627554063704 0.00039416365054384275 65
1627554063850 0.0003932410076537144 66
1627554063985 0.0003926132218576929 67
1627554064181 0.00039095471210469454 68
1627554064319 0.0003902691441453517 69
1627554064449 0.0003896279109059487 70
1627554064586 0.00038890796677798213 71
1627554064727 0.00038798293183634077 72
1627554064920 0.000386602618611098 73
1627554065064 0.00038597945938477 74
1627554065248 0.0003853556920892097 75
1627554065387 0.0003847098269846104 76
1627554065598 0.00038400213765644043 77
1627554065726 0.00038339251228224964 78
1627554065870 0.0003827432751857585 79
1627554066017 0.00038196300622000425 80
1627554066188 0.0003813784576080065 81
1627554066416 0.0003802260514427678 82
1627554066572 0.0003795220929613363 83
1627554066712 0.0003789557447980965 84
1627554066835 0.00037839216338051584 85
1627554066983 0.00037757244805628506 86
1627554067101 0.0003770252873064411 87
1627554067279 0.0003764935196309669 88
1627554067406 0.00037590810655767815 89
1627554067530 0.0003753862287471194 90
1627554067660 0.00037485981021748757 91
1627554067784 0.00037434967760406043 92
1627554067944 0.00037345019815723395 93
1627554068079 0.0003727917635621861 94
1627554068231 0.00037215100635285036 95
1627554068374 0.0003714657113749445 96
1627554068504 0.000370981073355666 97
1627554068634 0.00037032451991961436 98
1627554068768 0.00036983143609754966 99
1627554068904 0.000369348651519822 100
1627554069035 0.0003688567752360607 101
1627554069160 0.000368407775934605 102
1627554069261 0.0003679100885185342 103
1627554069371 0.0003674145635643043 104
1627554069502 0.00036686266431242037 105
1627554069606 0.0003663561123287109 106
1627554069768 0.0003657314166221034 107
1627554069890 0.0003652257849252071 108
1627554070016 0.00036479015976594145 109
1627554070126 0.0003643474965818209 110
1627554070251 0.0003638916086628591 111
1627554070407 0.000363112165975837 112
1627554070509 0.00036268480828573343 113
1627554070635 0.0003622685574961857 114
1627554070779 0.0003616788045723194 115
1627554070911 0.0003612393329993064 116
1627554071058 0.0003608288019166152 117
1627554071162 0.00036042113899982487 118
1627554071298 0.0003599881279910733 119
1627554071419 0.00035945867324982996 120
1627554071526 0.0003590162212487692 121
1627554071646 0.000358565291321234 122
1627554071769 0.00035817256945611656 123
1627554071939 0.00035736563621048117 124
1627554072060 0.00035694524615409207 125
1627554072219 0.00035628266871953025 126
1627554072339 0.00035590638463716366 127
1627554072454 0.00035541488585608924 128
1627554072564 0.0003550253346011728 129
1627554072733 0.00035438034484208236 130
1627554072869 0.00035397184421279105 131
1627554072982 0.00035359830151657 132
1627554073083 0.0003531814644970082 133
1627554073221 0.00035265678695435473 134
1627554073354 0.0003522732578232704 135
1627554073532 0.0003518801804288101 136
1627554073656 0.0003515627018543076 137
1627554073831 0.000351110122603029 138
1627554074002 0.00035071239583601364 139
1627554074118 0.0003503142558646114 140
1627554074268 0.0003499482958172913 141
1627554074390 0.0003495890105616527 142
1627554074519 0.00034922717582204835 143
1627554074602 0.00034888711106634816 144
1627554074698 0.0003485574396729684 145
1627554074824 0.0003482129420769363 146
1627554074933 0.00034786370445159034 147
1627554075022 0.0003474729451370133 148
1627554075123 0.0003471712744996783 149
1627554075230 0.00034679967484972435 150
1627554075321 0.00034648635104728864 151
1627554075442 0.00034614685033289104 152
1627554075546 0.00034579105683818484 153
1627554075648 0.0003454277083674973 154
1627554075745 0.00034512405429917663 155
1627554075871 0.0003447729088996437 156
1627554076011 0.00034444334821923415 157
1627554076121 0.0003441337337973093 158
1627554076231 0.000343774647123751 159
1627554076399 0.00034315749589761065 160
1627554076506 0.00034280555905558525 161
1627554076594 0.0003424683180570258 162
1627554076697 0.00034220464848397835 163
1627554076813 0.0003418837002923645 164
1627554076944 0.0003414499459972097 165
1627554077031 0.00034112891338902566 166
1627554077148 0.0003407581430174878 167
1627554077245 0.00034043304043916505 168
1627554077343 0.00034012294338121976 169
1627554077456 0.0003397733198115952 170
1627554077549 0.0003394650048403752 171
1627554077655 0.0003391481797144298 172
1627554077815 0.0003388270680128366 173
1627554077989 0.0003384836690748614 174
1627554078105 0.00033814022589662043 175
1627554078223 0.00033785198702251425 176
1627554078362 0.0003375476300323506 177
1627554078507 0.00033723363293072426 178
1627554078676 0.0003369346035150107 179
1627554078830 0.0003366247298117417 180
1627554078962 0.00033625945241582366 181
1627554079065 0.0003359530996628466 182
1627554079178 0.00033562179521106624 183
1627554079286 0.00033529229834359695 184
1627554079347 0.00035265678695435473 185
1627554083304 0.0010963523372998912 0
1627554083553 0.001010742370536461 1
1627554083811 0.0009354065403569637 2
1627554084018 0.0008690169063102583 3
1627554084277 0.0008106145064399516 4
1627554084468 0.0007595184955610159 5
1627554084658 0.0007151242771855431 6
1627554084854 0.0006770259056898316 7
1627554085043 0.0006439634082039026 8
1627554085331 0.0006156029015102341 9
1627554085634 0.0005910836323055553 10
1627554085950 0.0005702911059432519 11
1627554086141 0.0005522686418127407 12
1627554086396 0.0005370359572284679 13
1627554086594 0.0005240521711733807 14
1627554086781 0.0005128257791998189 15
1627554086983 0.0005034202977272746 16
1627554087172 0.0004953510058912816 17
1627554087398 0.0004884295056815492 18
1627554087572 0.00048227085529213597 19
1627554087765 0.00047706639731597857 20
1627554087945 0.0004724923957896616 21
1627554088149 0.000468574866008303 22
1627554088311 0.00046455737687079216 23
1627554088474 0.0004612789101895677 24
1627554088635 0.00045829585658268624 25
1627554088804 0.0004554451522424376 26
1627554088964 0.00045293976300536014 27
1627554089142 0.00044990416188254073 28
1627554089304 0.00044792601580313855 29
1627554089469 0.00044580228902440383 30
1627554089638 0.0004442469702215397 31
1627554089786 0.00044234136108887995 32
1627554089940 0.0004399891862830062 33
1627554090088 0.00043821507122654863 34
1627554090228 0.0004362203585631763 35
1627554090380 0.0004348577417858435 36
1627554090537 0.0004327329576403346 37
1627554090694 0.00043110438163003803 38
1627554090848 0.0004294276766249679 39
1627554090993 0.0004280376151371907 40
1627554091176 0.00042599822190286655 41
1627554091376 0.00042379813290451484 42
1627554091546 0.0004226101583254348 43
1627554091733 0.0004201321093563228 44
1627554091894 0.0004189264607528687 45
1627554092119 0.0004159829071222695 46
1627554092267 0.00041428004398332067 47
1627554092401 0.0004134045368751602 48
1627554092549 0.0004125885620766875 49
1627554092737 0.00041056336041581305 50
1627554092873 0.00040975382602714784 51
1627554093039 0.00040806683102888227 52
1627554093229 0.0004068260318183202 53
1627554093383 0.0004059103846618752 54
1627554093568 0.00040514208998508535 55
1627554093817 0.00040297823081163827 56
1627554094009 0.000402231209470182 57
1627554094179 0.00040147018748914234 58
1627554094365 0.0003999797929810774 59
1627554094503 0.0003992314214158852 60
1627554094695 0.0003978457043844836 61
1627554094917 0.00039671215023504166 62
1627554095051 0.00039599859351198164 63
1627554095225 0.0003946288001341364 64
1627554095424 0.0003938077170476248 65
1627554095571 0.000393043166306024 66
1627554095762 0.0003924182156932179 67
1627554095929 0.0003915206635672234 68
1627554096118 0.000390854589030791 69
1627554096327 0.00038983328389718866 70
1627554096468 0.0003889391572549937 71
1627554096602 0.0003882842995007309 72
1627554096756 0.00038765787285945596 73
1627554096894 0.00038700237601338943 74
1627554097081 0.0003860073428534083 75
1627554097208 0.0003853283327409217 76
1627554097381 0.0003843531338961508 77
1627554097578 0.0003833545371197587 78
1627554097732 0.00038275794753982705 79
1627554097892 0.00038216314320701356 80
1627554098041 0.00038162344999778083 81
1627554098183 0.0003810568641401171 82
1627554098304 0.00038049644997402703 83
1627554098519 0.00037927475717635636 84
1627554098674 0.0003787032806762299 85
1627554098828 0.0003781586168432988 86
1627554098940 0.00037760795225621287 87
1627554099062 0.0003770536625856264 88
1627554099234 0.00037586049249374365 89
1627554099366 0.00037534159982357087 90
1627554099522 0.00037449739263993554 91
1627554099668 0.00037380693363059793 92
1627554099781 0.0003732977269826117 93
1627554099916 0.00037277938639574093 94
1627554100068 0.0003722738621911534 95
1627554100236 0.00037135350277683687 96
1627554100385 0.000370857130497682 97
1627554100512 0.0003703556885038403 98
1627554100651 0.00036987241877033697 99
1627554100784 0.00036937349367171726 100
1627554101009 0.000368411901100344 101
1627554101189 0.00036793839192807805 102
1627554101300 0.0003674726389245704 103
1627554101408 0.0003669970875497981 104
1627554101546 0.0003665010845052229 105
1627554101708 0.0003659860521202349 106
1627554101863 0.0003652079513027928 107
1627554101991 0.00036472396857305906 108
1627554102134 0.00036430594215111677 109
1627554102248 0.0003638609121711402 110
1627554102342 0.0003634517943912939 111
1627554102488 0.0003629543377691385 112
1627554102604 0.0003625479528018119 113
1627554102739 0.0003621102161286694 114
1627554102870 0.0003616831249786043 115
1627554102965 0.0003612432878385101 116
1627554103116 0.0003608042640374261 117
1627554103246 0.0003603438545023421 118
1627554103357 0.0003599758158681064 119
1627554103488 0.00035947631829801865 120
1627554103602 0.00035902783636609464 121
1627554103757 0.00035862996050587477 122
1627554103910 0.0003581770268364832 123
1627554104020 0.0003578032899229705 124
1627554104160 0.000357243421204884 125
1627554104292 0.00035680747841686483 126
1627554104384 0.0003564585510252548 127
1627554104538 0.00035584881384060084 128
1627554104676 0.0003554742227750885 129
1627554104846 0.00035503405770244797 130
1627554104941 0.0003547096078399063 131
1627554105056 0.0003542814820725469 132
1627554105164 0.0003538833352640316 133
1627554105333 0.0003531941286275389 134
1627554105467 0.0003526893317054729 135
1627554105577 0.0003522820934159785 136
1627554105690 0.00035189728174069885 137
1627554105807 0.0003514822595304676 138
1627554105913 0.0003510791792447504 139
1627554106030 0.00035069611215051056 140
1627554106183 0.00035032918452351694 141
1627554106311 0.00034992276137892905 142
1627554106441 0.0003496079358071624 143
1627554106555 0.00034921816454611956 144
1627554106693 0.00034872657547353964 145
1627554106810 0.0003483496150732024 146
1627554106963 0.0003479366956075073 147
1627554107079 0.0003475456678632998 148
1627554107200 0.00034717992561360885 149
1627554107318 0.00034681512374193114 150
1627554107416 0.00034647671486108246 151
1627554107514 0.00034618264964120357 152
1627554107618 0.0003458757586408082 153
1627554107734 0.0003455015948738889 154
1627554107837 0.00034520683580120817 155
1627554107940 0.00034488729293514895 156
1627554108060 0.00034454111021171895 157
1627554108172 0.0003441853225740036 158
1627554108325 0.0003436402000912325 159
1627554108436 0.0003433045958266763 160
1627554108540 0.00034300504752681534 161
1627554108646 0.0003426391930814218 162
1627554108773 0.00034226640042649164 163
1627554108880 0.00034195821822460907 164
1627554108979 0.00034161899887905084 165
1627554109094 0.00034128105177428134 166
1627554109242 0.00034095452231764977 167
1627554109335 0.0003406381279840325 168
1627554109435 0.0003403089282546444 169
1627554109507 0.000340001397007524 170
1627554109609 0.00033966000221174184 171
1627554109707 0.0003393278545517162 172
1627554109825 0.0003389327444820863 173
1627554109939 0.00033860419769157486 174
1627554110025 0.00033831836801325913 175
1627554110157 0.00033798784729341006 176
1627554110283 0.00033773640786162717 177
1627554110409 0.00033740302570370913 178
1627554110582 0.00033687043126471336 179
1627554110708 0.00033657610297465007 180
1627554110824 0.0003362544012630334 181
1627554110935 0.0003359464815506165 182
1627554111074 0.00033558681515308557 183
1627554111183 0.00033524308151055063 184
1627554111308 0.00033492409728576593 185
1627554111446 0.00033451489085107645 186
1627554111537 0.000334224236751802 187
1627554111660 0.0003339639675525433 188
1627554111810 0.0003334775177939229 189
1627554111975 0.00033319362691650966 190
1627554112084 0.0003328800616226872 191
1627554112192 0.0003325320512564538 192
1627554112319 0.00033219221398742325 193
1627554112483 0.0003318669375393726 194
1627554112597 0.00033148935976700213 195
1627554112703 0.00033122334426058907 196
1627554112801 0.00033095365351654154 197
1627554112921 0.00033069340788426983 198
1627554113027 0.00033042757254146156 199
1627554113137 0.0003301361362438653 200
1627554113260 0.0003298501657774915 201
1627554113441 0.00032949379946143784 202
1627554113656 0.0003290200644971984 203
1627554113773 0.000328723390950604 204
1627554113872 0.0003284485286463465 205
1627554113994 0.0003281163713334381 206
1627554114094 0.0003278531694228742 207
1627554114223 0.00032754818012554224 208
1627554114313 0.0003272334023656058 209
1627554114425 0.00032690721519440546 210
1627554114571 0.00032649100920199376 211
1627554114673 0.00032622701629446437 212
1627554114761 0.0003259386543791536 213
1627554114858 0.0003256802791510222 214
1627554114937 0.00032545969498924844 215
1627554115040 0.00032521033988270004 216
1627554115134 0.0003249613602756318 217
1627554115238 0.00032467178783284026 218
1627554115350 0.0003243731380208278 219
1627554115525 0.00032398600185562753 220
1627554115663 0.00032370326391498053 221
1627554115765 0.00032341741799174657 222
1627554115909 0.0003231827285260753 223
1627554116037 0.00032289978286089555 224
1627554116131 0.00032265529277493893 225
1627554116311 0.00032232220326555526 226
1627554116456 0.00032204731236950987 227
1627554116595 0.00032180399988014196 228
1627554116720 0.00032154108660505316 229
1627554116844 0.0003212801159447662 230
1627554116965 0.00032098038997288163 231
1627554117096 0.0003207061451627164 232
1627554117226 0.0003204559530584884 233
1627554117340 0.00032019244114816917 234
1627554117445 0.00031993350876376685 235
1627554117603 0.0003195186780240272 236
1627554117716 0.00031928831786913567 237
1627554117812 0.000319053879357155 238
1627554117904 0.00031879472653835255 239
1627554118012 0.00031853526614157194 240
1627554118152 0.0003181609732422559 241
1627554118290 0.0003178807410517572 242
1627554118391 0.000317619257685022 243
1627554118539 0.00031733551997374844 244
1627554118660 0.00031706758493897544 245
1627554118791 0.00031683462497547664 246
1627554118882 0.0003165702620580921 247
1627554118988 0.00031632696942129673 248
1627554119078 0.0003160788707968946 249
1627554119184 0.0003158443832887922 250
1627554119280 0.00031557613480428164 251
1627554119371 0.00031535891645431555 252
1627554119493 0.0003150079234999297 253
1627554119587 0.0003147959937148927 254
1627554119665 0.0003145931343333917 255
1627554119752 0.00031432410542143075 256
1627554119855 0.00031410675519810097 257
1627554119952 0.0003138600750286144 258
1627554120053 0.00031365474832565336 259
1627554120173 0.00031337088545920036 260
1627554120257 0.00031312985488507727 261
1627554120355 0.00031288964843963435 262
1627554120491 0.00031262024730533533 263
1627554120576 0.0003123840082249374 264
1627554120695 0.0003121040863763768 265
1627554120796 0.00031187085108496694 266
1627554120891 0.0003115984539316518 267
1627554120981 0.00031133725624738276 268
1627554121071 0.0003110913605626749 269
1627554121161 0.000310894571686174 270
1627554121265 0.0003106571439168848 271
1627554121363 0.00031039563225997515 272
1627554121467 0.00031017205654644846 273
1627554121597 0.00030980513571275074 274
1627554121694 0.0003095931940070946 275
1627554121802 0.0003093442664963439 276
1627554121883 0.0003091364610763924 277
1627554121973 0.00030888379236824977 278
1627554122078 0.0003086946595563942 279
1627554122169 0.00030843693508235 280
1627554122285 0.00030820995461193826 281
1627554122376 0.00030800941052114365 282
1627554122487 0.00030775825708241914 283
1627554122594 0.0003074790876109922 284
1627554122682 0.00030725598498562717 285
1627554122759 0.00030703292461473633 286
1627554122865 0.0003068079139996225 287
1627554122951 0.0003066238089811439 288
1627554123041 0.0003064070528196622 289
1627554123138 0.0003061941196899399 290
1627554123219 0.0003059972586974894 291
1627554123309 0.0003058044282229838 292
1627554123450 0.0003054876339155262 293
1627554123583 0.0003052710158163545 294
1627554123673 0.00030505635311612174 295
1627554123822 0.00030481020980457235 296
1627554123949 0.00030452032803410565 297
1627554124063 0.00030429825574707027 298
1627554124146 0.0003040525399976969 299
1627554124253 0.00030386423803044983 300
1627554124344 0.0003036278772237653 301
1627554124448 0.0003033858514157503 302
1627554124539 0.00030317407864195213 303
1627554124632 0.00030297304146132195 304
1627554124726 0.00030274871369326766 305
1627554124813 0.00030250729698031077 306
1627554124920 0.0003022497340998114 307
1627554125031 0.0003020011977293581 308
1627554125152 0.0003018100951569746 309
1627554125242 0.0003016015577437383 310
1627554125369 0.00030142021087246933 311
1627554125474 0.00030123084861212067 312
1627554125558 0.0003010119124461265 313
1627554125631 0.0003007975784808893 314
1627554125758 0.00030056516209469154 315
1627554125837 0.00030039570156789857 316
1627554125985 0.00030012355501185696 317
1627554126057 0.0002999328119664556 318
1627554126167 0.00029970723175664255 319
1627554126258 0.00029947263595819085 320
1627554126352 0.0002992662894738211 321
1627554126450 0.00029905497399745375 322
1627554126570 0.00029877584171228015 323
1627554126707 0.00029854499668369004 324
1627554126856 0.00030980513571275074 325
1627554131211 0.0010993627356895087 0
1627554131469 0.0010133273203120803 1
1627554131693 0.000937465695723159 2
1627554131882 0.0008707335298701552 3
1627554132089 0.0008121059091658621 4
1627554132288 0.0007609096687015149 5
1627554132480 0.0007162689561767668 6
1627554132703 0.0006779431179592803 7
1627554132898 0.0006446498152656038 8
1627554133084 0.0006161088195563554 9
1627554133274 0.000591356283162418 10
1627554133457 0.0005703226826019482 11
1627554133661 0.0005523103530366639 12
1627554133862 0.0005370800793871479 13
1627554134043 0.0005239715769364336 14
1627554134221 0.0005127301091903934 15
1627554134395 0.0005032302325673941 16
1627554134582 0.0004953646409940813 17
1627554134752 0.0004884020091560456 18
1627554134923 0.0004823278703944378 19
1627554135089 0.00047720627312155574 20
1627554135250 0.00047275867213603367 21
1627554135447 0.00046870366697763914 22
1627554135654 0.0004650537505945116 23
1627554135815 0.00046151584347492474 24
1627554135968 0.0004584389016984381 25
1627554136128 0.0004557847107396768 26
1627554136295 0.00045354978286098484 27
1627554136457 0.0004509363416418978 28
1627554136638 0.0004487702084558813 29
1627554136783 0.0004467534097540142 30
1627554136934 0.00044507103214760235 31
1627554137078 0.00044341345970853174 32
1627554137262 0.00044122415398893867 33
1627554137416 0.00043943562689617246 34
1627554137602 0.0004379659194946537 35
1627554137769 0.0004349637774328446 36
1627554137970 0.00043303864901651497 37
1627554138187 0.0004306195495788224 38
1627554138358 0.00042879939276849383 39
1627554138492 0.0004272231246828639 40
1627554138644 0.0004247835096322229 41
1627554138787 0.0004230465347384259 42
1627554138957 0.0004206445468329713 43
1627554139118 0.0004191344556349433 44
1627554139246 0.00041826540515807275 45
1627554139415 0.00041624137491867605 46
1627554139550 0.000415335803804938 47
1627554139736 0.00041310535589970037 48
1627554139933 0.0004119241518972933 49
1627554140094 0.00041084966121734745 50
1627554140220 0.0004100689558654125 51
1627554140394 0.00040791933480548105 52
1627554140543 0.00040717921761233047 53
1627554140683 0.00040622784416506077 54
1627554140812 0.0004054214095514148 55
1627554140998 0.0004034704111964348 56
1627554141140 0.00040271673910737525 57
1627554141279 0.0004019476552026972 58
1627554141447 0.00040055857240884273 59
1627554141579 0.00039976650197932716 60
1627554141784 0.00039785578744386816 61
1627554141927 0.00039713766291309463 62
1627554142084 0.0003963767213678006 63
1627554142233 0.0003956524894683714 64
1627554142447 0.00039484070474746696 65
1627554142606 0.00039389214076642924 66
1627554142736 0.00039325367632005815 67
1627554142882 0.0003925693226182755 68
1627554143047 0.000391077862572432 69
1627554143221 0.00039043245409366785 70
1627554143364 0.0003897137436825748 71
1627554143502 0.00038906182373354183 72
1627554143653 0.0003880324116794644 73
1627554143784 0.00038738356529064257 74
1627554143922 0.0003867905880895164 75
1627554144063 0.0003861732530525179 76
1627554144256 0.00038530560892263515 77
1627554144450 0.00038415137630624924 78
1627554144607 0.00038352890239449073 79
1627554144749 0.00038293622710836576 80
1627554144887 0.0003823764203860691 81
1627554145028 0.00038178049138231783 82
1627554145157 0.000381252222270301 83
1627554145339 0.00037988737822040744 84
1627554145513 0.0003793112097690013 85
1627554145639 0.000378528584121666 86
1627554145759 0.0003779580875747214 87
1627554145924 0.0003773316365956375 88
1627554146061 0.0003767654600673513 89
1627554146185 0.00037622768378921506 90
1627554146312 0.0003757000431187507 91
1627554146440 0.0003752014954631774 92
1627554146548 0.0003746115460018941 93
1627554146675 0.00037399858491536447 94
1627554146835 0.0003733340863937894 95
1627554147018 0.0003726269888969805 96
1627554147198 0.0003717686625777992 97
1627554147332 0.00037123693769607725 98
1627554147484 0.00037073277695394457 99
1627554147608 0.000370234359663436 100
1627554147844 0.00036935180489721953 101
1627554148065 0.0003685599799353613 102
1627554148178 0.0003680803091502259 103
1627554148296 0.0003676144276340509 104
1627554148416 0.0003671358548699144 105
1627554148534 0.0003666570993894438 106
1627554148688 0.00036593409794231045 107
1627554148833 0.0003654733220595629 108
1627554148963 0.00036503368591517553 109
1627554149104 0.0003645480220136376 110
1627554149231 0.0003640782833717098 111
1627554149397 0.0003636581717383196 112
1627554149595 0.0003631345949871922 113
1627554149717 0.0003626351028326917 114
1627554149906 0.000361814331297105 115
1627554150024 0.0003613803501238591 116
1627554150141 0.0003609738339400942 117
1627554150256 0.00036049260246261746 118
1627554150400 0.00035977122175900867 119
1627554150512 0.0003593333239346486 120
1627554150633 0.0003588414909596441 121
1627554150766 0.0003584328014683624 122
1627554150885 0.0003580055851913304 123
1627554151074 0.0003575472235804068 124
1627554151244 0.0003571078628631582 125
1627554151480 0.0003564655585008767 126
1627554151666 0.0003559324698446102 127
1627554151821 0.000355495421168495 128
1627554151964 0.0003550835277480901 129
1627554152096 0.0003545515935825458 130
1627554152254 0.0003541430515220563 131
1627554152385 0.00035368762116819256 132
1627554152506 0.00035326464916478307 133
1627554152616 0.00035291137803767465 134
1627554152719 0.0003525051457025236 135
1627554152841 0.00035211768682832267 136
1627554152996 0.00035175027584163985 137
1627554153133 0.00035131876566640846 138
1627554153315 0.0003507503887412101 139
1627554153438 0.0003502610830068208 140
1627554153580 0.0003497165831501687 141
1627554153693 0.00034936187130416615 142
1627554153798 0.00034903388179502996 143
1627554153904 0.00034871759543274544 144
1627554154029 0.00034825386133149314 145
1627554154154 0.0003478843499743507 146
1627554154281 0.0003475436777972687 147
1627554154421 0.0003470794266564084 148
1627554154552 0.000346737663803688 149
1627554154675 0.0003463991913179755 150
1627554154842 0.00034604353047415693 151
1627554155021 0.0003457040165557618 152
1627554155186 0.00034530901048086533 153
1627554155333 0.00034497473640740793 154
1627554155476 0.000344616116886289 155
1627554155589 0.0003442804230716529 156
1627554155765 0.0003437773074850847 157
1627554155861 0.00034348559366752175 158
1627554155986 0.00034312597202211916 159
1627554156131 0.00034265005876972943 160
1627554156278 0.00034228830825900356 161
1627554156402 0.00034195229118451527 162
1627554156565 0.00034143911078254906 163
1627554156671 0.0003411138955772896 164
1627554156775 0.00034075562701169456 165
1627554156888 0.0003403829886794818 166
1627554156983 0.0003401035781748486 167
1627554157086 0.00033974958348215547 168
1627554157198 0.0003393995117365322 169
1627554157304 0.0003390957282559668 170
1627554157435 0.00033869762355437366 171
1627554157538 0.0003383807057718956 172
1627554157641 0.00033807214483713255 173
1627554157775 0.0003376034998887753 174
1627554157887 0.00033727061472689306 175
1627554157983 0.0003369361153657168 176
1627554158156 0.0003366320645982769 177
1627554158262 0.0003362961996144496 178
1627554158352 0.000335958789221853 179
1627554158435 0.0003356902278286324 180
1627554158596 0.00033540139192491487 181
1627554158730 0.0003349786245054741 182
1627554158876 0.0003346298424473406 183
1627554159052 0.00033428518131249586 184
1627554159198 0.00033397902868420137 185
1627554159347 0.00033371038713579014 186
1627554159438 0.00033344900719016154 187
1627554159564 0.00033316245547978704 188
1627554159676 0.00033285757498707893 189
1627554159829 0.00033255734552507446 190
1627554159927 0.00033228163494632 191
1627554160102 0.0003319692119531977 192
1627554160286 0.00033162604194946513 193
1627554160410 0.0003312913553354025 194
1627554160569 0.0003310177054491515 195
1627554160702 0.0003307069660817314 196
1627554160846 0.0003304654846762703 197
1627554160956 0.0003301790039575692 198
1627554161065 0.00032988198749510795 199
1627554161176 0.00032961235706181194 200
1627554161311 0.00032928985980961795 201
1627554161440 0.0003289606771395976 202
1627554161553 0.00032865237577373404 203
1627554161677 0.0003283583810274179 204
1627554161773 0.0003280810148094171 205
1627554161882 0.00032775996393735366 206
1627554162022 0.000327429760697512 207
1627554162118 0.00032718228005292846 208
1627554162263 0.0003268835707202596 209
1627554162424 0.00032661085676294446 210
1627554162556 0.0003262674423277233 211
1627554162670 0.00032594907939214907 212
1627554162806 0.0003257201249178956 213
1627554162922 0.00032538940082837975 214
1627554163039 0.00032513511063854303 215
1627554163159 0.000324863904823382 216
1627554163254 0.0003246394446022897 217
1627554163347 0.0003243569489433645 218
1627554163478 0.00032400666556775407 219
1627554163590 0.0003237239858490347 220
1627554163717 0.00032346628020994066 221
1627554163881 0.00032319826230491717 222
1627554163986 0.00032293544213892497 223
1627554164087 0.0003226499477897928 224
1627554164177 0.00032241640212952934 225
1627554164272 0.00032212513925643135 226
1627554164368 0.0003218666769558843 227
1627554164475 0.0003215835471520947 228
1627554164592 0.00032130480554799887 229
1627554164697 0.000321025911873419 230
1627554164804 0.0003207111036084445 231
1627554164898 0.00032047720610020526 232
1627554165000 0.00032022825344720987 233
1627554165084 0.0003346298424473406 234
