1627554481382 0.5094454269702243 0
1627554481487 0.4705442790282549 1
1627554481579 0.43614690544948487 2
1627554481675 0.40594460508324787 3
1627554481789 0.37931492657910176 4
1627554481923 0.3561105459541009 5
1627554482036 0.33599384002491284 6
1627554482129 0.31877128522647263 7
1627554482226 0.303892711931027 8
1627554482328 0.29103639626275724 9
1627554482456 0.2799626167344832 10
1627554482551 0.27049374666059717 11
1627554482637 0.262378451549458 12
1627554482768 0.2554950305595322 13
1627554482904 0.2495033312307085 14
1627554483032 0.24449128767027797 15
1627554483118 0.24020360709170857 16
1627554483222 0.23668267509764812 17
1627554483313 0.23367104633012534 18
1627554483434 0.2309504448052729 19
1627554483522 0.2286029243600086 20
1627554483600 0.2266696393597697 21
1627554483685 0.22492787420214494 22
1627554483763 0.2233112983607717 23
1627554483848 0.22185930127654216 24
1627554483926 0.22073445998059965 25
1627554484001 0.21965859354730186 26
1627554484078 0.21876299327004234 27
1627554484157 0.21787049928847668 28
1627554484232 0.2169916268531734 29
1627554484306 0.21619214659637764 30
1627554484380 0.21541768657393873 31
1627554484453 0.21471246552164677 32
1627554484526 0.21400832522881869 33
1627554484596 0.21324137009423286 34
1627554484664 0.2126263061467733 35
1627554484732 0.21189026936605806 36
1627554484830 0.21119562237547296 37
1627554484918 0.21053161316561667 38
1627554484998 0.20995896577225898 39
1627554485064 0.20957827171284704 40
1627554485140 0.2087218293001089 41
1627554485207 0.2084026126669267 42
1627554485280 0.20773809185682565 43
1627554485354 0.20735360908497844 44
1627554485417 0.2069811927227947 45
1627554485494 0.20664937151167007 46
1627554485565 0.20606084361018448 47
1627554485639 0.2057818777999846 48
1627554485722 0.2055102807577705 49
1627554485817 0.20473506417776818 50
1627554485884 0.20421155991186177 51
1627554485953 0.20389137881224148 52
1627554486024 0.203170720385852 53
1627554486084 0.20285022514012277 54
1627554486152 0.20257049649942857 55
1627554486235 0.2022662930745154 56
1627554486304 0.20180475553708 57
1627554486373 0.20160353728254057 58
1627554486474 0.20102976291157346 59
1627554486542 0.20077958624445774 60
1627554486610 0.20027010096409467 61
1627554486706 0.20006828761311019 62
1627554486774 0.1998707512062324 63
1627554486850 0.19922040374461125 64
1627554486920 0.19883734671020903 65
1627554486985 0.1986194200096394 66
1627554487047 0.198440107884782 67
1627554487118 0.19792726485675094 68
1627554487187 0.19772909858483373 69
1627554487264 0.19751773085341437 70
1627554487325 0.19730645799030963 71
1627554487397 0.19709785805375107 72
1627554487498 0.1967421587137553 73
1627554487586 0.1963598482443539 74
1627554487660 0.19613612166367467 75
1627554487723 0.1958492714755549 76
1627554487790 0.19562925691114558 77
1627554487868 0.1951395012055557 78
1627554487936 0.19497891253988234 79
1627554488007 0.19473592244976767 80
1627554488073 0.19456773569068014 81
1627554488149 0.19434744135351675 82
1627554488211 0.19419162533949072 83
1627554488276 0.19380812771151737 84
1627554488353 0.19351742197335076 85
1627554488415 0.19333252307603965 86
1627554488481 0.19314698478049014 87
1627554488553 0.1929083367542978 88
1627554488617 0.19270096157853792 89
1627554488681 0.1925380576597473 90
1627554488745 0.1923403359560698 91
1627554488816 0.1921407449299101 92
1627554488902 0.1917844592235188 93
1627554488970 0.19162353205007582 94
1627554489055 0.1914412246286956 95
1627554489138 0.19117312267737882 96
1627554489233 0.19102317648365155 97
1627554489309 0.19087383696980537 98
1627554489378 0.19068615799615612 99
1627554489461 0.19037943973610635 100
1627554489528 0.19021085267596166 101
1627554489604 0.18992980458139483 102
1627554489664 0.18979081336400572 103
1627554489725 0.18961679382222485 104
1627554489793 0.18946040869546774 105
1627554489850 0.18931599909394906 106
1627554489917 0.18907452416535106 107
1627554489992 0.1887907358183771 108
1627554490056 0.18862938380887276 109
1627554490121 0.1882813559996426 110
1627554490198 0.18813864939357144 111
1627554490266 0.18796443975633711 112
1627554490334 0.18779185779201446 113
1627554490395 0.1876261014542694 114
1627554490459 0.18748881333501094 115
1627554490527 0.18736573552447616 116
1627554490610 0.18709025071007473 117
1627554490658 0.18696716558851512 118
1627554490734 0.18681658442206509 119
1627554490799 0.186501478299241 120
1627554490851 0.1863834814800029 121
1627554490909 0.18627179883413922 122
1627554491005 0.18609182413292313 123
1627554491072 0.18589183110195479 124
1627554491142 0.18574241673685368 125
1627554491204 0.18562908891058824 126
1627554491267 0.1854728916717497 127
1627554491369 0.18512209700891918 128
1627554491437 0.18500002248875452 129
1627554491499 0.18487240118382156 130
1627554491560 0.18474939927361328 131
1627554491629 0.18456446849784375 132
1627554491679 0.18445925349734035 133
1627554491744 0.18425339530651932 134
1627554491807 0.18412389059566656 135
1627554491867 0.18399350845201978 136
1627554491932 0.18386990462358932 137
1627554492003 0.1836386728554102 138
1627554492086 0.18338928330227758 139
1627554492134 0.18328687846062802 140
1627554492184 0.18315197704209388 141
1627554492233 0.18305254365072401 142
1627554492284 0.1829450910918628 143
1627554492330 0.18284581745436135 144
1627554492385 0.1827398313115077 145
1627554492453 0.1826283480140914 146
1627554492523 0.18233929467379476 147
1627554492580 0.18223045642951016 148
1627554492668 0.18195567707218085 149
1627554492740 0.1818484358116728 150
1627554492822 0.1817425813221695 151
1627554492888 0.18163665844273355 152
1627554492947 0.18152287730114477 153
1627554492995 0.18142513465376264 154
1627554493061 0.1812016710047185 155
1627554493131 0.18106063776735243 156
1627554493187 0.18095886736023878 157
1627554493252 0.18085449137881882 158
1627554493327 0.18073904835506424 159
1627554493407 0.18059992368120578 160
1627554493464 0.1804856979665674 161
1627554493527 0.1803782042140635 162
1627554493596 0.18027488262463812 163
1627554493658 0.18006660860891022 164
1627554493722 0.17997617381648337 165
1627554493787 0.17987297067007937 166
1627554493853 0.17976483877223978 167
1627554493911 0.17964765786698383 168
1627554493953 0.1795665063066723 169
1627554494004 0.1794727020326486 170
1627554494060 0.17936839919359526 171
1627554494117 0.17927447430243895 172
1627554494177 0.17917708359487108 173
1627554494246 0.17897894446161236 174
1627554494299 0.17887414663049944 175
1627554494353 0.17877611471310195 176
1627554494413 0.1786194200251278 177
1627554494470 0.1785183415607799 178
1627554494539 0.17842363390777247 179
1627554494596 0.1783302836471458 180
1627554494642 0.17824247748689687 181
1627554494710 0.17813951051577329 182
1627554494784 0.17801947773776558 183
1627554494852 0.17792968416917215 184
1627554494926 0.17783030633336222 185
1627554495006 0.17772365185529923 186
1627554495069 0.17763055338140904 187
1627554495125 0.17753759653006823 188
1627554495194 0.17730070224184394 189
1627554495243 0.17721064600314093 190
1627554495305 0.17706932139160134 191
1627554495359 0.17698353334689648 192
1627554495415 0.1769010934541088 193
1627554495466 0.17681296969452795 194
1627554495529 0.17670996031356287 195
1627554495578 0.17662602286882537 196
1627554495641 0.1765216614703019 197
1627554495710 0.1763376554253503 198
1627554495762 0.17625046446329357 199
1627554495848 0.17602577475322498 200
1627554495905 0.17588244940458264 201
1627554495962 0.1757571500814183 202
1627554496029 0.17566698311529225 203
1627554496110 0.17552720821705464 204
1627554496172 0.1754443766230915 205
1627554496267 0.1753337097576549 206
1627554496320 0.17524362661973608 207
1627554496367 0.1751693761812349 208
1627554496413 0.17507737663230172 209
1627554496465 0.17498458739090142 210
1627554496533 0.17483902780202476 211
1627554496598 0.17476363310973722 212
1627554496646 0.17468046698004122 213
1627554496708 0.17459411419424434 214
1627554496780 0.1745141474019263 215
1627554496857 0.17442842267857506 216
1627554496910 0.1743369040972025 217
1627554496960 0.17425078674297112 218
1627554497018 0.17415856632976628 219
1627554497090 0.17406364944793593 220
1627554497153 0.17394920868888186 221
1627554497199 0.173867785643725 222
1627554497251 0.17376067527503194 223
1627554497298 0.17368975365783831 224
1627554497408 0.17351803259681942 225
1627554497480 0.17340601899723243 226
1627554497533 0.1733165914455118 227
1627554497581 0.17323834909311786 228
1627554497642 0.17314899203095271 229
1627554497708 0.173020464097627 230
1627554497762 0.1729317498998162 231
1627554497833 0.17270992257785991 232
1627554497893 0.1726265948778971 233
1627554497952 0.17251293091113173 234
1627554498003 0.1724397752699087 235
1627554498080 0.17232292379666714 236
1627554498129 0.17224635546166833 237
1627554498187 0.17215321199072192 238
1627554498230 0.17207263503294862 239
1627554498296 0.17198213408188195 240
1627554498364 0.1718903230278146 241
1627554498419 0.17181522303611074 242
1627554498476 0.1716810464674422 243
1627554498522 0.1716033456409674 244
1627554498586 0.17151559199014302 245
1627554498638 0.17143242877318002 246
1627554498696 0.17134777403513884 247
1627554498764 0.17117406511229602 248
1627554498806 0.17110325968978432 249
1627554498869 0.1710255372063076 250
1627554498914 0.1709489416958905 251
1627554498963 0.17087090915067388 252
1627554499019 0.17076572165397827 253
1627554499061 0.17069772258473442 254
1627554499103 0.17063020893540623 255
1627554499145 0.17056304018870624 256
1627554499196 0.17049051842237287 257
1627554499249 0.17041343225065245 258
1627554499308 0.1703391523121915 259
1627554499358 0.17026400855707707 260
1627554499413 0.17019773607104452 261
1627554499514 0.17001942757705027 262
1627554499598 0.16993055209151492 263
1627554499651 0.16985993926012313 264
1627554499713 0.1697942630842744 265
1627554499781 0.16968094998798489 266
1627554499827 0.16961147501207657 267
1627554499884 0.16953893461628167 268
1627554499940 0.16946429621237888 269
1627554499999 0.16937833245280062 270
1627554500066 0.1693026300561728 271
1627554500119 0.1692360710867546 272
1627554500195 0.16916175580248094 273
1627554500285 0.1690751300168612 274
1627554500361 0.1689946835895156 275
1627554500443 0.1689201474328838 276
1627554500512 0.16885326083634086 277
1627554500581 0.16878756616414406 278
1627554500661 0.1687182122042076 279
1627554500735 0.16864890121172282 280
1627554500824 0.16854813494762494 281
1627554500906 0.16847972001795372 282
1627554500979 0.16841773510685595 283
1627554501066 0.1683457890239677 284
1627554501133 0.1682736690426331 285
1627554501180 0.16821176453454417 286
1627554501229 0.16814508524680621 287
1627554501270 0.1680853716377675 288
1627554501314 0.16801856714721813 289
1627554501376 0.16794506545571847 290
1627554501436 0.16779723186858242 291
1627554501522 0.16773029606101791 292
1627554501586 0.16766507522228788 293
1627554501630 0.16759372430846697 294
1627554501682 0.16752223255612975 295
1627554501721 0.16745650744937174 296
1627554501776 0.16737978590066763 297
1627554501824 0.1673113959905708 298
1627554501879 0.1672450974828583 299
1627554501934 0.1671866288068889 300
1627554501986 0.16711604350634482 301
1627554502036 0.16704869084273527 302
1627554502106 0.16689613650775229 303
1627554502149 0.16683465985207094 304
1627554502194 0.166771758889615 305
1627554502240 0.16669865782694104 306
1627554502295 0.16663437276363807 307
1627554502339 0.16656953194208143 308
1627554502390 0.16649452337537946 309
1627554502434 0.1664338343102558 310
1627554502487 0.16636566817180876 311
1627554502531 0.16629919109700486 312
1627554502581 0.16622880096980466 313
1627554502623 0.16616618484093926 314
1627554502675 0.16609245528437702 315
1627554502726 0.16602569246351317 316
1627554502764 0.165965919143802 317
1627554502809 0.16589476463012154 318
1627554502860 0.16582585156221852 319
1627554502916 0.1657507966244705 320
1627554502971 0.16567442190660198 321
1627554503020 0.16560656406591423 322
1627554503069 0.16553454408525323 323
1627554503115 0.16546521336467737 324
1627554503177 0.1653990911121774 325
1627554503232 0.16534019432944239 326
1627554503295 0.16527146151727581 327
1627554503350 0.16520945341357512 328
1627554503407 0.16513177611855906 329
1627554503472 0.16503289400521995 330
1627554503516 0.16497090161950162 331
1627554503568 0.16490354000290605 332
1627554503622 0.16483267910798946 333
1627554503666 0.1647766484508627 334
1627554503737 0.1646706527479249 335
1627554503781 0.1646110192920758 336
1627554503844 0.1645002534136726 337
1627554503888 0.1644413431915043 338
1627554503945 0.1643856868281433 339
1627554503990 0.16431598492180371 340
1627554504029 0.1642566076296725 341
1627554504085 0.16418881001886695 342
1627554504133 0.1641282786703935 343
1627554504192 0.16407439416893252 344
1627554504243 0.16401414004410084 345
1627554504291 0.16395694223443016 346
1627554504332 0.16389637515832092 347
1627554504379 0.16383169412188558 348
1627554504429 0.16377023461742235 349
1627554504509 0.16366403703295201 350
1627554504564 0.16358927004249701 351
1627554504624 0.1634869870373793 352
1627554504677 0.16342870649205563 353
1627554504736 0.16333966662074023 354
1627554504789 0.16324808636574256 355
1627554504829 0.1631898679867658 356
1627554504875 0.16312485476623928 357
1627554504941 0.16301442448975578 358
1627554504983 0.16295321708828206 359
1627554505070 0.16284647095016144 360
1627554505150 0.16278350802012018 361
1627554505211 0.16272240975326047 362
1627554505268 0.16265747206579645 363
1627554505321 0.1625955867835228 364
1627554505372 0.16253973825114315 365
1627554505441 0.16247102121679086 366
1627554505540 0.16234814498417283 367
1627554505585 0.16229512819706426 368
1627554505647 0.16220141402388277 369
1627554505693 0.16213964944977297 370
1627554505731 0.1620807002031003 371
1627554505789 0.16201588927191893 372
1627554505828 0.16195766223463787 373
1627554505907 0.1618890267731427 374
1627554505977 0.16182291169764573 375
1627554506026 0.1617690800427349 376
1627554506068 0.16171574413795448 377
1627554506118 0.1616547054825593 378
1627554506165 0.16160435769072226 379
1627554506217 0.1615410195085186 380
1627554506297 0.1614680380937783 381
1627554506363 0.16141021782799003 382
1627554506404 0.16136372597889165 383
1627554506464 0.16130963472032692 384
1627554506516 0.16125609927063717 385
1627554506570 0.16117913329354008 386
1627554506641 0.16109787542308943 387
1627554506688 0.16103269086647348 388
1627554506753 0.160982946831014 389
1627554506817 0.1609221225926218 390
1627554506858 0.16087201264909382 391
1627554506928 0.16075307332740532 392
1627554506999 0.16068681156545983 393
1627554507076 0.16062415773565591 394
1627554507120 0.16056656696082408 395
1627554507168 0.16050815377333574 396
1627554507218 0.16044986617288762 397
1627554507262 0.1603933561166509 398
1627554507314 0.16033800879835605 399
1627554507374 0.16028014374673905 400
1627554507434 0.16021357327866034 401
1627554507482 0.1601567647468727 402
1627554507529 0.16009850376341445 403
1627554507570 0.16004634611911042 404
1627554507629 0.15999059461533158 405
1627554507687 0.1599340384531401 406
1627554507733 0.15987648679086633 407
1627554507780 0.1598163723483776 408
1627554507833 0.15976545631950617 409
1627554507880 0.15970567565467256 410
1627554507926 0.1596460566701499 411
1627554507979 0.15958552926605066 412
1627554508020 0.15953400602765136 413
1627554508071 0.1594739320612432 414
1627554508113 0.15942175837741096 415
1627554508156 0.15936657129429477 416
1627554508196 0.15931826245141126 417
1627554508246 0.15926292684102664 418
1627554508291 0.1592068905234263 419
1627554508336 0.15914937364787946 420
1627554508392 0.15909084305212454 421
1627554508438 0.15903158483907712 422
1627554508482 0.15898249838640896 423
1627554508522 0.15892651364707705 424
1627554508565 0.15886840820434586 425
1627554508615 0.15881267936636273 426
1627554508678 0.15875734569149363 427
1627554508742 0.15866480410642453 428
1627554508791 0.15860366557409283 429
1627554508852 0.15850910941330923 430
1627554508898 0.1584530297027507 431
1627554508946 0.15840297540812098 432
1627554509003 0.1583390115779724 433
1627554509060 0.15828252683374786 434
1627554509104 0.15823080579155052 435
1627554509147 0.15817877452500861 436
1627554509200 0.15811421961254488 437
1627554509273 0.16109787542308943 438
1627554513410 0.5085993242186713 0
1627554513521 0.46969297455639697 1
1627554513620 0.43536786984882164 2
1627554513719 0.40522685540567877 3
1627554513852 0.3787472932149776 4
1627554513951 0.35570106794356654 5
1627554514061 0.33573721829594727 6
1627554514192 0.31851212316325606 7
1627554514292 0.30377636642386985 8
1627554514383 0.290992820151185 9
1627554514472 0.27989635279074493 10
1627554514570 0.2704859859047959 11
1627554514656 0.2623791580163228 12
1627554514741 0.2555954801427847 13
1627554514842 0.24966913895065318 14
1627554514962 0.24476504603380023 15
1627554515037 0.2405269660002948 16
1627554515123 0.23701738173225811 17
1627554515215 0.23403092395785724 18
1627554515298 0.23135328182483614 19
1627554515379 0.2289642404114799 20
1627554515467 0.22699399018546795 21
1627554515552 0.22534327305896887 22
1627554515628 0.22382625091073644 23
1627554515713 0.22253455319403004 24
1627554515793 0.22138775852364298 25
1627554515865 0.2202122896464802 26
1627554515946 0.21919084369921257 27
1627554516044 0.21833782513153305 28
1627554516119 0.21745183094695908 29
1627554516194 0.21656421281522373 30
1627554516269 0.21579867086095855 31
1627554516349 0.21486295356291404 32
1627554516425 0.21412894614451983 33
1627554516497 0.21353803960104278 34
1627554516567 0.21291302562020437 35
1627554516636 0.2121961450002528 36
1627554516711 0.21161261417447677 37
1627554516785 0.21118231616351607 38
1627554516857 0.21050695130966704 39
1627554516927 0.21010086576110612 40
1627554516998 0.20929946140905434 41
1627554517070 0.20863944567231685 42
1627554517143 0.20791542608685282 43
1627554517223 0.2072817798838589 44
1627554517292 0.2070068398274747 45
1627554517366 0.2066958637673022 46
1627554517438 0.20611528401737997 47
1627554517511 0.20543720199819568 48
1627554517584 0.2049241578829693 49
1627554517679 0.20433078190002693 50
1627554517736 0.20407093422622194 51
1627554517806 0.2037426036447233 52
1627554517885 0.20299225426030998 53
1627554517950 0.20275466216542457 54
1627554518016 0.2024954022749726 55
1627554518088 0.20194055450596635 56
1627554518172 0.20172937157437618 57
1627554518265 0.20151959397245603 58
1627554518336 0.2010762334934233 59
1627554518401 0.2008201669124433 60
1627554518481 0.20049073747937773 61
1627554518580 0.20028697151455996 62
1627554518668 0.20011285372709925 63
1627554518768 0.1999017331784172 64
1627554518837 0.1996629497794532 65
1627554518897 0.19944542614625063 66
1627554518954 0.19926707418656545 67
1627554519026 0.198665995746589 68
1627554519104 0.19816224714691155 69
1627554519171 0.19793697296210055 70
1627554519239 0.19762426704855818 71
1627554519312 0.19719439483209056 72
1627554519390 0.19662776806976062 73
1627554519460 0.19642702028268802 74
1627554519533 0.19620601566436877 75
1627554519608 0.19596634947781125 76
1627554519683 0.19578412934075007 77
1627554519749 0.19555523499518643 78
1627554519821 0.1952679152437006 79
1627554519898 0.19487720237772901 80
1627554519960 0.19451877267169215 81
1627554520030 0.19431664935915532 82
1627554520085 0.19416268467379405 83
1627554520151 0.1939896175852325 84
1627554520228 0.19371790939970546 85
1627554520310 0.19355860107258005 86
1627554520409 0.19340883890217406 87
1627554520526 0.19310396934237956 88
1627554520623 0.1929301781632718 89
1627554520712 0.1927669535074612 90
1627554520823 0.19246236601032451 91
1627554520903 0.19225771279581527 92
1627554520963 0.19211472146080166 93
1627554521027 0.19194545508934463 94
1627554521093 0.19179072204401723 95
1627554521156 0.19161227230185743 96
1627554521227 0.1913014237682738 97
1627554521281 0.19115948671115582 98
1627554521348 0.19099026021252571 99
1627554521437 0.19078686006963028 100
1627554521506 0.19058291318171952 101
1627554521577 0.19016753592160937 102
1627554521631 0.19002558274818546 103
1627554521687 0.1898973447081011 104
1627554521750 0.18974960975181962 105
1627554521812 0.1895938370902877 106
1627554521866 0.18946927246065157 107
1627554521928 0.18925871814902814 108
1627554521997 0.18891601972056984 109
1627554522080 0.18850575237652437 110
1627554522140 0.18836675982203555 111
1627554522224 0.18810510407402428 112
1627554522280 0.1879602477449527 113
1627554522337 0.18782090093705497 114
1627554522428 0.18742483584117345 115
1627554522490 0.187274693567815 116
1627554522552 0.1871362448659567 117
1627554522607 0.1870145361530967 118
1627554522672 0.18678439739683864 119
1627554522740 0.1864811551355308 120
1627554522801 0.18635234838935358 121
1627554522859 0.18622805955338909 122
1627554522931 0.18605215398012687 123
1627554522976 0.18593663147164516 124
1627554523035 0.18578078593062955 125
1627554523097 0.18564948656165736 126
1627554523152 0.18551435656238313 127
1627554523225 0.1853798385736214 128
1627554523302 0.18510636909730835 129
1627554523364 0.1849868106000516 130
1627554523418 0.18486502102373892 131
1627554523472 0.1847045815752074 132
1627554523527 0.18459657995062914 133
1627554523591 0.18447637992825433 134
1627554523638 0.18436760298426078 135
1627554523691 0.18426009537954482 136
1627554523767 0.18407087148589235 137
1627554523843 0.18379970878671562 138
1627554523909 0.18366502168194673 139
1627554523981 0.18346220098022828 140
1627554524049 0.18318915095395327 141
1627554524118 0.18300593241962654 142
1627554524177 0.18288410382351616 143
1627554524240 0.18274438330469725 144
1627554524310 0.18263528554307454 145
1627554524386 0.18251641436288715 146
1627554524483 0.1822912171564006 147
1627554524585 0.18216900990558532 148
1627554524659 0.18206205065720066 149
1627554524755 0.18194292030157472 150
1627554524806 0.181825378995247 151
1627554524872 0.18162033422224821 152
1627554524934 0.18152122013677155 153
1627554524990 0.18140492585816131 154
1627554525050 0.18130180247321323 155
1627554525118 0.18111583319422925 156
1627554525177 0.18100099131805053 157
1627554525228 0.1808966169165121 158
1627554525283 0.18080552027198202 159
1627554525368 0.18059968656977535 160
1627554525441 0.180497610323363 161
1627554525501 0.18039399864723052 162
1627554525566 0.18027548691517373 163
1627554525633 0.18010674567238777 164
1627554525688 0.18000231098413874 165
1627554525737 0.17990706762687442 166
1627554525803 0.17974250275828005 167
1627554525846 0.1796481256185298 168
1627554525903 0.17953929546107314 169
1627554525960 0.17944440886743873 170
1627554526016 0.17934426255366687 171
1627554526085 0.17908196245772645 172
1627554526139 0.17899163488564174 173
1627554526214 0.1788917059067514 174
1627554526276 0.17878779573707135 175
1627554526349 0.17869748928014872 176
1627554526435 0.17861052377168418 177
1627554526513 0.17851459248565585 178
1627554526560 0.17842750414951547 179
1627554526616 0.17833844819898914 180
1627554526674 0.1782443412092867 181
1627554526772 0.17803410108817555 182
1627554526843 0.17779909052950718 183
1627554526892 0.1777121973726367 184
1627554526950 0.17761916731859878 185
1627554527030 0.17752371739158906 186
1627554527130 0.177412455403928 187
1627554527206 0.1773200572356682 188
1627554527259 0.17720924337973348 189
1627554527316 0.17709489996116537 190
1627554527403 0.17691910349091697 191
1627554527476 0.17682639124582367 192
1627554527551 0.17673766494445645 193
1627554527628 0.1766560515698269 194
1627554527698 0.17655911609343555 195
1627554527760 0.17639581863359918 196
1627554527849 0.1762542427764792 197
1627554527923 0.17616307360756922 198
1627554527984 0.17606232590534243 199
1627554528059 0.17596398796565957 200
1627554528109 0.17587174749128182 201
1627554528167 0.17578108329140785 202
1627554528209 0.17570158778248918 203
1627554528258 0.1756154035382286 204
1627554528313 0.17553113117183128 205
1627554528382 0.17544391560213157 206
1627554528451 0.175320900745648 207
1627554528507 0.1752312775958423 208
1627554528568 0.17513050783499737 209
1627554528625 0.17503556326344605 210
1627554528690 0.17492611164637492 211
1627554528735 0.17484334768058654 212
1627554528793 0.1747622607924299 213
1627554528850 0.17467701514181752 214
1627554528904 0.17459012819528566 215
1627554528948 0.1745170925045065 216
1627554528999 0.17443312450292406 217
1627554529047 0.1743506514390145 218
1627554529095 0.17427409065774735 219
1627554529152 0.1741886375189177 220
1627554529217 0.17404876666271218 221
1627554529275 0.17396326522742836 222
1627554529349 0.1737407951753806 223
1627554529402 0.17365794250463587 224
1627554529472 0.1734716029649504 225
1627554529520 0.17338351952769138 226
1627554529561 0.17330934524617078 227
1627554529614 0.17323182757322492 228
1627554529671 0.17314094490633697 229
1627554529729 0.17306259381855763 230
1627554529786 0.17297282457220575 231
1627554529849 0.17281122507604008 232
1627554529907 0.17272719755153473 233
1627554529963 0.17263316019069244 234
1627554530016 0.1725445534084135 235
1627554530056 0.1724636645328592 236
1627554530101 0.1723834760054431 237
1627554530164 0.1723007883471215 238
1627554530208 0.17222502678011134 239
1627554530277 0.1720809510297594 240
1627554530322 0.17200188302008404 241
1627554530372 0.17192557201574507 242
1627554530421 0.17185032317392127 243
1627554530469 0.17177497531011898 244
1627554530509 0.17170616806475827 245
1627554530554 0.17163360312121712 246
1627554530613 0.17156269330715604 247
1627554530693 0.17148814458324568 248
1627554530797 0.17134485869382854 249
1627554530868 0.17127179618242203 250
1627554530915 0.17119393739416827 251
1627554530972 0.17109927581420437 252
1627554531016 0.17102892750494378 253
1627554531090 0.17087666201492857 254
1627554531135 0.17079951409646182 255
1627554531180 0.17072692708843362 256
1627554531238 0.1706499733341958 257
1627554531288 0.170574771406613 258
1627554531351 0.1704969299879474 259
1627554531406 0.1704189690471426 260
1627554531474 0.17033330142927963 261
1627554531542 0.17022780564741088 262
1627554531598 0.1701547382897223 263
1627554531663 0.1700815311543719 264
1627554531719 0.17000782647448795 265
1627554531786 0.16984841442969273 266
1627554531830 0.16977194686668906 267
1627554531880 0.16969845621056856 268
1627554531932 0.16962714578788438 269
1627554532011 0.1695336677196627 270
1627554532069 0.16946449778261602 271
1627554532131 0.1693058210916521 272
1627554532173 0.1692348127143609 273
1627554532236 0.16915116961790733 274
1627554532315 0.16907615779037435 275
1627554532408 0.16899565782934312 276
1627554532482 0.1689248370899857 277
1627554532553 0.16884989647538287 278
1627554532638 0.1687785166929904 279
1627554532716 0.16870503800117811 280
1627554532813 0.16860093781988483 281
1627554532886 0.16854022870154103 282
1627554532981 0.1683796182914076 283
1627554533030 0.16830643053122374 284
1627554533075 0.16823376280487592 285
1627554533137 0.1681141232525251 286
1627554533190 0.16803873204594125 287
1627554533244 0.16796174200760952 288
1627554533288 0.16789057536243798 289
1627554533347 0.16781906680401693 290
1627554533384 0.16775538959467626 291
1627554533436 0.16768004828050828 292
1627554533516 0.16759467246947068 293
1627554533582 0.1675275407838901 294
1627554533653 0.16745174654893 295
1627554533716 0.1673382676914265 296
1627554533765 0.1672641656166091 297
1627554533820 0.16718773981688168 298
1627554533878 0.1671166983832986 299
1627554533943 0.1670404034486729 300
1627554533983 0.166971858980133 301
1627554534022 0.16690903448199526 302
1627554534081 0.16683555230061067 303
1627554534130 0.1667645743462992 304
1627554534179 0.16669407294264615 305
1627554534226 0.16662637414144385 306
1627554534277 0.16653883343836973 307
1627554534314 0.16647453438163443 308
1627554534370 0.16640796905825236 309
1627554534423 0.16632736234443102 310
1627554534469 0.1662595105015543 311
1627554534524 0.16619553916753324 312
1627554534582 0.1661183574004544 313
1627554534635 0.1660448080149678 314
1627554534687 0.16598037849500763 315
1627554534742 0.16591049869491517 316
1627554534789 0.16584607878178687 317
1627554534843 0.16577671128838598 318
1627554534888 0.1657192521534315 319
1627554534945 0.16564536078813477 320
1627554535000 0.16558251814087968 321
1627554535066 0.16551474104119604 322
1627554535129 0.16541231644966836 323
1627554535212 0.16524499371377765 324
1627554535274 0.16517532828670994 325
1627554535326 0.16510345115366584 326
1627554535382 0.16503398146819942 327
1627554535423 0.16496893699097082 328
1627554535483 0.16490737367787234 329
1627554535530 0.16484721806412636 330
1627554535573 0.16478851986980256 331
1627554535616 0.16472843948333404 332
1627554535668 0.16466342331677272 333
1627554535711 0.16459979907259661 334
1627554535776 0.16452293044948352 335
1627554535821 0.16446309589344577 336
1627554535885 0.16436423228350097 337
1627554535934 0.16430190975536624 338
1627554535992 0.16422167867606877 339
1627554536034 0.16415322924098885 340
1627554536075 0.16409291813983137 341
1627554536121 0.1640333267397845 342
1627554536166 0.16397461832113924 343
1627554536209 0.1639237530206545 344
1627554536261 0.16385177959582395 345
1627554536312 0.1637851241696736 346
1627554536363 0.16372553974792314 347
1627554536413 0.16366546867510007 348
1627554536463 0.16359852058946855 349
1627554536539 0.16352164833050506 350
1627554536595 0.16345997851425711 351
1627554536645 0.16339849024493233 352
1627554536692 0.16334756583145632 353
1627554536750 0.16326485193455956 354
1627554536805 0.16320153441033922 355
1627554536857 0.16314441614014574 356
1627554536894 0.16308672460966575 357
1627554536951 0.1630247676715248 358
1627554536993 0.16296821640105158 359
1627554537045 0.16290866624987185 360
1627554537113 0.16284536534425448 361
1627554537191 0.1627179804721011 362
1627554537236 0.16265941165074901 363
1627554537282 0.16259985837740346 364
1627554537355 0.16247435638007998 365
1627554537397 0.16241625898777973 366
1627554537459 0.1623621966769018 367
1627554537554 0.16224809655566433 368
1627554537625 0.16217378783347028 369
1627554537681 0.16210996776411493 370
1627554537724 0.16205545364128796 371
1627554537781 0.16196709350926813 372
1627554537843 0.16187376611816193 373
1627554537893 0.16181397890900145 374
1627554537951 0.1617552582429914 375
1627554537993 0.16170136784515285 376
1627554538028 0.16166116504484224 377
1627554538076 0.1616036417573795 378
1627554538117 0.1615546423412819 379
1627554538167 0.1614917832076347 380
1627554538205 0.16144192401438895 381
1627554538252 0.16138427630160823 382
1627554538304 0.161326951162306 383
1627554538346 0.16127530675558294 384
1627554538401 0.16120856809182002 385
1627554538452 0.1611472680946102 386
1627554538518 0.16103442327057593 387
1627554538557 0.16097382123315945 388
1627554538620 0.16089160215694218 389
1627554538667 0.16083795464027495 390
1627554538728 0.16077190473205147 391
1627554538780 0.16070600375183833 392
1627554538824 0.1606468907477107 393
1627554538870 0.16060036253335774 394
1627554538917 0.1605383962914126 395
1627554538969 0.16047331007605237 396
1627554539019 0.1604149427240934 397
1627554539072 0.16035412103231175 398
1627554539133 0.16029210014574938 399
1627554539194 0.16023156717339168 400
1627554539249 0.1601649238042228 401
1627554539320 0.16010754059090937 402
1627554539386 0.16005289098590986 403
1627554539452 0.16000054957371973 404
1627554539536 0.1599442646221985 405
1627554539587 0.15990113689800733 406
1627554539639 0.15984670735871281 407
1627554539686 0.159789542800577 408
1627554539747 0.1597128621369382 409
1627554539801 0.15965687430605283 410
1627554539848 0.15960644700206594 411
1627554539888 0.1595551676464016 412
1627554539925 0.1594977810590397 413
1627554539983 0.15943794269191033 414
1627554540037 0.159375845969288 415
1627554540089 0.1593132140615288 416
1627554540140 0.1592580180877353 417
1627554540194 0.15920348651694313 418
1627554540237 0.15914580492023034 419
1627554540289 0.15909233849996776 420
1627554540332 0.1590413654546045 421
1627554540375 0.15899036483150786 422
1627554540420 0.15893769493303564 423
1627554540462 0.15887879182115033 424
1627554540505 0.1588245099872618 425
1627554540555 0.1587593484268398 426
1627554540605 0.15869220173391962 427
1627554540648 0.15864139656431947 428
1627554540695 0.1585847194176306 429
1627554540748 0.1585279597986752 430
1627554540797 0.1584746489267077 431
1627554540842 0.15842342633749537 432
1627554540889 0.1583767055662478 433
1627554540946 0.15831911562866446 434
1627554541039 0.15826373449718342 435
1627554541094 0.15821077467452482 436
1627554541135 0.15815821417547243 437
1627554541197 0.15809956965585306 438
1627554541238 0.1580480164780808 439
1627554541297 0.15798941264382804 440
1627554541350 0.15793614258416355 441
1627554541404 0.15787398010754822 442
1627554541449 0.15781206897418742 443
1627554541492 0.15776192297697175 444
1627554541537 0.1577069045533866 445
1627554541620 0.1605383962914126 446
1627554545810 0.5094683784074518 0
1627554545928 0.4705899005586275 1
1627554546024 0.43625138510112965 2
1627554546123 0.40614650014366926 3
1627554546232 0.3797307697813711 4
1627554546345 0.35653332423940975 5
1627554546437 0.33654220680441166 6
1627554546530 0.3192166623291703 7
1627554546627 0.30431220829735117 8
1627554546723 0.2914523250191249 9
1627554546816 0.28030992172560804 10
1627554546905 0.27089060047079866 11
1627554546991 0.2627456942936336 12
1627554547089 0.25592441755565876 13
1627554547187 0.2500174086767811 14
1627554547279 0.24502669917229108 15
1627554547373 0.2407235872480498 16
1627554547481 0.23720338120535314 17
1627554547570 0.23416817242674884 18
1627554547684 0.2313754409715195 19
1627554547790 0.22896193363669073 20
1627554547908 0.22697543134364487 21
1627554548028 0.22536457668402196 22
1627554548099 0.22371945984098135 23
1627554548176 0.2223753109183249 24
1627554548254 0.22115334626800795 25
1627554548331 0.21994864106652606 26
1627554548444 0.21898903605765097 27
1627554548564 0.21815092835003366 28
1627554548636 0.2171899394664226 29
1627554548709 0.21626261654427192 30
1627554548817 0.21559787945925 31
1627554548934 0.2148784172677184 32
1627554549017 0.2140746015507473 33
1627554549107 0.21354814726891208 34
1627554549209 0.2128281032368089 35
1627554549284 0.2121622819005208 36
1627554549359 0.21161874212035356 37
1627554549430 0.21071645120494964 38
1627554549504 0.20999857850843245 39
1627554549571 0.20948126641647077 40
1627554549656 0.20904207356242832 41
1627554549738 0.20848125115322727 42
1627554549817 0.20778511937114097 43
1627554549926 0.20744035009933495 44
1627554550018 0.20709375001287775 45
1627554550119 0.20668738071213846 46
1627554550232 0.20595150591719683 47
1627554550309 0.2056234976391901 48
1627554550383 0.20523472250985147 49
1627554550472 0.2047167345770284 50
1627554550537 0.20443448724865887 51
1627554550611 0.20394801651188607 52
1627554550678 0.20361732849653172 53
1627554550749 0.2031345250922201 54
1627554550814 0.2028523970975339 55
1627554550883 0.20243372139510163 56
1627554550945 0.20220624899737857 57
1627554551017 0.2019585611068422 58
1627554551088 0.20127825649444675 59
1627554551175 0.20104103227634063 60
1627554551272 0.20081506070740246 61
1627554551351 0.20060471454283355 62
1627554551458 0.20005285065829595 63
1627554551533 0.19958065840724099 64
1627554551613 0.19917050591532962 65
1627554551682 0.19894416303550058 66
1627554551745 0.1986979893934734 67
1627554551822 0.19846734113053802 68
1627554551896 0.1980372134035105 69
1627554551970 0.19779389773176262 70
1627554552041 0.1973296725453763 71
1627554552115 0.19704450848774854 72
1627554552189 0.1965195189147398 73
1627554552259 0.19628854819153704 74
1627554552332 0.19603748696626583 75
1627554552402 0.19566945390673732 76
1627554552467 0.1955040389625507 77
1627554552531 0.1953289183702021 78
1627554552606 0.19498330323578072 79
1627554552679 0.19469893323860024 80
1627554552739 0.194464401112653 81
1627554552821 0.19416892660990034 82
1627554552910 0.1939411164408247 83
1627554552974 0.19375338320498126 84
1627554553040 0.19357636913987064 85
1627554553097 0.19339432675670726 86
1627554553164 0.19322959812663584 87
1627554553239 0.19307002048528604 88
1627554553322 0.19289309155534695 89
1627554553393 0.19261185410325776 90
1627554553459 0.1923639083577023 91
1627554553528 0.1921764946210013 92
1627554553596 0.1919595286678995 93
1627554553657 0.19180040304570067 94
1627554553725 0.19146756954911412 95
1627554553788 0.19129735108018392 96
1627554553855 0.1910734572287329 97
1627554553914 0.19093487372006362 98
1627554553984 0.1906851527812167 99
1627554554059 0.19053829677843023 100
1627554554115 0.1903595189017046 101
1627554554186 0.19020180011904755 102
1627554554240 0.19005920429128026 103
1627554554293 0.189912640000774 104
1627554554376 0.18971488249084983 105
1627554554466 0.1894932890789647 106
1627554554532 0.1892077039763068 107
1627554554593 0.1889947152093794 108
1627554554663 0.18886340492576614 109
1627554554739 0.18842541744397076 110
1627554554801 0.18825747336778126 111
1627554554861 0.18812725972264177 112
1627554554925 0.187939426210071 113
1627554554996 0.18772121135837175 114
1627554555061 0.1875832758763785 115
1627554555112 0.18744829325257778 116
1627554555185 0.1871520702917097 117
1627554555268 0.18701438311460672 118
1627554555339 0.18688466323360317 119
1627554555409 0.18658109461531694 120
1627554555470 0.186401265244173 121
1627554555523 0.1862837286794762 122
1627554555582 0.1861362876290239 123
1627554555647 0.1858578658965353 124
1627554555717 0.1856749412938155 125
1627554555768 0.18554906924503717 126
1627554555826 0.18542400266631087 127
1627554555898 0.18531091616877246 128
1627554555976 0.18515416557784942 129
1627554556092 0.18485084151778822 130
1627554556187 0.18472861122119824 131
1627554556300 0.18460180900045706 132
1627554556387 0.18448078843112836 133
1627554556458 0.18434077205245483 134
1627554556535 0.18422974660035168 135
1627554556586 0.18408342831787447 136
1627554556634 0.18395996809236873 137
1627554556695 0.18379908678592258 138
1627554556763 0.18356976458945112 139
1627554556811 0.18346927781337113 140
1627554556873 0.18335678472590117 141
1627554556920 0.18324983480061066 142
1627554556975 0.1831230754813551 143
1627554557024 0.18300364301577957 144
1627554557076 0.18289868287533106 145
1627554557138 0.18267372799127593 146
1627554557198 0.182555042429086 147
1627554557254 0.18244866968406773 148
1627554557312 0.182255299681979 149
1627554557359 0.18215862191401172 150
1627554557421 0.1820410329265085 151
1627554557489 0.18190705991557754 152
1627554557587 0.18175794019744074 153
1627554557642 0.1816556157183319 154
1627554557722 0.1814885349108033 155
1627554557784 0.18138450542717682 156
1627554557835 0.18127982014132216 157
1627554557910 0.18118097766683341 158
1627554557984 0.18095110903465741 159
1627554558054 0.18070961364142857 160
1627554558105 0.1806194525929663 161
1627554558170 0.18049349432785114 162
1627554558235 0.18032987188721858 163
1627554558290 0.18018333108931206 164
1627554558343 0.1800759818206265 165
1627554558395 0.17997711949786696 166
1627554558462 0.17987414725016462 167
1627554558512 0.17978470686321957 168
1627554558565 0.17968388923014322 169
1627554558630 0.17959133077271613 170
1627554558693 0.17946473640699623 171
1627554558754 0.17930403658937663 172
1627554558825 0.17908245828668115 173
1627554558870 0.17899874506531185 174
1627554558916 0.1789066741640914 175
1627554558959 0.17881674551377552 176
1627554559027 0.1787061407559027 177
1627554559082 0.1786081674260827 178
1627554559135 0.1785102307683887 179
1627554559197 0.17837570215898424 180
1627554559275 0.1782832263456953 181
1627554559357 0.17801453645265783 182
1627554559429 0.17783382325711872 183
1627554559494 0.1777382301940559 184
1627554559578 0.1774952624107981 185
1627554559634 0.17740117611728004 186
1627554559682 0.17732218201765246 187
1627554559740 0.17720317377517128 188
1627554559805 0.17703909900105627 189
1627554559866 0.17694025390903018 190
1627554559917 0.17685243883561377 191
1627554559960 0.17677310990775974 192
1627554560016 0.17668537964258135 193
1627554560064 0.17660384757500258 194
1627554560140 0.17641054851037555 195
1627554560197 0.17633211769714752 196
1627554560264 0.17613512320548572 197
1627554560334 0.17598270280778566 198
1627554560393 0.17589908152746406 199
1627554560478 0.17570673677794263 200
1627554560531 0.1756228744848021 201
1627554560586 0.17553029590566618 202
1627554560646 0.17543913431598707 203
1627554560736 0.17527734113348953 204
1627554560805 0.1751863108802264 205
1627554560891 0.17509574537587747 206
1627554560974 0.1750002100861459 207
1627554561051 0.17491150309910444 208
1627554561109 0.174832151980703 209
1627554561163 0.17473991527538738 210
1627554561204 0.17467026031359928 211
1627554561269 0.1745882406047458 212
1627554561351 0.17449772642133224 213
1627554561403 0.17442756643163757 214
1627554561478 0.17425332751224798 215
1627554561531 0.17417744315870437 216
1627554561575 0.1741001043390727 217
1627554561617 0.17402314302178745 218
1627554561676 0.1739339235665776 219
1627554561742 0.17383480943275612 220
1627554561791 0.17375679812358913 221
1627554561845 0.17367266666087983 222
1627554561896 0.1735879483402597 223
1627554561939 0.17351040154620082 224
1627554562002 0.17342467549442916 225
1627554562065 0.17333141672825483 226
1627554562124 0.17323961567941898 227
1627554562169 0.17317219932009606 228
1627554562247 0.17302617708412021 229
1627554562295 0.17294687149509994 230
1627554562339 0.17287046019111255 231
1627554562405 0.17279468958161354 232
1627554562468 0.17270415517019824 233
1627554562542 0.1725545187496271 234
1627554562597 0.1724623935619189 235
1627554562654 0.1723567966988726 236
1627554562726 0.17228515992834098 237
1627554562783 0.17221498146962147 238
1627554562824 0.17214944956661365 239
1627554562883 0.17206222561109122 240
1627554562935 0.17198296895035797 241
1627554562981 0.17191257846252875 242
1627554563034 0.17183862110592513 243
1627554563091 0.17175003022704147 244
1627554563143 0.17167058350139394 245
1627554563201 0.17158930491392457 246
1627554563255 0.171504976690165 247
1627554563312 0.17140676517782727 248
1627554563360 0.17133792096194744 249
1627554563425 0.17125039303075199 250
1627554563483 0.17116772315170692 251
1627554563540 0.17107969860141153 252
1627554563600 0.1709961626437128 253
1627554563652 0.17092025896598628 254
1627554563700 0.17083804520507828 255
1627554563751 0.1707661766736634 256
1627554563790 0.17070354432165633 257
1627554563836 0.17063183225555228 258
1627554563901 0.17051532608515527 259
1627554563943 0.1704483144631734 260
1627554563989 0.1703759671062284 261
1627554564036 0.1702956335719017 262
1627554564087 0.1702185498662522 263
1627554564131 0.1701484221133592 264
1627554564189 0.17006979038013928 265
1627554564251 0.16994972233900105 266
1627554564293 0.16987915641253837 267
1627554564337 0.16980990986801853 268
1627554564383 0.1697329918722028 269
1627554564452 0.16964100333769158 270
1627554564506 0.16956672300071368 271
1627554564549 0.16950053663337064 272
1627554564615 0.16943015822193977 273
1627554564692 0.16935939682708478 274
1627554564744 0.16928432636495336 275
1627554564811 0.1691874049450305 276
1627554564856 0.16911361067558797 277
1627554564900 0.16904120137701706 278
1627554564950 0.1689357769854892 279
1627554565003 0.16885711841296175 280
1627554565066 0.16868382464491116 281
1627554565133 0.168613272895099 282
1627554565183 0.16853217793002453 283
1627554565236 0.16846266089847597 284
1627554565283 0.1683936920809308 285
1627554565334 0.16830870753044314 286
1627554565381 0.16824137331818018 287
1627554565433 0.16816433444332543 288
1627554565481 0.16809298347069065 289
1627554565548 0.1679493213598167 290
1627554565610 0.1677755240983587 291
1627554565661 0.16771069979074496 292
1627554565726 0.16758185069851733 293
1627554565777 0.16750409993257875 294
1627554565835 0.16743176466288684 295
1627554565885 0.1673598315881839 296
1627554565935 0.1672939376858093 297
1627554566012 0.16723171049105937 298
1627554566086 0.1671678659857258 299
1627554566146 0.1671024056031958 300
1627554566187 0.1670350028957005 301
1627554566238 0.16696962433184925 302
1627554566299 0.1668868292208255 303
1627554566351 0.16681410884914313 304
1627554566412 0.1667435771216057 305
1627554566461 0.16667522641360083 306
1627554566522 0.16654557106365306 307
1627554566575 0.16647670810218584 308
1627554566647 0.16640632253388649 309
1627554566710 0.16633751964329244 310
1627554566761 0.16627103085040926 311
1627554566807 0.16620657762876356 312
1627554566860 0.1661232346497088 313
1627554566908 0.166054598849035 314
1627554566969 0.16597971502441658 315
1627554567013 0.16591511887023602 316
1627554567059 0.1658514078321795 317
1627554567101 0.1657849895849221 318
1627554567165 0.16568191055117992 319
1627554567221 0.16560528893193655 320
1627554567281 0.165526648011308 321
1627554567332 0.16545541775340797 322
1627554567384 0.16539239822409413 323
1627554567439 0.1653218710508063 324
1627554567488 0.16525654339940896 325
1627554567531 0.16518851794474207 326
1627554567586 0.16508171224917734 327
1627554567637 0.16501843280888853 328
1627554567696 0.16495562800192567 329
1627554567769 0.16487285836393129 330
1627554567815 0.16481358824552286 331
1627554567859 0.16474938715909793 332
1627554567917 0.16468285008164762 333
1627554567964 0.16461764199889078 334
1627554568022 0.16451786400996665 335
1627554568073 0.16445014907761654 336
1627554568138 0.16438605888572816 337
1627554568177 0.16432353228430577 338
1627554568237 0.16422061591798137 339
1627554568292 0.16416147270315193 340
1627554568349 0.1640546782098678 341
1627554568402 0.16399279576732814 342
1627554568456 0.163931959282631 343
1627554568510 0.16386506462280467 344
1627554568582 0.16379715074488477 345
1627554568645 0.16373545388725938 346
1627554568700 0.1636719032001834 347
1627554568756 0.16361361531772076 348
1627554568818 0.16355733528885394 349
1627554568913 0.1634978789232045 350
1627554568993 0.16342929728942743 351
1627554569087 0.16336340762163312 352
1627554569157 0.16330164949808823 353
1627554569209 0.16323116371074697 354
1627554569269 0.16315722418068554 355
1627554569334 0.1630917438511659 356
1627554569392 0.16304095885835673 357
1627554569444 0.16298358146356492 358
1627554569504 0.16291646787432928 359
1627554569566 0.1628243381295602 360
1627554569608 0.1627625256921958 361
1627554569654 0.16270961307791462 362
1627554569700 0.16265546792013721 363
1627554569743 0.16259288458058638 364
1627554569815 0.16246708681837435 365
1627554569869 0.16241175875104488 366
1627554569950 0.16228593720306603 367
1627554569993 0.16222635022523293 368
1627554570066 0.1621557597421828 369
1627554570116 0.16210008085025163 370
1627554570162 0.16204616264197413 371
1627554570220 0.16198852933318583 372
1627554570291 0.1619280540580867 373
1627554570335 0.1618867645135982 374
1627554570399 0.16180324216760922 375
1627554570474 0.16174620496446274 376
1627554570566 0.16167522541839696 377
1627554570610 0.16162075014836827 378
1627554570660 0.16156875326280132 379
1627554570718 0.161513879728542 380
1627554570775 0.16144420543721008 381
1627554570831 0.1613816336748863 382
1627554570884 0.16130853251697508 383
1627554570928 0.16124926946676166 384
1627554570973 0.16118776110355765 385
1627554571017 0.1611263952629383 386
1627554571063 0.1610756552961569 387
1627554571108 0.16100997696076014 388
1627554571179 0.1608749165690766 389
1627554571235 0.16081805106111557 390
1627554571296 0.16076006525403955 391
1627554571352 0.16068649615788755 392
1627554571408 0.16062658461483084 393
1627554571471 0.16055663808884074 394
1627554571526 0.16049120694274732 395
1627554571569 0.16042911035639182 396
1627554571631 0.16034151254479978 397
1627554571678 0.16028187182667447 398
1627554571737 0.1601977878516363 399
1627554571808 0.16014285191782618 400
1627554571861 0.16008733996256777 401
1627554571913 0.16002321791811744 402
1627554571958 0.15996404139442125 403
1627554572003 0.1599070178133054 404
1627554572066 0.15981216076922594 405
1627554572117 0.15974410861484592 406
1627554572163 0.15968398252052002 407
1627554572206 0.1596343561572875 408
1627554572256 0.15958028263719462 409
1627554572298 0.1595237291002814 410
1627554572346 0.15946920794327474 411
1627554572395 0.15940882291376723 412
1627554572451 0.15935423956137662 413
1627554572500 0.15930834351488668 414
1627554572561 0.15925040471527802 415
1627554572619 0.15918785182598738 416
1627554572659 0.1591354999109853 417
1627554572708 0.15908056523225128 418
1627554572759 0.15902343241231515 419
1627554572809 0.15896506996227935 420
1627554572869 0.1588669308388259 421
1627554572919 0.1588170309943216 422
1627554573006 0.15873250183249668 423
1627554573052 0.15867133458234578 424
1627554573106 0.15860917770909427 425
1627554573151 0.15855671126883475 426
1627554573194 0.1585057184284423 427
1627554573254 0.15844908402097022 428
1627554573301 0.15839047392829114 429
1627554573354 0.15833454918303896 430
1627554573406 0.15827815360917472 431
1627554573451 0.15823033608658885 432
1627554573495 0.15818674145851833 433
1627554573536 0.15813626774526962 434
1627554573581 0.15807733045974773 435
1627554573627 0.1580215103971438 436
1627554573677 0.15796668608159378 437
1627554573734 0.1579132164482313 438
1627554573800 0.15785015544706602 439
1627554573875 0.15779524531388006 440
1627554573934 0.15774731194431785 441
1627554574010 0.15769281626197174 442
1627554574057 0.15763332031975705 443
1627554574106 0.15758063626156296 444
1627554574158 0.15751800235744032 445
1627554574203 0.1574621096063788 446
1627554574259 0.15741212926298728 447
1627554574316 0.15735611588763226 448
1627554574358 0.15730346161654785 449
1627554574414 0.1572549088465958 450
1627554574456 0.15721073118809892 451
1627554574497 0.15716320325121003 452
1627554574538 0.1571151934296715 453
1627554574596 0.15702796146077652 454
1627554574644 0.15697823058755264 455
1627554574683 0.15692732189655725 456
1627554574738 0.1568697704310743 457
1627554574785 0.1568153774907711 458
1627554574842 0.15676650183712718 459
1627554574894 0.15671129406723394 460
1627554574939 0.15665954450094824 461
1627554575014 0.15659570975166928 462
1627554575066 0.15654366109482507 463
1627554575138 0.15642900237528262 464
1627554575188 0.15637637789413436 465
1627554575240 0.15632305780617356 466
1627554575285 0.15626970673290513 467
1627554575341 0.15621401798882267 468
1627554575412 0.15615554057855077 469
1627554575478 0.15609602527946695 470
1627554575515 0.1560517779254116 471
1627554575567 0.15599189711241432 472
1627554575608 0.15594763416210267 473
1627554575651 0.1558955575252239 474
1627554575719 0.15867133458234578 475
1627554580002 0.5074874438311674 0
1627554580119 0.4688282630669758 1
1627554580251 0.4346871509442962 2
1627554580353 0.404703759472068 3
1627554580482 0.37825958297359563 4
1627554580578 0.3554213638133714 5
1627554580701 0.33551722056229405 6
1627554580818 0.31850387856796675 7
1627554580919 0.30391185431713935 8
1627554581048 0.29123209343337125 9
1627554581139 0.28005640166618134 10
1627554581235 0.27053517787563375 11
1627554581326 0.26236128939650766 12
1627554581416 0.2554210949603528 13
1627554581505 0.24945362264649937 14
1627554581597 0.24451321281217206 15
1627554581681 0.2402166891740317 16
1627554581770 0.2366471227738107 17
1627554581897 0.23362831717194768 18
1627554581990 0.23086122902389605 19
1627554582083 0.2285506766477933 20
1627554582160 0.2265625752502576 21
1627554582239 0.22491499566139328 22
1627554582312 0.22326595954386208 23
1627554582386 0.22194950407804476 24
1627554582462 0.2208165936446031 25
1627554582565 0.2197557879465218 26
1627554582688 0.21882738783123165 27
1627554582766 0.21779490099633894 28
1627554582840 0.2167963128481875 29
1627554582915 0.21594267284596808 30
1627554582986 0.21518582367090414 31
1627554583065 0.21457174004353496 32
1627554583136 0.21369924615125602 33
1627554583209 0.2131868687286587 34
1627554583283 0.21249215025016674 35
1627554583373 0.21170105744731693 36
1627554583477 0.21096551829605958 37
1627554583559 0.21018856565349006 38
1627554583631 0.20959457608576315 39
1627554583702 0.20924792945057158 40
1627554583798 0.2088471157471435 41
1627554583870 0.20844809947583867 42
1627554583940 0.20775107093107023 43
1627554584022 0.20721889394777132 44
1627554584090 0.20693836403378615 45
1627554584182 0.20619701319572267 46
1627554584265 0.20590005596552458 47
1627554584333 0.205461495520563 48
1627554584406 0.20490795587132143 49
1627554584499 0.2042516226521212 50
1627554584564 0.20391865701670642 51
1627554584637 0.20342452542179704 52
1627554584717 0.20282484369500986 53
1627554584777 0.20257254387233634 54
1627554584846 0.20223345361526612 55
1627554584918 0.2018297133354988 56
1627554584980 0.20158854360990108 57
1627554585048 0.20135964669540854 58
1627554585122 0.20112407127204146 59
1627554585211 0.20074176649621603 60
1627554585297 0.2005137465992642 61
1627554585367 0.20019842143892946 62
1627554585432 0.19985481051450707 63
1627554585502 0.19934577632967995 64
1627554585572 0.19876699252708366 65
1627554585642 0.1985118380284895 66
1627554585702 0.19830006470841907 67
1627554585777 0.1978900682642723 68
1627554585848 0.19733918266184383 69
1627554585917 0.1970861556985025 70
1627554585976 0.19690989438281029 71
1627554586042 0.19673960161835877 72
1627554586111 0.19629358289135942 73
1627554586183 0.19605131543823026 74
1627554586262 0.19561603870948208 75
1627554586338 0.19511160573390235 76
1627554586395 0.19493758207292644 77
1627554586461 0.19472148253253815 78
1627554586539 0.1942990125608202 79
1627554586611 0.1938649177428077 80
1627554586676 0.19367488075941175 81
1627554586745 0.1934814637524955 82
1627554586807 0.1933348652297229 83
1627554586877 0.19313120247954685 84
1627554586948 0.19290684449238776 85
1627554587011 0.19274823491331416 86
1627554587066 0.19259789977922775 87
1627554587128 0.19242854007077695 88
1627554587196 0.19225035534297455 89
1627554587257 0.192070468915539 90
1627554587319 0.19192016254831737 91
1627554587382 0.191727898640327 92
1627554587448 0.1915057352073101 93
1627554587515 0.1913355167682086 94
1627554587582 0.1911600751760119 95
1627554587649 0.19094354539720312 96
1627554587716 0.19058392894203627 97
1627554587774 0.190438985911919 98
1627554587840 0.19028370298244343 99
1627554587924 0.19006181084873047 100
1627554587989 0.18992009448460892 101
1627554588057 0.18968634750326693 102
1627554588111 0.1895539625045714 103
1627554588176 0.18936308243417846 104
1627554588251 0.1892056583493345 105
1627554588319 0.18906227588629723 106
1627554588385 0.18892058975416115 107
1627554588460 0.1885388776166721 108
1627554588544 0.18824269172063252 109
1627554588629 0.18791812677222208 110
1627554588684 0.1877945265513212 111
1627554588752 0.1875347253296564 112
1627554588803 0.1873940061457237 113
1627554588874 0.1872584931619202 114
1627554588931 0.18712457047231415 115
1627554589004 0.1868934476933177 116
1627554589076 0.1867516217118681 117
1627554589140 0.18654395581286964 118
1627554589204 0.18639874070267462 119
1627554589265 0.1862594197868669 120
1627554589315 0.1861387072121764 121
1627554589368 0.18601072774857141 122
1627554589436 0.1858627543126895 123
1627554589481 0.18573852174549274 124
1627554589543 0.1855728764098927 125
1627554589599 0.185452779527926 126
1627554589665 0.185238988931539 127
1627554589727 0.1850269662697867 128
1627554589783 0.18490474383033512 129
1627554589852 0.18462106740412818 130
1627554589920 0.1843697189408453 131
1627554589988 0.1842581549590817 132
1627554590044 0.1841383319687947 133
1627554590137 0.1840127183686566 134
1627554590214 0.18389560977056704 135
1627554590300 0.18377994460728128 136
1627554590372 0.18367667114029357 137
1627554590433 0.1835549261799538 138
1627554590516 0.1832553737275393 139
1627554590567 0.18315188954788386 140
1627554590640 0.18288553594620138 141
1627554590689 0.1827814149630455 142
1627554590738 0.1826690809548576 143
1627554590785 0.18257137005632076 144
1627554590846 0.18245712633597067 145
1627554590915 0.18221979453176676 146
1627554590974 0.18210809787905324 147
1627554591033 0.18199550644370976 148
1627554591102 0.18173012620637535 149
1627554591159 0.18163222367569593 150
1627554591223 0.18142152664206276 151
1627554591274 0.18132795462122983 152
1627554591338 0.18119317713983987 153
1627554591387 0.18109196409163744 154
1627554591452 0.18096077395082194 155
1627554591514 0.18082432814064214 156
1627554591563 0.18071835985615256 157
1627554591661 0.18060835439774267 158
1627554591739 0.1804440195865216 159
1627554591792 0.18033832096153515 160
1627554591852 0.18021047421093578 161
1627554591904 0.18009766094232962 162
1627554591949 0.18001754955468652 163
1627554592010 0.17992143546466677 164
1627554592072 0.1797610636257216 165
1627554592139 0.1796399958548517 166
1627554592202 0.17954021555549668 167
1627554592271 0.17944177329683608 168
1627554592320 0.17935129146867387 169
1627554592379 0.17922005263948718 170
1627554592422 0.1791312187882972 171
1627554592476 0.1790418849824759 172
1627554592517 0.17895517926075466 173
1627554592568 0.17886713971913318 174
1627554592621 0.17877406104413926 175
1627554592665 0.17868241364438087 176
1627554592731 0.17857366865319974 177
1627554592781 0.1784680023269209 178
1627554592855 0.1782687308129592 179
1627554592903 0.17817993681306554 180
1627554592992 0.1780160917065224 181
1627554593054 0.17790859232254144 182
1627554593119 0.17774477698379357 183
1627554593164 0.17764496691264176 184
1627554593223 0.17753551295417072 185
1627554593276 0.177447244514254 186
1627554593328 0.1773580327309699 187
1627554593385 0.17724055994059065 188
1627554593445 0.17713991133185883 189
1627554593505 0.17705207250980878 190
1627554593571 0.17682783268650146 191
1627554593626 0.17672351184552032 192
1627554593672 0.17664032150486036 193
1627554593724 0.1765560986820725 194
1627554593779 0.17646483389859807 195
1627554593832 0.17632473137566357 196
1627554593896 0.1762237682020382 197
1627554593941 0.17613965108195137 198
1627554593995 0.176050737268735 199
1627554594056 0.17597110749429015 200
1627554594105 0.1758928031594876 201
1627554594151 0.17581388773769321 202
1627554594210 0.17572669291725954 203
1627554594289 0.17563599738326405 204
1627554594346 0.17553169588884077 205
1627554594431 0.17542373794522667 206
1627554594494 0.17532853236670062 207
1627554594548 0.17521796916935767 208
1627554594598 0.17512758488808977 209
1627554594644 0.1750466292074656 210
1627554594706 0.1749211373416564 211
1627554594752 0.17484369458807542 212
1627554594804 0.17475734365178758 213
1627554594846 0.17468251098626386 214
1627554594891 0.17459279483845636 215
1627554594939 0.17451471584361686 216
1627554594983 0.17443729389942356 217
1627554595028 0.1743606720461261 218
1627554595075 0.17428119566853723 219
1627554595138 0.17413879096789095 220
1627554595211 0.1739151913203738 221
1627554595262 0.1738345996209675 222
1627554595300 0.17376200541170256 223
1627554595341 0.17369391024946237 224
1627554595407 0.17360385022802216 225
1627554595471 0.17350407953144562 226
1627554595514 0.1734264291787421 227
1627554595575 0.17333814344380297 228
1627554595673 0.17324936881139436 229
1627554595727 0.17317150185231417 230
1627554595781 0.1730950323561794 231
1627554595837 0.17301494093675238 232
1627554595900 0.1729462355343714 233
1627554595973 0.17285257425680994 234
1627554596021 0.17277140547067646 235
1627554596077 0.17269025114411726 236
1627554596138 0.17256893838028065 237
1627554596199 0.17244762538452213 238
1627554596252 0.17236077136741557 239
1627554596324 0.17225202248358826 240
1627554596377 0.17217788253481658 241
1627554596423 0.17210015296170736 242
1627554596495 0.1719462899592734 243
1627554596536 0.1718690403657605 244
1627554596597 0.17175107663130545 245
1627554596643 0.17168079667302377 246
1627554596692 0.17160931236570126 247
1627554596770 0.17148014914558396 248
1627554596816 0.1714144648896105 249
1627554596889 0.17134293889744667 250
1627554596953 0.1712581747168348 251
1627554597002 0.17119086683947665 252
1627554597048 0.17111376339621212 253
1627554597154 0.17092301808993338 254
1627554597224 0.17084944616041825 255
1627554597295 0.1707859855255476 256
1627554597402 0.17065475918379608 257
1627554597454 0.17058165913689136 258
1627554597517 0.17049453967219164 259
1627554597568 0.1704140198045829 260
1627554597612 0.17033710141102223 261
1627554597680 0.17017532258922224 262
1627554597739 0.1700615276577694 263
1627554597789 0.16998378820284496 264
1627554597837 0.16991495380358904 265
1627554597886 0.16984808792990314 266
1627554597940 0.16976886179356102 267
1627554597990 0.1696964746042572 268
1627554598038 0.16962207254684128 269
1627554598095 0.16953945828856853 270
1627554598147 0.16946971806689873 271
1627554598209 0.16938825321289666 272
1627554598264 0.16931436246574533 273
1627554598307 0.16925195966555573 274
1627554598371 0.16914672943215756 275
1627554598439 0.1689730560178026 276
1627554598486 0.16889040981912087 277
1627554598533 0.1688215597354726 278
1627554598594 0.16872305153692915 279
1627554598645 0.16865020994158905 280
1627554598705 0.16854471453750308 281
1627554598750 0.16848336183329976 282
1627554598805 0.16840868362401074 283
1627554598863 0.16833626580730224 284
1627554598929 0.1682695712039094 285
1627554598992 0.16821479493822847 286
1627554599063 0.16814513302110104 287
1627554599110 0.16808088609177907 288
1627554599164 0.16799954742960196 289
1627554599215 0.1679169996619705 290
1627554599283 0.16777063799499814 291
1627554599337 0.16767237107535077 292
1627554599399 0.16756420156743465 293
1627554599458 0.16749200412823637 294
1627554599510 0.1674188908436931 295
1627554599560 0.16735212848730688 296
1627554599616 0.16727134122586151 297
1627554599678 0.1671965107317961 298
1627554599724 0.1671385207968092 299
1627554599803 0.16699685635383768 300
1627554599845 0.1669325486897723 301
1627554599887 0.1668704793249256 302
1627554599948 0.16678287347390694 303
1627554599998 0.16671473461271286 304
1627554600064 0.16664251014484896 305
1627554600110 0.16657889071297063 306
1627554600187 0.16650261176618938 307
1627554600272 0.16642717389589654 308
1627554600325 0.16636309292932075 309
1627554600392 0.16629424001137183 310
1627554600467 0.16621694579139842 311
1627554600522 0.16614437824550587 312
1627554600591 0.16608239015904386 313
1627554600643 0.16600502001307846 314
1627554600714 0.16583878951429062 315
1627554600760 0.16576853382119688 316
1627554600809 0.16569738679591897 317
1627554600851 0.1656239089490713 318
1627554600912 0.1654827336230332 319
1627554600961 0.16542202401043923 320
1627554601016 0.16535536152845082 321
1627554601062 0.1652938323219161 322
1627554601137 0.16512883045382007 323
1627554601192 0.16505844980008136 324
1627554601245 0.1649897497188077 325
1627554601296 0.16491921390954223 326
1627554601350 0.16485345289990053 327
1627554601406 0.16478576845564133 328
1627554601459 0.16472124991182963 329
1627554601512 0.1646465297988959 330
1627554601554 0.16458263938013395 331
1627554601600 0.1645255401025104 332
1627554601642 0.16446287064497822 333
1627554601688 0.16440222545795544 334
1627554601746 0.1643337345173512 335
1627554601793 0.16426357918413942 336
1627554601866 0.1641058651504156 337
1627554601920 0.16403629820769644 338
1627554601965 0.1639729236410673 339
1627554602009 0.16391105905607195 340
1627554602059 0.16384220054024504 341
1627554602117 0.16373467023555227 342
1627554602158 0.16367862517995452 343
1627554602216 0.16359543871119864 344
1627554602270 0.16353052373398888 345
1627554602330 0.16345668553086812 346
1627554602374 0.1633979203220937 347
1627554602420 0.16333332700334902 348
1627554602483 0.16327524611023997 349
1627554602533 0.1632180110270574 350
1627554602605 0.1631570087283063 351
1627554602689 0.16308365131764507 352
1627554602742 0.16302055819453215 353
1627554602797 0.16294342001900539 354
1627554602854 0.1628808169013467 355
1627554602901 0.16282151635175354 356
1627554602950 0.162760497807633 357
1627554602989 0.1627134641591469 358
1627554603039 0.16265272243860096 359
1627554603098 0.16258501255074526 360
1627554603154 0.16251634005632645 361
1627554603220 0.1623693717108397 362
1627554603258 0.16231020339737054 363
1627554603302 0.16224673611957505 364
1627554603358 0.16218445183041186 365
1627554603412 0.16212041048688697 366
1627554603463 0.16205625156413436 367
1627554603509 0.16200064812270995 368
1627554603571 0.16189917240738733 369
1627554603616 0.1618339802219808 370
1627554603669 0.16177279706737432 371
1627554603728 0.16167375280403776 372
1627554603774 0.1616161634099106 373
1627554603814 0.16156627656497688 374
1627554603855 0.1615124117302432 375
1627554603900 0.16145985401115506 376
1627554603948 0.16139664703003662 377
1627554603992 0.16134428708755108 378
1627554604039 0.1612883336230602 379
1627554604097 0.161195519913962 380
1627554604178 0.1611006321444914 381
1627554604228 0.16104244428555164 382
1627554604304 0.16095905274373581 383
1627554604347 0.16089941965093263 384
1627554604397 0.16083810734918705 385
1627554604449 0.16077720566405823 386
1627554604488 0.1607170811613514 387
1627554604550 0.1606601911114173 388
1627554604615 0.16059439752632 389
1627554604691 0.16050048912373377 390
1627554604764 0.16043904682817417 391
1627554604849 0.1603685618048435 392
1627554604898 0.16031753366934506 393
1627554604946 0.16026569846896593 394
1627554605001 0.16020304233885696 395
1627554605065 0.16013856408265212 396
1627554605109 0.16008802181417553 397
1627554605157 0.16002218983838404 398
1627554605210 0.15997692979885048 399
1627554605276 0.15991385866772426 400
1627554605322 0.15986090631764824 401
1627554605364 0.15979901148085815 402
1627554605405 0.15974478754043092 403
1627554605447 0.1596919818326079 404
1627554605501 0.15963983140923363 405
1627554605548 0.15958338758066246 406
1627554605599 0.15952629178473132 407
1627554605647 0.15945682567058564 408
1627554605686 0.15941420436292095 409
1627554605733 0.15935580447257586 410
1627554605784 0.15929669533524182 411
1627554605826 0.15924162412560391 412
1627554605866 0.15918517462193402 413
1627554605921 0.15912122209437726 414
1627554605967 0.15906011290927846 415
1627554606015 0.15899686572258115 416
1627554606067 0.1589415750251102 417
1627554606107 0.15889536520059058 418
1627554606157 0.15883514450575123 419
1627554606222 0.15877593410572147 420
1627554606300 0.1587158835824593 421
1627554606352 0.15865917083889788 422
1627554606400 0.15861079236264852 423
1627554606447 0.1585549610928799 424
1627554606496 0.1584975747715511 425
1627554606544 0.15844410556556499 426
1627554606607 0.1583379007625983 427
1627554606670 0.1582675373921777 428
1627554606717 0.15821878661990998 429
1627554606778 0.15816544049693046 430
1627554606849 0.15809069027545142 431
1627554606896 0.1580398784709451 432
1627554606948 0.157985637707895 433
1627554606999 0.1579397380234319 434
1627554607053 0.1578934197245509 435
1627554607107 0.15784089372209742 436
1627554607162 0.1577787913004658 437
1627554607213 0.15772742751930469 438
1627554607281 0.15766887276035443 439
1627554607333 0.1576037872782447 440
1627554607392 0.15751866497983782 441
1627554607448 0.15743825804814635 442
1627554607494 0.15738571068032955 443
1627554607564 0.16031753366934506 444
1627554611719 0.5101245439548124 0
1627554611829 0.4711130096848106 1
1627554611924 0.43661040270335116 2
1627554612015 0.4063833777396275 3
1627554612117 0.37978464339750534 4
1627554612211 0.35659700834220126 5
1627554612305 0.3364384739426079 6
1627554612436 0.31913286446882 7
1627554612545 0.30426924658355753 8
1627554612634 0.2914066730696906 9
1627554612748 0.280317322022837 10
1627554612856 0.2708415425828367 11
1627554612971 0.2626940992326798 12
1627554613070 0.25579020758875587 13
1627554613152 0.24982809409598597 14
1627554613239 0.2449312878167693 15
1627554613323 0.24069028708305928 16
1627554613409 0.23718023403136324 17
1627554613497 0.2341135093832966 18
1627554613582 0.23141144199149702 19
1627554613660 0.22907609629453238 20
1627554613738 0.22714062162456863 21
1627554613818 0.22546390725782947 22
1627554613898 0.2238524450558113 23
1627554614005 0.22245228741848425 24
1627554614104 0.22131008700892016 25
1627554614191 0.2202861167353139 26
1627554614263 0.21934329304369463 27
1627554614344 0.21849246845940287 28
1627554614412 0.21754339991353921 29
1627554614487 0.21661510532897693 30
1627554614566 0.21573841925228032 31
1627554614638 0.21497262857188237 32
1627554614739 0.21421418957438784 33
1627554614836 0.21346764137202598 34
1627554614907 0.21278279684737522 35
1627554614974 0.21206726613100246 36
1627554615056 0.2114181188951877 37
1627554615133 0.21079862500985042 38
1627554615203 0.21014873051501604 39
1627554615272 0.2097838930741883 40
1627554615348 0.20913969934395163 41
1627554615436 0.2087556261450709 42
1627554615507 0.2080689696329935 43
1627554615580 0.20748090155200105 44
1627554615643 0.2072270064592336 45
1627554615734 0.20662035062879858 46
1627554615806 0.20594435387041038 47
1627554615875 0.20557800108080557 48
1627554615948 0.20478384739872163 49
1627554616034 0.20450134523862873 50
1627554616099 0.20421607004041745 51
1627554616166 0.2038601802595143 52
1627554616238 0.20339581238929705 53
1627554616302 0.2031785399195114 54
1627554616365 0.2028268022276133 55
1627554616440 0.20244151826527107 56
1627554616504 0.20210224943998328 57
1627554616584 0.20157276013995776 58
1627554616651 0.20096677026002788 59
1627554616719 0.20072053455728053 60
1627554616793 0.20048655946020807 61
1627554616872 0.2002082943269611 62
1627554616939 0.19997230219365333 63
1627554617007 0.19973964220021206 64
1627554617075 0.19940337889591345 65
1627554617147 0.19900514778708842 66
1627554617251 0.19845431888234763 67
1627554617317 0.19820599142824802 68
1627554617392 0.19781110490666706 69
1627554617470 0.19760690952901905 70
1627554617531 0.1973968585103757 71
1627554617593 0.197198172920677 72
1627554617661 0.19694023641563152 73
1627554617729 0.1966232437122006 74
1627554617823 0.1963798877852528 75
1627554617888 0.19618737870777875 76
1627554617941 0.19600218861729754 77
1627554618002 0.1958405620890861 78
1627554618075 0.19559104175552797 79
1627554618146 0.1953457844954487 80
1627554618217 0.19507901544098402 81
1627554618287 0.1948258873266014 82
1627554618349 0.19459735501247646 83
1627554618414 0.1944094038631214 84
1627554618487 0.19416996557704047 85
1627554618573 0.19399707761790316 86
1627554618665 0.19378777547271486 87
1627554618721 0.19363122048419942 88
1627554618778 0.19347742119089895 89
1627554618836 0.19332469040037462 90
1627554618911 0.19294236076625693 91
1627554618988 0.19247319034093324 92
1627554619059 0.1923253968786018 93
1627554619148 0.1921566726335704 94
1627554619217 0.19183060684886394 95
1627554619295 0.19152802151450618 96
1627554619383 0.19112136364553384 97
1627554619442 0.1909726244325634 98
1627554619519 0.19079092545029017 99
1627554619609 0.19061811566251724 100
1627554619666 0.19036532431335695 101
1627554619736 0.19021803156430844 102
1627554619791 0.19008778715152153 103
1627554619848 0.18995622193258546 104
1627554619897 0.18982622837448107 105
1627554619958 0.1896424350457281 106
1627554620019 0.18945434005367207 107
1627554620072 0.18929927644370076 108
1627554620118 0.18917445933290777 109
1627554620175 0.18901118188427116 110
1627554620233 0.18886566891066375 111
1627554620286 0.18873536530435375 112
1627554620353 0.1883888061142381 113
1627554620415 0.18824536413933987 114
1627554620484 0.18811032212976977 115
1627554620546 0.1879615360391422 116
1627554620618 0.1876103812261051 117
1627554620683 0.18742343748545096 118
1627554620786 0.18706632058257824 119
1627554620866 0.18684800590652242 120
1627554620933 0.18672041895035196 121
1627554621010 0.18658500474289816 122
1627554621097 0.18645175610951475 123
1627554621167 0.186146096150992 124
1627554621234 0.18584275001758233 125
1627554621295 0.1856643514379041 126
1627554621355 0.1855018836671182 127
1627554621433 0.1852162877229066 128
1627554621488 0.18510833374058014 129
1627554621579 0.18491325170807038 130
1627554621652 0.18464013621656944 131
1627554621718 0.184492594317247 132
1627554621776 0.18437217487139326 133
1627554621846 0.1841450266790694 134
1627554621895 0.18403261649587074 135
1627554621951 0.1839118038342778 136
1627554622010 0.1837683403240784 137
1627554622072 0.18366247073384565 138
1627554622112 0.18356045632924625 139
1627554622172 0.1834120285862178 140
1627554622256 0.18322648004854172 141
1627554622321 0.1831001685577798 142
1627554622380 0.18297929006337735 143
1627554622429 0.18285973050795623 144
1627554622493 0.18275359221913912 145
1627554622578 0.18256007458807388 146
1627554622652 0.18242227630878535 147
1627554622705 0.1823143772763657 148
1627554622775 0.18209129040324068 149
1627554622847 0.18198140567341656 150
1627554622908 0.18180847891849503 151
1627554622954 0.18170113820159048 152
1627554623019 0.18150580961001325 153
1627554623066 0.18140301162857314 154
1627554623126 0.18127752752156226 155
1627554623186 0.18117186119493875 156
1627554623233 0.18106780576828993 157
1627554623297 0.18093374336600454 158
1627554623346 0.1808221607006137 159
1627554623404 0.18063239331495487 160
1627554623470 0.18053327831238683 161
1627554623528 0.18043282340384506 162
1627554623597 0.18023099150624472 163
1627554623655 0.1801303188951586 164
1627554623709 0.18002997134168883 165
1627554623770 0.17992766480572903 166
1627554623824 0.17984052233188114 167
1627554623866 0.1797600194519824 168
1627554623913 0.17967169448515177 169
1627554623961 0.1795704217658585 170
1627554624015 0.17946452518901654 171
1627554624105 0.17923277252301312 172
1627554624145 0.179152087110717 173
1627554624193 0.1790642300360738 174
1627554624257 0.17896208814617207 175
1627554624317 0.17887942144893024 176
1627554624376 0.17878476121140188 177
1627554624429 0.1786951244755058 178
1627554624503 0.1785897350162543 179
1627554624560 0.17848984590950262 180
1627554624615 0.17839474888030635 181
1627554624680 0.1782720007959147 182
1627554624744 0.1781737810210527 183
1627554624799 0.178080589611212 184
1627554624864 0.17797952472079362 185
1627554624916 0.17788375325187156 186
1627554624970 0.1777876140999311 187
1627554625036 0.17756911532711256 188
1627554625096 0.17737863109346913 189
1627554625160 0.1772091590842246 190
1627554625214 0.17711484983486384 191
1627554625266 0.17702588891874038 192
1627554625313 0.17693134324170579 193
1627554625364 0.17685002044144255 194
1627554625422 0.17674522636446058 195
1627554625489 0.17662579303726164 196
1627554625552 0.17652551649940884 197
1627554625615 0.1763318138584236 198
1627554625662 0.17624725944395603 199
1627554625753 0.17613742795644147 200
1627554625832 0.17603098470269804 201
1627554625894 0.1759321407668746 202
1627554625976 0.17585183001116944 203
1627554626060 0.17576679915536975 204
1627554626126 0.17568222497477662 205
1627554626173 0.1756017597618135 206
1627554626237 0.17546733723596072 207
1627554626291 0.1753726239271243 208
1627554626347 0.17529244096081625 209
1627554626397 0.17521273701644 210
1627554626515 0.17502486318083083 211
1627554626581 0.1749407408346515 212
1627554626637 0.17486117515046573 213
1627554626699 0.17476959531897804 214
1627554626743 0.17469943749714614 215
1627554626805 0.17461098417711454 216
1627554626854 0.17452294023394407 217
1627554626904 0.17443755838440891 218
1627554626957 0.1743524136982354 219
1627554627008 0.1742696782530183 220
1627554627075 0.17413190916790103 221
1627554627128 0.17404981195659272 222
1627554627168 0.17398153731942037 223
1627554627216 0.17390280762741805 224
1627554627288 0.1737946504997272 225
1627554627353 0.17368904883507696 226
1627554627400 0.17359913197639654 227
1627554627442 0.17352197278664336 228
1627554627486 0.17345258505802694 229
1627554627534 0.17338148327367944 230
1627554627591 0.17330534337100276 231
1627554627655 0.17319697235114279 232
1627554627697 0.17313036439285745 233
1627554627765 0.17302787868779917 234
1627554627822 0.17293673065595377 235
1627554627915 0.17279795504159082 236
1627554628032 0.17264075046684033 237
1627554628125 0.172553330813793 238
1627554628187 0.17246976733428182 239
1627554628240 0.17239301589538178 240
1627554628285 0.1723169317415208 241
1627554628329 0.1722417203686453 242
1627554628397 0.17210481457205018 243
1627554628459 0.17203395657951198 244
1627554628515 0.17196287176593592 245
1627554628558 0.17187943437072306 246
1627554628611 0.1718056624226916 247
1627554628690 0.17171793198820864 248
1627554628771 0.1715432620966634 249
1627554628834 0.17146256066658114 250
1627554628891 0.17138334582488446 251
1627554628949 0.17130006497431435 252
1627554629001 0.1712207311596485 253
1627554629045 0.17114573363447855 254
1627554629089 0.1710677691345314 255
1627554629134 0.17099468549501476 256
1627554629198 0.1709060344039277 257
1627554629269 0.1708318825698493 258
1627554629338 0.17066991036662943 259
1627554629384 0.17059754566130853 260
1627554629443 0.17052371202595493 261
1627554629507 0.17045341103571693 262
1627554629575 0.17037434915890787 263
1627554629651 0.17029013121550543 264
1627554629721 0.17021741808024535 265
1627554629788 0.17007368284406438 266
1627554629836 0.17000233571812787 267
1627554629883 0.1699357130386451 268
1627554629948 0.16986391673516082 269
1627554630007 0.16979217095824245 270
1627554630061 0.16972588341275707 271
1627554630118 0.16964652214457213 272
1627554630176 0.1695736781644414 273
1627554630250 0.1695062453166091 274
1627554630334 0.16939884562275673 275
1627554630387 0.16929295520699575 276
1627554630428 0.16922258205832805 277
1627554630472 0.16915145191920158 278
1627554630542 0.1690661151151259 279
1627554630589 0.16899123516104575 280
1627554630650 0.16883739421447128 281
1627554630730 0.16876121080951578 282
1627554630774 0.16869008781172468 283
1627554630821 0.16862336496545197 284
1627554630871 0.16855657833019863 285
1627554630946 0.16835642691234148 286
1627554630992 0.1682881758899883 287
1627554631047 0.16821477680682076 288
1627554631101 0.16813872850373876 289
1627554631153 0.16806884991958576 290
1627554631217 0.1679206960843509 291
1627554631273 0.16782295355921192 292
1627554631317 0.16776309095902717 293
1627554631368 0.16768718541055871 294
1627554631411 0.16762688931489078 295
1627554631461 0.1675593757689315 296
1627554631516 0.16749000126873992 297
1627554631572 0.1674259920416656 298
1627554631625 0.16735371274433727 299
1627554631696 0.16728721044752723 300
1627554631750 0.16720241992416418 301
1627554631792 0.1671395122012601 302
1627554631866 0.1670667428175817 303
1627554631917 0.16699680373147702 304
1627554631980 0.16691585385433327 305
1627554632045 0.16684091440096413 306
1627554632100 0.16677034729704723 307
1627554632164 0.16666384904592224 308
1627554632230 0.16652984301443327 309
1627554632275 0.16646120616362362 310
1627554632331 0.16639742707058605 311
1627554632375 0.16633245853325637 312
1627554632468 0.16618542478089152 313
1627554632533 0.1661204570287645 314
1627554632603 0.1660533613613865 315
1627554632654 0.16598590556681478 316
1627554632718 0.16592424630743033 317
1627554632776 0.16586088818507952 318
1627554632850 0.16573314595437183 319
1627554632904 0.1656655163098567 320
1627554632947 0.16560302965411247 321
1627554632994 0.16553729363966405 322
1627554633055 0.1654361865649741 323
1627554633106 0.16537828351689102 324
1627554633146 0.16531405899736326 325
1627554633187 0.16525356449445264 326
1627554633238 0.16518572123658332 327
1627554633299 0.16506243232230405 328
1627554633374 0.1649640764858876 329
1627554633444 0.16489448418969965 330
1627554633509 0.1648282689387645 331
1627554633570 0.16475862412636763 332
1627554633614 0.16469626998715384 333
1627554633661 0.1646372881268551 334
1627554633727 0.1645792339719412 335
1627554633790 0.16452029139580604 336
1627554633851 0.16446189144207243 337
1627554633903 0.16439403197811098 338
1627554633960 0.16432656415059838 339
1627554634007 0.16426170011270028 340
1627554634056 0.1641976639337727 341
1627554634113 0.16413493789557057 342
1627554634158 0.16406762307464975 343
1627554634206 0.1640054636261814 344
1627554634261 0.16393892040126376 345
1627554634306 0.16388076872320992 346
1627554634357 0.16381564033063317 347
1627554634405 0.1637538025926632 348
1627554634445 0.16369244149929113 349
1627554634493 0.16363797454987264 350
1627554634537 0.16357932671620104 351
1627554634598 0.16349955855180257 352
1627554634650 0.1634367349197538 353
1627554634707 0.1633578338168438 354
1627554634749 0.16330206951318801 355
1627554634796 0.16323937343369377 356
1627554634865 0.1631256070087843 357
1627554634904 0.16308070781943734 358
1627554634951 0.16301832533830837 359
1627554635004 0.1629493930818912 360
1627554635059 0.16288328104673164 361
1627554635115 0.1628024563831448 362
1627554635164 0.16274094437278036 363
1627554635219 0.16267165079320112 364
1627554635274 0.16260270360242682 365
1627554635343 0.16254082585929605 366
1627554635413 0.16247471212791315 367
1627554635486 0.16239160857546117 368
1627554635536 0.1623308357615248 369
1627554635586 0.16226959363239551 370
1627554635661 0.1621863483264039 371
1627554635722 0.16212115388560477 372
1627554635803 0.1619965872358873 373
1627554635864 0.16193840718899663 374
1627554635934 0.1618625181736397 375
1627554636010 0.16179210054469667 376
1627554636058 0.16175064186189916 377
1627554636104 0.16169955158347188 378
1627554636165 0.16163812579829365 379
1627554636225 0.16157794530949807 380
1627554636279 0.16148921036566893 381
1627554636334 0.16142331970244903 382
1627554636395 0.1613694808357274 383
1627554636459 0.16131461615303042 384
1627554636521 0.16125418721233753 385
1627554636575 0.16119757653684957 386
1627554636624 0.16114398668369312 387
1627554636676 0.1610905134542366 388
1627554636729 0.1610429527076957 389
1627554636773 0.16099138112950695 390
1627554636862 0.16087467731055796 391
1627554636928 0.16082905220342888 392
1627554636992 0.16076625537629247 393
1627554637062 0.16071200091766327 394
1627554637134 0.160655202008361 395
1627554637201 0.1605908398320361 396
1627554637291 0.16053650572484637 397
1627554637354 0.1604783278054681 398
1627554637419 0.1604003535663366 399
1627554637475 0.1603394579127538 400
1627554637520 0.16028816529270049 401
1627554637563 0.16022973373724053 402
1627554637610 0.16016756559260706 403
1627554637656 0.16011476480264303 404
1627554637732 0.16005554478266695 405
1627554637796 0.16000751150476603 406
1627554637839 0.15994965331821234 407
1627554637894 0.15988895274863746 408
1627554637956 0.15982515225947277 409
1627554638010 0.1597594625725239 410
1627554638053 0.15969918743353498 411
1627554638104 0.1596332958282261 412
1627554638148 0.15958482887403516 413
1627554638212 0.1595375168963615 414
1627554638293 0.15947636993073344 415
1627554638349 0.15941586613583844 416
1627554638410 0.15934758776944377 417
1627554638463 0.1592902218508491 418
1627554638505 0.15923953471418653 419
1627554638551 0.15917907517594193 420
1627554638605 0.15910881921290615 421
1627554638678 0.15904717233279492 422
1627554638762 0.1589889070929886 423
1627554638830 0.1589385437318889 424
1627554638884 0.15888177739544512 425
1627554638932 0.15882954770716 426
1627554638974 0.1587835423299146 427
1627554639031 0.15872393029447898 428
1627554639090 0.1586680955145002 429
1627554639148 0.158609489517537 430
1627554639199 0.1585478874170743 431
1627554639248 0.15849781036726326 432
1627554639296 0.15844216366515068 433
1627554639341 0.15838830898742384 434
1627554639395 0.15832904719659646 435
1627554639444 0.15827401024933202 436
1627554639504 0.15821849500053284 437
1627554639554 0.158165675350038 438
1627554639595 0.15811275659230964 439
1627554639637 0.15805325580807253 440
1627554639695 0.15799774656094254 441
1627554639743 0.15793976494579623 442
1627554639788 0.15788212108767857 443
1627554639829 0.15782926165798802 444
1627554639892 0.15776824190577698 445
1627554639952 0.15771393647805923 446
1627554640024 0.15765662171896627 447
1627554640077 0.15760633382673403 448
1627554640123 0.1575545283354779 449
1627554640194 0.15749359910186342 450
1627554640248 0.157445186102143 451
1627554640306 0.15737920782168097 452
1627554640348 0.15732826020425533 453
1627554640407 0.15726722138205582 454
1627554640464 0.15720714716414094 455
1627554640511 0.15715717649433458 456
1627554640557 0.15711287048961234 457
1627554640626 0.15704759644409433 458
1627554640696 0.15700254830183058 459
1627554640776 0.15694956973070473 460
1627554640831 0.15689089707797035 461
1627554640934 0.15678514935086565 462
1627554641009 0.1567190569534005 463
1627554641058 0.15665519774136152 464
1627554641106 0.1565931895061879 465
1627554641154 0.15654169594956516 466
1627554641207 0.15648174354664818 467
1627554641256 0.15642574722514774 468
1627554641297 0.15638288591958383 469
1627554641345 0.15632634182622318 470
1627554641388 0.15627822439323563 471
1627554641439 0.15621962950161972 472
1627554641498 0.15616328296050885 473
1627554641545 0.1561097256502586 474
1627554641595 0.15606033420379115 475
1627554641637 0.15600618345616732 476
1627554641692 0.15592257682665417 477
1627554641769 0.1587835423299146 478
