1627566092353 0.0010981276699918283 0
1627566092597 0.0010125362758222074 1
1627566092734 0.0009367845629675833 2
1627566092880 0.0008700584521586918 3
1627566093029 0.0008114742394817857 4
1627566093168 0.0007605066040590324 5
1627566093299 0.0007162510676794228 6
1627566093428 0.000678091206857284 7
1627566093559 0.0006451867503786533 8
1627566093688 0.0006166591548510736 9
1627566093814 0.0005920811699789323 10
1627566093957 0.0005710436083143105 11
1627566094095 0.0005529802094878022 12
1627566094220 0.0005376999432359289 13
1627566094344 0.0005245277886977616 14
1627566094474 0.000513477314238722 15
1627566094597 0.0005039635675710746 16
1627566094723 0.000496107460857855 17
1627566094843 0.0004892180113349676 18
1627566094960 0.000483073475869886 19
1627566095074 0.0004778719807690334 20
1627566095195 0.0004733853090982643 21
1627566095311 0.0004693849307959443 22
1627566095425 0.00046589604934646765 23
1627566095566 0.0004624684322165989 24
1627566095670 0.0004596577682952523 25
1627566095789 0.0004566284596207729 26
1627566095901 0.00045409375548186216 27
1627566096064 0.00045189173253662066 28
1627566096171 0.0004496045667444612 29
1627566096276 0.0004472472806529133 30
1627566096387 0.0004455599432570875 31
1627566096498 0.00044342179683881346 32
1627566096602 0.00044159851677882836 33
1627566096701 0.0004399119720769175 34
1627566096807 0.0004377443582438898 35
1627566096913 0.00043611436151905133 36
1627566097022 0.0004340770562459008 37
1627566097134 0.00043264315993468976 38
1627566097256 0.00043006874004468415 39
1627566097353 0.0004289331416107129 40
1627566097457 0.0004271350669497783 41
1627566097558 0.0004252515120982107 42
1627566097668 0.00042263371563390387 43
1627566097771 0.0004214933098797704 44
1627566097867 0.00042061304592996097 45
1627566097985 0.0004182998270322893 46
1627566098075 0.00041741581799343007 47
1627566098165 0.00041655692752177895 48
1627566098284 0.0004146297687596367 49
1627566098417 0.00041268500843720117 50
1627566098505 0.00041189016448051714 51
1627566098625 0.000409630264555313 52
1627566098726 0.00040840156177323944 53
1627566098823 0.00040762362632015955 54
1627566098934 0.00040659708379858924 55
1627566099065 0.00040457995768531296 56
1627566099152 0.0004038810451815129 57
1627566099257 0.00040314980055102694 58
1627566099368 0.0004023327994483345 59
1627566099465 0.0004016329262981786 60
1627566099596 0.0004000064500083374 61
1627566099704 0.00039882515824877227 62
1627566099794 0.0003981781800051738 63
1627566099892 0.0003972693478950976 64
1627566099989 0.0003961652381646826 65
1627566100089 0.00039546499802472384 66
1627566100207 0.00039418911910340176 67
1627566100318 0.00039351016061925625 68
1627566100460 0.00039248805675605816 69
1627566100571 0.00039126775925840684 70
1627566100667 0.0003906366223656409 71
1627566100757 0.0003900466437189936 72
1627566100885 0.0003894261922130171 73
1627566100991 0.000388822985139029 74
1627566101108 0.0003882652015533651 75
1627566101228 0.00038695080922256526 76
1627566101319 0.0003863579081319242 77
1627566101428 0.0003855051081955414 78
1627566101518 0.00038486309551539506 79
1627566101615 0.00038430150537004494 80
1627566101717 0.00038378567261313423 81
1627566101817 0.00038321969213396957 82
1627566101918 0.00038270819468819053 83
1627566102044 0.000382034879679972 84
1627566102172 0.0003809957837361819 85
1627566102260 0.000380468299793819 86
1627566102360 0.0003799452013250426 87
1627566102485 0.00037915111274358936 88
1627566102583 0.00037857850936222153 89
1627566102698 0.0003780278651599665 90
1627566102832 0.00037711426419120885 91
1627566102933 0.00037658081202381267 92
1627566103055 0.00037603310204313133 93
1627566103147 0.0003753792196126043 94
1627566103249 0.00037481641742712014 95
1627566103356 0.0003743613649873368 96
1627566103443 0.0003738901405786658 97
1627566103517 0.00037336678340385885 98
1627566103606 0.00037288280403548413 99
1627566103722 0.00037236918927901325 100
1627566103824 0.0003718212528181406 101
1627566103910 0.00037137112945372075 102
1627566103992 0.00037090852035276585 103
1627566104080 0.00037044866603870455 104
1627566104180 0.00036997496801173844 105
1627566104279 0.00036940707329858013 106
1627566104364 0.00036897121572398116 107
1627566104465 0.0003685234041493132 108
1627566104575 0.0003678562824109942 109
1627566104653 0.00036742841996940517 110
1627566104733 0.00036700326870042787 111
1627566104811 0.00036653739696920664 112
1627566104889 0.00036611030265310196 113
1627566104979 0.00036566736724916204 114
1627566105075 0.00036516119469360317 115
1627566105158 0.00036468072869573075 116
1627566105294 0.00036410509489252573 117
1627566105384 0.0003636816457876772 118
1627566105448 0.0003633018711360478 119
1627566105532 0.0003629236185965204 120
1627566105615 0.00036249557218402895 121
1627566105709 0.0003620016811139979 122
1627566105802 0.00036154492958851315 123
1627566105909 0.0003608993828690105 124
1627566105981 0.0003605867506538075 125
1627566106076 0.0003602064688844199 126
1627566106173 0.00035971876592834275 127
1627566106264 0.00035933845645533393 128
1627566106344 0.0003589257606339558 129
1627566106443 0.00035854079673649163 130
1627566106526 0.00035810821625930495 131
1627566106615 0.0003576803187440233 132
1627566106694 0.0003572628454372713 133
1627566106765 0.00035692302025440393 134
1627566106841 0.00035652477897544485 135
1627566106920 0.00035613848613154164 136
1627566107045 0.00035558042170161556 137
1627566107109 0.0003552662881554752 138
1627566107186 0.00035493327165608064 139
1627566107291 0.00035449715380438606 140
1627566107373 0.00035412305872465624 141
1627566107445 0.0003537528314223624 142
1627566107512 0.0003534380636464041 143
1627566107584 0.0003530983806833347 144
1627566107654 0.00035273411959784975 145
1627566107745 0.00035237089269904865 146
1627566107835 0.00035202228621641885 147
1627566107914 0.00035164656836601013 148
1627566108002 0.0003512979559074649 149
1627566108096 0.00035095685285961657 150
1627566108168 0.00035064551508909644 151
1627566108262 0.0003502464675938431 152
1627566108339 0.0003499417417915441 153
1627566108419 0.0003495623817740639 154
1627566108507 0.0003491808322112736 155
1627566108583 0.00034891219934550527 156
1627566108706 0.00034841597583513875 157
1627566108796 0.0003480775680061926 158
1627566108858 0.00034774710004346486 159
1627566108946 0.0003474187671723764 160
1627566109052 0.0003468339246701759 161
1627566109174 0.0003462988587627926 162
1627566109240 0.00034600025118779616 163
1627566109305 0.00034570838430163334 164
1627566109386 0.00034535041313395534 165
1627566109464 0.0003449992869768836 166
1627566109561 0.00034455900015874897 167
1627566109634 0.0003442387999135095 168
1627566109730 0.00034383110015822894 169
1627566109799 0.00034351146860597706 170
1627566109874 0.00034319531620184484 171
1627566109949 0.00034290833315444875 172
1627566110031 0.0003425545241669735 173
1627566110110 0.00034219084612789353 174
1627566110172 0.00034190543894687287 175
1627566110244 0.00034158003579128825 176
1627566110331 0.00034128535723201267 177
1627566110441 0.00034102707267894266 178
1627566110575 0.0003406894056602363 179
1627566110683 0.00034035998875222114 180
1627566110819 0.0003399648078284107 181
1627566110893 0.00033971030931565047 182
1627566110980 0.0003393869219486508 183
1627566111077 0.00033899854499324175 184
1627566111150 0.0003387384169912106 185
1627566111227 0.00033842690448209194 186
1627566111305 0.000338102314959527 187
1627566111384 0.0003377936514707832 188
1627566111454 0.0003374663443303719 189
1627566111533 0.00033716501872934186 190
1627566111604 0.000336931729903533 191
1627566111686 0.0003365774599848084 192
1627566111761 0.0003362965318075954 193
1627566111838 0.0003359741981241918 194
1627566111942 0.00033555597303246913 195
1627566112010 0.0003353265994903017 196
1627566112083 0.000335082833531059 197
1627566112159 0.0003347960363937254 198
1627566112237 0.000334495959177931 199
1627566112323 0.00033419725217578595 200
1627566112405 0.00033389280310450154 201
1627566112543 0.0003335661685926504 202
1627566112657 0.00033328700397417313 203
1627566112736 0.00033301454321537087 204
1627566112840 0.0003327257878041172 205
1627566112950 0.0003324668172610997 206
1627566113033 0.00033222309492703746 207
1627566113115 0.0003319679768544353 208
1627566113182 0.0003317019515475895 209
1627566113267 0.00033132855850727985 210
1627566113341 0.00033108629386523723 211
1627566113423 0.000330784847357201 212
1627566113489 0.0003305750946028975 213
1627566113583 0.0003303020930187855 214
1627566113661 0.0003300247813620245 215
1627566113734 0.0003297723136758421 216
1627566113835 0.000329471946316437 217
1627566113906 0.000329173157889111 218
1627566113998 0.00032879664828409976 219
1627566114061 0.00032852588090476095 220
1627566114140 0.0003282615173525147 221
1627566114211 0.00032803395889395543 222
1627566114278 0.0003278106819138259 223
1627566114356 0.0003275452468864386 224
1627566114454 0.0003272795294189183 225
1627566114596 0.00032690074739825605 226
1627566114674 0.0003266408591285621 227
1627566114752 0.0003263931604265993 228
1627566114881 0.0003261359399819552 229
1627566115000 0.0003258700825721672 230
1627566115083 0.0003256052552671658 231
1627566115177 0.00032535046306915536 232
1627566115261 0.0003250699993490683 233
1627566115327 0.0003248346361914034 234
1627566115409 0.00032454646310070215 235
1627566115474 0.00032432977006781034 236
1627566115542 0.00032408654095092464 237
1627566115603 0.0003238610943926963 238
1627566115678 0.0003236155560744196 239
1627566115764 0.0003233054321738891 240
1627566115829 0.00032304663553315633 241
1627566115907 0.00032278561995564424 242
1627566115970 0.00032257824823807735 243
1627566116032 0.00032235768047925015 244
1627566116126 0.000321944927145767 245
1627566116197 0.0003216763602354158 246
1627566116268 0.00032141820726984063 247
1627566116356 0.000335082833531059 248
1627566120253 0.001098038537585992 0
1627566120404 0.0010125538466531493 1
1627566120540 0.0009368841499008075 2
1627566120697 0.0008703600442442421 3
1627566120832 0.0008119963675008947 4
1627566120969 0.0007610787687777156 5
1627566121096 0.0007170422487733128 6
1627566121296 0.0006789038907916145 7
1627566121437 0.0006461049757610368 8
1627566121616 0.0006176814256927521 9
1627566121750 0.000593135063202185 10
1627566121913 0.000572069589458878 11
1627566122117 0.0005540491584798456 12
1627566122244 0.0005386689534714326 13
1627566122363 0.0005254900506389344 14
1627566122488 0.0005143202809023616 15
1627566122617 0.0005046991480057597 16
1627566122769 0.000496760894122586 17
1627566122885 0.000489929015154952 18
1627566123003 0.0004834951960843243 19
1627566123127 0.00047813106259793093 20
1627566123241 0.00047369857952103304 21
1627566123358 0.00046989264150299566 22
1627566123488 0.00046632900878244913 23
1627566123609 0.00046296945281264467 24
1627566123722 0.00046023675799758597 25
1627566123838 0.00045782833605031395 26
1627566123945 0.00045537679321006204 27
1627566124058 0.000453030860448055 28
1627566124161 0.00045072422280820966 29
1627566124269 0.00044869710052855273 30
1627566124382 0.000446733690950292 31
1627566124494 0.00044479038554179036 32
1627566124603 0.000443298449009498 33
1627566124700 0.00044187652685868543 34
1627566124799 0.00043975920720615085 35
1627566124903 0.0004378325389932093 36
1627566125017 0.0004358490849986817 37
1627566125120 0.00043422962799187975 38
1627566125222 0.00043242337815099476 39
1627566125329 0.0004313240769940606 40
1627566125423 0.0004294436398979444 41
1627566125524 0.000427766249881895 42
1627566125634 0.0004260501472161086 43
1627566125743 0.00042455635922347196 44
1627566125883 0.0004234788552608747 45
1627566126003 0.0004224846999896395 46
1627566126151 0.00042105496782575153 47
1627566126256 0.00041926768189386486 48
1627566126370 0.0004183976804223221 49
1627566126506 0.00041587765380483074 50
1627566126613 0.0004150639085270351 51
1627566126742 0.0004134606088119666 52
1627566126847 0.00041223669183778293 53
1627566126947 0.00041108335574128937 54
1627566127071 0.00040901785367215626 55
1627566127168 0.000408251905661885 56
1627566127257 0.00040747710869595155 57
1627566127370 0.00040638099364991205 58
1627566127529 0.0004055845390767643 59
1627566127656 0.00040485744829969153 60
1627566127758 0.0004041336309465783 61
1627566127882 0.00040270264531438023 62
1627566128004 0.00040137440967816376 63
1627566128110 0.000400448189874211 64
1627566128205 0.0003997784558718748 65
1627566128298 0.00039916090656076 66
1627566128452 0.00039745966994776677 67
1627566128550 0.00039676548556674495 68
1627566128646 0.00039609297800812497 69
1627566128735 0.0003954797797984496 70
1627566128831 0.0003948322925251708 71
1627566128923 0.0003941166092475103 72
1627566129040 0.00039260532991827106 73
1627566129144 0.0003919432327150171 74
1627566129244 0.0003913794005843325 75
1627566129345 0.0003905746655837728 76
1627566129444 0.00038979885364485837 77
1627566129527 0.00038922985838313405 78
1627566129659 0.00038790967919524597 79
1627566129756 0.0003872809861960365 80
1627566129848 0.000386672483799551 81
1627566129970 0.000386040387916084 82
1627566130092 0.0003848888672043334 83
1627566130189 0.0003843340141379806 84
1627566130278 0.0003838118358874525 85
1627566130373 0.00038325615878010295 86
1627566130475 0.000382347865540182 87
1627566130572 0.000381833300027326 88
1627566130663 0.0003812293418571462 89
1627566130744 0.0003806797264743043 90
1627566130847 0.00037973687938936925 91
1627566130960 0.0003788960068635102 92
1627566131056 0.00037831790470358606 93
1627566131169 0.00037739763387957445 94
1627566131264 0.00037683169416497355 95
1627566131362 0.00037633962802952796 96
1627566131465 0.00037558597349021227 97
1627566131544 0.0003750997101490604 98
1627566131651 0.0003746220243463842 99
1627566131761 0.00037409800651227646 100
1627566131882 0.0003736441998024083 101
1627566131963 0.00037320228449592296 102
1627566132042 0.0003726996751157449 103
1627566132130 0.00037222141412009065 104
1627566132243 0.00037150193205250076 105
1627566132378 0.0003710240846162026 106
1627566132491 0.00037034773377367185 107
1627566132588 0.00036987235067376367 108
1627566132677 0.0003694343529379263 109
1627566132767 0.0003689858139169332 110
1627566132861 0.0003684978398723478 111
1627566132964 0.000367977382058075 112
1627566133084 0.00036744536601521406 113
1627566133214 0.00036703278372677856 114
1627566133314 0.0003663545346716551 115
1627566133402 0.00036586904532128275 116
1627566133491 0.0003654862026290021 117
1627566133576 0.0003650586280759231 118
1627566133662 0.00036463411642920977 119
1627566133735 0.00036421722634218085 120
1627566133808 0.0003638050522824893 121
1627566133892 0.0003633630458838496 122
1627566134040 0.0003626675026524238 123
1627566134177 0.00036224195033001023 124
1627566134329 0.0003618149169164351 125
1627566134483 0.00036136610918733464 126
1627566134625 0.0003609513417242669 127
1627566134721 0.0003605528416080947 128
1627566134794 0.0003602029934128517 129
1627566134935 0.0003598038061268262 130
1627566135012 0.0003594847529328688 131
1627566135117 0.0003590881614481281 132
1627566135200 0.00035868187459721476 133
1627566135290 0.0003582975336221616 134
1627566135378 0.0003578913070114329 135
1627566135454 0.00035747945935844913 136
1627566135529 0.00035716777853190076 137
1627566135648 0.00035677597045877734 138
1627566135790 0.00035636756379302926 139
1627566135927 0.0003557680048146953 140
1627566136005 0.00035539510965855296 141
1627566136106 0.0003548802258617307 142
1627566136194 0.00035450657720473327 143
1627566136261 0.0003541926947192347 144
1627566136332 0.0003538953263988291 145
1627566136412 0.00035353495199991756 146
1627566136511 0.00035309123464596594 147
1627566136602 0.00035270612583590164 148
1627566136683 0.00035235115401587654 149
1627566136765 0.000351989540304541 150
1627566136854 0.00035146861296585604 151
1627566136948 0.0003511379988137781 152
1627566137008 0.0003508575047289517 153
1627566137092 0.00035050318600943057 154
1627566137177 0.0003501166312616824 155
1627566137266 0.00034977297104478184 156
1627566137333 0.0003494479730156641 157
1627566137419 0.0003491184829281898 158
1627566137523 0.0003487545663562853 159
1627566137623 0.00034839382325250676 160
1627566137717 0.00034805791680894216 161
1627566137796 0.0003477080259765274 162
1627566137906 0.0003472428600339243 163
1627566137973 0.0003469200780243463 164
1627566138049 0.0003465665550807527 165
1627566138127 0.0003462186454465752 166
1627566138246 0.00034574428571066486 167
1627566138313 0.00034546226943910817 168
1627566138381 0.00034517129503801265 169
1627566138454 0.0003448486566225 170
1627566138527 0.0003444999812275122 171
1627566138591 0.00034422820008911766 172
1627566138651 0.0003439619331641453 173
1627566138736 0.0003435935483651681 174
1627566138794 0.0003433283948514969 175
1627566138876 0.00034295471493307923 176
1627566138955 0.0003426055621308804 177
1627566139069 0.0003422677431912978 178
1627566139163 0.00034190669901762433 179
1627566139254 0.0003415818575900978 180
1627566139333 0.0003412554592762505 181
1627566139413 0.0003409749654676005 182
1627566139485 0.00034068026368588644 183
1627566139590 0.00034027109433998635 184
1627566139666 0.0003399458348822362 185
1627566139752 0.00033962870148321724 186
1627566139853 0.00033917806044574236 187
1627566139929 0.00033888560593818437 188
1627566140026 0.000338501791901557 189
1627566140089 0.000338222395756096 190
1627566140166 0.00033795927738796994 191
1627566140249 0.0003376359644550574 192
1627566140328 0.0003373378612299842 193
1627566140409 0.00033702380752431054 194
1627566140482 0.0003367314620376049 195
1627566140571 0.0003363991228664284 196
1627566140657 0.00033616805922233203 197
1627566140781 0.0003358208298543096 198
1627566140869 0.00033552306395250134 199
1627566140960 0.00033524077876442566 200
1627566141037 0.00033496508769303345 201
1627566141114 0.00033470720261656345 202
1627566141204 0.0003343113935353478 203
1627566141281 0.0003340420551677566 204
1627566141347 0.00033376931164808135 205
1627566141418 0.00033351085991176053 206
1627566141490 0.0003332813293311082 207
1627566141556 0.0003330260377058943 208
1627566141645 0.00033274852963408253 209
1627566141733 0.0003324415427178204 210
1627566141840 0.00033204239222780444 211
1627566141913 0.00033178691756163587 212
1627566141990 0.00033154359662911456 213
1627566142068 0.0003312741496900558 214
1627566142165 0.0003308913355037032 215
1627566142284 0.000330563438334675 216
1627566142377 0.00033030782111870743 217
1627566142440 0.00033008900335840144 218
1627566142561 0.0003297898295633507 219
1627566142650 0.0003294104171715968 220
1627566142766 0.0003291317760651818 221
1627566142837 0.00032888885503914463 222
1627566142915 0.0003286552837180959 223
1627566142992 0.0003284399685649276 224
1627566143065 0.0003282036106386289 225
1627566143129 0.00032796261473247966 226
1627566143216 0.00032762511376463574 227
1627566143310 0.0003274119726510336 228
1627566143401 0.0003271480606416324 229
1627566143463 0.00032686218922093485 230
1627566143523 0.00032662552981581105 231
1627566143620 0.0003262491553961433 232
1627566143681 0.0003260322843772295 233
1627566143812 0.00032565587232844716 234
1627566143935 0.00032535445990417505 235
1627566144022 0.0003250746016222297 236
1627566144097 0.000324811835050331 237
1627566144163 0.0003245911826469662 238
1627566144240 0.0003243488601872467 239
1627566144304 0.00032411931601279546 240
1627566144385 0.0003238123079610435 241
1627566144460 0.00032357358350054304 242
1627566144522 0.0003233492899041623 243
1627566144588 0.00032312012872240766 244
1627566144660 0.00032285335080163357 245
1627566144744 0.0003225543494300183 246
1627566144812 0.00032234444070493675 247
1627566144885 0.00032209076693312766 248
1627566144970 0.0003218381596164697 249
1627566145055 0.0003216306647452477 250
1627566145126 0.00032138851315112113 251
1627566145212 0.000321108611215239 252
1627566145292 0.00032083943339731766 253
1627566145390 0.0003205398999534328 254
1627566145482 0.0003203291538773397 255
1627566145559 0.0003200772234472996 256
1627566145662 0.0003198500402458585 257
1627566145731 0.0003196394199312127 258
1627566145829 0.0003192420765502188 259
1627566145896 0.0003189912878990439 260
1627566145962 0.0003187631800154564 261
1627566146045 0.00031851347046331623 262
1627566146125 0.00031826353169966775 263
1627566146210 0.00031796488498469393 264
1627566146312 0.00031770829713253666 265
1627566146385 0.00031744579016819793 266
1627566146454 0.00031720755743231186 267
1627566146528 0.0003169928812237049 268
1627566146595 0.0003167477300797478 269
1627566146691 0.00031646813664849534 270
1627566146750 0.00031629506799383937 271
1627566146840 0.0003160727162293301 272
1627566146937 0.00031580082406083425 273
1627566147036 0.00031559053962225945 274
1627566147144 0.0003153906358167212 275
1627566147221 0.00031517023211876185 276
1627566147285 0.0003149629407800087 277
1627566147353 0.0003147300590032272 278
1627566147429 0.0003145077824943988 279
1627566147497 0.00031431164055428535 280
1627566147568 0.00031409011053000236 281
1627566147634 0.0003138427476809794 282
1627566147696 0.0003136385077607946 283
1627566147770 0.00031342252782445786 284
1627566147860 0.0003131351243315892 285
1627566147922 0.00031291194512137735 286
1627566147986 0.00031271736285227975 287
1627566148060 0.00031248235696356905 288
1627566148144 0.0003122444838587787 289
1627566148210 0.00031207659079048 290
1627566148263 0.00031186919068113304 291
1627566148337 0.0003116709833684021 292
1627566148402 0.0003114541357801365 293
1627566148495 0.0003111399567736251 294
1627566148574 0.000310871218210839 295
1627566148659 0.00031061392454681406 296
1627566148723 0.0003104364807917768 297
1627566148805 0.000310195466539097 298
1627566148871 0.00030996967820569814 299
1627566148952 0.0003097646903260826 300
1627566149031 0.0003095031132702066 301
1627566149098 0.00030927045094983894 302
1627566149172 0.0003090521424318535 303
1627566149247 0.0003088140569636583 304
1627566149317 0.00030859557538042744 305
1627566149381 0.00030839505999552243 306
1627566149447 0.0003082073516047579 307
1627566149526 0.0003079368648098839 308
1627566149599 0.0003077239806081493 309
1627566149662 0.0003074950836452514 310
1627566149727 0.00030730457364135176 311
1627566149839 0.0003187631800154564 312
1627566154033 0.0010990628114291095 0
1627566154186 0.0010134328703744757 1
1627566154324 0.0009376651062522841 2
1627566154490 0.0008709455867852892 3
1627566154649 0.0008122956558652694 4
1627566154791 0.0007613244466574325 5
1627566154936 0.0007171719461673335 6
1627566155069 0.0006789509461257786 7
1627566155198 0.0006460185896790632 8
1627566155332 0.0006175390498781724 9
1627566155477 0.0005929292237544425 10
1627566155648 0.000571898912436271 11
1627566155772 0.0005537431943410638 12
1627566155930 0.000538401180890545 13
1627566156045 0.0005252518680200648 14
1627566156180 0.0005141144209593713 15
1627566156347 0.0005047051198866437 16
1627566156523 0.0004967491731456773 17
1627566156714 0.000489883719458484 18
1627566156831 0.00048365732003630634 19
1627566156943 0.0004784268206955408 20
1627566157057 0.00047392044660836175 21
1627566157209 0.0004699769386282591 22
1627566157323 0.000466128505189064 23
1627566157469 0.00046269954835887774 24
1627566157575 0.00045999375312239513 25
1627566157723 0.0004569742898061167 26
1627566157874 0.00045425758477531244 27
1627566157997 0.0004522398071396254 28
1627566158100 0.00045007255917088357 29
1627566158210 0.00044787137451811245 30
1627566158328 0.0004462273789456232 31
1627566158435 0.000444059962279755 32
1627566158541 0.0004422146985722815 33
1627566158643 0.00044076544536255356 34
1627566158739 0.00043909021880435067 35
1627566158842 0.00043729635424429497 36
1627566158957 0.00043511056445953814 37
1627566159062 0.00043363390713749576 38
1627566159166 0.0004319519371321756 39
1627566159262 0.00043083823217632885 40
1627566159359 0.00042891354088867386 41
1627566159464 0.00042645550009579166 42
1627566159591 0.00042486069621981666 43
1627566159700 0.0004229981825142664 44
1627566159800 0.00042215965711708153 45
1627566159910 0.0004204438205235442 46
1627566160013 0.0004193301096749179 47
1627566160125 0.0004174820844681617 48
1627566160251 0.0004165770455052688 49
1627566160388 0.00041502373611696414 50
1627566160482 0.000414208146529178 51
1627566160589 0.000413337187987668 52
1627566160705 0.000411628319320295 53
1627566160828 0.0004103232308692448 54
1627566160924 0.00040935666944691407 55
1627566161035 0.0004083077221608727 56
1627566161139 0.00040706127229539046 57
1627566161259 0.00040510125976843983 58
1627566161357 0.0004044046611576348 59
1627566161447 0.00040372617417684306 60
1627566161556 0.000403033272662666 61
1627566161667 0.00040218656970216296 62
1627566161759 0.0004015012662556444 63
1627566161896 0.00039958943316679513 64
1627566162019 0.00039894957928267766 65
1627566162125 0.00039824387802724813 66
1627566162233 0.0003975057809892471 67
1627566162356 0.0003958367356998698 68
1627566162439 0.0003952416677852084 69
1627566162545 0.00039461535846353833 70
1627566162637 0.00039393953590040917 71
1627566162734 0.00039327212850266273 72
1627566162848 0.0003921835859804198 73
1627566162947 0.00039151099994002436 74
1627566163053 0.00039056309966078507 75
1627566163160 0.00038946739002296364 76
1627566163298 0.0003887849713980711 77
1627566163416 0.00038802880107064824 78
1627566163528 0.0003874483996267982 79
1627566163641 0.0003862687163097062 80
1627566163728 0.0003856306668596656 81
1627566163831 0.0003850641018861727 82
1627566163910 0.00038446433843362905 83
1627566164008 0.00038390559467320253 84
1627566164096 0.00038331196630260673 85
1627566164184 0.00038277171525756873 86
1627566164301 0.00038177688370651564 87
1627566164404 0.0003812662886114909 88
1627566164493 0.0003807520052738917 89
1627566164578 0.00038021065061612626 90
1627566164692 0.0003792682491082328 91
1627566164828 0.00037814788280882036 92
1627566164927 0.0003776312400887537 93
1627566165047 0.0003770769290069953 94
1627566165154 0.0003765224263879327 95
1627566165251 0.00037601882898325584 96
1627566165435 0.00037503867429580567 97
1627566165519 0.00037458971784510924 98
1627566165614 0.0003740881129659112 99
1627566165720 0.00037358531716096964 100
1627566165833 0.0003727032854733517 101
1627566165919 0.0003722771871343829 102
1627566165992 0.0003717933913606826 103
1627566166070 0.0003713404624887369 104
1627566166162 0.0003708440202409432 105
1627566166249 0.00037036689813164307 106
1627566166365 0.00036993777655399676 107
1627566166508 0.00036949543275856863 108
1627566166657 0.00036870978321581533 109
1627566166730 0.0003682760866629202 110
1627566166815 0.00036783107562361105 111
1627566166930 0.0003670497154659973 112
1627566167008 0.0003666102354778872 113
1627566167113 0.000365934432944123 114
1627566167200 0.00036553544773306336 115
1627566167282 0.00036509794360345974 116
1627566167373 0.00036468382311784025 117
1627566167454 0.00036428281946428853 118
1627566167540 0.0003639093518505896 119
1627566167636 0.0003635063295921216 120
1627566167723 0.00036306985161746295 121
1627566167801 0.0003626335582367947 122
1627566167886 0.0003622417497051708 123
1627566167982 0.00036186364304632195 124
1627566168084 0.0003612258719030994 125
1627566168163 0.00036085344069002257 126
1627566168270 0.000360338396134713 127
1627566168356 0.00035987250720151626 128
1627566168462 0.0003594551645426458 129
1627566168567 0.0003590050048428084 130
1627566168635 0.00035867128980889896 131
1627566168724 0.0003582964930792589 132
1627566168811 0.00035790637737435736 133
1627566168887 0.0003575621624368795 134
1627566168978 0.00035716433164126413 135
1627566169072 0.0003566898620135762 136
1627566169160 0.00035624600161579664 137
1627566169271 0.00035586520451943505 138
1627566169340 0.00035549109135476353 139
1627566169424 0.00035511706858069354 140
1627566169502 0.0003547814739592318 141
1627566169584 0.00035442604204562666 142
1627566169650 0.0003540945302525214 143
1627566169712 0.0003537795498287686 144
1627566169797 0.00035337302007400445 145
1627566169904 0.0003530272936073903 146
1627566169965 0.0003526897219169755 147
1627566170042 0.0003523232451242486 148
1627566170131 0.00035198007742115185 149
1627566170229 0.0003516170741079172 150
1627566170316 0.0003512729527150041 151
1627566170394 0.00035094043321954856 152
1627566170478 0.00035058295481259254 153
1627566170553 0.00035028835925524554 154
1627566170616 0.0003500141183510409 155
1627566170688 0.00034966405596618456 156
1627566170771 0.00034929434183417733 157
1627566170852 0.00034895366061756547 158
1627566170956 0.00034859416147141364 159
1627566171037 0.00034819980081181935 160
1627566171128 0.0003478661402039294 161
1627566171207 0.0003475408551404331 162
1627566171303 0.00034721748378684325 163
1627566171401 0.0003468848250000201 164
1627566171473 0.0003465313131784708 165
1627566171551 0.00034618033716484414 166
1627566171696 0.00034565995185013545 167
1627566171771 0.0003453621573931163 168
1627566171865 0.00034491505632868266 169
1627566171955 0.00034451645067527814 170
1627566172028 0.00034421051643310376 171
1627566172111 0.0003438341737180997 172
1627566172181 0.0003435170049793742 173
1627566172256 0.0003431903183539474 174
1627566172339 0.0003428326724647356 175
1627566172418 0.0003424823904557539 176
1627566172503 0.000342138071871745 177
1627566172564 0.0003418204856476117 178
1627566172642 0.00034148127690663475 179
1627566172731 0.00034113074800042536 180
1627566172797 0.000340834717103906 181
1627566172867 0.00034058510128658217 182
1627566172954 0.00034030795619237363 183
1627566173018 0.0003400060733733064 184
1627566173118 0.0003397141100042031 185
1627566173236 0.0003392578595153467 186
1627566173329 0.0003389378016241916 187
1627566173399 0.0003386661564139106 188
1627566173471 0.00033837897084052973 189
1627566173535 0.00033809899892929513 190
1627566173616 0.00033779699335099864 191
1627566173694 0.0003374680508927718 192
1627566173782 0.00033718785366657083 193
1627566173866 0.00033684610125327683 194
1627566173936 0.0003365638491694223 195
1627566174002 0.00033627355429200617 196
1627566174077 0.0003360007367181689 197
1627566174147 0.00033571330893813914 198
1627566174211 0.00033546429753039897 199
1627566174316 0.0003351431035837972 200
1627566174394 0.0003348420765615258 201
1627566174461 0.0003345814094954342 202
1627566174534 0.0003343113080570431 203
1627566174610 0.00033405376418907986 204
1627566174681 0.00033376983696318835 205
1627566174772 0.00033348964495751374 206
1627566174847 0.00033327010969595304 207
1627566174944 0.0003328543108173041 208
1627566175017 0.0003325841520486729 209
1627566175093 0.00033229013773267445 210
1627566175190 0.00033190997243346803 211
1627566175267 0.00033161261780158036 212
1627566175331 0.0003314055299105676 213
1627566175421 0.00033110797767048843 214
1627566175485 0.00033086205184271596 215
1627566175564 0.00033061295310828184 216
1627566175631 0.0003303865385588368 217
1627566175695 0.00033015536845018887 218
1627566175775 0.0003298371816699326 219
1627566175867 0.00032944298925757944 220
1627566175960 0.00032907928573127964 221
1627566176034 0.0003288001210798751 222
1627566176101 0.0003285554203793288 223
1627566176170 0.0003283415530105977 224
1627566176247 0.00032806991227240053 225
1627566176329 0.00032778292704054046 226
1627566176396 0.0003275069012821525 227
1627566176478 0.0003272506594188168 228
1627566176549 0.00032699001841229554 229
1627566176620 0.00032672261344540737 230
1627566176683 0.00032645507609814544 231
1627566176753 0.0003262163854729326 232
1627566176828 0.00032597156720236666 233
1627566176893 0.00032576752267955 234
1627566176968 0.000325501970270992 235
1627566177027 0.00032523599406720035 236
1627566177113 0.00032496036593395887 237
1627566177195 0.0003246814541009578 238
1627566177255 0.0003244220653137473 239
1627566177322 0.00032418268079685103 240
1627566177386 0.0003239069429517729 241
1627566177468 0.0003236575903865165 242
1627566177548 0.00032341624526954803 243
1627566177621 0.0003232108513548866 244
1627566177716 0.0003228595121695622 245
1627566177802 0.0003225626757106308 246
1627566177874 0.00032229042547281104 247
1627566177956 0.0003220286081614074 248
1627566178028 0.00032180123505857843 249
1627566178112 0.00032155866192487255 250
1627566178177 0.0003212973200642637 251
1627566178256 0.0003210321817219344 252
1627566178326 0.0003207860690181632 253
1627566178405 0.00032050085343605933 254
1627566178495 0.0003202814080122288 255
1627566178565 0.0003200612712631536 256
1627566178660 0.0003197789079691073 257
1627566178730 0.0003195585846216098 258
1627566178803 0.0003192978286094692 259
1627566178870 0.00031905855736047103 260
1627566178947 0.0003188508266388435 261
1627566179041 0.00033190997243346803 262
1627566183090 0.0010964288505138664 0
1627566183245 0.0010111704715028793 1
1627566183377 0.0009356729122524337 2
1627566183518 0.0008692860063221777 3
1627566183654 0.0008109918115196084 4
1627566183788 0.0007602276454901906 5
1627566183923 0.0007162780706049022 6
1627566184051 0.0006782573997392655 7
1627566184179 0.0006454389212053686 8
1627566184297 0.0006170904365522145 9
1627566184423 0.000592640916696632 10
1627566184564 0.0005717437713370343 11
1627566184722 0.0005537440225034526 12
1627566184866 0.0005385179853034885 13
1627566184993 0.0005254370225624942 14
1627566185117 0.0005143906263682384 15
1627566185235 0.0005048914545834041 16
1627566185355 0.0004968043595612106 17
1627566185483 0.0004900182250677879 18
1627566185604 0.0004836849992432259 19
1627566185721 0.00047852343405407357 20
1627566185841 0.0004740259804944502 21
1627566185966 0.0004698861920119649 22
1627566186095 0.00046638460227960593 23
1627566186219 0.0004625178276180529 24
1627566186331 0.0004599352612171193 25
1627566186454 0.00045742066376524063 26
1627566186559 0.00045497423932446907 27
1627566186679 0.00045276404793045326 28
1627566186786 0.00045068245715198537 29
1627566186895 0.00044844821014431026 30
1627566187012 0.0004464578726788137 31
1627566187125 0.000444370570460286 32
1627566187235 0.00044287725928752634 33
1627566187339 0.00044117494652860003 34
1627566187442 0.00043911832864890676 35
1627566187549 0.0004368774334684958 36
1627566187657 0.0004348147624855292 37
1627566187762 0.0004332124766208034 38
1627566187870 0.0004309449219215988 39
1627566187966 0.00042998042512400945 40
1627566188075 0.00042811521986376995 41
1627566188178 0.00042609669938709684 42
1627566188285 0.00042412123071780273 43
1627566188413 0.00042221483373512734 44
1627566188524 0.0004208328986522708 45
1627566188638 0.00041923243833664185 46
1627566188754 0.00041802112863343824 47
1627566188862 0.00041716375487009484 48
1627566189011 0.0004159231538543498 49
1627566189204 0.00041360136389428557 50
1627566189309 0.00041272793729058954 51
1627566189444 0.00041129166008792723 52
1627566189569 0.0004101753831047018 53
1627566189670 0.0004093971479110548 54
1627566189790 0.0004080472886776758 55
1627566189894 0.0004072129943910295 56
1627566189986 0.0004064967314342717 57
1627566190121 0.0004057751512010984 58
1627566190241 0.0004046668484890673 59
1627566190331 0.0004039289357122293 60
1627566190460 0.000402162943514286 61
1627566190580 0.0004005453780265916 62
1627566190672 0.00039979871491477905 63
1627566190780 0.0003989436288963421 64
1627566190897 0.0003974904441307897 65
1627566190995 0.00039678876354610874 66
1627566191088 0.0003961189326349433 67
1627566191198 0.0003950819449178497 68
1627566191312 0.0003940962948871541 69
1627566191414 0.0003934575806775724 70
1627566191518 0.0003926387016446303 71
1627566191610 0.00039198449790743935 72
1627566191741 0.0003912810333394316 73
1627566191862 0.00039066244333493686 74
1627566192016 0.00038963350317357915 75
1627566192125 0.00038900869229818285 76
1627566192250 0.0003878498439425454 77
1627566192354 0.0003872472389022545 78
1627566192443 0.000386699645881519 79
1627566192552 0.000385969771552231 80
1627566192670 0.00038493799089346495 81
1627566192802 0.0003843641746526496 82
1627566192911 0.0003838090208705104 83
1627566193038 0.00038327728465182653 84
1627566193142 0.000382712168405696 85
1627566193235 0.000382178112966664 86
1627566193330 0.00038168394610477835 87
1627566193436 0.0003811536027721297 88
1627566193532 0.00038061707357543424 89
1627566193654 0.0003797094050089313 90
1627566193778 0.0003786072856322258 91
1627566193882 0.0003779994615400342 92
1627566193962 0.0003774709748899142 93
1627566194072 0.0003767302117357967 94
1627566194185 0.0003761481366976226 95
1627566194280 0.0003756549575581208 96
1627566194385 0.00037520345936883773 97
1627566194492 0.0003746277889273773 98
1627566194614 0.00037416187777708726 99
1627566194743 0.000373617291211891 100
1627566194843 0.00037315427090075436 101
1627566194959 0.00037235071128294034 102
1627566195047 0.00037185002057349306 103
1627566195138 0.000371383321393416 104
1627566195254 0.00037095489640866155 105
1627566195340 0.00037050083222704515 106
1627566195439 0.0003701029746700918 107
1627566195547 0.00036967069219099566 108
1627566195685 0.00036903350901872875 109
1627566195809 0.0003686129006248256 110
1627566195889 0.0003681556643179563 111
1627566195983 0.0003677317889852989 112
1627566196082 0.00036731091476435403 113
1627566196190 0.00036691505223015525 114
1627566196322 0.0003662090586245603 115
1627566196401 0.00036580491602585875 116
1627566196471 0.00036538913124847865 117
1627566196559 0.0003649493143197856 118
1627566196683 0.0003641549140487964 119
1627566196780 0.00036372774900122725 120
1627566196873 0.00036327476148134095 121
1627566196975 0.0003628106441974735 122
1627566197073 0.00036238825456977536 123
1627566197188 0.0003618218541959263 124
1627566197289 0.0003613672328474911 125
1627566197362 0.0003609918971931239 126
1627566197437 0.00036064065512631156 127
1627566197537 0.00036004747767665784 128
1627566197608 0.00035969213659690983 129
1627566197686 0.0003593269897265815 130
1627566197794 0.00035894518201934133 131
1627566197898 0.00035857027537727746 132
1627566197983 0.00035817767233513537 133
1627566198096 0.0003578225093280615 134
1627566198174 0.00035743072088667327 135
1627566198260 0.00035703852325955093 136
1627566198329 0.0003567260572721698 137
1627566198407 0.00035631571941455945 138
1627566198522 0.00035575284242849164 139
1627566198609 0.000355378878572363 140
1627566198710 0.0003548774192089971 141
1627566198794 0.00035450872203381676 142
1627566198888 0.00035414253811731525 143
1627566198975 0.00035378989096997317 144
1627566199046 0.00035341199424985647 145
1627566199141 0.0003530447292297418 146
1627566199248 0.00035255895203432865 147
1627566199354 0.000352174678326226 148
1627566199466 0.0003518076947560991 149
1627566199561 0.0003514277454350607 150
1627566199632 0.0003511623611005585 151
1627566199703 0.00035088149772423703 152
1627566199797 0.000350533656466397 153
1627566199867 0.00035018808971364545 154
1627566199976 0.0003498553645093033 155
1627566200075 0.0003495095900500587 156
1627566200142 0.00034922750891408234 157
1627566200232 0.0003489069001565626 158
1627566200318 0.0003485174465208169 159
1627566200439 0.0003479897718998991 160
1627566200581 0.0003475425430560251 161
1627566200725 0.00034719252529130646 162
1627566200866 0.0003468372897371199 163
1627566201003 0.0003465648145121166 164
1627566201145 0.00034623884737156367 165
1627566201220 0.0003459303179975373 166
1627566201334 0.00034559124460633553 167
1627566201433 0.0003453205954619377 168
1627566201540 0.0003449892792296442 169
1627566201635 0.00034464001807235346 170
1627566201719 0.00034432061999790237 171
1627566201831 0.0003439826384162843 172
1627566201918 0.0003436495995189839 173
1627566202005 0.00034333839220443646 174
1627566202108 0.00034295980711423574 175
1627566202180 0.0003426538855138566 176
1627566202267 0.0003423712440405532 177
1627566202352 0.00034204576373303127 178
1627566202436 0.00034170031410035706 179
1627566202516 0.0003413547594529148 180
1627566202602 0.00034107717614801237 181
1627566202729 0.00034074810005177295 182
1627566202877 0.0003404334314920866 183
1627566202960 0.0003401245041312176 184
1627566203042 0.00033988374226684334 185
1627566203123 0.0003395819046898714 186
1627566203197 0.0003392665962008916 187
1627566203277 0.00033899686609481603 188
1627566203369 0.0003386684445339337 189
1627566203452 0.0003383608286748002 190
1627566203541 0.0003381171729534344 191
1627566203641 0.0003377722213668466 192
1627566203718 0.00033748221065415336 193
1627566203837 0.0003371616959341841 194
1627566203928 0.000336863952440246 195
1627566203996 0.00033661784463366053 196
1627566204073 0.00033635423719283474 197
1627566204191 0.00033587110097664725 198
1627566204260 0.00033559617158112725 199
1627566204327 0.00033531257115501086 200
1627566204408 0.0003350316433671195 201
1627566204486 0.00033475076187107234 202
1627566204580 0.00033444843708067725 203
1627566204662 0.00033408283259798847 204
1627566204795 0.00033379873946235285 205
1627566204910 0.0003334450950549121 206
1627566204985 0.00033314980170062454 207
1627566205060 0.0003328839428770414 208
1627566205120 0.0003326420693926196 209
1627566205185 0.0003323883441235047 210
1627566205283 0.00033201569818371653 211
1627566205353 0.0003475425430560251 212
1627566209389 0.0010995312117272654 0
1627566209540 0.0010138237308005454 1
1627566209678 0.0009379885258198943 2
1627566209807 0.0008712500743910407 3
1627566209946 0.0008126816466349046 4
1627566210081 0.0007617141293410846 5
1627566210215 0.0007175215674046336 6
1627566210350 0.0006793015501765638 7
1627566210483 0.0006463200896282715 8
1627566210615 0.0006177601317530262 9
1627566210741 0.0005931380106499761 10
1627566210870 0.0005720882446381051 11
1627566210994 0.0005539783434448609 12
1627566211118 0.0005387377322805634 13
1627566211239 0.0005253388701435785 14
1627566211366 0.0005142351451342961 15
1627566211485 0.0005046942415422482 16
1627566211610 0.0004967522180149691 17
1627566211730 0.0004899487021419584 18
1627566211848 0.0004836703242644566 19
1627566211953 0.000478128034761875 20
1627566212067 0.00047349515703919197 21
1627566212198 0.00046953614771602463 22
1627566212358 0.0004659473676532918 23
1627566212488 0.0004625260425672284 24
1627566212605 0.00045978663842410254 25
1627566212717 0.0004573078653063077 26
1627566212823 0.00045471649598685123 27
1627566212939 0.00045252846149495136 28
1627566213046 0.0004504114755567153 29
1627566213188 0.0004483883120624057 30
1627566213308 0.00044669977110749047 31
1627566213448 0.00044464947283897704 32
1627566213564 0.00044283030865905287 33
1627566213680 0.0004414814718235982 34
1627566213797 0.00043958524098771686 35
1627566213908 0.0004380120341954004 36
1627566214044 0.00043536697084634317 37
1627566214177 0.00043347098121972134 38
1627566214280 0.00043166418393824496 39
1627566214378 0.00043033893744861136 40
1627566214484 0.00042798815634174795 41
1627566214593 0.00042622483772062876 42
1627566214767 0.0004241817247344751 43
1627566214896 0.0004229418246128112 44
1627566215030 0.00042204341622290216 45
1627566215205 0.0004204860662578326 46
1627566215324 0.00041810532938535433 47
1627566215451 0.0004168609112538796 48
1627566215553 0.00041573056538551 49
1627566215734 0.00041392409492477857 50
1627566215840 0.00041310923720496747 51
1627566215959 0.0004120279025622395 52
1627566216062 0.0004109582120839067 53
1627566216156 0.0004100229271023124 54
1627566216261 0.0004090489433541726 55
1627566216376 0.0004071874748996593 56
1627566216481 0.00040634756351516844 57
1627566216590 0.00040558526829578807 58
1627566216722 0.00040371482478527925 59
1627566216816 0.0004029338014475994 60
1627566216914 0.00040230113226771526 61
1627566217014 0.0004013980174612772 62
1627566217104 0.00040072485348715674 63
1627566217207 0.000400083128023231 64
1627566217326 0.0003984443633940482 65
1627566217466 0.00039769350499831033 66
1627566217631 0.00039682929880633034 67
1627566217760 0.000395238865884565 68
1627566217859 0.0003944961550866111 69
1627566217962 0.00039382945672229264 70
1627566218052 0.00039317869776926386 71
1627566218146 0.0003926239037025886 72
1627566218267 0.00039122101765520957 73
1627566218365 0.00039057294180932015 74
1627566218475 0.00038962684355434114 75
1627566218584 0.0003886785786508072 76
1627566218676 0.00038813418156356057 77
1627566218792 0.00038721828959504114 78
1627566218899 0.00038664729103935147 79
1627566219011 0.00038583071011877263 80
1627566219112 0.00038508366409063897 81
1627566219225 0.0003845047199780771 82
1627566219313 0.00038399651421123463 83
1627566219415 0.00038341775453145527 84
1627566219573 0.000382342002800054 85
1627566219668 0.00038176121719970933 86
1627566219767 0.00038124030680747887 87
1627566219863 0.00038068780712824385 88
1627566219982 0.00038015311996891966 89
1627566220086 0.0003795935635501395 90
1627566220201 0.0003790927934052693 91
1627566220332 0.00037858155547928926 92
1627566220459 0.0003780406632943554 93
1627566220582 0.00037717797387013435 94
1627566220733 0.0003763060854773773 95
1627566220842 0.00037560853181068304 96
1627566220954 0.0003749256552186939 97
1627566221058 0.0003742305387789832 98
1627566221155 0.000373695513582745 99
1627566221277 0.0003731533482222321 100
1627566221409 0.0003726630835087617 101
1627566221498 0.0003722188340231699 102
1627566221614 0.0003714648355705761 103
1627566221718 0.0003709954873232054 104
1627566221814 0.00037054139769918565 105
1627566221920 0.00036995667617464303 106
1627566222009 0.00036946857056714406 107
1627566222103 0.0003690364080819627 108
1627566222185 0.00036857967403067807 109
1627566222311 0.0003679797309189337 110
1627566222397 0.0003675011363974998 111
1627566222553 0.00036681555988934077 112
1627566222691 0.00036636360184432907 113
1627566222826 0.0003659242115293062 114
1627566222902 0.00036552646078754334 115
1627566222988 0.0003650811013429027 116
1627566223072 0.0003646695616368927 117
1627566223159 0.0003642211212173045 118
1627566223238 0.000363825187399567 119
1627566223318 0.00036341643006974433 120
1627566223400 0.0003629929225530224 121
1627566223472 0.00036261382136520634 122
1627566223565 0.0003622120490113643 123
1627566223682 0.0003614893435108932 124
1627566223771 0.0003610801130095844 125
1627566223863 0.00036068352547731367 126
1627566223967 0.0003601265471501361 127
1627566224049 0.00035973719971387017 128
1627566224138 0.0003593366773491731 129
1627566224239 0.00035889975145247347 130
1627566224329 0.00035850505504426495 131
1627566224428 0.0003579090714813376 132
1627566224516 0.0003574874329523643 133
1627566224593 0.00035713979563469845 134
1627566224671 0.0003567366380372157 135
1627566224757 0.00035630590366556855 136
1627566224840 0.00035593473392526347 137
1627566224951 0.00035553352436749745 138
1627566225038 0.0003551334038648609 139
1627566225161 0.0003547187910115055 140
1627566225275 0.0003541506024477997 141
1627566225351 0.000353747807219943 142
1627566225436 0.00035338477848751825 143
1627566225511 0.0003530268326754991 144
1627566225599 0.000352637392429759 145
1627566225698 0.0003522416086550902 146
1627566225781 0.0003519129935606264 147
1627566225855 0.00035161355739564323 148
1627566225963 0.0003511062877231384 149
1627566226071 0.0003507222977827365 150
1627566226147 0.0003504141750002128 151
1627566226264 0.00035011641219988515 152
1627566226374 0.0003497464878380805 153
1627566226473 0.00034945222836300536 154
1627566226636 0.0003488686206470674 155
1627566226708 0.0003485240784139141 156
1627566226785 0.0003481964864237053 157
1627566226868 0.00034787905531259857 158
1627566226947 0.0003475070926824247 159
1627566227033 0.0003471849906719963 160
1627566227116 0.0003468521256259293 161
1627566227179 0.00034657014622294785 162
1627566227248 0.00034628915141475547 163
1627566227330 0.00034593665148073847 164
1627566227409 0.0003456249777292326 165
1627566227489 0.0003453246223927944 166
1627566227581 0.00034492194351226933 167
1627566227661 0.0003445947917714555 168
1627566227760 0.00034419298746009357 169
1627566227844 0.0003438745793835107 170
1627566227910 0.0003435370906226497 171
1627566228013 0.0003432268345146481 172
1627566228102 0.0003429134078556495 173
1627566228205 0.0003425722216645644 174
1627566228295 0.00034220674182522094 175
1627566228375 0.0003418733334335927 176
1627566228457 0.00034156378725033856 177
1627566228535 0.00034124319284184983 178
1627566228619 0.00034091585872959705 179
1627566228739 0.0003406165002421317 180
1627566228866 0.00034030852247816826 181
1627566228945 0.00034007071299859716 182
1627566229014 0.0003398116501291698 183
1627566229102 0.0003394611558769404 184
1627566229187 0.0003391429232536689 185
1627566229264 0.0003388907221801332 186
1627566229340 0.00033859941742653255 187
1627566229447 0.00033830310529119084 188
1627566229569 0.0003379359312374654 189
1627566229654 0.00033764964269232544 190
1627566229720 0.000337382396434239 191
1627566229791 0.00033707320740231767 192
1627566229924 0.0003367830804639301 193
1627566230022 0.00033647119729832283 194
1627566230092 0.000336213549864575 195
1627566230203 0.00033578348606538714 196
1627566230275 0.0003354918532981324 197
1627566230338 0.00033520506025922403 198
1627566230419 0.0003349404554215505 199
1627566230512 0.00033465780484656546 200
1627566230584 0.00033438613518200003 201
1627566230660 0.0003341194445085091 202
1627566230726 0.0003338915838504974 203
1627566230811 0.0003335405650669669 204
1627566230909 0.00033326024273970783 205
1627566230990 0.0003329718488540025 206
1627566231075 0.0003326863074817198 207
1627566231143 0.00033242948206026337 208
1627566231215 0.00033215926525004616 209
1627566231283 0.0003319206352425835 210
1627566231358 0.0003316429705519313 211
1627566231423 0.00033140234922716526 212
1627566231508 0.00033110938974356517 213
1627566231603 0.00033082963595551344 214
1627566231681 0.00033056341561447076 215
1627566231785 0.00033022540834673107 216
1627566231856 0.00032994740549454607 217
1627566231919 0.00032967607215125133 218
1627566232027 0.0003293830095450549 219
1627566232111 0.0003291290263734303 220
1627566232178 0.00032888042729933506 221
1627566232245 0.0003286579361833961 222
1627566232311 0.00032838663036890254 223
1627566232391 0.00032813043417438106 224
1627566232477 0.00032781948280109356 225
1627566232562 0.00032752517131118725 226
1627566232622 0.00032731597380552364 227
1627566232701 0.00032706915767265166 228
1627566232777 0.00034124319284184983 229
