1627557568872 0.5094734957133397 0
1627557568976 0.4705881309997183 1
1627557569064 0.4361802590677095 2
1627557569152 0.40615063656912553 3
1627557569290 0.3794768871434699 4
1627557569375 0.35630358713622323 5
1627557569463 0.3360563050792944 6
1627557569551 0.31877120759679345 7
1627557569637 0.30392930882552327 8
1627557569718 0.2911439293148137 9
1627557569803 0.2800963904349326 10
1627557569885 0.2708234139833183 11
1627557569966 0.2627111692692585 12
1627557570048 0.2557946556661878 13
1627557570130 0.24982146440713363 14
1627557570210 0.24478456464749374 15
1627557570286 0.2405409438496149 16
1627557570366 0.23711813039146695 17
1627557570453 0.23411114073148556 18
1627557570534 0.23154950243373074 19
1627557570614 0.22918044609970703 20
1627557570700 0.22721135483900978 21
1627557570824 0.22552017585330425 22
1627557570892 0.2239844809288408 23
1627557571009 0.2225474701159705 24
1627557571078 0.22140009316305134 25
1627557571147 0.22050706861156394 26
1627557571217 0.21952981287584958 27
1627557571294 0.21840465378897372 28
1627557571361 0.2175094087618039 29
1627557571432 0.21678894538536284 30
1627557571509 0.2158857847508071 31
1627557571572 0.21513389255950705 32
1627557571643 0.21398813801318417 33
1627557571708 0.2135027447327184 34
1627557571775 0.21287190650627116 35
1627557571847 0.2123878930687644 36
1627557571922 0.21176765676286108 37
1627557571993 0.21081154897155904 38
1627557572066 0.21005896484006137 39
1627557572132 0.20968713887423326 40
1627557572194 0.20915713541724057 41
1627557572267 0.20857129654825804 42
1627557572363 0.20796036538696278 43
1627557572435 0.20734792579037803 44
1627557572502 0.20709681081467968 45
1627557572572 0.2067428459999869 46
1627557572629 0.20646744277031376 47
1627557572696 0.206009647672079 48
1627557572781 0.2057207610771121 49
1627557572894 0.20541302179400248 50
1627557572960 0.20519108612222137 51
1627557573040 0.20468401528143182 52
1627557573120 0.20398299892961824 53
1627557573178 0.20377745625527244 54
1627557573234 0.20357507002026348 55
1627557573317 0.2028749436456501 56
1627557573384 0.20259135080079282 57
1627557573465 0.20236954994125506 58
1627557573543 0.20207726646462434 59
1627557573598 0.20186521675486702 60
1627557573676 0.20124756966509622 61
1627557573769 0.20054329686539776 62
1627557573846 0.20034956719570432 63
1627557573930 0.20014006873891432 64
1627557574016 0.19992285165614454 65
1627557574068 0.19975062437579344 66
1627557574124 0.19958942980012936 67
1627557574186 0.1992082993614253 68
1627557574268 0.19898314227947442 69
1627557574360 0.19851931243508109 70
1627557574430 0.1983488499797813 71
1627557574498 0.19817149130006717 72
1627557574591 0.19798191216297073 73
1627557574652 0.19779703504536628 74
1627557574720 0.19720277286858265 75
1627557574786 0.19701542548838336 76
1627557574844 0.196868357289714 77
1627557574908 0.1966196298186422 78
1627557574974 0.19639706259338507 79
1627557575088 0.19582774301419512 80
1627557575185 0.19563608089949092 81
1627557575280 0.19523539273404344 82
1627557575341 0.1950709344278952 83
1627557575403 0.19461571680970616 84
1627557575465 0.1944282346100554 85
1627557575513 0.19428666732420113 86
1627557575564 0.19413175703947053 87
1627557575620 0.19394059131289265 88
1627557575663 0.19380038719209658 89
1627557575718 0.19365162409392228 90
1627557575771 0.19349973284949556 91
1627557575831 0.19335031795798654 92
1627557575888 0.1932204117732834 93
1627557575943 0.19303753534264662 94
1627557576004 0.19287413995827682 95
1627557576077 0.1925299637796488 96
1627557576131 0.19238080642860828 97
1627557576178 0.19225603732397217 98
1627557576244 0.19192632024328557 99
1627557576329 0.19161962478652517 100
1627557576391 0.19116552233331893 101
1627557576452 0.1908137061606116 102
1627557576508 0.19067039724499926 103
1627557576567 0.19055676683960002 104
1627557576623 0.1904235366224011 105
1627557576688 0.19032282819094745 106
1627557576743 0.19018766386537556 107
1627557576804 0.19003019130827523 108
1627557576886 0.18958890159709932 109
1627557576991 0.18915762783439521 110
1627557577070 0.18903060616240452 111
1627557577167 0.18879986529435105 112
1627557577257 0.18867822987063748 113
1627557577332 0.18856156981448696 114
1627557577404 0.18822954630404096 115
1627557577452 0.18811535765501022 116
1627557577516 0.18785457504645695 117
1627557577582 0.1877549987790072 118
1627557577676 0.1875604553435289 119
1627557577750 0.18725145602069607 120
1627557577826 0.1871368545574811 121
1627557577891 0.18702768126533115 122
1627557577952 0.1868471961395706 123
1627557578017 0.18672750769649696 124
1627557578074 0.18653380508520606 125
1627557578136 0.18639075856140983 126
1627557578198 0.1861391562621433 127
1627557578257 0.18599175444478583 128
1627557578303 0.18587168145411959 129
1627557578363 0.18571547091546808 130
1627557578430 0.18552004322558546 131
1627557578499 0.1853725487607305 132
1627557578544 0.18527918520789258 133
1627557578606 0.18515673847323214 134
1627557578657 0.18506411842555065 135
1627557578711 0.18495652591084968 136
1627557578767 0.18486251758339842 137
1627557578818 0.18476228342650344 138
1627557578869 0.18465238819002777 139
1627557578946 0.18455236733618602 140
1627557579016 0.1841927674494524 141
1627557579086 0.18409331412647406 142
1627557579160 0.18399403658883806 143
1627557579240 0.18388391825794667 144
1627557579319 0.18379116438300255 145
1627557579410 0.1836939194984036 146
1627557579478 0.18345180590956023 147
1627557579534 0.18335798715560733 148
1627557579599 0.18318625647948159 149
1627557579676 0.18310070693235087 150
1627557579744 0.18284920625667778 151
1627557579800 0.18273327026823316 152
1627557579846 0.1826396087382504 153
1627557579890 0.1825482903337221 154
1627557579953 0.18243790227484535 155
1627557580016 0.18219709708361795 156
1627557580057 0.18210745429911673 157
1627557580127 0.18185719914557064 158
1627557580174 0.18176147895035044 159
1627557580236 0.18165016433351477 160
1627557580308 0.18136638041285622 161
1627557580356 0.18126866762555793 162
1627557580410 0.18117429315271694 163
1627557580479 0.18107008097697638 164
1627557580528 0.18098422850341891 165
1627557580582 0.18090009124289386 166
1627557580649 0.18068402712479412 167
1627557580702 0.18059664031822156 168
1627557580754 0.1805131732422818 169
1627557580803 0.1804304428496351 170
1627557580873 0.18034875332191458 171
1627557580968 0.18025188100117812 172
1627557581040 0.1801610930704656 173
1627557581108 0.18007552608835412 174
1627557581159 0.1799916327235843 175
1627557581211 0.1798917612296942 176
1627557581269 0.1796701247663756 177
1627557581314 0.17958176329230985 178
1627557581360 0.17950358988871853 179
1627557581414 0.1794145438933838 180
1627557581465 0.1793287308938822 181
1627557581523 0.17921887828934852 182
1627557581572 0.17911695633960525 183
1627557581622 0.17902980889538248 184
1627557581671 0.17893350115541284 185
1627557581716 0.17885281998623156 186
1627557581757 0.17876605822998404 187
1627557581808 0.17867760691320556 188
1627557581857 0.17859117336215652 189
1627557581908 0.17845753185489358 190
1627557581954 0.17834169191683505 191
1627557582018 0.17825366473734838 192
1627557582066 0.17816941998497965 193
1627557582121 0.1780744017915223 194
1627557582191 0.17787677869897117 195
1627557582246 0.1777645938823514 196
1627557582311 0.17767542444218865 197
1627557582364 0.17753876511166414 198
1627557582412 0.17745913930584445 199
1627557582500 0.1773400881606594 200
1627557582561 0.177209557830458 201
1627557582615 0.17713607110335577 202
1627557582693 0.17706052133209424 203
1627557582762 0.1769047408416499 204
1627557582816 0.17682033252907695 205
1627557582864 0.17674269871355983 206
1627557582937 0.17664307332064355 207
1627557583000 0.17655290094579854 208
1627557583055 0.1764708565980618 209
1627557583108 0.17639519132483442 210
1627557583154 0.1762963333863868 211
1627557583201 0.1762164546459547 212
1627557583248 0.17613084810737564 213
1627557583309 0.1760362045614478 214
1627557583362 0.17594646277599987 215
1627557583429 0.17585138702160671 216
1627557583477 0.17577934311107848 217
1627557583524 0.17570605187971142 218
1627557583571 0.17563236118787523 219
1627557583628 0.1755082611327693 220
1627557583704 0.1754245413300138 221
1627557583778 0.17534925566039045 222
1627557583853 0.17526768602881423 223
1627557583932 0.17518334946392317 224
1627557584025 0.17490055238093155 225
1627557584081 0.17482098106151064 226
1627557584122 0.174747847930858 227
1627557584174 0.17467182770632478 228
1627557584261 0.17452772142165066 229
1627557584309 0.17445592060875964 230
1627557584356 0.17438461285851403 231
1627557584409 0.17430729208143358 232
1627557584470 0.17420122598659815 233
1627557584541 0.1741309780096673 234
1627557584584 0.17405443410406132 235
1627557584649 0.17385440373209235 236
1627557584718 0.17365009281709473 237
1627557584767 0.17356962378719823 238
1627557584815 0.17349020628262926 239
1627557584879 0.17339878016000335 240
1627557584923 0.17331989029295888 241
1627557584972 0.17324077512612865 242
1627557585021 0.17316378597386994 243
1627557585075 0.1730934270715318 244
1627557585134 0.17300221947930275 245
1627557585185 0.17291897247068239 246
1627557585235 0.17284471749947353 247
1627557585299 0.17261633539648905 248
1627557585356 0.1725381694986341 249
1627557585420 0.17246715551500683 250
1627557585468 0.17239704665025563 251
1627557585516 0.17232735555147832 252
1627557585582 0.17225837976960628 253
1627557585667 0.17214952955974666 254
1627557585713 0.1720800970819028 255
1627557585764 0.17200699148831988 256
1627557585822 0.1719316314470143 257
1627557585876 0.17186226829724313 258
1627557585940 0.1717782466117828 259
1627557585990 0.17170615246973137 260
1627557586042 0.1716367563783095 261
1627557586122 0.17149078511748783 262
1627557586199 0.17141703528411104 263
1627557586271 0.1713493329828754 264
1627557586351 0.17128403394961222 265
1627557586417 0.1712156380598783 266
1627557586495 0.17113678932245097 267
1627557586565 0.17106690053814633 268
1627557586611 0.17099964466605636 269
1627557586663 0.17094139568551273 270
1627557586713 0.17086676763585318 271
1627557586782 0.1706510033448727 272
1627557586834 0.17057931454732592 273
1627557586902 0.17037704896471914 274
1627557586965 0.17024088665106554 275
1627557587028 0.17011510038399774 276
1627557587071 0.17004839352133386 277
1627557587132 0.1699831648360105 278
1627557587203 0.16991569664567133 279
1627557587251 0.16984027268459975 280
1627557587331 0.16976694824527477 281
1627557587409 0.16970008543203016 282
1627557587465 0.16962755195288193 283
1627557587518 0.16955167500631976 284
1627557587574 0.1694805833473314 285
1627557587637 0.16936729590666433 286
1627557587684 0.1693025104762173 287
1627557587744 0.16921166382859323 288
1627557587790 0.16914361166583658 289
1627557587864 0.16897614800301886 290
1627557587916 0.1689050197756944 291
1627557587976 0.16883394842129915 292
1627557588025 0.16876257102559142 293
1627557588081 0.1686904925195493 294
1627557588130 0.16861937650403896 295
1627557588181 0.16855294605385163 296
1627557588227 0.16848563093675176 297
1627557588281 0.1684014351173329 298
1627557588336 0.16832116995461902 299
1627557588417 0.1682071850448245 300
1627557588478 0.16812947407537812 301
1627557588528 0.16806249572623463 302
1627557588609 0.16791823501497144 303
1627557588659 0.1678589468798052 304
1627557588708 0.16779056061561184 305
1627557588753 0.1677232828065826 306
1627557588802 0.16765803270805543 307
1627557588872 0.1675538469959566 308
1627557588933 0.1674833685862927 309
1627557588983 0.16741737899225365 310
1627557589028 0.16735629807179528 311
1627557589074 0.16729550151798833 312
1627557589132 0.16719323818824947 313
1627557589199 0.16712751811842913 314
1627557589275 0.16705858718861252 315
1627557589335 0.1670042663912408 316
1627557589392 0.16694498697875068 317
1627557589436 0.1668875857576103 318
1627557589514 0.16679704363114517 319
1627557589582 0.16673600953823572 320
1627557589639 0.16667900374265612 321
1627557589686 0.1666209615707462 322
1627557589732 0.166558735779809 323
1627557589782 0.16648753117497753 324
1627557589841 0.16639326363949797 325
1627557589890 0.1663362830954884 326
1627557589943 0.16626660008378735 327
1627557590009 0.16620107237507925 328
1627557590081 0.16613365041616482 329
1627557590148 0.16606613149030808 330
1627557590208 0.1660008358974446 331
1627557590252 0.16594018029402074 332
1627557590299 0.16587417402812585 333
1627557590343 0.16581748589122003 334
1627557590388 0.16576334516087188 335
1627557590431 0.16569677981818354 336
1627557590484 0.16561647080425676 337
1627557590542 0.16555556697017368 338
1627557590606 0.16549467171623722 339
1627557590666 0.16543554638305075 340
1627557590711 0.16537795100946867 341
1627557590774 0.1652468888667172 342
1627557590815 0.16519678311107022 343
1627557590866 0.16513673051309688 344
1627557590914 0.16507130632991518 345
1627557590957 0.16501244806949444 346
1627557590999 0.16495728608456459 347
1627557591052 0.16489641524299492 348
1627557591097 0.16483182570314295 349
1627557591169 0.16476610643594866 350
1627557591240 0.16470139286288707 351
1627557591315 0.16463103863728262 352
1627557591369 0.16452719993506032 353
1627557591427 0.16441781931481844 354
1627557591503 0.16434813081853852 355
1627557591563 0.1642776280754852 356
1627557591632 0.16416079565163214 357
1627557591706 0.1640976513299545 358
1627557591771 0.16403683028794702 359
1627557591839 0.16397324765057142 360
1627557591901 0.16387969544728154 361
1627557591965 0.16372620112899483 362
1627557592014 0.1636645693392597 363
1627557592078 0.1636060133900587 364
1627557592155 0.1635331578682035 365
1627557592205 0.16347187401912486 366
1627557592257 0.16339904632311394 367
1627557592305 0.1633390948345364 368
1627557592361 0.16328129028762492 369
1627557592411 0.16323338526957296 370
1627557592474 0.16315207531344192 371
1627557592527 0.1630589529721339 372
1627557592591 0.1629979653253977 373
1627557592655 0.16289151041204816 374
1627557592704 0.16281741227879187 375
1627557592777 0.16271443361346874 376
1627557592866 0.16259953608054808 377
1627557592913 0.16253151778961653 378
1627557592962 0.16247602819327234 379
1627557593032 0.16241988164981064 380
1627557593091 0.16227019120863131 381
1627557593135 0.16221300166655647 382
1627557593190 0.16215478378480205 383
1627557593224 0.16209251665763605 384
1627557593272 0.16202932412851362 385
1627557593326 0.16197822395825764 386
1627557593394 0.16190763637387984 387
1627557593477 0.16184662396395255 388
1627557593582 0.16170804086387172 389
1627557593660 0.16163933234109384 390
1627557593721 0.16153292242375322 391
1627557593772 0.16147457440406668 392
1627557593820 0.16141511392411836 393
1627557593881 0.16135310371298797 394
1627557593926 0.16130316717133056 395
1627557593974 0.1612450585554244 396
1627557594023 0.1611868779170639 397
1627557594077 0.16112874405945063 398
1627557594124 0.16107299813366022 399
1627557594190 0.16101739123892736 400
1627557594237 0.16096605041476206 401
1627557594301 0.16091064316283288 402
1627557594368 0.16085595512659084 403
1627557594422 0.16079569986802233 404
1627557594471 0.16074142693605464 405
1627557594517 0.1606867192845983 406
1627557594563 0.16063459733418092 407
1627557594625 0.16054702230358625 408
1627557594676 0.1604946230876232 409
1627557594726 0.16043925537536483 410
1627557594771 0.16038495699740754 411
1627557594815 0.1603299653818635 412
1627557594859 0.16027840332796553 413
1627557594909 0.16021907361522414 414
1627557594947 0.1601736748517142 415
1627557594998 0.16011448803018954 416
1627557595063 0.1600435239287236 417
1627557595114 0.15997267007355678 418
1627557595156 0.15991934906184357 419
1627557595199 0.1598589989470417 420
1627557595242 0.15980344635632251 421
1627557595292 0.15974988765665504 422
1627557595338 0.15969961395041504 423
1627557595382 0.15964838828937458 424
1627557595427 0.15959601975756302 425
1627557595474 0.1595404118405856 426
1627557595516 0.15949340845131532 427
1627557595592 0.15939457685913394 428
1627557595670 0.15933362993448613 429
1627557595752 0.15923512260925843 430
1627557595817 0.15915621033473093 431
1627557595876 0.15909452733275345 432
1627557595929 0.15901634284271796 433
1627557595973 0.15896158940656074 434
1627557596020 0.15890423269271936 435
1627557596071 0.15884878272226943 436
1627557596121 0.15879360439988943 437
1627557596173 0.15873694346606432 438
1627557596219 0.15868752488446441 439
1627557596264 0.15863904111005095 440
1627557596313 0.15858773418885155 441
1627557596365 0.15847876693626017 442
1627557596408 0.15842600682666455 443
1627557596454 0.15837058932596565 444
1627557596508 0.15831632896192227 445
1627557596549 0.1582677548292758 446
1627557596598 0.158212335345655 447
1627557596643 0.15815783965294714 448
1627557596686 0.15810784557386634 449
1627557596754 0.1580510904537144 450
1627557596806 0.1580007145964837 451
1627557596856 0.15795295638644316 452
1627557596905 0.15790277329084093 453
1627557596962 0.15783728855236898 454
1627557597010 0.1577888144295033 455
1627557597068 0.1577288866891858 456
1627557597118 0.15767728026071798 457
1627557597174 0.15761862514366995 458
1627557597218 0.15757438989146536 459
1627557597269 0.1575118157430537 460
1627557597317 0.1574573004503053 461
1627557597356 0.15740162698386198 462
1627557597399 0.15735022621984554 463
1627557597440 0.15729794709843062 464
1627557597487 0.1572464898453625 465
1627557597538 0.15716182344677992 466
1627557597584 0.15710766648401261 467
1627557597628 0.15705471872624657 468
1627557597680 0.15700462429929393 469
1627557597728 0.1569500753012556 470
1627557597775 0.156897000278186 471
1627557597822 0.15684783254822052 472
1627557597893 0.15679233208353513 473
1627557597939 0.15674163492332574 474
1627557597988 0.1566921269303747 475
1627557598035 0.1566409725433592 476
1627557598090 0.1565878124170852 477
1627557598137 0.15653780357534378 478
1627557598187 0.1564845385466072 479
1627557598246 0.15642828449496293 480
1627557598299 0.15637738621561992 481
1627557598348 0.15631169616067392 482
1627557598388 0.15626434788075802 483
1627557598433 0.15621691741855215 484
1627557598491 0.15615332742682494 485
1627557598535 0.1561073785305591 486
1627557598583 0.15606238029157654 487
1627557598640 0.15598975758940065 488
1627557598683 0.15594068416298143 489
1627557598730 0.15589837299641682 490
1627557598774 0.15584635203143465 491
1627557598818 0.15579408944052814 492
1627557598871 0.15574104867655245 493
1627557598916 0.15568617955122668 494
1627557598970 0.1556285766228077 495
1627557599026 0.1555772013769857 496
1627557599070 0.15553237578589443 497
1627557599118 0.15547992878192615 498
1627557599199 0.15540521275718885 499
1627557599282 0.15535350513357124 500
1627557599335 0.1553008322189383 501
1627557599380 0.15525215597537495 502
1627557599431 0.15520137174791454 503
1627557599486 0.15515225277908432 504
1627557599535 0.1550984147851904 505
1627557599581 0.15504739308083187 506
1627557599630 0.15499402214554325 507
1627557599676 0.154941523575051 508
1627557599721 0.15489005268439954 509
1627557599770 0.1548325123892375 510
1627557599816 0.15478795240714324 511
1627557599863 0.15473578143681083 512
1627557599917 0.15468425358952248 513
1627557599974 0.15462517778070603 514
1627557600037 0.15456432474021747 515
1627557600088 0.1545141150548067 516
1627557600132 0.15446861154212663 517
1627557600178 0.15442496159113317 518
1627557600220 0.15438269111716643 519
1627557600264 0.15433360991868386 520
1627557600315 0.15428234481838804 521
1627557600360 0.15423598066203267 522
1627557600404 0.15418372928390678 523
1627557600498 0.15679233208353513 524
1627557604763 0.5089341919860968 0
1627557604876 0.47015366986150897 1
1627557604964 0.43623686956792246 2
1627557605052 0.4064608518627224 3
1627557605153 0.3797163313028739 4
1627557605283 0.3565613065656177 5
1627557605370 0.33643693237392686 6
1627557605457 0.3191732553117316 7
1627557605563 0.304241506822973 8
1627557605660 0.29138592933412566 9
1627557605747 0.28045820714556763 10
1627557605867 0.2711223531095858 11
1627557605949 0.2630543718910743 12
1627557606035 0.25620279064223744 13
1627557606151 0.250407666322234 14
1627557606235 0.24550194841841091 15
1627557606333 0.24123567372782434 16
1627557606461 0.23771192387727155 17
1627557606583 0.23456185948431058 18
1627557606661 0.23187579899809546 19
1627557606736 0.22945248001534185 20
1627557606821 0.22742236543443306 21
1627557606938 0.22569276704905955 22
1627557607012 0.22414766805578634 23
1627557607085 0.22269586107815822 24
1627557607157 0.22151908842077817 25
1627557607225 0.2205105441610027 26
1627557607301 0.21974339713814917 27
1627557607377 0.2186937417815217 28
1627557607450 0.21795116478326443 29
1627557607518 0.2172136189221224 30
1627557607597 0.21633808120654113 31
1627557607659 0.21575581157173196 32
1627557607734 0.2151167163671127 33
1627557607801 0.21458742693480157 34
1627557607868 0.2140705139836606 35
1627557607940 0.21322424830660552 36
1627557608016 0.21243658993527292 37
1627557608123 0.21156003664604053 38
1627557608214 0.2107212589676734 39
1627557608289 0.21040551719725917 40
1627557608370 0.20988161931796176 41
1627557608431 0.20960258940241716 42
1627557608506 0.208818647924447 43
1627557608579 0.20839067110171924 44
1627557608633 0.20816631343360126 45
1627557608704 0.2076558990466006 46
1627557608761 0.20737894344754818 47
1627557608818 0.20711901187466286 48
1627557608879 0.2068580984616992 49
1627557608965 0.2062374565717214 50
1627557609022 0.20603368519096216 51
1627557609099 0.20543238970380107 52
1627557609164 0.20466367250451456 53
1627557609228 0.20439017042304786 54
1627557609310 0.20417573062535 55
1627557609382 0.20372741871211458 56
1627557609441 0.20353185044063402 57
1627557609501 0.2033264928028649 58
1627557609571 0.20272862947405132 59
1627557609628 0.20249158139413373 60
1627557609720 0.20203382056963745 61
1627557609784 0.2016377631665953 62
1627557609841 0.2014207012392261 63
1627557609897 0.20122199234684163 64
1627557609963 0.200779065866683 65
1627557610016 0.20060120046322769 66
1627557610064 0.20042992941335813 67
1627557610126 0.20022060838844508 68
1627557610196 0.2000298599586376 69
1627557610267 0.19980925257412285 70
1627557610325 0.19963497299785526 71
1627557610375 0.19948397619165448 72
1627557610439 0.1992615416389959 73
1627557610515 0.19865710697538477 74
1627557610583 0.19840793399918255 75
1627557610651 0.1981544803738104 76
1627557610704 0.19797884713156608 77
1627557610757 0.19779611609692185 78
1627557610818 0.19753603270652542 79
1627557610884 0.19708929151764581 80
1627557610949 0.19670602454276187 81
1627557611008 0.19652857187145198 82
1627557611065 0.19639971504089648 83
1627557611160 0.19620921560781704 84
1627557611257 0.19603312057886127 85
1627557611312 0.195857416464227 86
1627557611363 0.195705856894527 87
1627557611410 0.19558208498028157 88
1627557611478 0.19540368062768426 89
1627557611564 0.19521338700661134 90
1627557611636 0.19488972636235433 91
1627557611729 0.1947212378090868 92
1627557611786 0.19458739722960303 93
1627557611843 0.1944794241561843 94
1627557611926 0.1941738743991514 95
1627557612018 0.19361517849331278 96
1627557612114 0.1931106437369986 97
1627557612182 0.19286736907756902 98
1627557612254 0.1926685077975666 99
1627557612351 0.19250658572253776 100
1627557612430 0.19237902005863453 101
1627557612523 0.19215476293959732 102
1627557612584 0.19204452390216079 103
1627557612665 0.1918614302843531 104
1627557612728 0.19172660950960516 105
1627557612801 0.1915810631352012 106
1627557612880 0.1914061329740178 107
1627557612946 0.19123743107331004 108
1627557613019 0.19087719831752456 109
1627557613094 0.1905293778582514 110
1627557613148 0.19039717714671286 111
1627557613215 0.18995439174933199 112
1627557613272 0.1898223909003489 113
1627557613322 0.18969948426085428 114
1627557613380 0.18955630192665512 115
1627557613428 0.1894159725778996 116
1627557613494 0.18908934491299623 117
1627557613547 0.1889627824226453 118
1627557613610 0.18873008572809594 119
1627557613668 0.18854133900424386 120
1627557613718 0.1884387862498965 121
1627557613765 0.18832618841114002 122
1627557613848 0.1879644631906288 123
1627557613925 0.18775633993219873 124
1627557614001 0.18760397811249085 125
1627557614085 0.1874942653436674 126
1627557614171 0.1871332074562778 127
1627557614242 0.18689386455582427 128
1627557614291 0.18679426619358366 129
1627557614354 0.18659295442278417 130
1627557614414 0.18645591038960355 131
1627557614484 0.18623313820612208 132
1627557614534 0.18612380291516517 133
1627557614600 0.1859479829169655 134
1627557614648 0.18583930476122149 135
1627557614696 0.185739191961302 136
1627557614739 0.185649264878376 137
1627557614790 0.1855472690080687 138
1627557614857 0.18542890021259795 139
1627557614911 0.18531380877342962 140
1627557614968 0.1851719205471032 141
1627557615021 0.18505413291896733 142
1627557615075 0.18495526011358862 143
1627557615124 0.18484984066093094 144
1627557615179 0.1847498038048774 145
1627557615242 0.18462749571662357 146
1627557615301 0.18452863399775785 147
1627557615350 0.18442972372269745 148
1627557615401 0.18432525871206892 149
1627557615468 0.18422605159382469 150
1627557615522 0.18411976852539627 151
1627557615577 0.18401245598258073 152
1627557615622 0.18390342503172166 153
1627557615678 0.1838071908131246 154
1627557615719 0.18371998594382472 155
1627557615786 0.18341584538843977 156
1627557615839 0.18331611686727176 157
1627557615898 0.18311462267440703 158
1627557615951 0.183012902631171 159
1627557616017 0.18279536318609274 160
1627557616073 0.18256598109691521 161
1627557616124 0.18247606001155006 162
1627557616185 0.18237358951479077 163
1627557616267 0.18227558943674924 164
1627557616335 0.18217465600766122 165
1627557616375 0.1820859770880992 166
1627557616421 0.1819942853907595 167
1627557616466 0.18189225487695648 168
1627557616510 0.18179495028254408 169
1627557616558 0.1817046688385939 170
1627557616617 0.18162667906696656 171
1627557616695 0.1815176667879422 172
1627557616748 0.18142068427918218 173
1627557616800 0.18132626350189363 174
1627557616856 0.18121543667345863 175
1627557616923 0.18112017775742265 176
1627557617021 0.180912612310924 177
1627557617099 0.1808202393100983 178
1627557617173 0.1807302128974964 179
1627557617250 0.18063943153827858 180
1627557617323 0.18055081769175163 181
1627557617382 0.18045744632364732 182
1627557617440 0.18035851086055532 183
1627557617494 0.18026996916846205 184
1627557617559 0.18006845217691042 185
1627557617608 0.17998792277302328 186
1627557617652 0.1798976139377919 187
1627557617702 0.17981212723899412 188
1627557617750 0.17973543280287166 189
1627557617809 0.17960633473120088 190
1627557617873 0.17929653119730843 191
1627557617919 0.1792111516076079 192
1627557617958 0.17912982477972483 193
1627557618002 0.17904851876818006 194
1627557618065 0.17885795228318524 195
1627557618129 0.17856899625531505 196
1627557618198 0.1784541423519132 197
1627557618264 0.17816615161489938 198
1627557618313 0.17808748025619953 199
1627557618388 0.17799627010647368 200
1627557618465 0.17790771680034181 201
1627557618520 0.17781935258886308 202
1627557618568 0.17774466120828608 203
1627557618623 0.17765093914551494 204
1627557618673 0.17757417628667785 205
1627557618737 0.1774920068459454 206
1627557618831 0.1772848262359768 207
1627557618882 0.17719062305788522 208
1627557618934 0.17710351638701566 209
1627557618982 0.17702199478398828 210
1627557619045 0.17682067732882356 211
1627557619095 0.1767353891964001 212
1627557619167 0.17646108478066808 213
1627557619229 0.1763551745629426 214
1627557619296 0.1762022015577127 215
1627557619367 0.17594952464115718 216
1627557619414 0.17587047953186968 217
1627557619462 0.1757959612520552 218
1627557619512 0.1757152027724059 219
1627557619579 0.17556682413847433 220
1627557619642 0.17537140324352485 221
1627557619693 0.17528740915436597 222
1627557619739 0.17520494187242 223
1627557619796 0.1751153988169884 224
1627557619872 0.17503830202488516 225
1627557619968 0.17493408236641406 226
1627557620012 0.17485715537572505 227
1627557620062 0.17476938092987587 228
1627557620128 0.17458006338124352 229
1627557620169 0.17450881736713267 230
1627557620210 0.17443655747810768 231
1627557620260 0.17435500328184347 232
1627557620316 0.1742729686465928 233
1627557620376 0.17418007832512572 234
1627557620425 0.17410056496605328 235
1627557620496 0.1739522957936937 236
1627557620552 0.1738642233668772 237
1627557620601 0.17377896765413564 238
1627557620647 0.17370180455041928 239
1627557620703 0.17357028989076256 240
1627557620750 0.17349981635361789 241
1627557620792 0.17342776055122985 242
1627557620841 0.17334681500592758 243
1627557620892 0.17326915996170017 244
1627557620944 0.17319016294083253 245
1627557620991 0.17311811909673455 246
1627557621041 0.1730517471488564 247
1627557621099 0.17296472306393454 248
1627557621150 0.17289411230876972 249
1627557621217 0.1728192733345055 250
1627557621268 0.17274036030977002 251
1627557621319 0.17266591072644466 252
1627557621367 0.172591346106534 253
1627557621434 0.17240850719260536 254
1627557621481 0.17234122260118226 255
1627557621559 0.1722712964255015 256
1627557621648 0.17217908502087775 257
1627557621719 0.17210439607646796 258
1627557621809 0.17203198361809066 259
1627557621860 0.17195990909987574 260
1627557621907 0.17188309535417037 261
1627557621979 0.17173242733206315 262
1627557622048 0.17158042424546122 263
1627557622096 0.1715078053951931 264
1627557622139 0.17143816926225128 265
1627557622189 0.17134332060268082 266
1627557622235 0.17127528850193247 267
1627557622291 0.17120196378808183 268
1627557622336 0.17112010115834697 269
1627557622387 0.17100486366204265 270
1627557622447 0.17089358897069817 271
1627557622539 0.17078874695546076 272
1627557622602 0.17072235675092887 273
1627557622687 0.17060366262026588 274
1627557622738 0.17054066189036945 275
1627557622790 0.17045351109541523 276
1627557622837 0.17038044280728928 277
1627557622885 0.1703062579871861 278
1627557622941 0.17019624034894612 279
1627557622994 0.17012415690428165 280
1627557623041 0.1700527683023093 281
1627557623128 0.1699038772826597 282
1627557623195 0.16983019489333312 283
1627557623258 0.16975398037738554 284
1627557623312 0.16968834983238712 285
1627557623383 0.16962065184562575 286
1627557623452 0.16955812021460312 287
1627557623560 0.16938649153880708 288
1627557623614 0.16932215466700276 289
1627557623682 0.16924479854278154 290
1627557623744 0.1691813754414662 291
1627557623786 0.16910192887140943 292
1627557623840 0.16901669821552104 293
1627557623888 0.16895085473327817 294
1627557623934 0.16888820469241933 295
1627557623979 0.16882064353207685 296
1627557624030 0.16874615300948703 297
1627557624100 0.1685957445351072 298
1627557624155 0.1685234395949361 299
1627557624229 0.1684405512042995 300
1627557624275 0.16837862682498808 301
1627557624320 0.1683156716821489 302
1627557624382 0.16824335406367122 303
1627557624431 0.16817318672548273 304
1627557624480 0.1681032133488998 305
1627557624525 0.16803317184555439 306
1627557624573 0.1679654893063024 307
1627557624637 0.16784133228878578 308
1627557624697 0.1677669368336432 309
1627557624750 0.16770033780375543 310
1627557624795 0.16763739326062613 311
1627557624849 0.16757077030931153 312
1627557624917 0.16742575281965694 313
1627557624966 0.16735743672126252 314
1627557625024 0.16728900695723672 315
1627557625076 0.16721969981363966 316
1627557625124 0.16715311937532967 317
1627557625173 0.16708233826488691 318
1627557625234 0.16700967364068597 319
1627557625306 0.1669402040441017 320
1627557625354 0.16687497874501012 321
1627557625400 0.16681557897057303 322
1627557625477 0.16667631722023826 323
1627557625527 0.16661252292514442 324
1627557625581 0.16649990332493744 325
1627557625626 0.16642734927627467 326
1627557625686 0.1663287190067374 327
1627557625730 0.16626357490201038 328
1627557625781 0.16619575795386055 329
1627557625825 0.16613194730418024 330
1627557625883 0.16607014483076113 331
1627557625929 0.16600830596619817 332
1627557625977 0.1659435682130698 333
1627557626022 0.16588160742984778 334
1627557626078 0.16582089350983537 335
1627557626139 0.16576064823389225 336
1627557626215 0.16569751281228723 337
1627557626301 0.1656308058015967 338
1627557626378 0.16556278818080428 339
1627557626423 0.16550420839026903 340
1627557626473 0.16544833563949388 341
1627557626538 0.1653888129454587 342
1627557626584 0.16533914948760306 343
1627557626663 0.1651796893390179 344
1627557626711 0.16511483691454387 345
1627557626759 0.1650514870667173 346
1627557626807 0.16498677803308373 347
1627557626851 0.16492550728060135 348
1627557626899 0.16486135878531785 349
1627557626967 0.16478724445831733 350
1627557627052 0.16466563858849262 351
1627557627113 0.16459296254512812 352
1627557627167 0.16452688051711045 353
1627557627223 0.16446676354029574 354
1627557627267 0.16441030901872392 355
1627557627330 0.16435064069023678 356
1627557627385 0.16424935520098824 357
1627557627432 0.16419762600406035 358
1627557627477 0.1641300076244968 359
1627557627527 0.1640733814368274 360
1627557627569 0.1640099001875726 361
1627557627613 0.16395650446455182 362
1627557627664 0.16390391079324462 363
1627557627714 0.16383996383697308 364
1627557627774 0.16376791144750927 365
1627557627817 0.163706711978022 366
1627557627882 0.1635663296597354 367
1627557627928 0.16350647724301365 368
1627557627981 0.16343467870548423 369
1627557628024 0.16337904131304226 370
1627557628083 0.1633081249438742 371
1627557628140 0.16324135426148198 372
1627557628208 0.16317803585355595 373
1627557628269 0.16309849461860762 374
1627557628319 0.16303339877792794 375
1627557628370 0.1629781203941366 376
1627557628426 0.16291505953297125 377
1627557628476 0.16285216939469427 378
1627557628529 0.16279078203257852 379
1627557628588 0.16272939502291783 380
1627557628641 0.1626657365968839 381
1627557628692 0.16260133326485485 382
1627557628736 0.16254107107570717 383
1627557628782 0.16248533865472498 384
1627557628830 0.16242773758680631 385
1627557628883 0.162374591833082 386
1627557628939 0.1623127259643226 387
1627557628983 0.16225010951032667 388
1627557629042 0.16216839612120312 389
1627557629092 0.16211120308675112 390
1627557629140 0.16203777899605357 391
1627557629199 0.16195714405946235 392
1627557629250 0.16190136064852376 393
1627557629309 0.16184386493753905 394
1627557629353 0.16178313220077378 395
1627557629397 0.16172460197012092 396
1627557629452 0.16166173323697636 397
1627557629521 0.16160850424206605 398
1627557629573 0.1615493228421705 399
1627557629639 0.16149228056467177 400
1627557629685 0.16143286247512456 401
1627557629728 0.16137384168410668 402
1627557629781 0.1613158676713726 403
1627557629846 0.16125923541814766 404
1627557629926 0.16116948279164933 405
1627557629991 0.16102998728038945 406
1627557630035 0.16096658636670136 407
1627557630092 0.16085401390612047 408
1627557630148 0.1607887094097407 409
1627557630202 0.16072657883836652 410
1627557630248 0.16066665840446503 411
1627557630298 0.16060654032414035 412
1627557630345 0.16055153609708422 413
1627557630396 0.16048101852600172 414
1627557630440 0.1604299672614855 415
1627557630489 0.1603766505820479 416
1627557630542 0.16031420767219617 417
1627557630594 0.16025111514304116 418
1627557630641 0.16019859946236475 419
1627557630704 0.16014780190361652 420
1627557630756 0.16006921646380753 421
1627557630801 0.1600208388393678 422
1627557630863 0.1599437516782159 423
1627557630925 0.1598903553947443 424
1627557630984 0.15984072466821933 425
1627557631039 0.15979025086171425 426
1627557631093 0.15973017783106486 427
1627557631170 0.15966239242028202 428
1627557631233 0.15960542638044886 429
1627557631308 0.15953290294803077 430
1627557631382 0.16272939502291783 431
1627557635420 0.5092297747839453 0
1627557635533 0.4701035798996036 1
1627557635621 0.4356201785197047 2
1627557635712 0.40541225172772677 3
1627557635802 0.378988356417384 4
1627557635903 0.355901931801663 5
1627557636009 0.33587708049071224 6
1627557636138 0.31863591232542327 7
1627557636251 0.3037372060061743 8
1627557636340 0.2910344860988463 9
1627557636427 0.2801424885467603 10
1627557636515 0.27093578847568145 11
1627557636602 0.2627991443493116 12
1627557636692 0.2559478930531792 13
1627557636771 0.25022089696803695 14
1627557636861 0.2452382394230984 15
1627557636985 0.24096302221479893 16
1627557637111 0.23736626779141692 17
1627557637189 0.23420744329548882 18
1627557637269 0.23146105821278234 19
1627557637345 0.22908489671149226 20
1627557637416 0.22711520992430773 21
1627557637492 0.22535413067270238 22
1627557637562 0.22383280055143176 23
1627557637637 0.2225709776374558 24
1627557637706 0.2213007620632153 25
1627557637775 0.22032105696659388 26
1627557637844 0.21946867062776648 27
1627557637914 0.21856892834241146 28
1627557637984 0.2177922018409784 29
1627557638052 0.2169101797828092 30
1627557638125 0.21617878455864967 31
1627557638187 0.2153706402542363 32
1627557638256 0.21457988631081018 33
1627557638323 0.213898488298927 34
1627557638392 0.21321359349015345 35
1627557638497 0.21257196321652208 36
1627557638555 0.21193868179439548 37
1627557638616 0.21124473326696047 38
1627557638682 0.21056152771516665 39
1627557638742 0.21030036058920132 40
1627557638810 0.20974646054193144 41
1627557638873 0.2092723451527715 42
1627557638941 0.2089351078254099 43
1627557639007 0.20853129777427024 44
1627557639071 0.20827005145305064 45
1627557639134 0.2075160356972274 46
1627557639199 0.2071128429237605 47
1627557639263 0.20685404623321021 48
1627557639328 0.20654595130623682 49
1627557639418 0.2056262570693537 50
1627557639476 0.20539793337344767 51
1627557639545 0.20509944699913846 52
1627557639611 0.20476160439888139 53
1627557639672 0.20443982763916574 54
1627557639724 0.20423613674046276 55
1627557639796 0.20376323675726818 56
1627557639853 0.20354959182061488 57
1627557639911 0.2033622629028889 58
1627557639970 0.2028063291689387 59
1627557640027 0.20259036995648777 60
1627557640101 0.20201370243714728 61
1627557640173 0.20150934403713594 62
1627557640230 0.20135322606588937 63
1627557640295 0.20113384013692545 64
1627557640362 0.2004758598043233 65
1627557640418 0.20030300918832156 66
1627557640477 0.20009786848469283 67
1627557640566 0.19972692799965677 68
1627557640623 0.19947845936305003 69
1627557640685 0.19921973913472737 70
1627557640768 0.19903331187960757 71
1627557640836 0.19890727314141907 72
1627557640900 0.1986988513600617 73
1627557640971 0.19840284999732072 74
1627557641037 0.19813568892979963 75
1627557641110 0.19775319619146273 76
1627557641163 0.19759023614019358 77
1627557641221 0.19729718553680678 78
1627557641284 0.19680968132559015 79
1627557641348 0.19659557279490933 80
1627557641404 0.1962152128484303 81
1627557641480 0.19596168013184942 82
1627557641536 0.1958220421983946 83
1627557641629 0.19532879612905132 84
1627557641723 0.1950272658419957 85
1627557641784 0.19486725884607792 86
1627557641838 0.19471236045617096 87
1627557641894 0.19455819892944295 88
1627557641948 0.19439535944072 89
1627557641997 0.19426485319834758 90
1627557642066 0.1937847680459069 91
1627557642124 0.19361857678767438 92
1627557642173 0.1934875034101075 93
1627557642229 0.19329768445678075 94
1627557642296 0.19305228504963973 95
1627557642355 0.1926889352917741 96
1627557642417 0.19255173302823117 97
1627557642469 0.19244803766527227 98
1627557642532 0.19222325216013128 99
1627557642616 0.1920421356474286 100
1627557642685 0.19166364510335102 101
1627557642742 0.19150137422484884 102
1627557642791 0.19137857603482428 103
1627557642846 0.19123794093418403 104
1627557642907 0.19108536968857728 105
1627557642957 0.1909529388362737 106
1627557643047 0.19081216776215779 107
1627557643130 0.19067418777121378 108
1627557643210 0.19022712277003487 109
1627557643295 0.1900846626059354 110
1627557643370 0.18996984119608495 111
1627557643422 0.18984266461582608 112
1627557643480 0.18969595663511474 113
1627557643540 0.18954049968906614 114
1627557643607 0.18929537497170174 115
1627557643665 0.18917137247569704 116
1627557643723 0.18892521658613182 117
1627557643777 0.18880966674163294 118
1627557643843 0.18868144414604024 119
1627557643908 0.18848780704517376 120
1627557643953 0.18836980844288953 121
1627557644005 0.1882544013868691 122
1627557644061 0.18813160585981328 123
1627557644121 0.1878897933352357 124
1627557644177 0.18772335507710322 125
1627557644242 0.18754046119077641 126
1627557644303 0.1874172546332622 127
1627557644380 0.1869948817489343 128
1627557644427 0.18688313815954943 129
1627557644494 0.18676110175946214 130
1627557644555 0.18639035620335745 131
1627557644625 0.1859823390881002 132
1627557644673 0.18588017984069044 133
1627557644735 0.1856046514693235 134
1627557644789 0.18547626851265642 135
1627557644844 0.18537503860388063 136
1627557644895 0.1852596272772489 137
1627557644944 0.18516098027546482 138
1627557644991 0.18506159198019512 139
1627557645052 0.1849688064929117 140
1627557645146 0.18479144900932523 141
1627557645201 0.18469187099400375 142
1627557645259 0.18455683250947494 143
1627557645313 0.1844543567352895 144
1627557645377 0.18435252117798012 145
1627557645471 0.18424421437213098 146
1627557645543 0.18413752113851217 147
1627557645616 0.1840238162486071 148
1627557645707 0.18390835523054389 149
1627557645781 0.1838038349479059 150
1627557645861 0.18348556226286236 151
1627557645930 0.18335503206281806 152
1627557645982 0.18325970725727567 153
1627557646042 0.18316582422472896 154
1627557646111 0.18304708167126865 155
1627557646210 0.18279604067035526 156
1627557646273 0.1826894304944508 157
1627557646332 0.18243275345817644 158
1627557646381 0.1823346298823431 159
1627557646442 0.18219758155003474 160
1627557646498 0.18209227488529386 161
1627557646548 0.18199629615828716 162
1627557646607 0.18188955624376643 163
1627557646675 0.18163442824669618 164
1627557646722 0.18153557489867939 165
1627557646767 0.1814467904507726 166
1627557646814 0.18136417935160468 167
1627557646868 0.1812768691473118 168
1627557646915 0.1811850319071119 169
1627557646968 0.18109609884146272 170
1627557647020 0.18100552357685704 171
1627557647087 0.1807998368046251 172
1627557647155 0.18070873146179336 173
1627557647203 0.1806189353647937 174
1627557647254 0.18053834105590233 175
1627557647306 0.18044522373249686 176
1627557647375 0.18034663464034226 177
1627557647452 0.18025694641496737 178
1627557647504 0.1801744186806833 179
1627557647553 0.18008439643177931 180
1627557647611 0.1799919133584804 181
1627557647674 0.1796426934452547 182
1627557647728 0.17953746906635346 183
1627557647800 0.17941544637790308 184
1627557647873 0.17928611467469321 185
1627557647926 0.17920252344490695 186
1627557647978 0.17911372753216515 187
1627557648032 0.17902397703900477 188
1627557648084 0.178941037887272 189
1627557648140 0.1788434052176443 190
1627557648209 0.17859712814717604 191
1627557648255 0.1785136252896291 192
1627557648307 0.17843128148196147 193
1627557648358 0.1783420914683163 194
1627557648416 0.17819875723089298 195
1627557648468 0.17810504859613066 196
1627557648521 0.17801486736695699 197
1627557648583 0.17781069467418747 198
1627557648647 0.1777367234947957 199
1627557648750 0.17764785246485146 200
1627557648837 0.17754164807786327 201
1627557648889 0.17746237763634298 202
1627557648938 0.1773944712313887 203
1627557648987 0.1773025723406625 204
1627557649041 0.17721891558618116 205
1627557649089 0.17714347273251055 206
1627557649147 0.17705124964795527 207
1627557649201 0.17696556172907732 208
1627557649267 0.17687862007141367 209
1627557649335 0.17680006766907594 210
1627557649406 0.17645935940404714 211
1627557649454 0.1763806336319968 212
1627557649520 0.17625731296712474 213
1627557649584 0.17604076401646057 214
1627557649641 0.17595564055518564 215
1627557649691 0.17587617954735835 216
1627557649746 0.17578823590477222 217
1627557649796 0.17572358991824877 218
1627557649843 0.17564193490628477 219
1627557649926 0.17545219740408644 220
1627557649966 0.1753779495039489 221
1627557650018 0.17529983604565927 222
1627557650089 0.17511983706026535 223
1627557650144 0.17503816174015946 224
1627557650202 0.17491911404096241 225
1627557650258 0.1747555099008982 226
1627557650308 0.1746700860817702 227
1627557650353 0.1745836530752987 228
1627557650419 0.17440701170918435 229
1627557650474 0.17433451315144058 230
1627557650518 0.1742627256423682 231
1627557650570 0.17418875880728105 232
1627557650635 0.1740407949473793 233
1627557650718 0.1739223559075232 234
1627557650770 0.1738429366456818 235
1627557650827 0.17376109597113626 236
1627557650893 0.17367617011747472 237
1627557650946 0.17360038199021063 238
1627557650991 0.1735248897253032 239
1627557651046 0.17344304129141241 240
1627557651099 0.17337666185077674 241
1627557651149 0.17330670700997855 242
1627557651251 0.17312954095623245 243
1627557651315 0.17305837067321778 244
1627557651391 0.17297545315993812 245
1627557651447 0.17290082991287523 246
1627557651489 0.1728330995229585 247
1627557651554 0.1726331099575582 248
1627557651643 0.17251760018019235 249
1627557651709 0.17244394937946309 250
1627557651761 0.17237221207359235 251
1627557651809 0.17229616092514513 252
1627557651860 0.1722298438779548 253
1627557651907 0.1721633573338713 254
1627557651975 0.17209829587253705 255
1627557652053 0.17201861957804432 256
1627557652148 0.17193716266461415 257
1627557652226 0.17186484246125047 258
1627557652329 0.17177503911001304 259
1627557652381 0.17169587663627134 260
1627557652429 0.17163061827083165 261
1627557652512 0.1714542672006882 262
1627557652562 0.17138902510005713 263
1627557652608 0.1713177346099183 264
1627557652655 0.17124667956285505 265
1627557652702 0.17117052011502326 266
1627557652746 0.171106299087551 267
1627557652792 0.17103371838589512 268
1627557652833 0.17096745192411963 269
1627557652893 0.17086238878364934 270
1627557652965 0.1706671472995663 271
1627557653023 0.1705799121272316 272
1627557653072 0.1705116193758425 273
1627557653134 0.17041060828930146 274
1627557653185 0.1703361959377248 275
1627557653243 0.17026128559442122 276
1627557653290 0.1701986606749379 277
1627557653339 0.17013529156682558 278
1627557653398 0.17005645152466348 279
1627557653455 0.16998683660701064 280
1627557653511 0.169908011498263 281
1627557653579 0.16975169989133898 282
1627557653633 0.16967569974956254 283
1627557653685 0.1696062259597777 284
1627557653736 0.1695461688991885 285
1627557653807 0.1693463772025597 286
1627557653857 0.16928276102230838 287
1627557653919 0.1691993297107725 288
1627557653967 0.1691317328295195 289
1627557654034 0.16905421234871346 290
1627557654092 0.16897636703679533 291
1627557654162 0.16890825430923814 292
1627557654222 0.16884417787387865 293
1627557654275 0.16877105115269478 294
1627557654319 0.16871237995718372 295
1627557654368 0.1686474908332048 296
1627557654412 0.1685913593783798 297
1627557654463 0.16852419541284433 298
1627557654508 0.16845932573300218 299
1627557654589 0.168385064303924 300
1627557654637 0.16831203345552279 301
1627557654691 0.16824274756777627 302
1627557654742 0.1681766513474522 303
1627557654790 0.16810702997395247 304
1627557654840 0.168037618777914 305
1627557654907 0.16797603447495812 306
1627557655014 0.16776225497022165 307
1627557655086 0.1676660574699392 308
1627557655152 0.1675590362368095 309
1627557655198 0.1674869880880751 310
1627557655272 0.16741058504673104 311
1627557655330 0.167347385448331 312
1627557655398 0.16723389363947108 313
1627557655447 0.16717284228045237 314
1627557655508 0.16708495379194027 315
1627557655560 0.16701954826456575 316
1627557655611 0.16695178690644144 317
1627557655663 0.16688712328549557 318
1627557655725 0.166807178401462 319
1627557655778 0.16674629048011913 320
1627557655824 0.1666801076987683 321
1627557655883 0.1666188414345344 322
1627557655954 0.1664383754848104 323
1627557656007 0.16636937549864153 324
1627557656060 0.16629086309274724 325
1627557656109 0.1662280932172033 326
1627557656166 0.16608135412579125 327
1627557656230 0.16598553387777762 328
1627557656267 0.16592171480065324 329
1627557656319 0.1658589149802924 330
1627557656365 0.1657936391818798 331
1627557656423 0.16572751592827692 332
1627557656479 0.16566582303170527 333
1627557656540 0.16560984524071717 334
1627557656613 0.16552872716356898 335
1627557656662 0.16546982658808912 336
1627557656720 0.16537735559294908 337
1627557656775 0.1653047297595346 338
1627557656823 0.16525126190641112 339
1627557656873 0.16518438970750526 340
1627557656932 0.16507852286778002 341
1627557656980 0.16501013768958947 342
1627557657030 0.1649459679170074 343
1627557657093 0.16488802044435977 344
1627557657139 0.16483107681419532 345
1627557657189 0.16476242066898059 346
1627557657236 0.16470245030535458 347
1627557657286 0.1646450269802699 348
1627557657336 0.16458457655518222 349
1627557657412 0.16448506565220342 350
1627557657466 0.16440402616186378 351
1627557657513 0.16434227858732872 352
1627557657561 0.16427582209419855 353
1627557657625 0.16417703716693635 354
1627557657686 0.1641167008884453 355
1627557657738 0.16404764468889171 356
1627557657794 0.16397829831245583 357
1627557657863 0.1639192874466384 358
1627557657942 0.16384917657918352 359
1627557658012 0.16379258711929962 360
1627557658082 0.1637345476154449 361
1627557658156 0.16367131045126856 362
1627557658226 0.16361570751110038 363
1627557658299 0.16355382531445897 364
1627557658361 0.16348055398597347 365
1627557658406 0.1634176286225205 366
1627557658461 0.16334883384115312 367
1627557658507 0.16328926974791425 368
1627557658562 0.16316266371665084 369
1627557658608 0.16310686855447484 370
1627557658662 0.16302767623232353 371
1627557658719 0.1629246489470023 372
1627557658763 0.16286446992676634 373
1627557658811 0.16281027236241982 374
1627557658884 0.1626742376850835 375
1627557658937 0.16260312602728494 376
1627557658998 0.16249336058517003 377
1627557659045 0.16243612566457807 378
1627557659095 0.162361623348602 379
1627557659153 0.1622929866655007 380
1627557659208 0.1622338258855553 381
1627557659260 0.16218032237908678 382
1627557659306 0.16212107509268955 383
1627557659356 0.1620613294150502 384
1627557659410 0.16200244638871095 385
1627557659465 0.16195270201001577 386
1627557659526 0.16188161291395897 387
1627557659576 0.16182843342156897 388
1627557659622 0.16176395936841012 389
1627557659670 0.16170471845316134 390
1627557659714 0.161654668775518 391
1627557659773 0.16159274999270004 392
1627557659826 0.16153338884189264 393
1627557659890 0.16146430262847575 394
1627557659938 0.1614086355431276 395
1627557659986 0.16135334680512095 396
1627557660035 0.16130329576392158 397
1627557660106 0.1612452183900827 398
1627557660176 0.1611894838846918 399
1627557660240 0.1611252844056811 400
1627557660303 0.16106945232504466 401
1627557660349 0.16101318038125717 402
1627557660395 0.16096210105326997 403
1627557660451 0.16090442267209537 404
1627557660513 0.16085120306593606 405
1627557660565 0.1607962532142436 406
1627557660619 0.16074078488198515 407
1627557660704 0.16063886749854758 408
1627557660761 0.1605785927280555 409
1627557660818 0.1605217823794628 410
1627557660878 0.16046536534254519 411
1627557660932 0.16040678358227078 412
1627557660983 0.16035165373797505 413
1627557661025 0.16028764068751322 414
1627557661073 0.16023843857195352 415
1627557661123 0.16018291963163017 416
1627557661188 0.16012287062413968 417
1627557661232 0.16005923447227072 418
1627557661287 0.16000358051976446 419
1627557661345 0.1599471679312831 420
1627557661399 0.1598851140550117 421
1627557661444 0.15983231144174684 422
1627557661513 0.15976149212338384 423
1627557661575 0.15970438355854955 424
1627557661662 0.15964745278935985 425
1627557661742 0.159590475935515 426
1627557661840 0.1595091849899061 427
1627557661909 0.1594504008125721 428
1627557661960 0.15939689133453117 429
1627557662036 0.15930807716380999 430
1627557662093 0.15924575375523922 431
1627557662160 0.15909755176239154 432
1627557662240 0.15899866680910857 433
1627557662302 0.15894370737153793 434
1627557662347 0.1588878891480819 435
1627557662394 0.1588345122137214 436
1627557662440 0.15877712155691082 437
1627557662496 0.15871356987674584 438
1627557662543 0.15865828938721974 439
1627557662591 0.1586013806141354 440
1627557662641 0.15854345306464576 441
1627557662687 0.15849668179612783 442
1627557662727 0.15844612068401115 443
1627557662775 0.15839701216903268 444
1627557662837 0.1583311188020851 445
1627557662894 0.15827752180361218 446
1627557662955 0.15821285314863592 447
1627557663011 0.15816190416478654 448
1627557663087 0.15810908201022575 449
1627557663185 0.1579975564847993 450
1627557663242 0.15794444546616648 451
1627557663307 0.15788898287863132 452
1627557663362 0.15783386758871815 453
1627557663439 0.15776616111529593 454
1627557663499 0.15771683498899755 455
1627557663547 0.15767104799301215 456
1627557663611 0.1575797001958556 457
1627557663678 0.15749209633053532 458
1627557663737 0.1574323494732737 459
1627557663790 0.15737308754562482 460
1627557663844 0.15731398787673295 461
1627557663893 0.15726242679118424 462
1627557663943 0.1572125853767858 463
1627557664043 0.15710901996040044 464
1627557664117 0.15705311472717653 465
1627557664216 0.15698944136632142 466
1627557664305 0.156931723299991 467
1627557664363 0.15688298170335166 468
1627557664405 0.15683391819923692 469
1627557664455 0.15678270820949738 470
1627557664497 0.15673731619798914 471
1627557664547 0.15668651061486064 472
1627557664597 0.15663762718146224 473
1627557664648 0.15658270680272213 474
1627557664695 0.15653816508504004 475
1627557664744 0.1564842638371506 476
1627557664799 0.15642237939891854 477
1627557664855 0.15636259895912738 478
1627557664915 0.1563110074234909 479
1627557664971 0.15625668431571813 480
1627557665020 0.1562040945474413 481
1627557665065 0.15615857354373536 482
1627557665111 0.15610545532098605 483
1627557665158 0.15605508209370345 484
1627557665214 0.15598733935245115 485
1627557665283 0.1559331343841258 486
1627557665366 0.15587222805115158 487
1627557665447 0.15581582034455047 488
1627557665508 0.15576713305801917 489
1627557665552 0.1557169232777492 490
1627557665599 0.1556699993879117 491
1627557665646 0.15561803256847637 492
1627557665695 0.15556991228047257 493
1627557665744 0.15551870989210023 494
1627557665787 0.15547577470416735 495
1627557665837 0.15542105820481464 496
1627557665887 0.15536875503761105 497
1627557665942 0.1553170215683893 498
1627557666000 0.15526743659741218 499
1627557666081 0.15521587154091365 500
1627557666162 0.15516964338309303 501
1627557666222 0.15511845546905656 502
1627557666272 0.15507203156227792 503
1627557666338 0.15501687725251825 504
1627557666421 0.1549603393635488 505
1627557666474 0.15490717844465832 506
1627557666529 0.15485034729049466 507
1627557666602 0.15478372700031973 508
1627557666681 0.15473105249511376 509
1627557666771 0.15468101213136054 510
1627557666822 0.1546310421696098 511
1627557666870 0.15458277827794184 512
1627557666924 0.1545354726821905 513
1627557666998 0.15447590172883502 514
1627557667048 0.1544296350294533 515
1627557667094 0.15438045915425247 516
1627557667145 0.15431464748189863 517
1627557667235 0.156931723299991 518
1627557671562 0.5075067764851804 0
1627557671666 0.46886714642215294 1
1627557671755 0.4348902126335893 2
1627557671854 0.40510436757447954 3
1627557671946 0.378533785168821 4
1627557672034 0.35528332094524956 5
1627557672133 0.3351605834331944 6
1627557672233 0.31794987487901977 7
1627557672323 0.30288760997088027 8
1627557672413 0.2900902553238288 9
1627557672498 0.27897732335522674 10
1627557672607 0.2695282056761071 11
1627557672728 0.2614785412653935 12
1627557672816 0.2546610813476497 13
1627557672903 0.2489192374827023 14
1627557672984 0.24403671524561477 15
1627557673063 0.23983650313276306 16
1627557673150 0.23638584092675177 17
1627557673229 0.23338836485871242 18
1627557673314 0.23076858067451958 19
1627557673394 0.2285049479130182 20
1627557673469 0.22660601221199508 21
1627557673548 0.22498134130024824 22
1627557673656 0.22357288826561625 23
1627557673733 0.2221669516361987 24
1627557673811 0.22095681874868436 25
1627557673890 0.2198905628921437 26
1627557673965 0.21897563999290476 27
1627557674036 0.21790149036941883 28
1627557674107 0.2171350793354533 29
1627557674182 0.2162787428620796 30
1627557674265 0.21552764228528878 31
1627557674340 0.21491361184089655 32
1627557674423 0.2140788199160989 33
1627557674496 0.21352045088058977 34
1627557674558 0.2130789448157217 35
1627557674626 0.21221495781084276 36
1627557674690 0.21146921116740242 37
1627557674758 0.2107786337567064 38
1627557674826 0.20995935333196955 39
1627557674888 0.20959138639736866 40
1627557674958 0.20885320236735871 41
1627557675016 0.2085800703101496 42
1627557675090 0.20790093508021057 43
1627557675165 0.20734054378004357 44
1627557675224 0.2069638919471532 45
1627557675292 0.20654573616052269 46
1627557675353 0.20629350063038682 47
1627557675410 0.2059826287280453 48
1627557675479 0.20571022589680543 49
1627557675567 0.20540080629045168 50
1627557675642 0.20516772679245415 51
1627557675718 0.2047717586480522 52
1627557675805 0.20401976624190296 53
1627557675864 0.20374422514288412 54
1627557675921 0.2035227805834633 55
1627557675992 0.20272830533145347 56
1627557676052 0.20249505728864686 57
1627557676109 0.20230715939298566 58
1627557676180 0.20210203620096823 59
1627557676242 0.20189487164267958 60
1627557676313 0.20164675868012355 61
1627557676384 0.20102875538159712 62
1627557676442 0.20077828755534766 63
1627557676495 0.20058806769160678 64
1627557676558 0.20033393479440695 65
1627557676617 0.2001254035577544 66
1627557676674 0.19995766115086178 67
1627557676745 0.19963482228891677 68
1627557676806 0.1993281447914893 69
1627557676871 0.1988760800773624 70
1627557676930 0.1986595080860202 71
1627557676983 0.19849299312044066 72
1627557677054 0.1983118539928437 73
1627557677122 0.19768728004063196 74
1627557677194 0.19748758830793706 75
1627557677269 0.19702767763456852 76
1627557677323 0.19690206657159448 77
1627557677383 0.1967132398048025 78
1627557677463 0.19609065678351328 79
1627557677525 0.19585631632496264 80
1627557677592 0.19559081338684664 81
1627557677659 0.19534085433080847 82
1627557677731 0.19515666241767027 83
1627557677810 0.19499135653486674 84
1627557677885 0.19473235683488962 85
1627557677952 0.19452843452525304 86
1627557678006 0.19440410065469657 87
1627557678065 0.1942594142777558 88
1627557678122 0.19412283065181313 89
1627557678178 0.19400427417319546 90
1627557678251 0.19346978830000794 91
1627557678319 0.19307080428391338 92
1627557678369 0.19292368312075833 93
1627557678426 0.19277392480278688 94
1627557678491 0.19254957592354935 95
1627557678552 0.19219320558334438 96
1627557678620 0.1917101057167088 97
1627557678675 0.1916014513381424 98
1627557678745 0.19133802308690845 99
1627557678815 0.19108299088759598 100
1627557678878 0.19091466817936897 101
1627557678945 0.19061107109787329 102
1627557678991 0.19049883825042427 103
1627557679049 0.19035491573149477 104
1627557679101 0.19022234911495126 105
1627557679152 0.19011091013438977 106
1627557679221 0.18976398946843895 107
1627557679278 0.18963987382788886 108
1627557679345 0.18931701048557922 109
1627557679411 0.18918094184814888 110
1627557679459 0.18908052768238615 111
1627557679515 0.18897839392395768 112
1627557679576 0.18886436355711983 113
1627557679627 0.18875454183447746 114
1627557679682 0.18852925437155343 115
1627557679728 0.18840476041188187 116
1627557679792 0.18826152385769906 117
1627557679865 0.18813868835302863 118
1627557679931 0.18795726896407094 119
1627557680005 0.18753915961080603 120
1627557680053 0.187415776449554 121
1627557680111 0.18728930212333258 122
1627557680183 0.1868645812196405 123
1627557680237 0.18665936946847533 124
1627557680301 0.1865340618842436 125
1627557680382 0.18616216853684647 126
1627557680442 0.1860323761862138 127
1627557680504 0.18585703273523033 128
1627557680552 0.18574973313349882 129
1627557680614 0.18561607355412316 130
1627557680673 0.18546718611485002 131
1627557680764 0.18531228552902182 132
1627557680816 0.18521102598874084 133
1627557680889 0.1850798070199956 134
1627557680934 0.184981964504377 135
1627557680985 0.18486711796304445 136
1627557681032 0.18477316750794495 137
1627557681084 0.1846756246563849 138
1627557681159 0.1845593578184904 139
1627557681228 0.18443933289066938 140
1627557681290 0.18414170199889157 141
1627557681341 0.1840285719424283 142
1627557681388 0.18393441748296455 143
1627557681435 0.18382751865199876 144
1627557681485 0.18373306292314678 145
1627557681543 0.18346593426372146 146
1627557681602 0.18336962677260352 147
1627557681650 0.18325963730749043 148
1627557681718 0.18309659690478322 149
1627557681781 0.18300076087840436 150
1627557681846 0.18282724318117546 151
1627557681915 0.18255752708018494 152
1627557681964 0.18246854090917994 153
1627557682011 0.18236833955631837 154
1627557682065 0.18226284146558228 155
1627557682125 0.18214820229750708 156
1627557682174 0.18205914881685856 157
1627557682263 0.18181694918042507 158
1627557682322 0.18171703501010375 159
1627557682404 0.18148043431795097 160
1627557682482 0.1813616280852443 161
1627557682529 0.18127303520955007 162
1627557682582 0.18119132380140476 163
1627557682638 0.18109582815546668 164
1627557682690 0.18099397317400703 165
1627557682737 0.18089693839495866 166
1627557682804 0.18075823218031756 167
1627557682863 0.1806682014205053 168
1627557682919 0.1805711642853456 169
1627557682970 0.18047939852583794 170
1627557683030 0.1803928884972554 171
1627557683116 0.18029748342862753 172
1627557683166 0.18020842546579055 173
1627557683214 0.18012316780793164 174
1627557683265 0.18004434411439096 175
1627557683318 0.1799538689939024 176
1627557683371 0.17987552311998847 177
1627557683423 0.17978960736085053 178
1627557683487 0.17969744771508506 179
1627557683540 0.17960332217239797 180
1627557683588 0.1795250125540766 181
1627557683650 0.17942584422407218 182
1627557683706 0.1793443772663764 183
1627557683752 0.17925221666857563 184
1627557683806 0.17916357435425606 185
1627557683847 0.17908297869936224 186
1627557683893 0.17899753031577958 187
1627557683940 0.1789093137320801 188
1627557683987 0.1788252663270519 189
1627557684041 0.17874238840406034 190
1627557684106 0.17850642482527582 191
1627557684162 0.1784166647644227 192
1627557684220 0.17833614120624883 193
1627557684278 0.17825329481866173 194
1627557684363 0.17797771532135345 195
1627557684453 0.1778000127597861 196
1627557684562 0.17751719574959274 197
1627557684645 0.17730505109163264 198
1627557684706 0.1772237511864475 199
1627557684781 0.1771073203432663 200
1627557684838 0.1770115415356912 201
1627557684890 0.1769272609161328 202
1627557684953 0.1768525083334065 203
1627557685017 0.1767279065060592 204
1627557685056 0.17664627921584541 205
1627557685102 0.17656947776258844 206
1627557685174 0.17648122661105767 207
1627557685227 0.17639115518764442 208
1627557685279 0.17631575394114227 209
1627557685337 0.1762194362616329 210
1627557685401 0.17594849308331265 211
1627557685447 0.17587490059122313 212
1627557685512 0.17570575235060262 213
1627557685570 0.17561087608832965 214
1627557685625 0.1755378431223994 215
1627557685689 0.17533024060827915 216
1627557685735 0.1752471438003905 217
1627557685790 0.1751632734604905 218
1627557685840 0.17509042532079236 219
1627557685903 0.17501050838612434 220
1627557685957 0.17490152770221476 221
1627557686002 0.17482721796519127 222
1627557686049 0.17474006083344906 223
1627557686104 0.1746527947220001 224
1627557686175 0.17456784829639901 225
1627557686243 0.17444256925249785 226
1627557686286 0.1743645175684007 227
1627557686339 0.1742881283337508 228
1627557686390 0.17420533509077668 229
1627557686437 0.174131515066966 230
1627557686493 0.17405662011256084 231
1627557686541 0.17398205447434137 232
1627557686626 0.17383387798448094 233
1627557686696 0.17373637086674565 234
1627557686739 0.17366786782912494 235
1627557686802 0.17354986984778892 236
1627557686855 0.17346961930718957 237
1627557686913 0.1733395902794008 238
1627557686959 0.17325598185619612 239
1627557687024 0.17316767996230725 240
1627557687075 0.1730844332949926 241
1627557687123 0.1730051680277293 242
1627557687179 0.1729361662690721 243
1627557687227 0.1728702146105367 244
1627557687318 0.17278074099620463 245
1627557687366 0.17271367522913972 246
1627557687416 0.17264755075252594 247
1627557687509 0.1725210985825556 248
1627557687577 0.17235562256573883 249
1627557687642 0.1722759800128562 250
1627557687694 0.17221196863255525 251
1627557687744 0.17214548211859768 252
1627557687789 0.17207429612899205 253
1627557687838 0.17198761213137037 254
1627557687886 0.17192739658766718 255
1627557687941 0.17184852894234448 256
1627557687992 0.17177209098453966 257
1627557688038 0.17170225817691456 258
1627557688098 0.1716060717870065 259
1627557688152 0.1715278658680484 260
1627557688198 0.17145648885685566 261
1627557688255 0.17139970386835401 262
1627557688318 0.1713283217602555 263
1627557688365 0.17125019106683997 264
1627557688412 0.17116995644181837 265
1627557688481 0.17095413960174125 266
1627557688530 0.17087791844771053 267
1627557688578 0.17080646502878705 268
1627557688627 0.17073191859842599 269
1627557688684 0.17065703793823683 270
1627557688733 0.17057236882777527 271
1627557688781 0.17048597380745356 272
1627557688839 0.1704145549809184 273
1627557688897 0.1703478469661053 274
1627557688974 0.17027035674643848 275
1627557689044 0.17014480200771803 276
1627557689100 0.17007084673752573 277
1627557689149 0.16999510197990045 278
1627557689234 0.16982834535091057 279
1627557689281 0.16976261597510736 280
1627557689331 0.1696891600897076 281
1627557689387 0.1696111826705504 282
1627557689432 0.16954658297868863 283
1627557689488 0.16947243768610246 284
1627557689533 0.16940936657739078 285
1627557689591 0.1693213785169671 286
1627557689641 0.1692610556560636 287
1627557689695 0.16917569136308983 288
1627557689743 0.1690999734783369 289
1627557689809 0.16901061215319496 290
1627557689877 0.16891670701481723 291
1627557689937 0.16884429550032673 292
1627557689998 0.16877240265369303 293
1627557690045 0.16870745666350725 294
1627557690096 0.16864245824941868 295
1627557690149 0.1685652509194936 296
1627557690197 0.16850320110302053 297
1627557690255 0.16836242594731068 298
1627557690307 0.1682989432909294 299
1627557690406 0.1681723962569165 300
1627557690453 0.16810774199695805 301
1627557690508 0.16804800050693358 302
1627557690566 0.16794729143905146 303
1627557690622 0.16788220088073488 304
1627557690679 0.1678173036081299 305
1627557690722 0.1677583120917903 306
1627557690776 0.16769183341619842 307
1627557690841 0.16762074350028883 308
1627557690909 0.16755070303479 309
1627557690954 0.16749335535118423 310
1627557691003 0.16742597142317678 311
1627557691070 0.167359811643524 312
1627557691147 0.1672729973450614 313
1627557691190 0.16721576783960845 314
1627557691245 0.16711331002306243 315
1627557691297 0.16704436230947867 316
1627557691346 0.166977599376644 317
1627557691394 0.16692116964178635 318
1627557691453 0.16685836337477478 319
1627557691512 0.1667919011015984 320
1627557691560 0.1667188560774561 321
1627557691613 0.16665368927957253 322
1627557691671 0.1665534004053013 323
1627557691733 0.16648721752646223 324
1627557691793 0.16641434053214568 325
1627557691854 0.16634355370392925 326
1627557691907 0.16627469002037124 327
1627557691970 0.1661695651328371 328
1627557692029 0.16607905213779775 329
1627557692094 0.16601523490646164 330
1627557692162 0.16595722947956232 331
1627557692221 0.16589178841743707 332
1627557692288 0.1658212765313457 333
1627557692344 0.16576131844458863 334
1627557692402 0.16947243768610246 335
1627557696412 0.5101637642145663 0
1627557696518 0.471088780860276 1
1627557696608 0.43665530006649284 2
1627557696705 0.40628040770199947 3
1627557696798 0.3796767023187871 4
1627557696890 0.35640189470668815 5
1627557697005 0.3362706587576964 6
1627557697106 0.3189718519535181 7
1627557697204 0.3038238521582421 8
1627557697320 0.29097075728632177 9
1627557697406 0.2799687779912111 10
1627557697497 0.27055554685242855 11
1627557697604 0.2624633935379095 12
1627557697719 0.2556613517477855 13
1627557697805 0.24981672133801155 14
1627557697892 0.24490066482035824 15
1627557697972 0.24074183804752108 16
1627557698060 0.237303284982428 17
1627557698144 0.23418379566886427 18
1627557698225 0.23153750903225295 19
1627557698303 0.22922733629031664 20
1627557698379 0.22730080979687392 21
1627557698463 0.22553095753653152 22
1627557698537 0.22413732649129783 23
1627557698616 0.22272818798484953 24
1627557698691 0.22149502443123795 25
1627557698762 0.22038634566835527 26
1627557698832 0.21940801556345835 27
1627557698904 0.2184503302782656 28
1627557698975 0.21761150959065456 29
1627557699043 0.21685128291284042 30
1627557699119 0.21623588220279283 31
1627557699189 0.21533439721016698 32
1627557699253 0.21468121247198638 33
1627557699316 0.21414527180216406 34
1627557699379 0.21356469837484232 35
1627557699448 0.21272681753792755 36
1627557699519 0.21178731269703158 37
1627557699609 0.21089427560772925 38
1627557699708 0.21013413704230197 39
1627557699778 0.20983525177266688 40
1627557699849 0.2095624677124869 41
1627557699917 0.20925945199133203 42
1627557699989 0.20875581703032445 43
1627557700055 0.20823882025104032 44
1627557700119 0.2079531226200862 45
1627557700191 0.20755173901468946 46
1627557700248 0.20716738842373328 47
1627557700315 0.20692010605239425 48
1627557700385 0.2066840784316756 49
1627557700479 0.20584849074067318 50
1627557700540 0.20561366507660164 51
1627557700606 0.20484076939902285 52
1627557700678 0.20408084090498932 53
1627557700737 0.20389848378577144 54
1627557700801 0.20368370188633114 55
1627557700880 0.2029585880358748 56
1627557700939 0.20275106088041228 57
1627557701004 0.20254940339610386 58
1627557701073 0.20210454541938985 59
1627557701133 0.20189863679739373 60
1627557701203 0.20145794634520567 61
1627557701280 0.20087951321465514 62
1627557701340 0.20072605573233734 63
1627557701400 0.2005205732615098 64
1627557701477 0.20025461573813666 65
1627557701535 0.20007228131903493 66
1627557701594 0.19984351176455928 67
1627557701664 0.19945785054693935 68
1627557701735 0.19921631810095944 69
1627557701807 0.19901424534342857 70
1627557701864 0.19882665056572194 71
1627557701934 0.19864620434384556 72
1627557702011 0.19803429441407294 73
1627557702092 0.1975338790596568 74
1627557702159 0.19699596124995222 75
1627557702245 0.19662889822541646 76
1627557702328 0.19644838244699367 77
1627557702380 0.19625797802690637 78
1627557702441 0.1960752696059258 79
1627557702506 0.1958891441479789 80
1627557702577 0.1955053069196907 81
1627557702644 0.19519730522390136 82
1627557702700 0.1950663418555179 83
1627557702769 0.19468849672704291 84
1627557702843 0.19421080080779707 85
1627557702898 0.1940622682947243 86
1627557702950 0.19390597404269386 87
1627557702998 0.1937603325454949 88
1627557703056 0.19360666012277677 89
1627557703113 0.19346054581806876 90
1627557703208 0.19323040836733207 91
1627557703287 0.19304056019856847 92
1627557703338 0.19290996837226548 93
1627557703407 0.19278701825050654 94
1627557703471 0.19251360587445743 95
1627557703532 0.19230065101582985 96
1627557703595 0.19214292022931723 97
1627557703648 0.19200512794299474 98
1627557703718 0.19166113967340503 99
1627557703824 0.1914405240652563 100
1627557703923 0.19126145348598728 101
1627557703998 0.1909153439848243 102
1627557704063 0.19077684379104354 103
1627557704136 0.1906479337143862 104
1627557704188 0.19052844418958625 105
1627557704238 0.19041768775379928 106
1627557704296 0.19023813410600182 107
1627557704371 0.1901144237368511 108
1627557704457 0.18998562962556048 109
1627557704538 0.18984369855096522 110
1627557704591 0.18971526251306772 111
1627557704659 0.1895693022737155 112
1627557704716 0.18942977448400136 113
1627557704770 0.1893176985281545 114
1627557704847 0.18896548969884716 115
1627557704896 0.18885723929220677 116
1627557704960 0.18868821070751807 117
1627557705015 0.18857064925246023 118
1627557705092 0.1881222975652021 119
1627557705147 0.1879707260288828 120
1627557705199 0.1878578934163378 121
1627557705247 0.1877502798819791 122
1627557705309 0.18761606841221162 123
1627557705364 0.18747789801068682 124
1627557705424 0.1872114878540811 125
1627557705481 0.18706887314723208 126
1627557705541 0.18680242888049775 127
1627557705602 0.18667432527598468 128
1627557705653 0.18656022221497473 129
1627557705711 0.18641196062877574 130
1627557705772 0.1863137762094466 131
1627557705836 0.1860004581366783 132
1627557705881 0.18589376429328458 133
1627557705943 0.18573112470928305 134
1627557706006 0.18562171710655948 135
1627557706081 0.18551092973695954 136
1627557706153 0.18540674866762644 137
1627557706204 0.18530419370109685 138
1627557706269 0.18520771363827632 139
1627557706347 0.18510049439539544 140
1627557706461 0.18472456272641283 141
1627557706514 0.1846317843794576 142
1627557706569 0.1845259755185177 143
1627557706625 0.18441255349165034 144
1627557706682 0.1842959904510832 145
1627557706749 0.18414865739232303 146
1627557706805 0.18399467571368758 147
1627557706880 0.18389499699831166 148
1627557706954 0.18378155256881712 149
1627557707014 0.18368191561672334 150
1627557707083 0.18340503639191338 151
1627557707148 0.1833067703562203 152
1627557707195 0.18319999488847022 153
1627557707258 0.18310188508422012 154
1627557707310 0.18299335316655843 155
1627557707398 0.18276401732880956 156
1627557707446 0.18266588657693375 157
1627557707501 0.18257740980891826 158
1627557707551 0.1824883624649934 159
1627557707618 0.1823358484040223 160
1627557707670 0.18222242932942567 161
1627557707718 0.1821299728461326 162
1627557707771 0.18201178585504835 163
1627557707840 0.18172182334565448 164
1627557707889 0.18163623966778225 165
1627557707944 0.18155781956894576 166
1627557708005 0.18145863748923974 167
1627557708062 0.18136577859739908 168
1627557708117 0.1812797355523985 169
1627557708171 0.18119712599804969 170
1627557708219 0.18111202503418522 171
1627557708301 0.18101876548139556 172
1627557708368 0.18093126246418595 173
1627557708425 0.18083836761011293 174
1627557708476 0.18075214426484823 175
1627557708541 0.18065541615341116 176
1627557708598 0.18054157462768122 177
1627557708656 0.18045195922441576 178
1627557708715 0.1803736180830334 179
1627557708789 0.18027857478444964 180
1627557708860 0.18018001760884067 181
1627557708934 0.17992439721845424 182
1627557709000 0.17969098981756235 183
1627557709050 0.17960947447305795 184
1627557709125 0.1795157642682841 185
1627557709190 0.17944175273969074 186
1627557709256 0.1793551736799573 187
1627557709304 0.17925959362174418 188
1627557709354 0.17917954078618156 189
1627557709421 0.1788702193746867 190
1627557709480 0.17871443131438508 191
1627557709532 0.17862166479667455 192
1627557709588 0.17855085893802666 193
1627557709650 0.17846168887860733 194
1627557709722 0.1783089136069527 195
1627557709809 0.1780664970119108 196
1627557709871 0.17797473459816004 197
1627557709929 0.17781293363079062 198
1627557709972 0.1777357027731631 199
1627557710054 0.1776422707791686 200
1627557710114 0.17751549642654055 201
1627557710158 0.17742501425805368 202
1627557710206 0.17734094997477498 203
1627557710264 0.17723990791964497 204
1627557710315 0.17716173486230555 205
1627557710366 0.177086153299792 206
1627557710433 0.17689091267284793 207
1627557710487 0.17681602103529653 208
1627557710538 0.17674288293245824 209
1627557710587 0.1766645972701956 210
1627557710643 0.1765772759430656 211
1627557710692 0.1764872843691861 212
1627557710753 0.1763636415759582 213
1627557710803 0.1762875893771852 214
1627557710866 0.17617849089354912 215
1627557710912 0.17609365954464407 216
1627557710963 0.1760127646150467 217
1627557711014 0.175926661320633 218
1627557711072 0.17584771041045952 219
1627557711162 0.17562975791763652 220
1627557711262 0.17543951847208059 221
1627557711333 0.17535712148436997 222
1627557711414 0.17520496150794804 223
1627557711490 0.1751197749181379 224
1627557711569 0.17502784900123447 225
1627557711617 0.17495554133251995 226
1627557711664 0.17488910785736717 227
1627557711715 0.17480937646184055 228
1627557711775 0.17470901370394504 229
1627557711836 0.17463886486471333 230
1627557711898 0.17456690320379203 231
1627557711950 0.1744856627406396 232
1627557712032 0.17424309352067047 233
1627557712115 0.17399555393747823 234
1627557712160 0.17393028875601657 235
1627557712224 0.17382299350786165 236
1627557712310 0.17373860132774924 237
1627557712377 0.1736166670840645 238
1627557712425 0.17354562709043767 239
1627557712498 0.17344821818905493 240
1627557712558 0.1733676595183052 241
1627557712609 0.17329500650077162 242
1627557712664 0.17316957674889366 243
1627557712714 0.17308508579304038 244
1627557712774 0.17294462651903938 245
1627557712821 0.17287342383265517 246
1627557712871 0.17279358543535198 247
1627557712922 0.17272267468653546 248
1627557712979 0.172651459279425 249
1627557713032 0.17258116573809754 250
1627557713097 0.17251169660491947 251
1627557713144 0.17243549809769562 252
1627557713190 0.17236029601577402 253
1627557713247 0.1722652397606638 254
1627557713296 0.172187299236189 255
1627557713342 0.1721153648265107 256
1627557713388 0.17204189158726718 257
1627557713431 0.1719770815288231 258
1627557713484 0.171907012717669 259
1627557713533 0.17182840402746713 260
1627557713584 0.17175822638803853 261
1627557713652 0.1715457699335863 262
1627557713712 0.17148445037953716 263
1627557713783 0.17141093091966178 264
1627557713834 0.1713391065751346 265
1627557713913 0.17125293081321233 266
1627557713960 0.17118711359886044 267
1627557714020 0.1711092597764165 268
1627557714082 0.17103812376348634 269
1627557714134 0.17096458475128037 270
1627557714201 0.17088968560161652 271
1627557714288 0.17078302267441886 272
1627557714334 0.1707109762010063 273
1627557714409 0.17058617711315294 274
1627557714482 0.17046857222003967 275
1627557714572 0.17029667094585677 276
1627557714634 0.1702254190671211 277
1627557714695 0.17015559212377174 278
1627557714792 0.1700496644312879 279
1627557714837 0.16998214944896714 280
1627557714898 0.16989835546447832 281
1627557714957 0.16983099665405824 282
1627557715009 0.1697709871175938 283
1627557715081 0.1697057529089043 284
1627557715154 0.16964227443373714 285
1627557715204 0.16954622015804263 286
1627557715256 0.16948829620614603 287
1627557715320 0.16935293657693895 288
1627557715366 0.16928970520676553 289
1627557715420 0.16921514762953596 290
1627557715469 0.1691608910421039 291
1627557715523 0.16908940558581242 292
1627557715576 0.1690152123951012 293
1627557715620 0.16895053233714596 294
1627557715666 0.168881581191678 295
1627557715718 0.16881901506863503 296
1627557715773 0.16875168153684214 297
1627557715855 0.16868030702655035 298
1627557715900 0.1686209001490374 299
1627557715966 0.16855375690786253 300
1627557716013 0.16848923375238087 301
1627557716056 0.1684252668212726 302
1627557716128 0.16835903476606295 303
1627557716196 0.16828920541728495 304
1627557716250 0.1682150992875156 305
1627557716296 0.16815091078669223 306
1627557716337 0.1680872818463603 307
1627557716395 0.16796887199434316 308
1627557716452 0.1678937680692311 309
1627557716501 0.16783359149125876 310
1627557716560 0.16771873888735161 311
1627557716613 0.16765617187337836 312
1627557716666 0.16759720810897186 313
1627557716709 0.16753443220091233 314
1627557716780 0.16746306375151482 315
1627557716824 0.16740192446585814 316
1627557716874 0.1673299528339984 317
1627557716914 0.16727547844725268 318
1627557716991 0.1672102279379274 319
1627557717043 0.16714483371125177 320
1627557717091 0.16708071662162932 321
1627557717130 0.16702094128341555 322
1627557717191 0.16693917312001147 323
1627557717243 0.16687822968058313 324
1627557717301 0.16679199172199735 325
1627557717348 0.1667275309991301 326
1627557717407 0.16664830339302691 327
1627557717460 0.16657937008111684 328
1627557717518 0.16651332818010348 329
1627557717572 0.16644485781474447 330
1627557717621 0.1663767234490077 331
1627557717673 0.16631129929589053 332
1627557717721 0.1662479855394316 333
1627557717772 0.16618891825195253 334
1627557717830 0.16611431903080193 335
1627557717881 0.16605058399592254 336
1627557717938 0.1659614892696466 337
1627557717992 0.16589637419251882 338
1627557718054 0.16935293657693895 339
