1627557568872 0.0011000026553943923 0
1627557568976 0.00101604538419496 1
1627557569064 0.0009417554538821308 2
1627557569152 0.00087691858842658 3
1627557569290 0.0008193273782121399 4
1627557569375 0.0007692939775545265 5
1627557569463 0.0007255781332382083 6
1627557569551 0.0006882579325022333 7
1627557569637 0.0006562128345605758 8
1627557569718 0.0006286079610287277 9
1627557569803 0.0006047552538365456 10
1627557569885 0.0005847339989223547 11
1627557569966 0.0005672188763326104 12
1627557570048 0.0005522854531060986 13
1627557570130 0.0005393887542545033 14
1627557570210 0.0005285135994937065 15
1627557570286 0.0005193512109045173 16
1627557570366 0.000511961024914222 17
1627557570453 0.0005054686428059819 18
1627557570534 0.000499937817440673 19
1627557570614 0.0004948227952042457 20
1627557570700 0.0004905713363245819 21
1627557570824 0.00048691991698634774 22
1627557570892 0.0004836042028004721 23
1627557571009 0.0004805015571808691 24
1627557571078 0.0004780242591323602 25
1627557571147 0.00047609613257159396 26
1627557571217 0.0004739861427219523 27
1627557571294 0.0004715568152154065 28
1627557571361 0.0004696238944496642 29
1627557571432 0.00046806834420500595 30
1627557571509 0.0004661183328665766 31
1627557571572 0.00046449492475017734 32
1627557571643 0.0004620211296351733 33
1627557571708 0.00046097311849410585 34
1627557571775 0.00045961107761991577 35
1627557571847 0.00045856604570502146 36
1627557571922 0.00045722689541261507 37
1627557571993 0.0004551625660287231 38
1627557572066 0.0004535376639503296 39
1627557572132 0.0004527348556497161 40
1627557572194 0.0004515905268190339 41
1627557572267 0.00045032564392096566 42
1627557572363 0.0004490065843320157 43
1627557572435 0.00044768426788383394 44
1627557572502 0.0004471420863095821 45
1627557572572 0.00044637784196978385 46
1627557572629 0.0004457832197019823 47
1627557572696 0.0004447947957164994 48
1627557572781 0.00044417106156241775 49
1627557572894 0.0004435066226207088 50
1627557572960 0.0004430274419957244 51
1627557573040 0.000441932626901028 52
1627557573120 0.0004404190646519305 53
1627557573178 0.0004399752780990229 54
1627557573234 0.00043953830660426146 55
1627557573317 0.00043802666590904237 56
1627557573384 0.0004374143614746399 57
1627557573465 0.00043693547192583517 58
1627557573543 0.00043630440357616266 59
1627557573598 0.0004358465677028326 60
1627557573676 0.0004345130077733594 61
1627557573769 0.00043299241454235014 62
1627557573846 0.00043257413341141616 63
1627557573930 0.00043212180593924665 64
1627557574016 0.0004316528132050108 65
1627557574068 0.0004312809578134968 66
1627557574124 0.0004309329231019304 67
1627557574186 0.00043011002554668986 68
1627557574268 0.0004296238895830864 69
1627557574360 0.0004286224359954029 70
1627557574430 0.0004282543910363583 71
1627557574498 0.0004278714564608127 72
1627557574591 0.000427462136731199 73
1627557574652 0.00042706296911794103 74
1627557574720 0.0004257798994831388 75
1627557574786 0.00042537539833314986 76
1627557574844 0.00042505786383942014 77
1627557574908 0.0004245208371233764 78
1627557574974 0.00042404029291169255 79
1627557575088 0.00042281107676295297 80
1627557575185 0.000422397259681722 81
1627557575280 0.0004215321351000006 82
1627557575341 0.0004211770536783228 83
1627557575403 0.000420194194717259 84
1627557575465 0.0004197894024752852 85
1627557575513 0.00041948374498315785 86
1627557575564 0.0004191492786631463 87
1627557575620 0.0004187365333317366 88
1627557575663 0.0004184338190460831 89
1627557575718 0.00041811262509843097 90
1627557575771 0.00041778467718077937 91
1627557575831 0.00041746207594922733 92
1627557575888 0.0004171815959099147 93
1627557575943 0.0004167867479735161 94
1627557576004 0.00041643396150285603 95
1627557576077 0.00041569085177450013 96
1627557576131 0.0004153688065975316 97
1627557576178 0.0004150994180079108 98
1627557576244 0.00041438752687617615 99
1627557576329 0.0004137253416576616 100
1627557576391 0.0004127448904489199 101
1627557576452 0.00041198528523367725 102
1627557576508 0.0004116758673953311 103
1627557576567 0.0004114305283363486 104
1627557576623 0.0004111428713846497 105
1627557576688 0.00041092543212198373 106
1627557576743 0.0004106335992432383 107
1627557576804 0.00041029360072923767 108
1627557576886 0.0004093408134724176 109
1627557576991 0.00040840965161751 110
1627557577070 0.00040813539951507907 111
1627557577167 0.0004076372076167936 112
1627557577257 0.00040737458494726235 113
1627557577332 0.00040712270457795137 114
1627557577404 0.0004064058336388401 115
1627557577452 0.0004061592892777881 116
1627557577516 0.0004055962343507916 117
1627557577582 0.00040538123953870453 118
1627557577676 0.00040496120140714944 119
1627557577750 0.000404294041920603 120
1627557577826 0.0004040466062532761 121
1627557577891 0.0004038108905348839 122
1627557577952 0.00040342120565511777 123
1627557578017 0.0004031627867058064 124
1627557578074 0.000402744563994835 125
1627557578136 0.00040243571268718485 126
1627557578198 0.0004018924789370907 127
1627557578257 0.0004015742241266119 128
1627557578303 0.00040131497490248594 129
1627557578363 0.00040097770120987397 130
1627557578430 0.0004005557538863208 131
1627557578499 0.000400237299041885 132
1627557578544 0.00040003571808220126 133
1627557578606 0.00039977134371428863 134
1627557578657 0.00039957136805447756 135
1627557578711 0.00039933906538623415 136
1627557578767 0.00039913609229581197 137
1627557578818 0.0003989196770357239 138
1627557578869 0.00039868240256962545 139
1627557578946 0.0003984664478516954 140
1627557579016 0.00039769003684452534 141
1627557579086 0.0003974753074816191 142
1627557579160 0.0003972609576569543 143
1627557579240 0.0003970232015073988 144
1627557579319 0.0003968229369015388 145
1627557579410 0.00039661297576941483 146
1627557579478 0.0003960902290656477 147
1627557579534 0.00039588766528391985 148
1627557579599 0.0003955168821097354 149
1627557579676 0.00039533217234563844 150
1627557579744 0.00039478915801084436 151
1627557579800 0.0003945388409755693 152
1627557579846 0.0003943366166547332 153
1627557579890 0.0003941394513699274 154
1627557579953 0.0003939011128530324 155
1627557580016 0.0003933811911071966 156
1627557580057 0.0003931876436488767 157
1627557580127 0.0003926473185168265 158
1627557580174 0.00039244064933899027 159
1627557580236 0.00039220031029256773 160
1627557580308 0.00039158759330345903 161
1627557580356 0.0003913766219246041 162
1627557580410 0.0003911728582911059 163
1627557580479 0.000390947854102762 164
1627557580528 0.0003907624902921952 165
1627557580582 0.00039058082979214376 166
1627557580649 0.00039011432642091303 167
1627557580702 0.0003899256498371866 168
1627557580754 0.0003897454363315367 169
1627557580803 0.00038956681339452154 170
1627557580873 0.0003893904377862996 171
1627557580968 0.0003891812810567898 172
1627557581040 0.00038898526111467464 173
1627557581108 0.00038880051370703244 174
1627557581159 0.00038861937980159847 175
1627557581211 0.00038840374756722124 176
1627557581269 0.0003879252129613006 177
1627557581314 0.0003877344319744779 178
1627557581360 0.0003875656480192075 179
1627557581414 0.00038737338908418305 180
1627557581465 0.00038718811050162283 181
1627557581523 0.00038695092808120423 182
1627557581572 0.00038673086871322105 183
1627557581622 0.0003865427089353009 184
1627557581671 0.0003863347711913339 185
1627557581716 0.0003861605727276041 186
1627557581757 0.0003859732456863468 187
1627557581808 0.00038578227072105634 188
1627557581857 0.00038559565230758633 189
1627557581908 0.0003853071073407984 190
1627557581954 0.00038505699768834936 191
1627557582018 0.0003848669384761342 192
1627557582066 0.00038468504589038097 193
1627557582121 0.0003844798924015045 194
1627557582191 0.0003840532049910284 195
1627557582246 0.000383810987098961 196
1627557582311 0.0003836184616358609 197
1627557582364 0.00038332340089666865 198
1627557582412 0.0003831514810646381 199
1627557582500 0.00038289443810360125 200
1627557582561 0.00038261261046929225 201
1627557582615 0.0003824539455030902 202
1627557582693 0.0003822908262241482 203
1627557582762 0.0003819544810471865 204
1627557582816 0.0003817722353201731 205
1627557582864 0.00038160461638740305 206
1627557582937 0.0003813895155092564 207
1627557583000 0.00038119482461327497 208
1627557583055 0.00038101768291453356 209
1627557583108 0.00038085431425695696 210
1627557583154 0.0003806408703888103 211
1627557583201 0.00038046840444668417 212
1627557583248 0.0003802835716312301 213
1627557583309 0.0003800792270425303 214
1627557583362 0.0003798854658303284 215
1627557583429 0.0003796801880622681 216
1627557583477 0.00037952463827739373 217
1627557583524 0.00037936639540608934 218
1627557583571 0.0003792072900604697 219
1627557583628 0.00037893934601379933 220
1627557583704 0.00037875858684520127 221
1627557583778 0.00037859603778748254 222
1627557583853 0.00037841992104753084 223
1627557583932 0.0003782378302301427 224
1627557584025 0.00037762724391997304 225
1627557584081 0.00037745544172928017 226
1627557584122 0.0003772975402112743 227
1627557584174 0.0003771334051788475 228
1627557584261 0.00037682226574388763 229
1627557584309 0.0003766672408299478 230
1627557584356 0.0003765132804864829 231
1627557584409 0.00037634633743458316 232
1627557584470 0.00037611733045586447 233
1627557584541 0.0003759656582646978 234
1627557584584 0.00037580039255384243 235
1627557584649 0.0003753685075939015 236
1627557584718 0.0003749273805266464 237
1627557584767 0.00037475364009212375 238
1627557584815 0.00037458217000313346 239
1627557584879 0.0003743847721430577 240
1627557584923 0.0003742144412737444 241
1627557584972 0.0003740436239612986 242
1627557585021 0.00037387739691925256 243
1627557585075 0.000373725485229894 244
1627557585134 0.00037352855919863415 245
1627557585185 0.00037334882083773363 246
1627557585235 0.0003731884971583859 247
1627557585299 0.0003726953980633124 248
1627557585356 0.00037252663031425715 249
1627557585420 0.0003723733042420029 250
1627557585468 0.0003722219324088908 251
1627557585516 0.00037207146257211947 252
1627557585582 0.00037192253717325315 253
1627557585667 0.0003716875190202297 254
1627557585713 0.0003715376075710343 255
1627557585764 0.00037137976550931617 256
1627557585822 0.0003712170558755025 257
1627557585876 0.00037106729411226275 258
1627557585940 0.0003708858831503396 259
1627557585990 0.0003707302249098568 260
1627557586042 0.0003705803920223897 261
1627557586122 0.00037026522592293584 262
1627557586199 0.0003701059928845113 263
1627557586271 0.0003699598170550837 264
1627557586351 0.00036981883011363273 265
1627557586417 0.0003696711567584197 266
1627557586495 0.00036950091469274454 267
1627557586565 0.0003693500180335638 268
1627557586611 0.00036920480608758854 269
1627557586663 0.00036907904089327544 270
1627557586713 0.0003689179117013938 271
1627557586782 0.0003684520556842799 272
1627557586834 0.0003682972726218022 273
1627557586902 0.0003678605616254967 274
1627557586965 0.0003675665739941936 275
1627557587028 0.0003672949892531818 276
1627557587071 0.00036715096267032963 277
1627557587132 0.0003670101276165868 278
1627557587203 0.00036686445725545914 279
1627557587251 0.00036670160961424557 280
1627557587331 0.0003665432950433613 281
1627557587409 0.00036639893174928736 282
1627557587465 0.00036624232493841224 283
1627557587518 0.0003660784992576403 284
1627557587574 0.0003659250054756493 285
1627557587637 0.0003656804069118758 286
1627557587684 0.0003655405288897767 287
1627557587744 0.0003653443821733135 288
1627557587790 0.0003651974509579826 289
1627557587864 0.00036483588067963326 290
1627557587916 0.00036468230794287423 291
1627557587976 0.00036452885800048905 292
1627557588025 0.0003643747472859429 293
1627557588081 0.00036421912280486555 294
1627557588130 0.00036406557643414397 295
1627557588181 0.000363922146653447 296
1627557588227 0.0003637768067907731 297
1627557588281 0.0003635950198562613 298
1627557588336 0.0003634217195893599 299
1627557588417 0.00036317561512150617 300
1627557588478 0.0003630078296067099 301
1627557588528 0.00036286321685901637 302
1627557588609 0.0003625517440013677 303
1627557588659 0.0003624237351712161 304
1627557588708 0.00036227608259894865 305
1627557588753 0.00036213082328844046 306
1627557588802 0.0003619899420017428 307
1627557588872 0.0003617649949522739 308
1627557588933 0.0003616128252340408 309
1627557588983 0.00036147034730515113 310
1627557589028 0.0003613384676778827 311
1627557589074 0.0003612072020262145 312
1627557589132 0.00036098640558633106 313
1627557589199 0.00036084450958693095 314
1627557589275 0.00036069568102851273 315
1627557589335 0.00036057839716266367 316
1627557589392 0.0003604504071659454 317
1627557589436 0.00036032647236636575 318
1627557589514 0.0003601309831396822 319
1627557589582 0.00035999920461775515 320
1627557589639 0.00035987612358012527 321
1627557589686 0.00035975080490592266 322
1627557589732 0.00035961645339189585 323
1627557589782 0.00035946271574865767 324
1627557589841 0.00035925918300343013 325
1627557589890 0.0003591361564872901 326
1627557589943 0.00035898570411137937 327
1627557590009 0.0003588442234368817 328
1627557590081 0.0003586986528936184 329
1627557590148 0.0003585528729888706 330
1627557590208 0.0003584118934754623 331
1627557590252 0.00035828093214859675 332
1627557590299 0.0003581384182236419 333
1627557590343 0.0003580160230419048 334
1627557590388 0.0003578991279583034 335
1627557590431 0.0003577554069319132 336
1627557590484 0.00035758201198729045 337
1627557590542 0.00035745051470642997 338
1627557590606 0.0003573190359511302 339
1627557590666 0.00035719137862711146 340
1627557590711 0.0003570670246341195 341
1627557590774 0.0003567840487654154 342
1627557590815 0.0003566758655828241 343
1627557590866 0.00035654620620320627 344
1627557590914 0.00035640494905004645 345
1627557590957 0.0003562778683618758 346
1627557590999 0.0003561587682900853 347
1627557591052 0.0003560273422432648 348
1627557591097 0.00035588788716673704 349
1627557591169 0.0003557459928992786 350
1627557591240 0.0003556062700228026 351
1627557591315 0.0003554543684311164 352
1627557591369 0.0003552301706091298 353
1627557591427 0.000354994007249027 354
1627557591503 0.0003548435430314152 355
1627557591563 0.00035469132077630783 356
1627557591632 0.00035443906825034056 357
1627557591706 0.00035430273354015887 358
1627557591771 0.0003541714150158661 359
1627557591839 0.00035403413393931865 360
1627557591901 0.0003538321456649051 361
1627557591965 0.00035350073655472815 362
1627557592014 0.0003533676675470827 363
1627557592078 0.00035324123957780173 364
1627557592155 0.000353083937445116 365
1627557592205 0.0003529516196749392 366
1627557592257 0.0003527943776209335 367
1627557592305 0.00035266493654665504 368
1627557592361 0.0003525401309275486 369
1627557592411 0.000352436699350622 370
1627557592474 0.0003522611432754691 371
1627557592527 0.0003520600831150046 372
1627557592591 0.0003519284048753171 373
1627557592655 0.00035169855839968 374
1627557592704 0.0003515385733486537 375
1627557592777 0.0003513162324300718 376
1627557592866 0.00035106815752057434 377
1627557592913 0.0003509212994378955 378
1627557592962 0.0003508014920216282 379
1627557593032 0.00035068026619251055 380
1627557593091 0.0003503570700222854 381
1627557593135 0.00035023359225790676 382
1627557593190 0.0003501078942096535 383
1627557593224 0.00034997345344630075 384
1627557593272 0.00034983701465130223 385
1627557593326 0.0003497266844311543 386
1627557593394 0.00034957427899542275 387
1627557593477 0.00034944254728861947 388
1627557593582 0.00034914333294375395 389
1627557593660 0.00034899498458371505 390
1627557593721 0.0003487652352594865 391
1627557593772 0.0003486392562302264 392
1627557593820 0.0003485108752912078 393
1627557593881 0.000348376989235214 394
1627557593926 0.00034826917140159404 395
1627557593974 0.00034814370926759326 396
1627557594023 0.00034801809163059045 397
1627557594077 0.00034789257499775946 398
1627557594124 0.00034777221414137145 399
1627557594190 0.0003476521534661951 400
1627557594237 0.00034754130365094134 401
1627557594301 0.0003474216740240685 402
1627557594368 0.00034730359725374584 403
1627557594422 0.00034717350031005054 404
1627557594471 0.0003470563197894592 405
1627557594517 0.0003469382006679706 406
1627557594563 0.0003468256643253948 407
1627557594625 0.0003466365813471851 408
1627557594676 0.00034652344636171327 409
1627557594726 0.000346403902104559 410
1627557594771 0.0003462866666444681 411
1627557594815 0.0003461679344163493 412
1627557594859 0.0003460566069443743 413
1627557594909 0.00034592850834481553 414
1627557594947 0.00034583048801436204 415
1627557594998 0.0003457026979295689 416
1627557595063 0.0003455494795567265 417
1627557595114 0.0003453964992164827 418
1627557595156 0.000345281373984188 419
1627557595199 0.0003451510722370251 420
1627557595242 0.0003450311288092026 421
1627557595292 0.00034491549038581887 422
1627557595338 0.000344806944580999 423
1627557595382 0.00034469634341527166 424
1627557595427 0.00034458327467936457 425
1627557595474 0.0003444632117971868 426
1627557595516 0.0003443617269242079 427
1627557595592 0.0003441483399383307 428
1627557595670 0.00034401674962118386 429
1627557595752 0.000343804062758357 430
1627557595817 0.000343633683509017 431
1627557595876 0.00034350050392875756 432
1627557595929 0.00034333169603644826 433
1627557595973 0.00034321347806082116 434
1627557596020 0.0003430896393563807 435
1627557596071 0.0003429699174962789 436
1627557596121 0.0003428507821510162 437
1627557596173 0.00034272844570311535 438
1627557596219 0.0003426217461952764 439
1627557596264 0.0003425170650275773 440
1627557596313 0.0003424062884119677 441
1627557596365 0.0003421710175525529 442
1627557596408 0.0003420571033628657 443
1627557596454 0.0003419374516077262 444
1627557596508 0.00034182029822317354 445
1627557596549 0.0003417154219629025 446
1627557596598 0.000341595765927712 447
1627557596643 0.0003414781044453517 448
1627557596686 0.00034137016238336654 449
1627557596754 0.0003412476225781809 450
1627557596806 0.00034113885621921163 451
1627557596856 0.0003410357416150142 452
1627557596905 0.0003409273914473597 453
1627557596962 0.0003407860035499564 454
1627557597010 0.0003406813432204056 455
1627557597068 0.0003405519534207158 456
1627557597118 0.0003404405301400128 457
1627557597174 0.0003403138880570771 458
1627557597218 0.0003402183798598194 459
1627557597269 0.0003400832762087851 460
1627557597317 0.0003399655724078918 461
1627557597356 0.00033984536799818463 462
1627557597399 0.0003397343887667777 463
1627557597440 0.00033962151307661057 464
1627557597487 0.00033951041188046843 465
1627557597538 0.0003393276089200293 466
1627557597584 0.00033921067878869366 467
1627557597628 0.00033909635944821343 468
1627557597680 0.00033898820072539667 469
1627557597728 0.0003388704241512354 470
1627557597775 0.0003387558300322253 471
1627557597822 0.0003386496721379666 472
1627557597893 0.0003385298412553966 473
1627557597939 0.000338420381173265 474
1627557597988 0.0003383134886184653 475
1627557598035 0.0003382030413391141 476
1627557598090 0.0003380882634744634 477
1627557598137 0.00033798028953777373 478
1627557598187 0.0003378652851781251 479
1627557598246 0.00033774382722865384 480
1627557598299 0.0003376339329102266 481
1627557598348 0.00033749210171472106 482
1627557598388 0.0003373898721893293 483
1627557598433 0.00033728746522451036 484
1627557598491 0.0003371501682688524 485
1627557598535 0.00033705096014861386 486
1627557598583 0.0003369538045889485 487
1627557598640 0.0003367970051369233 488
1627557598683 0.0003366910508529499 489
1627557598730 0.00033659969694367734 490
1627557598774 0.00033648737863772936 491
1627557598818 0.0003363745386383658 492
1627557598871 0.00033626001848788647 493
1627557598916 0.0003361415507284564 494
1627557598970 0.00033601718042305256 495
1627557599026 0.00033590625628811326 496
1627557599070 0.0003358094734924012 497
1627557599118 0.00033569623532827045 498
1627557599199 0.0003355349161894672 499
1627557599282 0.0003354232744189444 500
1627557599335 0.00033530954849125133 501
1627557599380 0.0003352044517636836 502
1627557599431 0.0003350948036950298 503
1627557599486 0.00033498875108098694 504
1627557599535 0.0003348725096346167 505
1627557599581 0.0003347623488301435 506
1627557599630 0.0003346471158084736 507
1627557599676 0.00033453376630664653 508
1627557599721 0.000334422635664997 509
1627557599770 0.00033429840059089527 510
1627557599816 0.0003342021912704976 511
1627557599863 0.00033408954908919564 512
1627557599917 0.0003339782954734712 513
1627557599974 0.0003338507450770084 514
1627557600037 0.00033371935746451584 515
1627557600088 0.0003336109498875429 516
1627557600132 0.0003335127033938234 517
1627557600178 0.00033341845891854573 518
1627557600220 0.000333327192868273 519
1627557600264 0.00033322122180439015 520
1627557600315 0.00033311053548466357 521
1627557600360 0.00033301043077760815 522
1627557600404 0.00033289761498779097 523
1627557600498 0.0003385298412553966 524
1627557604763 0.0011002381039317763 0
1627557604876 0.001016400529641919 1
1627557604964 0.0009430775802051729 2
1627557605052 0.0008787063711932692 3
1627557605153 0.000820888796618029 4
1627557605283 0.0007708311645969996 5
1627557605370 0.000727325336832413 6
1627557605457 0.0006900038999516926 7
1627557605563 0.0006577237369900116 8
1627557605660 0.000629931939088535 9
1627557605747 0.0006063078703378941 10
1627557605867 0.0005861251777408395 11
1627557605949 0.0005686834328061508 12
1627557606035 0.0005538713590874256 13
1627557606151 0.000541343184126674 14
1627557606235 0.0005307377701961933 15
1627557606333 0.0005215147349756289 16
1627557606461 0.0005138969252139785 17
1627557606583 0.0005070869664170515 18
1627557606661 0.0005012801133013257 19
1627557606736 0.0004960412672259959 20
1627557606821 0.0004916524691036613 21
1627557606938 0.0004879133411620802 22
1627557607012 0.00048457307277472643 23
1627557607085 0.00048143448749759604 24
1627557607157 0.0004788904844791221 25
1627557607225 0.00047671016559829114 26
1627557607301 0.00047505171072463663 27
1627557607377 0.00047278251591932255 28
1627557607450 0.0004711771776976399 29
1627557607518 0.00046958271602395727 30
1627557607597 0.00046768993700988724 31
1627557607659 0.0004664311588566584 32
1627557607734 0.0004650495324918001 33
1627557607801 0.0004639052894598719 34
1627557607868 0.0004627878024923245 35
1627557607940 0.0004609583051648214 36
1627557608016 0.0004592555078930911 37
1627557608123 0.00045736053336765335 38
1627557608214 0.00045554722395068996 39
1627557608289 0.00045486463839347776 40
1627557608370 0.0004537320510776046 41
1627557608431 0.00045312883095832143 42
1627557608506 0.0004514340690435055 43
1627557608579 0.00045050884842571273 44
1627557608633 0.0004500238213758852 45
1627557608704 0.00044892038332752673 46
1627557608761 0.00044832164756909124 47
1627557608818 0.00044775971515051736 48
1627557608879 0.00044719566014101873 49
1627557608965 0.00044585392703696587 50
1627557609022 0.0004454134043957691 51
1627557609099 0.0004441134952526605 52
1627557609164 0.0004424516459041151 53
1627557609228 0.00044186037611396 54
1627557609310 0.0004413967899721087 55
1627557609382 0.000440427607984494 56
1627557609441 0.0004400048192070883 57
1627557609501 0.0004395608673092775 58
1627557609571 0.00043826837797599194 59
1627557609628 0.0004377559161812545 60
1627557609720 0.00043676630709500475 61
1627557609784 0.0004359100913951053 62
1627557609841 0.0004354408366119048 63
1627557609897 0.0004350112582943025 64
1627557609963 0.00043405371879785224 65
1627557610016 0.000433669200923409 66
1627557610064 0.00043329893903589346 67
1627557610126 0.0004328464189066376 68
1627557610196 0.00043243404989690853 69
1627557610267 0.00043195713038001084 70
1627557610325 0.0004315803645178048 71
1627557610375 0.0004312539324521518 72
1627557610439 0.0004307730628733352 73
1627557610515 0.00042946636731645393 74
1627557610583 0.0004289276933463677 75
1627557610651 0.000428379765258036 76
1627557610704 0.0004280000729717593 77
1627557610757 0.0004276050363401465 78
1627557610818 0.0004270427757158028 79
1627557610884 0.00042607698940058 80
1627557610949 0.00042524842465664137 81
1627557611008 0.00042486479904548435 82
1627557611065 0.0004245862302334508 83
1627557611160 0.0004241743995115342 84
1627557611257 0.00042379370891326674 85
1627557611312 0.00042341386341223985 86
1627557611363 0.00042308621473680346 87
1627557611410 0.0004228186387347357 88
1627557611478 0.0004224329557331098 89
1627557611564 0.0004220215699475042 90
1627557611636 0.0004213218649966663 91
1627557611729 0.0004209576184417247 92
1627557611786 0.00042066827551981027 93
1627557611843 0.0004204348542045448 94
1627557611926 0.00041977430223047766 95
1627557612018 0.00041856648689053846 96
1627557612114 0.00041747575969943254 97
1627557612182 0.00041694983698827243 98
1627557612254 0.00041651992922823647 99
1627557612351 0.00041616987839797033 100
1627557612430 0.00041589410088889027 101
1627557612523 0.0004154092911999833 102
1627557612584 0.00041517097121599914 103
1627557612665 0.00041477515073711136 104
1627557612728 0.0004144836887839891 105
1627557612801 0.000414169039720696 106
1627557612880 0.00041379086739158904 107
1627557612946 0.0004134261596106319 108
1627557613019 0.00041264739133409234 109
1627557613094 0.0004118954565470414 110
1627557613148 0.00041160965877017855 111
1627557613215 0.0004106524242703526 112
1627557613272 0.00041036705856577915 113
1627557613322 0.0004101013531535109 114
1627557613380 0.00040979181478464005 115
1627557613428 0.0004094884441341814 116
1627557613494 0.00040878232493744187 117
1627557613547 0.0004085087161359711 118
1627557613610 0.0004080056613721933 119
1627557613668 0.000407597619741181 120
1627557613718 0.00040737591632681463 121
1627557613765 0.0004071324969733271 122
1627557613848 0.00040635050221451865 123
1627557613925 0.00040590057147102247 124
1627557614001 0.0004055711884531377 125
1627557614085 0.00040533400617957425 126
1627557614171 0.00040455345409302733 127
1627557614242 0.00040403603124430264 128
1627557614291 0.00040382071477764256 129
1627557614354 0.00040338550943223183 130
1627557614414 0.0004030892411372067 131
1627557614484 0.00040260764165272713 132
1627557614534 0.0004023712754279762 133
1627557614600 0.0004019911794069211 134
1627557614648 0.0004017562338092188 135
1627557614696 0.0004015398052034069 136
1627557614739 0.00040134539656796244 137
1627557614790 0.00040112489705127424 138
1627557614857 0.00040086900176883745 139
1627557614911 0.00040062019162864304 140
1627557614968 0.00040031345092145633 141
1627557615021 0.0004000588120325864 142
1627557615075 0.00039984506410470355 143
1627557615124 0.00039961716332600626 144
1627557615179 0.00039940089890157145 145
1627557615242 0.0003991364874688032 146
1627557615301 0.0003989227635112709 147
1627557615350 0.0003987089345811722 148
1627557615401 0.00039848309716212566 149
1627557615468 0.0003982686265027985 150
1627557615522 0.00039803885871849196 151
1627557615577 0.000397806865368579 152
1627557615622 0.0003975711570823521 153
1627557615678 0.00039736311337902104 154
1627557615719 0.00039717458975251524 155
1627557615786 0.00039651708425700495 156
1627557615839 0.0003963014864058631 157
1627557615898 0.00039586588669100666 158
1627557615951 0.00039564598347116233 159
1627557616017 0.0003951756963683353 160
1627557616073 0.0003946798072760448 161
1627557616124 0.00039448541160314705 162
1627557616185 0.0003942638860180802 163
1627557616267 0.0003940520247952047 164
1627557616335 0.0003938338221138721 165
1627557616375 0.00039364211181331553 166
1627557616421 0.00039344388834849247 167
1627557616466 0.00039322331393821613 168
1627557616510 0.00039301295624523814 169
1627557616558 0.00039281778153253867 170
1627557616617 0.00039264917954074264 171
1627557616695 0.0003924135116183245 172
1627557616748 0.00039220385022448726 173
1627557616800 0.000391999726903074 174
1627557616856 0.000391760136202606 175
1627557616923 0.0003915542009541707 176
1627557617021 0.00039110547611435073 177
1627557617099 0.00039090577977500356 178
1627557617173 0.00039071115640215855 179
1627557617250 0.0003905149009495342 180
1627557617323 0.00039032333132801996 181
1627557617382 0.00039012147667141165 182
1627557617440 0.0003899075932884904 183
1627557617494 0.0003897161796526463 184
1627557617559 0.00038928053065253286 185
1627557617608 0.0003891064383630337 186
1627557617652 0.00038891120443409593 187
1627557617702 0.00038872639522981035 188
1627557617750 0.00038856059355637525 189
1627557617809 0.0003882815032141413 190
1627557617873 0.00038761175522301086 191
1627557617919 0.0003874271775717039 192
1627557617958 0.00038725136137395075 193
1627557618002 0.0003870755901763831 194
1627557618065 0.00038666361449965866 195
1627557618129 0.0003860389356371847 196
1627557618198 0.00038579063901470276 197
1627557618264 0.0003851680469640999 198
1627557618313 0.0003849979714855191 199
1627557618388 0.0003848007890525457 200
1627557618465 0.0003846093503099779 201
1627557618520 0.00038441832036225027 202
1627557618568 0.00038425684898889994 203
1627557618623 0.00038405423618342806 204
1627557618673 0.00038388828658993595 205
1627557618737 0.0003837106487914726 206
1627557618831 0.000383262755911033 207
1627557618882 0.00038305910300798186 208
1627557618934 0.00038287079167128197 209
1627557618982 0.000382694554399483 210
1627557619045 0.00038225933676477056 211
1627557619095 0.00038207495682981356 212
1627557619167 0.0003814819525187787 213
1627557619229 0.00038125299078058453 214
1627557619296 0.00038092228647403694 215
1627557619367 0.0003803760375169423 216
1627557619414 0.00038020515404593556 217
1627557619462 0.00038004405688981074 218
1627557619512 0.0003798694693740658 219
1627557619579 0.0003795486973986323 220
1627557619642 0.0003791262272278652 221
1627557619693 0.00037894464481716584 222
1627557619739 0.00037876636313161993 223
1627557619796 0.00037857278470272677 224
1627557619872 0.0003784061131967669 225
1627557619968 0.000378180806191058 226
1627557620012 0.0003780145017700416 227
1627557620062 0.00037782474680479993 228
1627557620128 0.0003774154711378942 229
1627557620169 0.0003772614481206199 230
1627557620210 0.0003771052332614158 231
1627557620260 0.0003769289255262854 232
1627557620316 0.00037675157915628596 233
1627557620376 0.00037655076444835473 234
1627557620425 0.00037637886869273577 235
1627557620496 0.00037605833335475295 236
1627557620552 0.00037586793419953164 237
1627557620601 0.00037568362435093643 238
1627557620647 0.0003755168094882949 239
1627557620703 0.00037523249485217283 240
1627557620750 0.00037508014181339004 241
1627557620792 0.00037492436815798815 242
1627557620841 0.0003747493762339865 243
1627557620892 0.0003745814978719232 244
1627557620944 0.0003744107183610487 245
1627557620991 0.00037425497055938815 246
1627557621041 0.0003741114845310917 247
1627557621099 0.00037392335173152755 248
1627557621150 0.0003737707020481491 249
1627557621217 0.0003736089115997349 250
1627557621268 0.00037343831367579505 251
1627557621319 0.000373277365031718 252
1627557621367 0.0003731161676957103 253
1627557621434 0.00037272089784935107 254
1627557621481 0.0003725754388247545 255
1627557621559 0.00037242426909770896 256
1627557621648 0.00037222492210429406 257
1627557621719 0.00037206345599743177 258
1627557621809 0.0003719069113070173 259
1627557621860 0.00037175109719113906 260
1627557621907 0.0003715850375875525 261
1627557621979 0.0003712593163032032 262
1627557622048 0.000370930708812521 263
1627557622096 0.00037077371793416245 264
1627557622139 0.0003706231752346198 265
1627557622189 0.00037041812689917283 266
1627557622235 0.0003702710518730115 267
1627557622291 0.0003701125350252231 268
1627557622336 0.0003699355605048325 269
1627557622387 0.000369686434612733 270
1627557622447 0.0003694458757005876 271
1627557622539 0.00036921922325398285 272
1627557622602 0.00036907569775689356 273
1627557622687 0.00036881909914868324 274
1627557622738 0.0003686829011790203 275
1627557622790 0.0003684944944519613 276
1627557622837 0.0003683365319562126 277
1627557622885 0.0003681761556892319 278
1627557622941 0.0003679383143346367 279
1627557622994 0.0003677824809216704 280
1627557623041 0.00036762814965176916 281
1627557623128 0.000367306269975135 282
1627557623195 0.00036714697988687146 283
1627557623258 0.0003669822157279678 284
1627557623312 0.0003668403324998464 285
1627557623383 0.00036669397977827324 286
1627557623452 0.0003665587959294734 287
1627557623560 0.00036618776090817514 288
1627557623614 0.0003660486744030629 289
1627557623682 0.0003658814422601939 290
1627557623744 0.000365744331188209 291
1627557623786 0.0003655725798192146 292
1627557623840 0.00036538832413968923 293
1627557623888 0.0003652459805730102 294
1627557623934 0.00036511054073975894 295
1627557623979 0.00036496448381548427 296
1627557624030 0.00036480344666699 297
1627557624100 0.0003644782864852566 298
1627557624155 0.0003643219742319087 299
1627557624229 0.00036414278217351527 300
1627557624275 0.0003640089111094877 301
1627557624320 0.00036387281169184595 302
1627557624382 0.00036371647203000724 303
1627557624431 0.00036356478094602164 304
1627557624480 0.00036341350917756555 305
1627557624525 0.0003632620901288395 306
1627557624573 0.00036311577080103705 307
1627557624637 0.00036284736226499694 308
1627557624697 0.00036268653063756105 309
1627557624750 0.0003625425536924184 310
1627557624795 0.00036240647719068043 311
1627557624849 0.00036226244853033133 312
1627557624917 0.0003619489428347743 313
1627557624966 0.0003618012538484377 314
1627557625024 0.00036165331913555 315
1627557625076 0.00036150348766115673 316
1627557625124 0.0003613595509077482 317
1627557625173 0.00036120653294218294 318
1627557625234 0.00036104944310710104 319
1627557625306 0.0003608992604332227 320
1627557625354 0.0003607582532849075 321
1627557625400 0.0003606298400320564 322
1627557625477 0.0003603287773672268 323
1627557625527 0.0003601908638308938 324
1627557625581 0.00035994739743247403 325
1627557625626 0.0003597905466442177 326
1627557625686 0.00035957732304420215 327
1627557625730 0.00035943649142546584 328
1627557625781 0.00035928988152655775 329
1627557625825 0.0003591519326336168 330
1627557625883 0.00035901832511209714 331
1627557625929 0.0003588846389185116 332
1627557625977 0.00035874468577028705 333
1627557626022 0.00035861073600712204 334
1627557626078 0.000358479481771828 335
1627557626139 0.0003583492406738838 336
1627557626215 0.00035821275152109276 337
1627557626301 0.0003580685411378649 338
1627557626378 0.00035792149741568414 339
1627557626423 0.0003577948568431327 340
1627557626473 0.0003576740684769419 341
1627557626538 0.0003575453894906275 342
1627557626584 0.0003574380246691974 343
1627557626663 0.0003570932961467699 344
1627557626711 0.0003569530950959705 345
1627557626759 0.00035681614238618247 346
1627557626807 0.00035667625132490484 347
1627557626851 0.00035654379330266755 348
1627557626899 0.0003564051140394822 349
1627557626967 0.00035624489016781785 350
1627557627052 0.0003559819968247257 351
1627557627113 0.00035582488230236856 352
1627557627167 0.00035568202303708484 353
1627557627223 0.0003555520593016609 354
1627557627267 0.0003554300132350545 355
1627557627330 0.0003553010194088087 356
1627557627385 0.000355082055627895 357
1627557627432 0.0003549702249940706 358
1627557627477 0.00035482404437020814 359
1627557627527 0.000354701627188421 360
1627557627569 0.000354564390409536 361
1627557627613 0.00035444895699963686 362
1627557627664 0.0003543352575034308 363
1627557627714 0.00035419701393644434 364
1627557627774 0.00035404124766036653 365
1627557627817 0.0003539089437409699 366
1627557627882 0.0003536054585793216 367
1627557627928 0.0003534760667823517 368
1627557627981 0.0003533208492937962 369
1627557628024 0.0003532005697370511 370
1627557628083 0.0003530472593621898 371
1627557628140 0.00035290291133053257 372
1627557628208 0.00035276602658984346 373
1627557628269 0.00035259407057164165 374
1627557628319 0.00035245334329205014 375
1627557628370 0.0003523338398573353 376
1627557628426 0.00035219751189366423 377
1627557628476 0.00035206155300646866 378
1627557628529 0.00035192884289248573 379
1627557628588 0.0003517961335388048 380
1627557628641 0.0003516585137306342 381
1627557628692 0.0003515192835491739 382
1627557628736 0.0003513890058869229 383
1627557628782 0.0003512685208931026 384
1627557628830 0.00035114399616960985 385
1627557628883 0.00035102910315567605 386
1627557628939 0.0003508953585827169 387
1627557628983 0.0003507599913587114 388
1627557629042 0.000350583339473644 389
1627557629092 0.00035045969685554843 390
1627557629140 0.0003503009651695489 391
1627557629199 0.0003501266447345211 392
1627557629250 0.00035000604950791533 393
1627557629309 0.00034988175254999977 394
1627557629353 0.0003497504576358229 395
1627557629397 0.00034962392420411257 396
1627557629452 0.0003494880115920554 397
1627557629521 0.00034937293862297966 398
1627557629573 0.0003492449974629542 399
1627557629639 0.0003491216807588922 400
1627557629685 0.00034899322791123835 401
1627557629728 0.00034886563396250946 402
1627557629781 0.00034874030298901625 403
1627557629846 0.0003486178726950341 404
1627557629926 0.00034842384120559546 405
1627557629991 0.000348122273184689 406
1627557630035 0.00034798521007895926 407
1627557630092 0.0003477418455878675 408
1627557630148 0.00034760066722626165 409
1627557630202 0.0003474663504074611 410
1627557630248 0.00034733681156772184 411
1627557630298 0.00034720684544686824 412
1627557630345 0.00034708793469662304 413
1627557630396 0.00034693548646241965 414
1627557630440 0.00034682512141408965 415
1627557630489 0.0003467098588850152 416
1627557630542 0.00034657486683752943 417
1627557630594 0.00034643847041210415 418
1627557630641 0.00034632493951987657 419
1627557630704 0.00034621512294543576 420
1627557630756 0.000346045233209386 421
1627557630801 0.0003459406481634991 422
1627557630863 0.0003457739974772613 423
1627557630925 0.0003456585628562161 424
1627557630984 0.00034555126879525676 425
1627557631039 0.00034544215212363845 426
1627557631093 0.00034531228339359875 427
1627557631170 0.00034516574167386813 428
1627557631233 0.00034504258978331533 429
1627557631308 0.00034488580518311746 430
1627557631382 0.0003517961335388048 431
1627557635420 0.0011002049785793539 0
1627557635533 0.0010156717549910218 1
1627557635621 0.0009411694148619876 2
1627557635712 0.0008759043555458242 3
1627557635802 0.0008188148006822534 4
1627557635903 0.0007689359433349019 5
1627557636009 0.0007256716995861717 6
1627557636138 0.0006884216800625185 7
1627557636251 0.0006562326140036945 8
1627557636340 0.0006287880371688834 9
1627557636427 0.000605255575932387 10
1627557636515 0.0005853642464138463 11
1627557636602 0.0005677848022834583 12
1627557636692 0.000552982484823034 13
1627557636771 0.0005406091517701911 14
1627557636861 0.0005298439826604936 15
1627557636985 0.0005206072579008028 16
1627557637111 0.0005128363707141781 17
1627557637189 0.0005060116432143096 18
1627557637269 0.0005000780024557488 19
1627557637345 0.0004949442399697747 20
1627557637416 0.0004906886773207553 21
1627557637492 0.0004868838170074949 22
1627557637562 0.0004835969413072044 23
1627557637637 0.00048087073809646144 24
1627557637706 0.0004781264023050031 25
1627557637775 0.0004760097224132607 26
1627557637844 0.0004741681182175328 27
1627557637914 0.0004722242001840165 28
1627557637984 0.0004705460611365979 29
1627557638052 0.000468640428138963 30
1627557638125 0.00046706022857287297 31
1627557638187 0.00046531421050788205 32
1627557638256 0.0004636057647983039 33
1627557638323 0.00046213358559467815 34
1627557638392 0.00046065385146007974 35
1627557638497 0.00045926759155185364 36
1627557638555 0.0004578993695654711 37
1627557638616 0.00045640007462131665 38
1627557638682 0.0004549239901768622 39
1627557638742 0.0004543597313985386 40
1627557638810 0.0004531630150634498 41
1627557638873 0.00045213867568059507 42
1627557638941 0.0004514100651320339 43
1627557639007 0.0004505376223717879 44
1627557639071 0.00044997319248277413 45
1627557639134 0.00044834412063031795 46
1627557639199 0.0004474730115201625 47
1627557639263 0.0004469138741278438 48
1627557639328 0.0004462482265352227 49
1627557639418 0.00044426120175767463 50
1627557639476 0.00044376790211254696 51
1627557639545 0.0004431230140632262 52
1627557639611 0.0004423930958016697 53
1627557639672 0.00044169788823186003 54
1627557639724 0.000441257808424685 55
1627557639796 0.00044023609496561837 56
1627557639853 0.00043977450918422666 57
1627557639911 0.0004393697798892386 58
1627557639970 0.00043816866971866145 59
1627557640027 0.00043770208388461523 60
1627557640101 0.00043645617780294505 61
1627557640173 0.0004353664975659384 62
1627557640230 0.00043502920038826227 63
1627557640295 0.00043455521103266984 64
1627557640362 0.00043313362636778537 65
1627557640418 0.0004327601778424954 66
1627557640477 0.00043231696569185317 67
1627557640566 0.0004315155385417503 68
1627557640623 0.0004309787151983958 69
1627557640685 0.00043041974300550594 70
1627557640768 0.00043001696178046096 71
1627557640836 0.00042974465161294017 72
1627557640900 0.0004292943506037433 73
1627557640971 0.00042865483149339773 74
1627557641037 0.0004280776226370927 75
1627557641110 0.00042725123652007037 76
1627557641163 0.00042689915683135016 77
1627557641221 0.00042626601291457643 78
1627557641284 0.000425212746612758 79
1627557641348 0.0004247501592240227 80
1627557641404 0.00042392838106480635 81
1627557641480 0.00042338061663611213 82
1627557641536 0.0004230789250285761 83
1627557641629 0.00042201325328573375 84
1627557641723 0.00042136178878091215 85
1627557641784 0.00042101608925072744 86
1627557641838 0.0004206814270050364 87
1627557641894 0.00042034835677205956 88
1627557641948 0.00041999653756352257 89
1627557641997 0.00041971457522686214 90
1627557642066 0.00041867733800830874 91
1627557642124 0.00041831827720923516 92
1627557642173 0.0004180350895611013 93
1627557642229 0.0004176249804763609 94
1627557642296 0.0004170947882855767 95
1627557642355 0.0004163097611107647 96
1627557642417 0.000416013331835774 97
1627557642469 0.00041578929514464127 98
1627557642532 0.000415303639860633 99
1627557642616 0.0004149123326375562 100
1627557642685 0.00041409459337422855 101
1627557642742 0.00041374400266341605 102
1627557642791 0.00041347869378556676 103
1627557642846 0.0004131748477687732 104
1627557642907 0.00041284521338182844 105
1627557642957 0.00041255909286979834 106
1627557643047 0.0004122549530794141 107
1627557643130 0.0004119568435029574 108
1627557643210 0.00041099094723260525 109
1627557643295 0.00041068315811771696 110
1627557643370 0.0004104350832949269 111
1627557643422 0.0004101603147860555 112
1627557643480 0.0004098433481456794 113
1627557643540 0.0004095074791225608 114
1627557643607 0.0004089778804083792 115
1627557643665 0.0004087099695937483 116
1627557643723 0.00040817814300321824 117
1627557643777 0.00040792849437628145 118
1627557643843 0.0004076514659206561 119
1627557643908 0.00040723310762146855 120
1627557643953 0.00040697816838578785 121
1627557644005 0.00040672882825556133 122
1627557644061 0.00040646352513271674 123
1627557644121 0.00040594108250185886 124
1627557644177 0.0004055814880533438 125
1627557644242 0.00040518634076716956 126
1627557644303 0.0004049201496010053 127
1627557644380 0.0004040076013306974 128
1627557644427 0.0004037661762238182 129
1627557644494 0.0004035025132163221 130
1627557644555 0.00040270150721271355 131
1627557644625 0.00040181997497798255 132
1627557644673 0.0004015992571061226 133
1627557644735 0.00040100397045828327 134
1627557644789 0.00040072659553962696 135
1627557644844 0.0004005078855287981 136
1627557644895 0.0004002585361731616 137
1627557644944 0.0004000454066033853 138
1627557644991 0.00039983067544918454 139
1627557645052 0.00039963020984409674 140
1627557645146 0.00039924702410620865 141
1627557645201 0.0003990318830566279 142
1627557645259 0.00039874012868425734 143
1627557645313 0.00039851872694597477 144
1627557645377 0.00039829870841466124 145
1627557645471 0.00039806470857215955 146
1627557645543 0.0003978341948960801 147
1627557645616 0.0003975885323446504 148
1627557645707 0.00039733907563028743 149
1627557645781 0.00039711325667734343 150
1627557645861 0.0003964256197594723 151
1627557645930 0.0003961436056612698 152
1627557645982 0.000395937653789388 153
1627557646042 0.0003957348169087401 154
1627557646111 0.00039547827034596154 155
1627557646210 0.00039493588933687027 156
1627557646273 0.0003947055551114312 157
1627557646332 0.00039415099729324014 158
1627557646381 0.0003939389985997337 159
1627557646442 0.0003936429018958004 160
1627557646498 0.000393415383941261 161
1627557646548 0.00039320801925336055 162
1627557646607 0.0003929774047237427 163
1627557646675 0.0003924261936467185 164
1627557646722 0.00039221261826024076 165
1627557646767 0.00039202079701161543 166
1627557646814 0.0003918423134516645 167
1627557646868 0.00039165367734510925 168
1627557646915 0.00039145526045353664 169
1627557646968 0.00039126311811181144 170
1627557647020 0.0003910674277542066 171
1627557647087 0.00039062303580749184 172
1627557647155 0.0003904262002010155 173
1627557647203 0.0003902321932569553 174
1627557647254 0.00039005806702901893 175
1627557647306 0.0003898568844830327 176
1627557647375 0.0003896438800295514 177
1627557647452 0.0003894501061437304 178
1627557647504 0.0003892718026973732 179
1627557647553 0.0003890773071456677 180
1627557647611 0.00038887749491404403 181
1627557647674 0.00038812299565732636 182
1627557647728 0.0003878956554837547 183
1627557647800 0.00038763202209741044 184
1627557647873 0.00038735259738367 185
1627557647926 0.0003871719962252272 186
1627557647978 0.0003869801502054783 187
1627557648032 0.0003867862417886954 188
1627557648084 0.00038660704946350596 189
1627557648140 0.00038639611138631245 190
1627557648209 0.00038586402298099767 191
1627557648255 0.00038568361275172805 192
1627557648307 0.00038550570668318627 193
1627557648358 0.00038531300919743624 194
1627557648416 0.0003850033316224708 195
1627557648468 0.00038480087153240395 196
1627557648521 0.000384606032497734 197
1627557648583 0.000384164911762513 198
1627557648647 0.0003840050949888808 199
1627557648750 0.0003838130866768485 200
1627557648837 0.00038358362916927376 201
1627557648889 0.00038341236319343206 202
1627557648938 0.0003832656495315388 203
1627557648987 0.00038306709944314036 204
1627557649041 0.000382886356716624 205
1627557649089 0.00038272336035012253 206
1627557649147 0.0003825241098315555 207
1627557649201 0.0003823389787188114 208
1627557649267 0.0003821511388682865 209
1627557649335 0.00038198142423526566 210
1627557649406 0.0003812453146280647 211
1627557649454 0.00038107522542463814 212
1627557649520 0.00038080878772522224 213
1627557649584 0.0003803409277422858 214
1627557649641 0.0003801570161562332 215
1627557649691 0.00037998533845711943 216
1627557649746 0.00037979533379095456 217
1627557649796 0.00037965566435372927 218
1627557649843 0.0003794792464476317 219
1627557649926 0.0003790693133390484 220
1627557649966 0.00037890889870150537 221
1627557650018 0.0003787401324196711 222
1627557650089 0.0003783512396461496 223
1627557650144 0.0003781747778639357 224
1627557650202 0.0003779175720250225 225
1627557650258 0.00037756410076704764 226
1627557650308 0.0003773795402491385 227
1627557650353 0.00037719279935317484 228
1627557650419 0.0003768111608079155 229
1627557650474 0.0003766545256745061 230
1627557650518 0.0003764994267815013 231
1627557650570 0.00037633961939249704 232
1627557650635 0.00037601993939123825 233
1627557650718 0.0003757640485778005 234
1627557650770 0.00037559246107066597 235
1627557650827 0.00037541564203544356 236
1627557650893 0.0003752321573852922 237
1627557650946 0.00037506841504509236 238
1627557650991 0.0003749053119246893 239
1627557651046 0.00037472847612478083 240
1627557651099 0.0003745850615118202 241
1627557651149 0.00037443392214812254 242
1627557651251 0.00037405115000098865 243
1627557651315 0.0003738973846409284 244
1627557651391 0.000373718239065607 245
1627557651447 0.00037355701348103774 246
1627557651489 0.0003734106801042855 247
1627557651554 0.000372978597129776 248
1627557651643 0.0003727290350688221 249
1627557651709 0.00037256991048203943 250
1627557651761 0.00037241492005372364 251
1627557651809 0.00037225060944847695 252
1627557651860 0.000372107329637744 253
1627557651907 0.0003719636836247097 254
1627557651975 0.00037182311654284793 255
1627557652053 0.0003716509737106663 256
1627557652148 0.00037147498380120847 257
1627557652226 0.0003713187340060174 258
1627557652329 0.00037112471138892224 259
1627557652381 0.00037095367868052436 260
1627557652429 0.0003708126861804346 261
1627557652512 0.00037043167482779234 262
1627557652562 0.00037029071746910643 263
1627557652608 0.0003701366923990303 264
1627557652655 0.0003699831760089419 265
1627557652702 0.0003698186314206344 266
1627557652746 0.00036967988011788323 267
1627557652792 0.0003695230675096081 268
1627557652833 0.00036937989699058297 269
1627557652893 0.0003691529051765818 270
1627557652965 0.00036873108056342623 271
1627557653023 0.0003685426065662494 272
1627557653072 0.00036839505819297874 273
1627557653134 0.0003681768209541269 274
1627557653185 0.00036801605101493737 275
1627557653243 0.00036785420515135866 276
1627557653290 0.00036771890228553633 277
1627557653339 0.0003675819915781949 278
1627557653398 0.0003674116554923778 279
1627557653455 0.00036726125054245567 280
1627557653511 0.0003670909467206225 281
1627557653579 0.0003667532311816036 282
1627557653633 0.0003665890307786214 283
1627557653685 0.0003664389307383792 284
1627557653736 0.00036630917580166944 285
1627557653807 0.0003658775203283914 286
1627557653857 0.00036574007581628406 287
1627557653919 0.00036555982016610235 288
1627557653967 0.00036541377523902513 289
1627557654034 0.000365246290101557 290
1627557654092 0.0003650781031574556 291
1627557654162 0.00036493094372978786 292
1627557654222 0.0003647925048229772 293
1627557654275 0.0003646345125244192 294
1627557654319 0.00036450775178763526 295
1627557654368 0.00036436755704532967 296
1627557654412 0.0003642462834885198 297
1627557654463 0.0003641011738877219 298
1627557654508 0.0003639610211539726 299
1627557654589 0.000363800577287772 300
1627557654637 0.00036364279212456935 301
1627557654691 0.00036349309805230006 302
1627557654742 0.00036335029534391216 303
1627557654790 0.0003631998764463407 304
1627557654840 0.0003630499116417685 305
1627557654907 0.00036291685705631813 306
1627557655014 0.0003624549805375116 307
1627557655086 0.0003622471431837602 308
1627557655152 0.0003620159208566602 309
1627557655198 0.0003618602588433142 310
1627557655272 0.00036169518796428654 311
1627557655330 0.00036155864348878797 312
1627557655398 0.0003613134413044678 313
1627557655447 0.0003611815381590312 314
1627557655508 0.000360991652654963 315
1627557655560 0.0003608503422088662 316
1627557655611 0.000360703941925049 317
1627557655663 0.00036056423438797736 318
1627557655725 0.0003603915112603442 319
1627557655778 0.0003602599612262764 320
1627557655824 0.0003601169715020243 321
1627557655883 0.0003599846040483857 322
1627557655954 0.0003595947023846236 323
1627557656007 0.00035944562601080424 324
1627557656060 0.00035927599779154865 325
1627557656109 0.00035914038174274005 326
1627557656166 0.0003588233478872215 327
1627557656230 0.00035861632559802063 328
1627557656267 0.0003584784427206604 329
1627557656319 0.00035834276197631174 330
1627557656365 0.0003582017318129955 331
1627557656423 0.0003580588706996858 332
1627557656479 0.0003579255814943281 333
1627557656540 0.0003578046399335296 334
1627557656613 0.00035762938208954543 335
1627557656662 0.0003575021257715232 336
1627557656720 0.0003573023396346438 337
1627557656775 0.00035714542951764867 338
1627557656823 0.0003570299107451641 339
1627557656873 0.00035688543151445544 340
1627557656932 0.0003566567032866245 341
1627557656980 0.0003565089552226088 342
1627557657030 0.00035637031465838475 343
1627557657093 0.0003562451175447455 344
1627557657139 0.0003561220892612433 345
1627557657189 0.0003559737557648368 346
1627557657236 0.0003558441881390612 347
1627557657286 0.0003557201234607532 348
1627557657336 0.00035558951864987377 349
1627557657412 0.00035537452259871836 350
1627557657466 0.00035519943454432495 351
1627557657513 0.00035506602720595534 352
1627557657561 0.00035492244611934424 353
1627557657625 0.000354709018558669 354
1627557657686 0.0003545786603647955 355
1627557657738 0.0003544294625405981 356
1627557657794 0.0003542796377804549 357
1627557657863 0.0003541521431769265 358
1627557657942 0.0003540006667134919 359
1627557658012 0.00035387840362406924 360
1627557658082 0.0003537530076743465 361
1627557658156 0.0003536163820362825 362
1627557658226 0.0003534962503503509 363
1627557658299 0.0003533625521572247 364
1627557658361 0.00035320424743026446 365
1627557658406 0.00035306829544586965 366
1627557658461 0.0003529196624222101 367
1627557658507 0.0003527909725555096 368
1627557658562 0.00035251743673224916 369
1627557658608 0.0003523968897444894 370
1627557658662 0.0003522257925476199 371
1627557658719 0.0003520031992553964 372
1627557658763 0.0003518731808218783 373
1627557658811 0.0003517560854885523 374
1627557658884 0.00035146217881559864 375
1627557658937 0.0003513085401163658 376
1627557658998 0.00035107138884992237 377
1627557659045 0.00035094773122460723 378
1627557659095 0.000350786766915598 379
1627557659153 0.00035063847546792785 380
1627557659208 0.0003505106569704836 381
1627557659260 0.00035039506116934816 382
1627557659306 0.0003502670557720283 383
1627557659356 0.00035013797358720054 384
1627557659410 0.000350010755183631 385
1627557659465 0.0003499032810808198 386
1627557659526 0.0003497496911266921 387
1627557659576 0.00034963479536592463 388
1627557659622 0.00034949549739542 389
1627557659670 0.0003493675057634189 390
1627557659714 0.00034925937205363154 391
1627557659773 0.00034912559481481214 392
1627557659826 0.0003489973434112527 393
1627557659890 0.000348848080741397 394
1627557659938 0.00034872781046755126 395
1627557659986 0.0003486083576233649 396
1627557660035 0.00034850022096770617 397
1627557660106 0.0003483747431995786 398
1627557660176 0.00034825432726328195 399
1627557660240 0.00034811562251773666 400
1627557660303 0.000347994995767177 401
1627557660349 0.00034787341867981527 402
1627557660395 0.0003477630603824658 403
1627557660451 0.00034763844464775524 404
1627557660513 0.0003475234622207946 405
1627557660565 0.00034740474154990264 406
1627557660619 0.00034728490068764226 407
1627557660704 0.0003470647053681922 408
1627557660761 0.00034693448006376676 409
1627557660818 0.0003468117397380202 410
1627557660878 0.000346689849173275 411
1627557660932 0.00034656328166399197 412
1627557660983 0.00034644417211421834 413
1627557661025 0.00034630587015198637 414
1627557661073 0.0003461995676233396 415
1627557661123 0.0003460796174214417 416
1627557661188 0.00034594987988381193 417
1627557661232 0.0003458123922220188 418
1627557661287 0.0003456921503220985 419
1627557661345 0.00034557026936813713 420
1627557661399 0.00034543620025610685 421
1627557661444 0.00034532211875345587 422
1627557661513 0.00034516911166297605 423
1627557661575 0.0003450457270335497 424
1627557661662 0.0003449227265362188 425
1627557661742 0.00034479962647120533 426
1627557661840 0.0003446239951403008 427
1627557661909 0.0003444969903031554 428
1627557661960 0.0003443813815999584 429
1627557662036 0.00034418949613347405 430
1627557662093 0.000344054844689344 431
1627557662160 0.00034373465019438065 432
1627557662240 0.0003435210065248306 433
1627557662302 0.0003434022651430704 434
1627557662347 0.000343281668330779 435
1627557662394 0.0003431663459915788 436
1627557662440 0.0003430423518945277 437
1627557662496 0.00034290504673573015 438
1627557662543 0.00034278561171281497 439
1627557662591 0.00034266265873819743 440
1627557662641 0.00034253750466931715 441
1627557662687 0.00034243645405331773 442
1627557662727 0.0003423272153754898 443
1627557662775 0.0003422211150745799 444
1627557662837 0.0003420787506365408 445
1627557662894 0.00034196295284266557 446
1627557662955 0.0003418232344291419 447
1627557663011 0.00034171315774365196 448
1627557663087 0.0003415990340215347 449
1627557663185 0.00034135808004731187 450
1627557663242 0.0003412433322259989 451
1627557663307 0.00034112350377583136 452
1627557663362 0.00034100442567099607 453
1627557663439 0.00034085814396716445 454
1627557663499 0.0003407515735104262 455
1627557663547 0.00034065264944238154 456
1627557663611 0.0003404552900064113 457
1627557663678 0.00034026601943813316 458
1627557663737 0.0003401369347046283 459
1627557663790 0.0003400088976747341 460
1627557663844 0.0003398812112094666 461
1627557663893 0.0003397698120613125 462
1627557663943 0.0003396621283106302 463
1627557664043 0.0003394383723713014 464
1627557664117 0.0003393175875723335 465
1627557664216 0.00033918001951932736 466
1627557664305 0.00033905531804428985 467
1627557664363 0.000338950010479333 468
1627557664405 0.0003388440074253026 469
1627557664455 0.0003387333668295919 470
1627557664497 0.0003386352961359726 471
1627557664547 0.0003385255292713567 472
1627557664597 0.00033841991526463054 473
1627557664648 0.0003383012582717117 474
1627557664695 0.0003382050246617935 475
1627557664744 0.00033808856952914987 476
1627557664799 0.0003379548664930975 477
1627557664855 0.000337825709204454 478
1627557664915 0.00033771424426794314 479
1627557664971 0.00033759687769448134 480
1627557665020 0.0003374832560490765 481
1627557665065 0.0003373849066640463 482
1627557665111 0.00033727014327813364 483
1627557665158 0.00033716131053065283 484
1627557665214 0.00033701495046932007 485
1627557665283 0.00033689783913999773 486
1627557665366 0.00033676624932773246 487
1627557665447 0.000336644378921417 488
1627557665508 0.0003365391886959085 489
1627557665552 0.00033643070907953926 490
1627557665599 0.00033632932872079463 491
1627557665646 0.0003362170529742822 492
1627557665695 0.00033611308776391335 493
1627557665744 0.00033600246359128695 494
1627557665787 0.000335909700933185 495
1627557665837 0.0003357914844268922 496
1627557665887 0.0003356784819905918 497
1627557665942 0.0003355667104028027 498
1627557666000 0.00033545958070533357 499
1627557666081 0.000335348172978338 500
1627557666162 0.0003352482957677379 501
1627557666222 0.0003351377028673288 502
1627557666272 0.00033503740273585253 503
1627557666338 0.0003349182403277986 504
1627557666421 0.00033479608865858405 505
1627557666474 0.0003346812330260499 506
1627557666529 0.0003345584477498735 507
1627557666602 0.0003344145127745106 508
1627557666681 0.00033430070805235936 509
1627557666771 0.0003341925944658106 510
1627557666822 0.00033408463298425183 511
1627557666870 0.0003339803575147321 512
1627557666924 0.00033387815246985685 513
1627557666998 0.0003337494477818972 514
1627557667048 0.00033364948730110316 515
1627557667094 0.0003335432414663058 516
1627557667145 0.00033340105353226086 517
1627557667235 0.00033905531804428985 518
1627557671562 0.0010982370139192962 0
1627557671666 0.0010146214369330165 1
1627557671755 0.0009410958644065348 2
1627557671854 0.0008766397447178411 3
1627557671946 0.0008191414049380025 4
1627557672034 0.0007688277508469949 5
1627557672133 0.0007252824502130831 6
1627557672233 0.0006880387363494967 7
1627557672323 0.000655444222136755 8
1627557672413 0.0006277509395838641 9
1627557672498 0.0006037027223208226 10
1627557672607 0.000583254974099015 11
1627557672728 0.0005658356216508503 12
1627557672816 0.0005510827411671723 13
1627557672903 0.0005386574775969291 14
1627557672984 0.0005280917730804902 15
1627557673063 0.0005190025773789486 16
1627557673150 0.0005115353963766939 17
1627557673229 0.0005050489033396593 18
1627557673314 0.0004993797298478836 19
1627557673394 0.0004944812626775818 20
1627557673469 0.0004903719944495492 21
1627557673548 0.00048685623108306797 22
1627557673656 0.0004838083599445841 23
1627557673733 0.0004807659342715928 24
1627557673811 0.0004781472249510416 25
1627557673890 0.00047583986335096394 26
1627557673965 0.00047385998399051985 27
1627557674036 0.00047153554039494557 28
1627557674107 0.0004698770384730513 29
1627557674182 0.00046802393925171045 30
1627557674265 0.0004663985689245247 31
1627557674340 0.000465069816303567 32
1627557674423 0.0004632633391639314 33
1627557674496 0.00046205503698714946 34
1627557674558 0.0004610996245203401 35
1627557674626 0.0004592299696681881 36
1627557674690 0.0004576161851737884 37
1627557674758 0.0004561217860644251 38
1627557674826 0.00045434887557314744 39
1627557674888 0.0004535526006709155 40
1627557674958 0.0004519551815578512 41
1627557675016 0.00045136412790942854 42
1627557675090 0.000449894489512551 43
1627557675165 0.00044868181117860967 44
1627557675224 0.0004478667422875537 45
1627557675292 0.0004469618594669765 46
1627557675353 0.00044641602557805605 47
1627557675410 0.0004457433034673738 48
1627557675479 0.0004451538278433947 49
1627557675567 0.0004444842484806957 50
1627557675642 0.00044397986795986544 51
1627557675718 0.0004431229988690039 52
1627557675805 0.0004414956986379735 53
1627557675864 0.00044089943185492435 54
1627557675921 0.0004404202291650725 55
1627557675992 0.00043870099669679084 56
1627557676052 0.0004381962514497679 57
1627557676109 0.00043778964323654953 58
1627557676180 0.00043734575974343484 59
1627557676242 0.00043689745876253366 60
1627557676313 0.0004363605460550294 61
1627557676384 0.000435023196233174 62
1627557676442 0.0004344811876322234 63
1627557676495 0.000434069554713477 64
1627557676558 0.0004335196149532393 65
1627557676617 0.0004330683565019826 66
1627557676674 0.0004327053644597258 67
1627557676745 0.00043200674602866275 68
1627557676806 0.0004313431005481175 69
1627557676871 0.0004303648393213987 70
1627557676930 0.0004298961807959983 71
1627557676983 0.00042953584491996774 72
1627557677054 0.00042914386257617877 73
1627557677122 0.0004277922939580203 74
1627557677194 0.0004273601640559015 75
1627557677269 0.0004263649242959059 76
1627557677323 0.0004260931038534098 77
1627557677383 0.0004256844855746747 78
1627557677463 0.0004243372253015042 79
1627557677525 0.0004238301160796796 80
1627557677592 0.0004232555717217095 81
1627557677659 0.0004227146640900411 82
1627557677731 0.00042231607556601894 83
1627557677810 0.00042195835612608007 84
1627557677885 0.00042139788467919633 85
1627557677952 0.0004209565998752835 86
1627557678006 0.0004206875432559035 87
1627557678065 0.0004203744441183423 88
1627557678122 0.00042007887920916706 89
1627557678178 0.0004198223247765611 90
1627557678251 0.0004186657054032332 91
1627557678319 0.0004178023100058116 92
1627557678369 0.0004174839420236149 93
1627557678426 0.0004171598672784932 94
1627557678491 0.00041667437968398045 95
1627557678552 0.00041590319964123146 96
1627557678620 0.00041485777881378406 97
1627557678675 0.000414622652377325 98
1627557678745 0.00041405259761213435 99
1627557678815 0.00041350071177664226 100
1627557678878 0.00041313646397644346 101
1627557678945 0.00041247948446951045 102
1627557678991 0.00041223661428038406 103
1627557679049 0.00041192516811766307 104
1627557679101 0.00041163829595657514 105
1627557679152 0.0004113971436813842 106
1627557679221 0.00041064641258814786 107
1627557679278 0.0004103778282117729 108
1627557679345 0.0004096791568042369 109
1627557679411 0.00040938470632303527 110
1627557679459 0.00040916741158270503 111
1627557679515 0.00040894639566910944 112
1627557679576 0.0004086996356728925 113
1627557679627 0.0004084619831199326 114
1627557679682 0.0004079744644464502 115
1627557679728 0.00040770506139272306 116
1627557679792 0.0004073950996481407 117
1627557679865 0.00040712928546701266 118
1627557679931 0.00040673669664404794 119
1627557680005 0.0004058319143056174 120
1627557680053 0.0004055649150045732 121
1627557680111 0.0004052912264712551 122
1627557680183 0.00040437213683790414 123
1627557680237 0.00040392806170313524 124
1627557680301 0.0004036568979821796 125
1627557680382 0.00040285212638382033 126
1627557680442 0.0004025712576946139 127
1627557680504 0.0004021918171090462 128
1627557680552 0.0004019596223882489 129
1627557680614 0.000401670385074067 130
1627557680673 0.0004013481948975074 131
1627557680764 0.00040101299236298976 132
1627557680816 0.000400793868244221 133
1627557680889 0.000400509912374158 134
1627557680934 0.00040029818264533895 135
1627557680985 0.00040004965646049423 136
1627557681032 0.00039984634909245436 137
1627557681084 0.00039963526783229797 138
1627557681159 0.00039938366814793857 139
1627557681228 0.00039912393601471634 140
1627557681290 0.0003984798672508913 141
1627557681341 0.0003982350555139597 142
1627557681388 0.0003980313066830783 143
1627557681435 0.00039779997922357907 144
1627557681485 0.00039759557845101646 145
1627557681543 0.0003970175160587725 146
1627557681602 0.0003968091080991548 147
1627557681650 0.00039657109255461677 148
1627557681718 0.00039621827557959175 149
1627557681781 0.000396010887863606 150
1627557681846 0.00039563539818273546 151
1627557681915 0.00039505173660552993 152
1627557681964 0.00039485917187260296 153
1627557682011 0.0003946423376560941 154
1627557682065 0.0003944140413782094 155
1627557682125 0.0003941659639464681 156
1627557682174 0.0003939732535576399 157
1627557682263 0.00039344913719500723 158
1627557682322 0.00039323292443634966 159
1627557682404 0.0003927209241045834 160
1627557682482 0.00039246382920828376 161
1627557682529 0.00039227211555999315 162
1627557682582 0.00039209529330430583 163
1627557682638 0.00039188864216606583 164
1627557682690 0.00039166822952187597 165
1627557682737 0.0003914582477229874 166
1627557682804 0.00039115808956529866 167
1627557682863 0.0003909632643578755 168
1627557682919 0.00039075327745998584 169
1627557682970 0.0003905546977393219 170
1627557683030 0.000390367491341448 171
1627557683116 0.00039016103621149326 172
1627557683166 0.0003899683161220641 173
1627557683214 0.0003897838198359312 174
1627557683265 0.000389613246550342 175
1627557683318 0.0003894174597530446 176
1627557683371 0.0003892479204615492 177
1627557683423 0.00038906200005446037 178
1627557683487 0.00038886256797000405 179
1627557683540 0.0003886588817149198 180
1627557683588 0.0003884894208809016 181
1627557683650 0.0003882748221096502 182
1627557683706 0.00038809852884159467 183
1627557683752 0.0003878990946968153 184
1627557683806 0.0003877072740652009 185
1627557683847 0.00038753286628336845 186
1627557683893 0.0003873479572693508 187
1627557683940 0.0003871570579120579 188
1627557683987 0.0003869751805941396 189
1627557684041 0.00038679583401797496 190
1627557684106 0.0003862852123900017 191
1627557684162 0.0003860909729718419 192
1627557684220 0.0003859167212055473 193
1627557684278 0.0003857374428716846 194
1627557684363 0.0003851410929933446 195
1627557684453 0.0003847565473283219 196
1627557684562 0.00038414453558072305 197
1627557684645 0.00038368545773827327 198
1627557684706 0.0003835095259692552 199
1627557684781 0.0003832575713799808 200
1627557684838 0.0003830503074835037 201
1627557684890 0.00038286792549483935 202
1627557684953 0.0003827061620320534 203
1627557685017 0.0003824365255554205 204
1627557685056 0.00038225988532900973 205
1627557685102 0.00038209368814287836 206
1627557685174 0.0003819027139817072 207
1627557685227 0.00038170780077966264 208
1627557685279 0.0003815446336195873 209
1627557685337 0.0003813362036134983 210
1627557685401 0.00038074988665921957 211
1627557685447 0.0003805906336162806 212
1627557685512 0.00038022459937373995 213
1627557685570 0.00038001928857227013 214
1627557685625 0.000379861246335007 215
1627557685689 0.0003794119976246677 216
1627557685735 0.00037923217738536753 217
1627557685790 0.0003790506832344724 218
1627557685840 0.000378893040958336 219
1627557685903 0.0003787201019162661 220
1627557685957 0.0003784842693585408 221
1627557686002 0.00037832346420730944 222
1627557686049 0.00037813485748806907 223
1627557686104 0.00037794601493945456 224
1627557686175 0.00037776219215470455 225
1627557686243 0.0003774910901929135 226
1627557686286 0.0003773221875250871 227
1627557686339 0.00037715688237380273 228
1627557686390 0.00037697771904414917 229
1627557686437 0.00037681797362521706 230
1627557686493 0.00037665590207215123 231
1627557686541 0.0003764945431550128 232
1627557686626 0.00037617389146328496 233
1627557686696 0.0003759628875302874 234
1627557686739 0.00037581464798967963 235
1627557686802 0.0003755593021364933 236
1627557686855 0.00037538564117614007 237
1627557686913 0.0003751042603195717 238
1627557686959 0.0003749233329526477 239
1627557687024 0.0003747322489858194 240
1627557687075 0.0003745521044519091 241
1627557687123 0.0003743805756087938 242
1627557687179 0.0003742312568436713 243
1627557687227 0.00037408853844809613 244
1627557687318 0.00037389491889587995 245
1627557687366 0.000373749789586447 246
1627557687416 0.0003736066972152931 247
1627557687509 0.00037333305662509713 248
1627557687577 0.0003729749690180741 249
1627557687642 0.0003728026237354117 250
1627557687694 0.00037266410407388014 251
1627557687744 0.0003725202282604832 252
1627557687789 0.0003723661828527898 253
1627557687838 0.0003721785999881462 254
1627557687886 0.0003720482944585926 255
1627557687941 0.0003718776260630313 256
1627557687992 0.00037171221547419286 257
1627557688038 0.0003715610983304895 258
1627557688098 0.0003713529524323684 259
1627557688152 0.0003711837160020968 260
1627557688198 0.0003710292572257034 261
1627557688255 0.00037090637536667085 262
1627557688318 0.000370751905560576 263
1627557688365 0.0003705828319178109 264
1627557688412 0.0003704092053990073 265
1627557688481 0.0003699421810099356 266
1627557688530 0.00036977723958150194 267
1627557688578 0.0003696226154590365 268
1627557688627 0.0003694612981067349 269
1627557688684 0.00036929925748680457 270
1627557688733 0.00036911603480745754 271
1627557688781 0.00036892907728597405 272
1627557688839 0.00036877452802217946 273
1627557688897 0.00036863017288411734 274
1627557688974 0.00036846248521703795 275
1627557689044 0.0003681907866546879 276
1627557689100 0.0003680307485649396 277
1627557689149 0.0003678668380516544 278
1627557689234 0.000367505979219804 279
1627557689281 0.00036736374184058413 280
1627557689331 0.00036720478441219095 281
1627557689387 0.0003670360424524449 282
1627557689432 0.00036689624969267134 283
1627557689488 0.00036673580039723127 284
1627557689533 0.0003665993154683302 285
1627557689591 0.00036640891063163816 286
1627557689641 0.00036627837286992856 287
1627557689695 0.0003660936458259529 288
1627557689743 0.0003659297934644839 289
1627557689809 0.000365736416904305 290
1627557689877 0.0003655332076008201 291
1627557689937 0.00036537651017471383 292
1627557689998 0.00036522093513819765 293
1627557690045 0.00036508039299571317 294
1627557690096 0.0003649397374073706 295
1627557690149 0.00036477266190902555 296
1627557690197 0.0003646383870420235 297
1627557690255 0.00036433375172681935 298
1627557690307 0.0003641963762151018 299
1627557690406 0.0003639225303405466 300
1627557690453 0.0003637826194966195 301
1627557690508 0.00036365333981178686 302
1627557690566 0.0003634354069065116 303
1627557690622 0.0003632945519187729 304
1627557690679 0.00036315411519902873 305
1627557690722 0.0003630264584468931 306
1627557690776 0.00036288259959518706 307
1627557690841 0.0003627287620879984 308
1627557690909 0.0003625771955771871 309
1627557690954 0.0003624530960543876 310
1627557691003 0.00036230727825039985 311
1627557691070 0.0003621641094849685 312
1627557691147 0.00036197624465174295 313
1627557691190 0.00036185240086497003 314
1627557691245 0.0003616306836948034 315
1627557691297 0.0003614814818822437 316
1627557691346 0.00036133700790207335 317
1627557691394 0.0003612148948061761 318
1627557691453 0.0003610789829911588 319
1627557691512 0.00036093515963351767 320
1627557691560 0.00036077709130285005 321
1627557691613 0.00036063607133388694 322
1627557691671 0.0003604190477219986 323
1627557691733 0.0003602758289696013 324
1627557691793 0.0003601181242520452 325
1627557691854 0.00035996494262292166 326
1627557691907 0.0003598159226498747 327
1627557691970 0.00035958843397802023 328
1627557692029 0.00035939256522183515 329
1627557692094 0.00035925446569535715 330
1627557692162 0.000359128942825913 331
1627557692221 0.0003589873293534738 332
1627557692288 0.00035883474269423433 333
1627557692344 0.00035870499429817017 334
1627557692402 0.00036673580039723127 335
1627557696412 0.001100966368466617 0
1627557696518 0.0010166400294704513 1
1627557696608 0.0009423303529207907 2
1627557696705 0.0008767793724591925 3
1627557696798 0.0008193668572021437 4
1627557696890 0.0007691383184343912 5
1627557697005 0.0007256938104464356 6
1627557697106 0.0006883618675683087 7
1627557697204 0.0006556715051626475 8
1627557697320 0.0006279336958852372 9
1627557697406 0.0006041907136310945 10
1627557697497 0.0005838763525553442 11
1627557697604 0.0005664129627999949 12
1627557697719 0.0005517337170865102 13
1627557697805 0.0005391206269957652 14
1627557697892 0.0005285114593699023 15
1627557697972 0.0005195364424549101 16
1627557698060 0.0005121158227451714 17
1627557698144 0.0005053837632266614 18
1627557698225 0.0004996729056638985 19
1627557698303 0.0004946874036091023 20
1627557698379 0.0004905298349473537 21
1627557698463 0.0004867103794061224 22
1627557698537 0.00048370283356020217 23
1627557698616 0.0004806618216095316 24
1627557698691 0.0004780005749734938 25
1627557698762 0.0004756079745616391 26
1627557698832 0.0004734966749766803 27
1627557698904 0.00047142992824712824 28
1627557698975 0.0004696196990034387 29
1627557699043 0.0004679790807068163 30
1627557699119 0.0004666510062085969 31
1627557699189 0.0004647055433432298 32
1627557699253 0.0004632959284696582 33
1627557699316 0.0004621393338748481 34
1627557699379 0.0004608864188989965 35
1627557699448 0.0004590782179099632 36
1627557699519 0.0004570507057527845 37
1627557699609 0.0004551234740079454 38
1627557699708 0.0004534830458679411 39
1627557699778 0.0004528380321499919 40
1627557699849 0.0004522493465279818 41
1627557699917 0.00045159541902395806 42
1627557699989 0.00045050854224029055 43
1627557700055 0.00044939282978214524 44
1627557700119 0.00044877627582939536 45
1627557700191 0.0004479100640717147 46
1627557700248 0.0004470806106586374 47
1627557700315 0.00044654695931968806 48
1627557700385 0.00044603759646025585 49
1627557700479 0.00044423434422950417 50
1627557700540 0.00044372757527302343 51
1627557700606 0.000442059616456149 52
1627557700678 0.00044041964166342405 53
1627557700737 0.0004400261032206249 54
1627557700801 0.00043956259000093077 55
1627557700880 0.0004379977474592994 56
1627557700939 0.00043754989044783837 57
1627557701004 0.00043711470056787433 58
1627557701073 0.00043615466830806764 59
1627557701133 0.00043571030419926556 60
1627557701203 0.0004347592657242767 61
1627557701280 0.00043351096965310164 62
1627557701340 0.00043317979849182806 63
1627557701400 0.00043273635404016196 64
1627557701477 0.0004321624005199995 65
1627557701535 0.0004317689110653807 66
1627557701594 0.0004312752115859291 67
1627557701664 0.00043044292975954063 68
1627557701735 0.00042992168713324515 69
1627557701807 0.00042948560106912564 70
1627557701864 0.0004290807594155569 71
1627557701934 0.00042869134480882703 72
1627557702011 0.00042737080364012883 73
1627557702092 0.0004262908749676163 74
1627557702159 0.0004251300135746101 75
1627557702245 0.000424337867847328 76
1627557702328 0.0004239483031330903 77
1627557702380 0.00042353739809007786 78
1627557702441 0.00042314310151520917 79
1627557702506 0.0004227414307502013 80
1627557702577 0.0004219130852071694 81
1627557702644 0.0004212483976450594 82
1627557702700 0.00042096577023245847 83
1627557702769 0.0004201503560294693 84
1627557702843 0.00041911945736919983 85
1627557702898 0.0004187989146091152 86
1627557702950 0.00041846162151505645 87
1627557702998 0.0004181473177544397 88
1627557703056 0.00041781568273745737 89
1627557703113 0.000417500358625976 90
1627557703208 0.0004170037071368023 91
1627557703287 0.00041659400252298557 92
1627557703338 0.00041631217692346417 93
1627557703407 0.00041604684261827994 94
1627557703471 0.00041545680104340975 95
1627557703532 0.0004149972306980809 96
1627557703595 0.0004146568374681892 97
1627557703648 0.00041435947281069093 98
1627557703718 0.0004136171238976184 99
1627557703824 0.00041314102116061184 100
1627557703923 0.00041275457528099524 101
1627557703998 0.00041200764861472447 102
1627557704063 0.00041170875624704523 103
1627557704136 0.00041143055997341487 104
1627557704188 0.00041117269385800514 105
1627557704238 0.00041093367431312345 106
1627557704296 0.00041054618594049143 107
1627557704371 0.00041027921097012493 108
1627557704457 0.00041000126495565904 109
1627557704538 0.00040969496852729433 110
1627557704591 0.0004094177952589498 111
1627557704659 0.00040910280363064277 112
1627557704716 0.00040880169364437656 113
1627557704770 0.00040855982649070673 114
1627557704847 0.0004077997370773303 115
1627557704896 0.0004075661257043975 116
1627557704960 0.0004072013510976842 117
1627557705015 0.00040694764588125723 118
1627557705092 0.0004059800739694423 119
1627557705147 0.0004056529727989473 120
1627557705199 0.0004054094727308717 121
1627557705247 0.0004051772357700526 122
1627557705309 0.0004048875987470808 123
1627557705364 0.00040458941809365444 124
1627557705424 0.0004040144877617648 125
1627557705481 0.00040370671600940345 126
1627557705541 0.00040313171206581076 127
1627557705602 0.00040285525621032637 128
1627557705653 0.0004026090144326967 129
1627557705711 0.0004022890563497807 130
1627557705772 0.00040207716802992605 131
1627557705836 0.00040140100738325505 132
1627557705881 0.0004011707551751813 133
1627557705943 0.00040081976844384297 134
1627557706006 0.00040058365976897007 135
1627557706081 0.00040034457346558244 136
1627557706153 0.0004001197439854339 137
1627557706204 0.0003998984237397807 138
1627557706269 0.0003996902135297542 139
1627557706347 0.0003994588274760114 140
1627557706461 0.00039864754264333735 141
1627557706514 0.00039844732097547793 142
1627557706569 0.0003982189786159438 143
1627557706625 0.000397974206550798 144
1627557706682 0.00039772265597601215 145
1627557706749 0.0003974047017146451 146
1627557706805 0.0003970723993021215 147
1627557706880 0.00039685728619355944 148
1627557706954 0.00039661246578378217 149
1627557707014 0.0003963974428026354 150
1627557707083 0.0003957999195441594 151
1627557707148 0.0003955878550903883 152
1627557707195 0.00039535742673179973 153
1627557707258 0.0003951456994353302 154
1627557707310 0.00039491148054468457 155
1627557707398 0.00039441655898874106 156
1627557707446 0.0003942047864849054 157
1627557707501 0.0003940138479030934 158
1627557707551 0.0003938216779809763 159
1627557707618 0.00039349254278160857 160
1627557707670 0.0003932477770897627 161
1627557707718 0.00039304825002452133 162
1627557707771 0.00039279319486086687 163
1627557707840 0.0003921674370288818 164
1627557707889 0.0003919827419222182 165
1627557707944 0.00039181350628409096 166
1627557708005 0.0003915994649485019 167
1627557708062 0.0003913990694599789 168
1627557708117 0.0003912133830091612 169
1627557708171 0.000391035106252315 170
1627557708219 0.00039085145287374003 171
1627557708301 0.0003906501927320387 172
1627557708368 0.0003904613555668757 173
1627557708425 0.000390260882470041 174
1627557708476 0.0003900748069193572 175
1627557708541 0.0003898660614053699 176
1627557708598 0.0003896203840368076 177
1627557708656 0.00038942698820627534 178
1627557708715 0.00038925792296181624 179
1627557708789 0.0003890528133821044 180
1627557708860 0.00038884012062829267 181
1627557708934 0.0003882884753081243 182
1627557709000 0.0003877847670546764 183
1627557709050 0.0003876088516740792 184
1627557709125 0.0003874066189971843 185
1627557709190 0.000387246897336303 186
1627557709256 0.0003870600541305511 187
1627557709304 0.00038685378618847586 188
1627557709354 0.00038668102699694585 189
1627557709421 0.00038601349140456623 190
1627557709480 0.0003856772907034668 191
1627557709532 0.00038547709456461917 192
1627557709588 0.0003853242909470451 193
1627557709650 0.0003851318561968792 194
1627557709722 0.000384802157289293 195
1627557709809 0.0003842790066125772 196
1627557709871 0.00038408097739443136 197
1627557709929 0.0003837318004512009 198
1627557709972 0.00038356513126992445 199
1627557710054 0.0003833634989893229 200
1627557710114 0.00038308991174391185 201
1627557710158 0.00038289464537678413 202
1627557710206 0.00038271322922134017 203
1627557710264 0.00038249517393750335 204
1627557710315 0.00038232647142818793 205
1627557710366 0.0003821633615320617 206
1627557710433 0.00038174201964312303 207
1627557710487 0.00038158039865029264 208
1627557710538 0.0003814225618987441 209
1627557710587 0.00038125361638075657 210
1627557710643 0.0003810651713144383 211
1627557710692 0.00038087096368244326 212
1627557710753 0.00038060413454510915 213
1627557710803 0.0003804400089867504 214
1627557710866 0.00038020456740846584 215
1627557710912 0.0003800214958761742 216
1627557710963 0.0003798469193912733 217
1627557711014 0.00037966110291867087 218
1627557711072 0.0003794907217534442 219
1627557711162 0.0003790203661898628 220
1627557711262 0.00037860981717426843 221
1627557711333 0.00037843199915059444 222
1627557711414 0.0003781036280899494 223
1627557711490 0.000377919789924385 224
1627557711569 0.0003777214078553214 225
1627557711617 0.00037756536323355083 226
1627557711664 0.0003774219955007442 227
1627557711715 0.0003772499299974918 228
1627557711775 0.0003770333406812173 229
1627557711836 0.0003768819549534075 230
1627557711898 0.00037672665703919933 231
1627557711950 0.00037655133486993954 232
1627557712032 0.00037602785481943477 233
1627557712115 0.000375493648403993 234
1627557712160 0.00037535280192558363 235
1627557712224 0.0003751212518469418 236
1627557712310 0.000374939128068444 237
1627557712377 0.00037467598609138155 238
1627557712425 0.00037452267719547734 239
1627557712498 0.00037431246249213857 240
1627557712558 0.00037413861167532144 241
1627557712609 0.00037398182176872296 242
1627557712664 0.00037371113625878555 243
1627557712714 0.00037352879931634665 244
1627557712774 0.00037322567912792017 245
1627557712821 0.00037307201913054167 246
1627557712871 0.00037289972271008454 247
1627557712922 0.00037274669273246045 248
1627557712979 0.0003725930052831571 249
1627557713032 0.0003724413072799194 250
1627557713097 0.00037229138840097985 251
1627557713144 0.00037212694709887764 252
1627557713190 0.000371964656146952 253
1627557713247 0.00037175951860584456 254
1627557713296 0.0003715913179180924 255
1627557713342 0.00037143607881385426 256
1627557713388 0.00037127751881537607 257
1627557713431 0.0003711376545218792 258
1627557713484 0.0003709864414987401 259
1627557713533 0.0003708167988662947 260
1627557713584 0.0003706653509862092 261
1627557713652 0.00037020685622953474 262
1627557713712 0.0003700745246707432 263
1627557713783 0.00036991586492504696 264
1627557713834 0.00036976086334969 265
1627557713913 0.0003695748904871058 266
1627557713960 0.00036943285268558853 267
1627557714020 0.00036926483910566294 268
1627557714082 0.0003691113229936158 269
1627557714134 0.00036895262105298673 270
1627557714201 0.000368790983848863 271
1627557714288 0.000368560798360166 272
1627557714334 0.0003684053174153891 273
1627557714409 0.0003681359929201541 274
1627557714482 0.00036788219396174026 275
1627557714572 0.00036751121990431394 276
1627557714634 0.0003673574537463125 277
1627557714695 0.00036720676269090183 278
1627557714792 0.0003669781638855593 279
1627557714837 0.0003668324621917316 280
1627557714898 0.0003666516293600108 281
1627557714957 0.00036650626469414513 282
1627557715009 0.00036637676023646706 283
1627557715081 0.0003662359805993742 284
1627557715154 0.00036609898994876004 285
1627557715204 0.000365891698614844 286
1627557715256 0.0003657666949831073 287
1627557715320 0.00036547458015638253 288
1627557715366 0.0003653381227739417 289
1627557715420 0.0003651772227054346 290
1627557715469 0.00036506013348462196 291
1627557715523 0.00036490586325002333 292
1627557715576 0.00036474574954985895 293
1627557715620 0.0003646061658047392 294
1627557715666 0.0003644573647779928 295
1627557715718 0.0003643223430417312 296
1627557715773 0.0003641770329288703 297
1627557715855 0.0003640230021227298 298
1627557715900 0.0003638947982420326 299
1627557715966 0.0003637498987894134 300
1627557716013 0.0003636106536511807 301
1627557716056 0.0003634726088806642 302
1627557716128 0.0003633296758260035 303
1627557716196 0.00036317897957948786 304
1627557716250 0.00036301905376296117 305
1627557716296 0.00036288053082993035 306
1627557716337 0.00036274321546535807 307
1627557716395 0.00036248767935323023 308
1627557716452 0.0003623256002299667 309
1627557716501 0.00036219573528572727 310
1627557716560 0.00036194787594482687 311
1627557716613 0.0003618128522861554 312
1627557716666 0.00036168560467250113 313
1627557716709 0.0003615501302063366 314
1627557716780 0.0003613961124810509 315
1627557716824 0.00036126416995263484 316
1627557716874 0.00036110885052043204 317
1627557716914 0.0003609912912733022 318
1627557716991 0.00036085047645825346 319
1627557717043 0.00036070935149185176 320
1627557717091 0.0003605709826690878 321
1627557717130 0.0003604419836269521 322
1627557717191 0.0003602655226469669 323
1627557717243 0.00036013400276706725 324
1627557717301 0.0003599478956800748 325
1627557717348 0.0003598087852753821 326
1627557717407 0.0003596378069817277 327
1627557717460 0.0003594890444407403 328
1627557717518 0.0003593465217510831 329
1627557717572 0.0003591987582781914 330
1627557717621 0.00035905171991474673 331
1627557717673 0.0003589105303660425 332
1627557717721 0.00035877389518876405 333
1627557717772 0.0003586464241658417 334
1627557717830 0.0003584854342263554 335
1627557717881 0.00035834788990369497 336
1627557717938 0.00035815561772749836 337
1627557717992 0.000358015095182469 338
1627557718054 0.00036547458015638253 339
