1627553528358 0.5087347866183466 0
1627553528543 0.4691000841356297 1
1627553528736 0.43412150771599783 2
1627553528951 0.4034315901018047 3
1627553529195 0.3764148867400111 4
1627553529439 0.35281011548639524 5
1627553529604 0.33220456551246985 6
1627553529775 0.3146211641970449 7
1627553529934 0.29932242929839853 8
1627553530093 0.28623423391869557 9
1627553530276 0.274915006796145 10
1627553530434 0.26530897150922944 11
1627553530597 0.25711522013586563 12
1627553530757 0.2501631809430288 13
1627553530912 0.24406949720565377 14
1627553531072 0.23902440127312963 15
1627553531216 0.2346997087925072 16
1627553531366 0.23107236418683058 17
1627553531532 0.22797134750216103 18
1627553531677 0.2251968051092899 19
1627553531812 0.22283462421031483 20
1627553531943 0.22081007080129716 21
1627553532089 0.21905686183924913 22
1627553532209 0.21733834037280847 23
1627553532413 0.21574234650499158 24
1627553532572 0.21435048381782457 25
1627553532745 0.21310289238144778 26
1627553532872 0.21209207557329277 27
1627553533042 0.2110086215809442 28
1627553533234 0.21004642254324388 29
1627553533356 0.20900112554593075 30
1627553533554 0.20798850819183634 31
1627553533732 0.20716974366589294 32
1627553533932 0.20641697430276013 33
1627553534075 0.20583465674820584 34
1627553534149 0.2051881794915191 35
1627553534223 0.20442574665315164 36
1627553534302 0.20372690601426965 37
1627553534377 0.20316561962841947 38
1627553534462 0.20249461661558124 39
1627553534537 0.20200883030051256 40
1627553534620 0.20080416162034817 41
1627553534708 0.19956094795071733 42
1627553534801 0.19865925434921394 43
1627553534884 0.19789186160270716 44
1627553534947 0.19747517438775042 45
1627553535052 0.1963001276918974 46
1627553535121 0.19589067012133946 47
1627553535197 0.19520369762882228 48
1627553535271 0.19485761187987605 49
1627553535380 0.19431197135735878 50
1627553535442 0.19398296005121826 51
1627553535522 0.1936173471503322 52
1627553535612 0.19279807667747254 53
1627553535706 0.19202469628578864 54
1627553535781 0.19148833418712125 55
1627553535854 0.19116996303306527 56
1627553535923 0.19087982597771763 57
1627553535990 0.190574828660637 58
1627553536078 0.18984440360524676 59
1627553536167 0.18919478751877658 60
1627553536273 0.1883768690378374 61
1627553536350 0.18787960258359757 62
1627553536435 0.18736750214576847 63
1627553536498 0.18706897029867142 64
1627553536595 0.1864178639715085 65
1627553536661 0.18609254104678988 66
1627553536724 0.18583253326338783 67
1627553536795 0.18552715437661219 68
1627553536874 0.1852325005491438 69
1627553536966 0.1847148933684304 70
1627553537030 0.18443753734306925 71
1627553537091 0.18417467492711495 72
1627553537158 0.18392984556919822 73
1627553537253 0.18332591533789602 74
1627553537326 0.1830517354408317 75
1627553537398 0.18279599741629085 76
1627553537497 0.18230308612728768 77
1627553537563 0.1820444875443091 78
1627553537644 0.18171334251984897 79
1627553537710 0.18147908520155087 80
1627553537785 0.18124574007334832 81
1627553537846 0.18100974483766094 82
1627553537936 0.1805331299713761 83
1627553537998 0.1802966473565083 84
1627553538078 0.18002466978115164 85
1627553538136 0.1797908666560565 86
1627553538179 0.179577384789072 87
1627553538232 0.17937406631441663 88
1627553538299 0.17913052766925067 89
1627553538362 0.17887268382292285 90
1627553538447 0.17850076650509553 91
1627553538535 0.17815049977624633 92
1627553538595 0.1779210612075449 93
1627553538655 0.17769298147972926 94
1627553538721 0.17748265244306066 95
1627553538777 0.1772769566954996 96
1627553538846 0.17696250875244116 97
1627553538900 0.17676966073978592 98
1627553538963 0.17655928972599225 99
1627553539062 0.17624529686373203 100
1627553539142 0.17595315948864007 101
1627553539223 0.175704944043641 102
1627553539298 0.17544424467514966 103
1627553539365 0.1752350816401675 104
1627553539425 0.17502161529258017 105
1627553539485 0.17481370437026578 106
1627553539546 0.1745835599076008 107
1627553539604 0.1743895589746429 108
1627553539663 0.17419888283615662 109
1627553539737 0.1739998485656544 110
1627553539802 0.1737853927725616 111
1627553539862 0.17360755905696268 112
1627553539910 0.17343688446425742 113
1627553539972 0.17324010917528787 114
1627553540037 0.17305266004905975 115
1627553540105 0.17285499099875118 116
1627553540200 0.17246542119670225 117
1627553540253 0.1722911522389423 118
1627553540324 0.17209296649852246 119
1627553540398 0.1718794448986876 120
1627553540453 0.17169798752757492 121
1627553540510 0.17151911778891366 122
1627553540570 0.17134059489635 123
1627553540619 0.1711757889177709 124
1627553540677 0.17099429744713093 125
1627553540744 0.17081460802552448 126
1627553540831 0.17048653903629446 127
1627553540902 0.17027603177605347 128
1627553540986 0.1699888962197938 129
1627553541038 0.1698233618582641 130
1627553541098 0.1696807720047702 131
1627553541161 0.16951304523633698 132
1627553541215 0.16934482067761122 133
1627553541284 0.16913736399287876 134
1627553541335 0.16897537505400131 135
1627553541401 0.1687882594198839 136
1627553541443 0.1686191606015047 137
1627553541498 0.16846484436138537 138
1627553541565 0.16829326402181727 139
1627553541620 0.16813358006549087 140
1627553541698 0.16794796812841964 141
1627553541754 0.16779595257693483 142
1627553541822 0.16761338872385595 143
1627553541874 0.16745704344850465 144
1627553541926 0.16729056612646548 145
1627553541979 0.16714981459125333 146
1627553542038 0.16699985166988038 147
1627553542100 0.16685391172522937 148
1627553542145 0.16672691710024445 149
1627553542204 0.1665761960762402 150
1627553542269 0.1664226853383644 151
1627553542331 0.1662602302203853 152
1627553542426 0.1659612221434342 153
1627553542470 0.16582906397632058 154
1627553542531 0.16566505506037907 155
1627553542586 0.16552183454212963 156
1627553542636 0.16537725342109302 157
1627553542676 0.16525349339866627 158
1627553542721 0.1651143489618643 159
1627553542783 0.16497381058642774 160
1627553542834 0.16484068278959838 161
1627553542903 0.16464100245347188 162
1627553542958 0.16447797254917554 163
1627553543031 0.16429473779250145 164
1627553543078 0.16416033959791274 165
1627553543117 0.16402339082685793 166
1627553543201 0.1637710383863502 167
1627553543254 0.16362708783462176 168
1627553543309 0.16348637351341241 169
1627553543348 0.16336941402382693 170
1627553543407 0.16322163004196327 171
1627553543456 0.1630980869946822 172
1627553543509 0.1629527067324343 173
1627553543547 0.16281185858927066 174
1627553543588 0.16268221830583163 175
1627553543643 0.16254258894861298 176
1627553543687 0.16242610129484153 177
1627553543759 0.1622316069818085 178
1627553543805 0.16210505043605128 179
1627553543859 0.16196666719438677 180
1627553543913 0.16183127328677382 181
1627553543990 0.16163955022699497 182
1627553544072 0.16141315158646397 183
1627553544116 0.16128863986927439 184
1627553544177 0.16117564625321357 185
1627553544221 0.16105434058525162 186
1627553544266 0.16092049686463727 187
1627553544305 0.1608062243221154 188
1627553544350 0.16067548718875274 189
1627553544397 0.16056617654815955 190
1627553544441 0.1604470954556202 191
1627553544514 0.16027138460768714 192
1627553544566 0.16014259127125857 193
1627553544603 0.16001530986891807 194
1627553544666 0.15987395777811253 195
1627553544723 0.15975369665897804 196
1627553544766 0.15962675417560251 197
1627553544846 0.15942933962548123 198
1627553544898 0.15929949138830882 199
1627553544964 0.15918266189385108 200
1627553545021 0.15906831673799576 201
1627553545063 0.158946744318416 202
1627553545115 0.15881397402903472 203
1627553545170 0.15868950614954658 204
1627553545236 0.15852021316619877 205
1627553545285 0.15841570518688272 206
1627553545343 0.15828446356827727 207
1627553545399 0.15815699517659362 208
1627553545452 0.15803083354188657 209
1627553545496 0.15792664814057394 210
1627553545539 0.1578247972906637 211
1627553545582 0.15772670796203972 212
1627553545637 0.1576134189220921 213
1627553545693 0.15749016175239705 214
1627553545746 0.1573806765313271 215
1627553545814 0.15724091701101764 216
1627553545865 0.15713877238930354 217
1627553545908 0.15702290750848452 218
1627553545955 0.15689945181267992 219
1627553546018 0.1567707142938218 220
1627553546058 0.15666938281435372 221
1627553546100 0.15654609895909088 222
1627553546143 0.15644057683730303 223
1627553546184 0.1563342996353501 224
1627553546260 0.15616468960269633 225
1627553546334 0.15598993315330262 226
1627553546383 0.1558703016060676 227
1627553546444 0.15572728715633327 228
1627553546527 0.15553493760133322 229
1627553546575 0.1554210527260906 230
1627553546612 0.15531627868344272 231
1627553546654 0.15522092355878223 232
1627553546709 0.15510475921787323 233
1627553546750 0.15500952266349466 234
1627553546797 0.15488702208839852 235
1627553546838 0.15479569165075818 236
1627553546891 0.15468557357319015 237
1627553546933 0.15458508050028932 238
1627553546980 0.15446181920930177 239
1627553547041 0.15435506836046822 240
1627553547083 0.1542671205180164 241
1627553547124 0.15416800213763765 242
1627553547164 0.15406057432385975 243
1627553547212 0.1539569527603718 244
1627553547269 0.1538356761406349 245
1627553547315 0.153714003343796 246
1627553547384 0.15357043150838426 247
1627553547430 0.15346887477666063 248
1627553547477 0.15336230155855404 249
1627553547542 0.15325133077234063 250
1627553547590 0.1531506751469722 251
1627553547627 0.15305585398943167 252
1627553547673 0.15295519387841613 253
1627553547710 0.1528652901387279 254
1627553547756 0.1527622728389838 255
1627553547800 0.15265278181917655 256
1627553547844 0.15257038276781992 257
1627553547892 0.1524641401536684 258
1627553547929 0.1523853916102142 259
1627553547990 0.15225937661686662 260
1627553548040 0.15215882102009762 261
1627553548098 0.15203922675665899 262
1627553548151 0.1519360041153656 263
1627553548199 0.15182285058700354 264
1627553548249 0.15171016297004045 265
1627553548308 0.15161098876795262 266
1627553548352 0.15151143914107174 267
1627553548393 0.1514290098585405 268
1627553548434 0.15132190152185274 269
1627553548487 0.1512306073689965 270
1627553548550 0.15110089622419437 271
1627553548591 0.15101644629165326 272
1627553548626 0.15091450502120307 273
1627553548700 0.1507702257530217 274
1627553548739 0.15069233112891053 275
1627553548805 0.15058042160719745 276
1627553548857 0.15047418571929116 277
1627553548902 0.15038161455767382 278
1627553548949 0.15028570261391727 279
1627553548984 0.1501850619408982 280
1627553549040 0.1500823870202036 281
1627553549077 0.14998412628543836 282
1627553549125 0.1498891108108587 283
1627553549176 0.14977866568870524 284
1627553549242 0.15500952266349466 285
1627553553362 0.5080275949486214 0
1627553553617 0.4685657001973829 1
1627553553882 0.43373772700854274 2
1627553554072 0.4031535531359372 3
1627553554262 0.3762537236933933 4
1627553554450 0.3526913283780144 5
1627553554605 0.33221422913390564 6
1627553554761 0.31466398112123917 7
1627553554918 0.29949635967117044 8
1627553555069 0.28647615721427155 9
1627553555226 0.2751863409388866 10
1627553555382 0.26560823973210307 11
1627553555595 0.25736007805829964 12
1627553555747 0.25040415310407804 13
1627553555887 0.2444067610185638 14
1627553556050 0.23933995041036224 15
1627553556197 0.23502123750298265 16
1627553556400 0.23140755642875857 17
1627553556546 0.2282265713743468 18
1627553556698 0.22552358928450417 19
1627553556829 0.22304904671031428 20
1627553556952 0.22099005017272705 21
1627553557094 0.2191514803804178 22
1627553557221 0.2174372877024499 23
1627553557353 0.21608437317459267 24
1627553557475 0.21474066688331048 25
1627553557599 0.21343360546173493 26
1627553557724 0.2122914643527666 27
1627553557851 0.2112632994307079 28
1627553557972 0.21027605782538458 29
1627553558154 0.2094352408984397 30
1627553558280 0.2085616396165898 31
1627553558395 0.2078128680621699 32
1627553558525 0.207160309515298 33
1627553558640 0.20650331113791714 34
1627553558783 0.2057296703506567 35
1627553558905 0.2051299084382209 36
1627553559047 0.20431882195654835 37
1627553559171 0.20310611256290134 38
1627553559291 0.20250449523224892 39
1627553559404 0.20208080195446343 40
1627553559517 0.2013552273135531 41
1627553559639 0.20020494484329956 42
1627553559777 0.19935712853251752 43
1627553559912 0.19869041970807302 44
1627553560055 0.19833026994992625 45
1627553560214 0.19769338752255783 46
1627553560374 0.19710830644326327 47
1627553560487 0.19670450451057858 48
1627553560621 0.19576298025590425 49
1627553560780 0.1946014790517378 50
1627553560910 0.1938782510905873 51
1627553561031 0.19355101995327445 52
1627553561158 0.19289714898583354 53
1627553561273 0.1924577978826824 54
1627553561395 0.19187569359224813 55
1627553561519 0.19149296451975278 56
1627553561641 0.19093056153901705 57
1627553561742 0.19060986128692828 58
1627553561858 0.1902831697870318 59
1627553561968 0.1899662089741298 60
1627553562115 0.18912738043473118 61
1627553562268 0.18884813414737572 62
1627553562376 0.18854905804313513 63
1627553562479 0.18822864782677118 64
1627553562601 0.1875791961520001 65
1627553562705 0.18725449863243138 66
1627553562832 0.186997091539729 67
1627553562956 0.18669857760857606 68
1627553563091 0.18643783712023765 69
1627553563204 0.1861462130381417 70
1627553563336 0.18566574804942174 71
1627553563441 0.18539310631668654 72
1627553563604 0.18513531493292149 73
1627553563726 0.18480997440200736 74
1627553563832 0.18455906376102693 75
1627553563948 0.184312866253043 76
1627553564086 0.1837208682107995 77
1627553564196 0.1834460416135017 78
1627553564350 0.18306257703225043 79
1627553564502 0.18280509370532894 80
1627553564624 0.18242858430159964 81
1627553564745 0.18194777072472182 82
1627553564868 0.18148125885097363 83
1627553564978 0.18107824095155445 84
1627553565104 0.18076906741891077 85
1627553565210 0.18054081447250267 86
1627553565339 0.18032716038574576 87
1627553565471 0.18011181318756525 88
1627553565589 0.17986187281777644 89
1627553565698 0.1796216221621961 90
1627553565804 0.1794069609978137 91
1627553565980 0.17913142296105192 92
1627553566140 0.17892894640649348 93
1627553566249 0.1786899582388941 94
1627553566382 0.17819545425818195 95
1627553566484 0.17798742307299176 96
1627553566610 0.17760235230675442 97
1627553566715 0.17737484726381525 98
1627553566846 0.17710046627032683 99
1627553566983 0.176885637849289 100
1627553567144 0.17644900437410488 101
1627553567252 0.17624674370217824 102
1627553567387 0.1758844092413024 103
1627553567520 0.1756821662893879 104
1627553567656 0.17538367445087488 105
1627553567742 0.1752008479899619 106
1627553567864 0.17490519935037988 107
1627553567955 0.17470580690418455 108
1627553568062 0.17452886312292454 109
1627553568191 0.17416695177997174 110
1627553568270 0.1739794555928766 111
1627553568368 0.173756452643015 112
1627553568497 0.1734403640423494 113
1627553568590 0.1732535037857328 114
1627553568702 0.17306969542474349 115
1627553568811 0.17282451692222378 116
1627553568883 0.17264936134085443 117
1627553568997 0.17242295785316897 118
1627553569100 0.1722495504055336 119
1627553569291 0.17193098561546352 120
1627553569439 0.1717349653828959 121
1627553569583 0.1715465131733266 122
1627553569687 0.17137070683145575 123
1627553569793 0.17116276078351741 124
1627553569960 0.17088543307134704 125
1627553570053 0.17072292703347502 126
1627553570134 0.17056621363392468 127
1627553570231 0.17039614631650907 128
1627553570369 0.17021540689791823 129
1627553570487 0.17005469075898696 130
1627553570635 0.1698298528274386 131
1627553570738 0.1696530795500732 132
1627553570855 0.16950067135594876 133
1627553570976 0.16934436795383656 134
1627553571060 0.16918392086876957 135
1627553571145 0.16901946644567967 136
1627553571232 0.16885650293067628 137
1627553571311 0.16870790183438955 138
1627553571481 0.1684401163418171 139
1627553571570 0.16826996440061012 140
1627553571668 0.16809070529675996 141
1627553571751 0.1678940867178317 142
1627553571846 0.1677228362201415 143
1627553571998 0.16754879389915384 144
1627553572120 0.1673991825247191 145
1627553572211 0.16724764282453164 146
1627553572330 0.1670705902838634 147
1627553572418 0.16691428664419625 148
1627553572521 0.16676550728673273 149
1627553572606 0.16663070192736307 150
1627553572716 0.16643169845531086 151
1627553572814 0.1662832291431916 152
1627553572913 0.16613284195059425 153
1627553572987 0.16597946061734073 154
1627553573076 0.16584721661785068 155
1627553573170 0.16570120302528696 156
1627553573237 0.16556687656343388 157
1627553573326 0.16542074219686742 158
1627553573413 0.16527154078726078 159
1627553573525 0.16512229652619467 160
1627553573686 0.16497383665772014 161
1627553573766 0.16483404263062917 162
1627553573831 0.1647160842689228 163
1627553573907 0.16458709094832666 164
1627553573990 0.1644321242460788 165
1627553574092 0.16426578244326384 166
1627553574195 0.16406431410047256 167
1627553574265 0.16394317909198322 168
1627553574362 0.16378908845170312 169
1627553574456 0.16363878057284523 170
1627553574545 0.16349045188075975 171
1627553574623 0.1633740966574496 172
1627553574731 0.16321536977982634 173
1627553574812 0.16307165012593267 174
1627553574929 0.16291107630887217 175
1627553575012 0.16278300969165882 176
1627553575115 0.16264414892391157 177
1627553575193 0.16252878545734892 178
1627553575281 0.16238869475462078 179
1627553575357 0.16226122742191035 180
1627553575457 0.16209721704181954 181
1627553575540 0.16196921291076716 182
1627553575690 0.16178705974920862 183
1627553575754 0.16168185413517938 184
1627553575909 0.16142870287259925 185
1627553575989 0.1613046688620124 186
1627553576083 0.16117175412980647 187
1627553576183 0.16102967942145352 188
1627553576263 0.16090830638605438 189
1627553576359 0.16079217871399729 190
1627553576432 0.16069073669721362 191
1627553576512 0.1605682342915086 192
1627553576622 0.16038508320083444 193
1627553576730 0.1602346915400447 194
1627553576817 0.16010862244365634 195
1627553576888 0.16000293646399857 196
1627553576982 0.15987129343995435 197
1627553577086 0.1596960149767877 198
1627553577170 0.1595668862667536 199
1627553577290 0.1594243974573238 200
1627553577361 0.15929678608252013 201
1627553577457 0.15913917702139618 202
1627553577529 0.15902931742774612 203
1627553577626 0.15885625006284018 204
1627553577704 0.1587276577031633 205
1627553577806 0.15858493036367793 206
1627553577891 0.1584546101249005 207
1627553577967 0.15832145143853793 208
1627553578061 0.15818673303034433 209
1627553578145 0.1580671649159426 210
1627553578221 0.15797569465612882 211
1627553578307 0.15785561651726873 212
1627553578374 0.15774004832250887 213
1627553578476 0.15762835953571783 214
1627553578569 0.15751356852772458 215
1627553578631 0.15741596846234907 216
1627553578704 0.15731092648569303 217
1627553578772 0.15720521909505394 218
1627553578845 0.15708786120995635 219
1627553578914 0.15698852834888466 220
1627553579016 0.15687343032362056 221
1627553579079 0.1567664644653107 222
1627553579141 0.15666750269156512 223
1627553579203 0.15656502433355907 224
1627553579288 0.15646114852867168 225
1627553579373 0.15633955872173091 226
1627553579447 0.1562158353215105 227
1627553579544 0.15608015815578394 228
1627553579619 0.15596758763591395 229
1627553579700 0.15585401945161076 230
1627553579792 0.1557235687007632 231
1627553579862 0.15562915530926164 232
1627553579955 0.15551430738902605 233
1627553580095 0.1554131152594933 234
1627553580205 0.15529254257454905 235
1627553580291 0.15518394735207766 236
1627553580377 0.1550795204744344 237
1627553580443 0.15498457049712555 238
1627553580528 0.1548707049638291 239
1627553580601 0.15477849965642143 240
1627553580699 0.15465662556069262 241
1627553580782 0.15455211597058413 242
1627553580864 0.15445259305927547 243
1627553580954 0.15433014296168637 244
1627553581040 0.15422371399284673 245
1627553581114 0.1541045921399721 246
1627553581191 0.1540006948707289 247
1627553581260 0.15392109785084562 248
1627553581365 0.15374719459890404 249
1627553581480 0.15364495984313853 250
1627553581566 0.15354150992885587 251
1627553581638 0.15344355317456207 252
1627553581728 0.15331735544635233 253
1627553581844 0.15315785836488074 254
1627553581931 0.15304218569101277 255
1627553582000 0.15294850990541986 256
1627553582076 0.15285311730430134 257
1627553582166 0.15273939613152884 258
1627553582273 0.15256039984783154 259
1627553582344 0.1524587232039461 260
1627553582425 0.15234727560070038 261
1627553582521 0.15224527397763762 262
1627553582592 0.15785561651726873 263
1627553586841 0.5087901524591613 0
1627553587007 0.469161448908481 1
1627553587169 0.4342186168821954 2
1627553587339 0.40355810331309006 3
1627553587505 0.37655620430181314 4
1627553587655 0.35297699962759743 5
1627553587814 0.3324430433183358 6
1627553587967 0.3148506023900391 7
1627553588144 0.29959193196940626 8
1627553588282 0.2864809322749663 9
1627553588472 0.27517291060778654 10
1627553588627 0.2655971628989122 11
1627553588776 0.257348590927598 12
1627553588915 0.2503645049092102 13
1627553589122 0.24434315135830134 14
1627553589275 0.23928791604495236 15
1627553589434 0.23495181311005842 16
1627553589590 0.23130541840147084 17
1627553589753 0.22815280690845813 18
1627553589912 0.22533202914197456 19
1627553590047 0.22294130971401194 20
1627553590191 0.2209267652970742 21
1627553590325 0.21916658654520849 22
1627553590442 0.21741582136891244 23
1627553590577 0.21608708239396204 24
1627553590699 0.21467550334121652 25
1627553590820 0.21345336135487075 26
1627553590949 0.2123653174152287 27
1627553591074 0.21116965392044468 28
1627553591197 0.21012895081260372 29
1627553591316 0.20924124476119904 30
1627553591444 0.20843304952165997 31
1627553591571 0.20761676796863357 32
1627553591695 0.20684439747780703 33
1627553591807 0.20619213771729317 34
1627553591920 0.2054391340423389 35
1627553592047 0.20470462542881554 36
1627553592170 0.203938768158077 37
1627553592293 0.20321208538667218 38
1627553592417 0.2024969951403724 39
1627553592545 0.2019920173400466 40
1627553592714 0.20100944340541946 41
1627553592895 0.19998443979716854 42
1627553593062 0.19904517075298103 43
1627553593194 0.1981593357199317 44
1627553593300 0.1977952699534006 45
1627553593429 0.1973249994103019 46
1627553593573 0.19643638392176127 47
1627553593684 0.1960467422365932 48
1627553593820 0.19560075364822735 49
1627553594008 0.1948353547999434 50
1627553594126 0.1944805092682564 51
1627553594246 0.19408167818340258 52
1627553594366 0.1935263339583217 53
1627553594475 0.19315496293805054 54
1627553594609 0.19229168815962394 55
1627553594740 0.19156633073825935 56
1627553594869 0.19082042199348714 57
1627553594987 0.1904969767915403 58
1627553595123 0.18999546044373505 59
1627553595239 0.18955556057581757 60
1627553595382 0.1888355330222206 61
1627553595501 0.18842475676460102 62
1627553595621 0.18808915411385288 63
1627553595805 0.18776983831551752 64
1627553595992 0.18709420338306493 65
1627553596134 0.18678792321771265 66
1627553596295 0.1865127485388802 67
1627553596451 0.18623653085650527 68
1627553596621 0.18595520235961843 69
1627553596779 0.1856743051488887 70
1627553596934 0.1852839358143932 71
1627553597098 0.18502241350248796 72
1627553597226 0.1844245633049396 73
1627553597329 0.1841554929693971 74
1627553597442 0.18386226064149155 75
1627553597542 0.1836016736782606 76
1627553597659 0.18320418062926055 77
1627553597758 0.1829545143553407 78
1627553597881 0.1824088739179907 79
1627553597984 0.18208755040662594 80
1627553598094 0.18185116427440987 81
1627553598207 0.18157226791055772 82
1627553598307 0.18130619855081084 83
1627553598421 0.18106537687546578 84
1627553598549 0.18074445725161842 85
1627553598724 0.18029071104895886 86
1627553598844 0.17996704482816378 87
1627553598965 0.17974372412395173 88
1627553599067 0.17951956594527835 89
1627553599165 0.17929903878440923 90
1627553599306 0.1789719433350603 91
1627553599423 0.1787444508209782 92
1627553599536 0.17850272462860323 93
1627553599699 0.17817715125623262 94
1627553599818 0.17791656889132926 95
1627553599962 0.17769031337317343 96
1627553600049 0.17750810950399587 97
1627553600162 0.17722310944344552 98
1627553600266 0.17701937443527482 99
1627553600391 0.17681034940026338 100
1627553600521 0.17652130428693424 101
1627553600629 0.1763281524305832 102
1627553600760 0.176121804014489 103
1627553600865 0.17589177410682846 104
1627553600985 0.1756912230209826 105
1627553601136 0.1754853712634545 106
1627553601260 0.17530826029959126 107
1627553601364 0.17511280730404832 108
1627553601494 0.17467274872280258 109
1627553601595 0.17444476829382893 110
1627553601717 0.17416590386038625 111
1627553601897 0.17387003268992526 112
1627553602053 0.17361981157071338 113
1627553602157 0.1734334023661388 114
1627553602302 0.17308769496281168 115
1627553602378 0.17290253339774606 116
1627553602487 0.17269213625014715 117
1627553602564 0.17251799524173572 118
1627553602671 0.17231165714237115 119
1627553602822 0.17203040429789826 120
1627553602948 0.1718518962689602 121
1627553603042 0.17167469356050283 122
1627553603186 0.17150677193416375 123
1627553603300 0.17132705943480753 124
1627553603424 0.1710270673400732 125
1627553603517 0.17085715999728737 126
1627553603591 0.1707041902533017 127
1627553603694 0.17051609702744655 128
1627553603783 0.17033487892467858 129
1627553603868 0.17018879885209148 130
1627553603982 0.170018652639948 131
1627553604081 0.16986123536917874 132
1627553604186 0.16966419842193492 133
1627553604299 0.16950321615519467 134
1627553604420 0.16933258941142618 135
1627553604507 0.16916243339234535 136
1627553604598 0.1690020759878371 137
1627553604744 0.16876641276138246 138
1627553604858 0.16862380789212747 139
1627553604958 0.16848144957622765 140
1627553605076 0.1681917156454595 141
1627553605210 0.16797377803499303 142
1627553605309 0.1678208425393052 143
1627553605411 0.16766827136735024 144
1627553605495 0.1675087695836379 145
1627553605574 0.16736776500320003 146
1627553605697 0.16719452254168723 147
1627553605809 0.16703695484066294 148
1627553605914 0.16688892313455198 149
1627553606037 0.1666988490391468 150
1627553606150 0.16650674028710075 151
1627553606240 0.16636796865538 152
1627553606326 0.1662264730308661 153
1627553606496 0.1660521709426636 154
1627553606646 0.16590956576745397 155
1627553606777 0.165791182334671 156
1627553606846 0.1656546598495707 157
1627553606956 0.1654765913724072 158
1627553607033 0.16534240126197625 159
1627553607150 0.1651773331004456 160
1627553607259 0.16497305741751567 161
1627553607335 0.164831215774109 162
1627553607408 0.1647181842958402 163
1627553607487 0.16458981657290034 164
1627553607556 0.16444700985900898 165
1627553607629 0.16431432788851513 166
1627553607705 0.16418083194440322 167
1627553607794 0.16402875602852612 168
1627553607868 0.16390171831609734 169
1627553607944 0.1637573320457566 170
1627553608030 0.16362513370766515 171
1627553608121 0.16347095862445576 172
1627553608221 0.16330742395618789 173
1627553608322 0.16313032669358263 174
1627553608438 0.16293674184435594 175
1627553608527 0.1627890726622573 176
1627553608595 0.16267529917214626 177
1627553608681 0.16254576826695527 178
1627553608794 0.16238546276833357 179
1627553608887 0.1622505286512143 180
1627553608976 0.16210287537590617 181
1627553609054 0.1619849814847096 182
1627553609161 0.16187241981349282 183
1627553609269 0.1617478321499402 184
1627553609392 0.1616018024319296 185
1627553609489 0.16145913159244232 186
1627553609581 0.1613299932911296 187
1627553609692 0.16119957716665162 188
1627553609810 0.16105518539055633 189
1627553609910 0.16091931488172043 190
1627553609983 0.16080920993077163 191
1627553610083 0.16066615431536782 192
1627553610189 0.16051125242015546 193
1627553610276 0.16036178239247206 194
1627553610393 0.1601178364010314 195
1627553610482 0.15999833575355327 196
1627553610565 0.1598780100236054 197
1627553610652 0.1597522428898899 198
1627553610737 0.15961441791584077 199
1627553610846 0.15948861984539162 200
1627553610909 0.1593901180296171 201
1627553610990 0.15926720673113348 202
1627553611083 0.1591326732598575 203
1627553611160 0.1590238277073039 204
1627553611261 0.15888565218256845 205
1627553611335 0.15877697325246284 206
1627553611461 0.15865312679995144 207
1627553611533 0.1585418343817009 208
1627553611621 0.15841544220671483 209
1627553611704 0.15831023907180902 210
1627553611782 0.15820144750969556 211
1627553611864 0.15808544444129038 212
1627553611935 0.1579629629340935 213
1627553612060 0.15781581895036068 214
1627553612138 0.15770940582568765 215
1627553612286 0.15758496707177314 216
1627553612397 0.15747033654869522 217
1627553612499 0.15737422637367998 218
1627553612616 0.15721881854718808 219
1627553612713 0.15710788827213804 220
1627553612828 0.15699118051892344 221
1627553612950 0.156882402107273 222
1627553613050 0.15676946155897614 223
1627553613140 0.15663517081251338 224
1627553613238 0.15651236992359963 225
1627553613341 0.1563932299850017 226
1627553613411 0.15627927064431604 227
1627553613488 0.15616253260512797 228
1627553613569 0.15604437971446694 229
1627553613650 0.15592126068989695 230
1627553613734 0.1557987345492224 231
1627553613825 0.15568043643587953 232
1627553613914 0.15554408105777578 233
1627553613989 0.15544596109737369 234
1627553614112 0.15531339327995763 235
1627553614227 0.15516603650367128 236
1627553614342 0.15505852900241388 237
1627553614446 0.15495360353247734 238
1627553614546 0.15485068091736975 239
1627553614616 0.15475952811355373 240
1627553614691 0.15465888056655336 241
1627553614777 0.1545297671463858 242
1627553614853 0.15443302199187794 243
1627553614948 0.15432088488081333 244
1627553615031 0.15421676745600893 245
1627553615112 0.1540974531276087 246
1627553615199 0.15398026841324344 247
1627553615300 0.15382409527045357 248
1627553615370 0.15371586392734324 249
1627553615480 0.15359158912982673 250
1627553615574 0.15347074107132058 251
1627553615696 0.1533698864898323 252
1627553615777 0.15326338276418922 253
1627553615910 0.15315560754425392 254
1627553616030 0.1530473919604834 255
1627553616126 0.1529446423059587 256
1627553616196 0.15284110092327938 257
1627553616267 0.15275208703763787 258
1627553616370 0.1525977120657432 259
1627553616436 0.15249703342147108 260
1627553616541 0.1523585270154314 261
1627553616614 0.15226937826962078 262
1627553616705 0.15217207294490628 263
1627553616791 0.1520607369401353 264
1627553616872 0.15194484477116393 265
1627553616986 0.15177526773282532 266
1627553617057 0.15166964715263562 267
1627553617146 0.15155839293127019 268
1627553617207 0.15146752005802083 269
1627553617285 0.15721881854718808 270
1627553621277 0.5068225357977447 0
1627553621447 0.4674572005673151 1
1627553621603 0.4327820260759099 2
1627553621756 0.40228207951352446 3
1627553621916 0.3754644321958304 4
1627553622107 0.3519871265509346 5
1627553622327 0.33154919271511984 6
1627553622498 0.31405676398008164 7
1627553622651 0.29889896210045114 8
1627553622803 0.2859030545812786 9
1627553622982 0.274672664605068 10
1627553623130 0.2651666081647877 11
1627553623278 0.2569854237860192 12
1627553623422 0.2500276523065804 13
1627553623574 0.24403660412930847 14
1627553623716 0.23902996894767276 15
1627553623867 0.23471617896951424 16
1627553624040 0.23113194237070303 17
1627553624175 0.22799276136216315 18
1627553624321 0.22529396843294036 19
1627553624450 0.22287190246243535 20
1627553624616 0.22082661713602053 21
1627553624753 0.21904044655588936 22
1627553624873 0.21742710553067576 23
1627553624993 0.21574622428948112 24
1627553625122 0.21445489682169894 25
1627553625251 0.21326811030106557 26
1627553625372 0.21206567432451653 27
1627553625511 0.21108373088305707 28
1627553625634 0.21000615730819763 29
1627553625754 0.20910201427481043 30
1627553625931 0.20816694277294423 31
1627553626080 0.2074208340377231 32
1627553626208 0.2064376624478562 33
1627553626323 0.20569939860099473 34
1627553626443 0.20488732424406247 35
1627553626567 0.2037892200801595 36
1627553626700 0.20297572586496448 37
1627553626832 0.20235652931865628 38
1627553626955 0.20164262638148414 39
1627553627083 0.20119109818845288 40
1627553627202 0.20019636329759066 41
1627553627331 0.1994341842581274 42
1627553627450 0.19866254263264319 43
1627553627588 0.19806023777156273 44
1627553627711 0.19769028722482893 45
1627553627837 0.1969372605508208 46
1627553627966 0.196108391417726 47
1627553628078 0.19574502586442455 48
1627553628211 0.1946955880188364 49
1627553628343 0.194077971165448 50
1627553628450 0.19363667790185238 51
1627553628560 0.19330154803438784 52
1627553628685 0.1927891292391833 53
1627553628826 0.192434237724003 54
1627553628959 0.1920853274950561 55
1627553629155 0.19112126976644359 56
1627553629285 0.19078051539729307 57
1627553629398 0.19048619838401445 58
1627553629538 0.19014279704386927 59
1627553629657 0.18982910494959296 60
1627553629793 0.18896181393019 61
1627553629933 0.18829106137728135 62
1627553630035 0.18801016183262476 63
1627553630165 0.18763011730346088 64
1627553630323 0.186900579096132 65
1627553630415 0.186612355498749 66
1627553630523 0.1863316939434919 67
1627553630627 0.1860661091217921 68
1627553630766 0.1857826278551679 69
1627553630920 0.1853587945407014 70
1627553631064 0.18508417765377058 71
1627553631211 0.18481862635325683 72
1627553631383 0.18416717600995355 73
1627553631509 0.1838761532683557 74
1627553631677 0.1833368466578996 75
1627553631788 0.1830525711260158 76
1627553631892 0.18280696949764488 77
1627553631983 0.18256011815887227 78
1627553632093 0.1823214870757939 79
1627553632279 0.18172883401353404 80
1627553632467 0.1813650431691216 81
1627553632632 0.18107505512834451 82
1627553632734 0.1808385822864467 83
1627553632911 0.1803969304902333 84
1627553633054 0.18015481671539346 85
1627553633162 0.17992277342722657 86
1627553633267 0.17968856286592674 87
1627553633376 0.17946163193385933 88
1627553633484 0.1792090504522924 89
1627553633599 0.1788970216812394 90
1627553633726 0.1784658941209573 91
1627553633894 0.1782396006488837 92
1627553634025 0.17801485574606965 93
1627553634171 0.1778008947909815 94
1627553634284 0.17755559945877022 95
1627553634394 0.17720945741020658 96
1627553634532 0.1770054227024187 97
1627553634617 0.17680086220194272 98
1627553634758 0.17660210353677183 99
1627553634923 0.1762474026382018 100
1627553635078 0.176008166426134 101
1627553635206 0.1757308725175845 102
1627553635318 0.17548509321774639 103
1627553635451 0.17511750187848502 104
1627553635548 0.1748904282677135 105
1627553635644 0.17466231019416892 106
1627553635741 0.1744765037531514 107
1627553635844 0.17428150141039542 108
1627553635971 0.17392150427280198 109
1627553636068 0.17373745722267872 110
1627553636175 0.17353847577424372 111
1627553636300 0.17320448161220267 112
1627553636400 0.1730134373413509 113
1627553636514 0.17282223947288805 114
1627553636614 0.172650381547779 115
1627553636712 0.17247058549350816 116
1627553636809 0.172296006825063 117
1627553636910 0.1721131640269367 118
1627553637046 0.1717949764459439 119
1627553637154 0.17161600661995322 120
1627553637243 0.17143973338952445 121
1627553637350 0.17126064996138074 122
1627553637474 0.17105365036699743 123
1627553637571 0.17085847570446255 124
1627553637687 0.17065494744841078 125
1627553637797 0.17039372669520367 126
1627553637874 0.17024636495439088 127
1627553637966 0.17008797944369974 128
1627553638059 0.1699077286659831 129
1627553638177 0.16964482006805875 130
1627553638281 0.16948452632370584 131
1627553638391 0.16932799332155068 132
1627553638487 0.16916416683259902 133
1627553638592 0.16898324355549127 134
1627553638687 0.1688289140185468 135
1627553638770 0.16867867453130275 136
1627553638914 0.16852181730843205 137
1627553639017 0.16833655453406687 138
1627553639120 0.1681393466357133 139
1627553639215 0.16797418773337303 140
1627553639318 0.16781084192624893 141
1627553639442 0.16764592361684216 142
1627553639535 0.16749790096259756 143
1627553639615 0.16733805875045865 144
1627553639705 0.1671728955969022 145
1627553639791 0.16702997628338825 146
1627553639884 0.16688579312680502 147
1627553639989 0.16671800721387006 148
1627553640089 0.16656087407560893 149
1627553640188 0.16642488300581695 150
1627553640288 0.1662802224875586 151
1627553640405 0.16612635509988657 152
1627553640628 0.16582981754530798 153
1627553640766 0.16565028672781057 154
1627553640849 0.1655108943794366 155
1627553640930 0.16538343013313792 156
1627553641024 0.1652007951855941 157
1627553641102 0.16507799952867505 158
1627553641196 0.164926334495474 159
1627553641280 0.16479392186383263 160
1627553641356 0.16467471515361662 161
1627553641447 0.16452613658883183 162
1627553641520 0.1644034067236732 163
1627553641648 0.16416714705097102 164
1627553641729 0.16402716442219556 165
1627553641812 0.16389833616213073 166
1627553641929 0.16371032303925165 167
1627553642021 0.16356375842119333 168
1627553642111 0.16341499580614477 169
1627553642220 0.1632714154066694 170
1627553642306 0.1631516288171178 171
1627553642406 0.163013631133315 172
1627553642493 0.16287918576903618 173
1627553642578 0.16274243123810572 174
1627553642691 0.16257580189824172 175
1627553642787 0.1624221924241548 176
1627553642884 0.16226537422282816 177
1627553642999 0.16206907653059568 178
1627553643087 0.161946180324154 179
1627553643194 0.161759785014306 180
1627553643262 0.1616335317968614 181
1627553643328 0.1615320928075836 182
1627553643437 0.16135240496600342 183
1627553643518 0.16121549901168533 184
1627553643606 0.16108034894646064 185
1627553643712 0.16094161912852792 186
1627553643856 0.16080370338862945 187
1627553643933 0.16068031875979877 188
1627553644020 0.16053987700569092 189
1627553644106 0.16043164556947115 190
1627553644195 0.16029771653492045 191
1627553644282 0.1601662136353866 192
1627553644372 0.16003286071236286 193
1627553644435 0.1599369729809103 194
1627553644528 0.15980650033183397 195
1627553644620 0.15970655559145588 196
1627553644723 0.15961393193371223 197
1627553644825 0.15945745247619472 198
1627553644943 0.1593423853052198 199
1627553645040 0.15923267851681716 200
1627553645150 0.15913398342838214 201
1627553645235 0.15900606436912665 202
1627553645321 0.15888384908135383 203
1627553645451 0.15876176839370684 204
1627553645549 0.15863992589508727 205
1627553645652 0.15851424025081529 206
1627553645792 0.15839479990978783 207
1627553645893 0.1582683093249743 208
1627553646000 0.15812765007469493 209
1627553646103 0.15798122618435959 210
1627553646171 0.15788182148504215 211
1627553646262 0.15774797112773445 212
1627553646382 0.15761660611757675 213
1627553646483 0.15749996448777442 214
1627553646579 0.1573851663486482 215
1627553646666 0.15728721852398378 216
1627553646742 0.1571958896724325 217
1627553646807 0.15710957260347616 218
1627553646904 0.15698716105211596 219
1627553647057 0.15680358893880755 220
1627553647139 0.15667591579382348 221
1627553647216 0.15656383556187756 222
1627553647289 0.15646804148867832 223
1627553647377 0.15634692371739173 224
1627553647454 0.15624589632811006 225
1627553647568 0.15613647835108055 226
1627553647643 0.15602729065560905 227
1627553647713 0.15592993558427493 228
1627553647810 0.15581335837808477 229
1627553647883 0.15571616319493614 230
1627553647998 0.15560198954986976 231
1627553648078 0.15549554676464777 232
1627553648216 0.15537224535017963 233
1627553648297 0.15526349493788782 234
1627553648378 0.15515110055214865 235
1627553648514 0.1550458026126128 236
1627553648594 0.15494522457410037 237
1627553648683 0.15484089139988463 238
1627553648766 0.15473013253052426 239
1627553648846 0.15463363127319305 240
1627553648919 0.1545320756730155 241
1627553648991 0.1544329640640887 242
1627553649059 0.15433349999686918 243
1627553649141 0.154219702489343 244
1627553649254 0.15407013385033871 245
1627553649327 0.15398293358499926 246
1627553649411 0.1538694196260049 247
1627553649501 0.15376112509795284 248
1627553649589 0.1536587273670627 249
1627553649690 0.15354704520165724 250
1627553649819 0.15344908944494545 251
1627553649952 0.15335043417227817 252
1627553650126 0.15321438119029393 253
1627553650233 0.15311498122610043 254
1627553650316 0.1530170957847052 255
1627553650400 0.152909031121784 256
1627553650479 0.15280795794456842 257
1627553650558 0.15839479990978783 258
1627553654729 0.5096231572761646 0
1627553654905 0.46997944022333477 1
1627553655067 0.43504137523055 2
1627553655225 0.4043586953221053 3
1627553655387 0.3773437270471022 4
1627553655546 0.3536901276378549 5
1627553655704 0.33310030390969586 6
1627553655863 0.31543436620350074 7
1627553656053 0.30016629503366693 8
1627553656206 0.2870323530533093 9
1627553656423 0.27570693269625934 10
1627553656673 0.26611220694949195 11
1627553656818 0.2578438898471793 12
1627553656998 0.2508365663039014 13
1627553657155 0.24475335275480276 14
1627553657329 0.23967899078867153 15
1627553657475 0.2353618624680313 16
1627553657668 0.23170774038703223 17
1627553657820 0.22852078956666083 18
1627553657962 0.22573201813973395 19
1627553658101 0.22326442060758814 20
1627553658237 0.22122989547932184 21
1627553658373 0.21937376772378048 22
1627553658499 0.21774099017752926 23
1627553658631 0.21622772320763003 24
1627553658765 0.21495893812323147 25
1627553658898 0.2137251545559745 26
1627553659048 0.2127447737769137 27
1627553659177 0.21168672166263774 28
1627553659312 0.21073811249039592 29
1627553659439 0.20973434141141972 30
1627553659571 0.20886130908308168 31
1627553659700 0.20807789540702207 32
1627553659833 0.20708552063705649 33
1627553659972 0.20639947673020279 34
1627553660111 0.20552338243717902 35
1627553660309 0.20452598812582476 36
1627553660441 0.20384430118451333 37
1627553660563 0.20309385783422046 38
1627553660712 0.20254703760736228 39
1627553660824 0.20211576981215001 40
1627553660956 0.2010721550698757 41
1627553661090 0.20004424108157706 42
1627553661207 0.19932260465756702 43
1627553661339 0.1984664835081146 44
1627553661448 0.19809634729664435 45
1627553661644 0.19684613618235797 46
1627553661775 0.1964565828469781 47
1627553661920 0.19594839433002625 48
1627553662048 0.19551766436866735 49
1627553662237 0.19461988020905097 50
1627553662367 0.19429513360982167 51
1627553662508 0.1938766812917224 52
1627553662645 0.19295280979412952 53
1627553662752 0.192552703512552 54
1627553662868 0.19214106502961656 55
1627553662986 0.19179348910388222 56
1627553663086 0.19147771415841963 57
1627553663195 0.19115294759015858 58
1627553663342 0.19035247444683845 59
1627553663456 0.19004615839858374 60
1627553663596 0.18922858116260236 61
1627553663708 0.18888720534333103 62
1627553663842 0.1883098189953331 63
1627553663950 0.18799396773942803 64
1627553664155 0.18757137754542103 65
1627553664316 0.18723570676739668 66
1627553664424 0.18695609081545414 67
1627553664579 0.18649910283335525 68
1627553664697 0.18619876655431597 69
1627553664810 0.18590332561148626 70
1627553664915 0.18563457521959784 71
1627553665053 0.1850754542427257 72
1627553665159 0.1848030683235772 73
1627553665295 0.18418684316448924 74
1627553665426 0.1839233551061255 75
1627553665545 0.1836771675708443 76
1627553665643 0.1834210713578429 77
1627553665766 0.18295692768958496 78
1627553665885 0.1827249142104624 79
1627553665988 0.18249520759051838 80
1627553666088 0.18218303166176508 81
1627553666217 0.18174594805213962 82
1627553666340 0.18133054162196302 83
1627553666444 0.18110149940151957 84
1627553666562 0.1808454832677709 85
1627553666666 0.1805947889651407 86
1627553666770 0.1803698710464841 87
1627553666875 0.18014182066188913 88
1627553667019 0.17961651607878426 89
1627553667138 0.17937552856279013 90
1627553667249 0.17907452486689385 91
1627553667360 0.17885639566602335 92
1627553667456 0.17863243346449945 93
1627553667553 0.1784084660667173 94
1627553667659 0.1781849213309572 95
1627553667783 0.1777335861914323 96
1627553667910 0.17734475943556474 97
1627553668009 0.177132106095243 98
1627553668124 0.17693365723580556 99
1627553668277 0.1764714785967147 100
1627553668380 0.17623982842906669 101
1627553668489 0.17592748144349793 102
1627553668630 0.17556584639701786 103
1627553668723 0.1753762997235223 104
1627553668831 0.17518529994222284 105
1627553668920 0.17499977501755581 106
1627553669053 0.17472286842848353 107
1627553669156 0.17451895071374612 108
1627553669260 0.17432890309399887 109
1627553669385 0.17411545545504878 110
1627553669493 0.17392450862485764 111
1627553669591 0.17373902825063872 112
1627553669678 0.17356462551692523 113
1627553669782 0.17336194408717925 114
1627553669880 0.17318181741757926 115
1627553669974 0.17300920432941191 116
1627553670073 0.17283539986141042 117
1627553670157 0.17264990205020064 118
1627553670274 0.1723521193868634 119
1627553670366 0.17218864634201536 120
1627553670463 0.17196917130021566 121
1627553670565 0.17174106838443906 122
1627553670670 0.17157665125148114 123
1627553670763 0.17141495349487892 124
1627553670873 0.1712322880054707 125
1627553670988 0.17097987244046725 126
1627553671068 0.1708270532739166 127
1627553671176 0.17065391243275096 128
1627553671271 0.17048253382849676 129
1627553671387 0.1702142453815281 130
1627553671488 0.170053225156717 131
1627553671585 0.1698544431975472 132
1627553671679 0.16968696521392038 133
1627553671781 0.16952570792325009 134
1627553671871 0.16936504466285882 135
1627553671973 0.16916772854856885 136
1627553672073 0.16896027077935621 137
1627553672185 0.1687333626907709 138
1627553672322 0.16846198509039578 139
1627553672414 0.16830135906607904 140
1627553672515 0.1681489416807553 141
1627553672613 0.16797848364590623 142
1627553672707 0.16781253119289652 143
1627553672813 0.1676701179357538 144
1627553672902 0.167516677566831 145
1627553673009 0.16734435774349266 146
1627553673114 0.16719453538164625 147
1627553673206 0.16703100108184124 148
1627553673315 0.1668270980648811 149
1627553673402 0.16668423575441943 150
1627553673507 0.16653770081264813 151
1627553673605 0.16638868588567243 152
1627553673682 0.1662486291640153 153
1627553673764 0.16610637903757813 154
1627553673867 0.16596889852432392 155
1627553673980 0.16573425478561113 156
1627553674065 0.16558249334196176 157
1627553674217 0.1654065876095734 158
1627553674304 0.16529075442491992 159
1627553674482 0.16501615968618447 160
1627553674619 0.1648397352137728 161
1627553674722 0.16467982555842653 162
1627553674824 0.16453963685222348 163
1627553674943 0.16434998954231433 164
1627553675024 0.16421082157741237 165
1627553675095 0.1640724083697944 166
1627553675223 0.16385404395131767 167
1627553675309 0.16371170851014644 168
1627553675395 0.16357388249894012 169
1627553675486 0.16342253888799949 170
1627553675568 0.16327912157292265 171
1627553675664 0.16313290136184494 172
1627553675745 0.1629915858058963 173
1627553675832 0.16285648729804963 174
1627553675914 0.1627341594874703 175
1627553675981 0.16262666986043678 176
1627553676076 0.16249964756606058 177
1627553676192 0.1623626845906296 178
1627553676284 0.1622255971871066 179
1627553676408 0.162081604422605 180
1627553676543 0.16195586314717567 181
1627553676641 0.16182204803398248 182
1627553676774 0.161675703035427 183
1627553676847 0.16155472947621466 184
1627553676939 0.1614293611297293 185
1627553677028 0.16128277245459446 186
1627553677112 0.16115746439192113 187
1627553677186 0.16103001876932846 188
1627553677277 0.16089503936083718 189
1627553677365 0.16077983868070764 190
1627553677463 0.16065032273676574 191
1627553677580 0.16049567081816907 192
1627553677657 0.1603980835250341 193
1627553677743 0.1602808820230554 194
1627553677831 0.16014802317561214 195
1627553677973 0.15999349965485488 196
1627553678128 0.15987346790746793 197
1627553678237 0.15974935218869823 198
1627553678368 0.15959884269926666 199
1627553678484 0.1594750609109139 200
1627553678656 0.15925818688711058 201
1627553678732 0.15913361452841387 202
1627553678854 0.159015834388278 203
1627553678939 0.1588971952521266 204
1627553679040 0.1587731631306012 205
1627553679134 0.15864435268542793 206
1627553679277 0.15851214194981603 207
1627553679375 0.1584222707419755 208
1627553679466 0.15829539046452706 209
1627553679550 0.1581774351618549 210
1627553679625 0.15806537835961534 211
1627553679693 0.1579563489505475 212
1627553679807 0.1577654416776884 213
1627553679898 0.1576482816109772 214
1627553679977 0.15753104178460042 215
1627553680057 0.1574204866510137 216
1627553680143 0.15729121803889057 217
1627553680235 0.15716950027737972 218
1627553680325 0.15704855514967647 219
1627553680411 0.156933864188557 220
1627553680500 0.1568075724993904 221
1627553680580 0.15667829997003452 222
1627553680655 0.15656040024573886 223
1627553680750 0.15645667354865817 224
1627553680831 0.15634428951732038 225
1627553680909 0.1562445082986935 226
1627553680988 0.15613036381662118 227
1627553681063 0.15601229586066925 228
1627553681186 0.15586712306889766 229
1627553681282 0.15574603163692968 230
1627553681361 0.15564597225600757 231
1627553681452 0.15554576207711263 232
1627553681535 0.1554324963986978 233
1627553681622 0.15534175661716007 234
1627553681695 0.155239718238862 235
1627553681788 0.15512843011753868 236
1627553681861 0.15501300956315342 237
1627553681956 0.15492572372415783 238
1627553682025 0.15481343141908577 239
1627553682104 0.15471840384065128 240
1627553682170 0.15461961136308172 241
1627553682247 0.15449707126056272 242
1627553682339 0.15438115221226 243
1627553682429 0.15427021595431317 244
1627553682524 0.15416233117913475 245
1627553682595 0.15406025298905285 246
1627553682700 0.15395718944264913 247
1627553682781 0.15386639381833392 248
1627553682846 0.15377817782242997 249
1627553682956 0.15366958135063422 250
1627553683030 0.15357052950917097 251
1627553683107 0.15346186906630924 252
1627553683181 0.15913361452841387 253
