1627553528358 0.001098407710875937 0
1627553528543 0.0010128325468162576 1
1627553528736 0.0009373104102003065 2
1627553528951 0.0008710479035981195 3
1627553529195 0.0008127162225790738 4
1627553529439 0.0007617512336672656 5
1627553529604 0.0007172618541781853 6
1627553529775 0.0006792975865558726 7
1627553529934 0.00064626613515448 8
1627553530093 0.0006180074528197809 9
1627553530276 0.0005935681444014777 10
1627553530434 0.0005728277831972697 11
1627553530597 0.0005551366798412274 12
1627553530757 0.0005401265534290305 13
1627553530912 0.0005269696996375861 14
1627553531072 0.0005160768485474085 15
1627553531216 0.0005067394183304623 16
1627553531366 0.0004989076297648088 17
1627553531532 0.0004922122341923304 18
1627553531677 0.00048622172825561283 19
1627553531812 0.0004811215507532232 20
1627553531943 0.0004767503437217141 21
1627553532089 0.00047296499564949984 22
1627553532209 0.00046925454124384613 23
1627553532413 0.00046580863579919173 24
1627553532572 0.0004628034693565923 25
1627553532745 0.00046010979852859014 26
1627553532872 0.00045792734707160746 27
1627553533042 0.00045558806489326707 28
1627553533234 0.00045351058391365816 29
1627553533356 0.0004512536863852553 30
1627553533554 0.0004490673473747067 31
1627553533732 0.00044729955540937964 32
1627553533932 0.00044567425339653744 33
1627553534075 0.00044441697335891365 34
1627553534149 0.00044302116630704885 35
1627553534223 0.000441374999914826 36
1627553534302 0.0004398661352446313 37
1627553534377 0.00043865426353909443 38
1627553534462 0.0004372055030014801 39
1627553534537 0.0004361566432650559 40
1627553534620 0.000433555646826004 41
1627553534708 0.00043087142802035526 42
1627553534801 0.0004289245841424256 43
1627553534884 0.0004272677088261724 44
1627553534947 0.0004263680407433241 45
1627553535052 0.00042383100104103586 46
1627553535121 0.0004229469424623849 47
1627553535197 0.00042146370227118257 48
1627553535271 0.0004207164695970221 49
1627553535380 0.00041953837882597884 50
1627553535442 0.00041882801152952814 51
1627553535522 0.00041803861784290355 52
1627553535612 0.0004162697334860486 53
1627553535706 0.00041459993026399277 54
1627553535781 0.0004134418725092039 55
1627553535854 0.0004127544783325739 56
1627553535923 0.0004121280443110045 57
1627553535990 0.000411469525543873 58
1627553536078 0.00040989246705606925 59
1627553536167 0.0004084898829642957 60
1627553536273 0.00040672391769240335 61
1627553536350 0.00040565027122398204 62
1627553536435 0.00040454459674498606 63
1627553536498 0.0004039000375526209 64
1627553536595 0.00040249423588636907 65
1627553536661 0.00040179183216190175 66
1627553536724 0.00040123045015801154 67
1627553536795 0.0004005711075451092 68
1627553536874 0.00039993492137482513 69
1627553536966 0.00039881735730518087 70
1627553537030 0.00039821851876701555 71
1627553537091 0.00039765097333518317 72
1627553537158 0.00039712236302166364 73
1627553537253 0.0003958184191195764 74
1627553537326 0.00039522643814828863 75
1627553537398 0.00039467427496835925 76
1627553537497 0.0003936100317222886 77
1627553537563 0.0003930516923192757 78
1627553537644 0.00039233671811750927 79
1627553537710 0.0003918309338636683 80
1627553537785 0.00039132711911692576 81
1627553537846 0.00039081758253124916 82
1627553537936 0.000389788524842723 83
1627553537998 0.0003892779359578105 84
1627553538078 0.0003886907100131474 85
1627553538136 0.00038818590640512976 86
1627553538179 0.00038772497836447693 87
1627553538232 0.0003872859940722307 88
1627553538299 0.0003867601705329829 89
1627553538362 0.0003862034606785328 90
1627553538447 0.0003854004551433767 91
1627553538535 0.0003846441953289411 92
1627553538595 0.0003841488152223694 93
1627553538655 0.00038365636898362486 94
1627553538721 0.0003832022482082709 95
1627553538777 0.00038275813115394276 96
1627553538846 0.00038207920756885095 97
1627553538900 0.0003816628300183832 98
1627553538963 0.00038120861861065073 99
1627553539062 0.00038053067758849423 100
1627553539142 0.0003798999246814703 101
1627553539223 0.00037936400347841 102
1627553539298 0.00037880112827434656 103
1627553539365 0.0003783495250110872 104
1627553539425 0.00037788863047799403 105
1627553539485 0.000377439730646968 106
1627553539546 0.00037694282644686885 107
1627553539604 0.00037652395963032857 108
1627553539663 0.0003761122713675192 109
1627553539737 0.000375682537086627 110
1627553539802 0.000375219506243877 111
1627553539862 0.0003748355460157444 112
1627553539910 0.0003744670430283104 113
1627553539972 0.00037404218610710883 114
1627553540037 0.0003736374652763173 115
1627553540105 0.0003732106786383701 116
1627553540200 0.00037236955967919757 117
1627553540253 0.0003719932961090683 118
1627553540324 0.00037156539388861863 119
1627553540398 0.00037110438006049146 120
1627553540453 0.00037071259601008166 121
1627553540510 0.00037032639890791183 122
1627553540570 0.0003699409506807739 123
1627553540619 0.000369585118600667 124
1627553540677 0.00036919326092542257 125
1627553540744 0.00036880529404887546 126
1627553540831 0.00036809696130469095 127
1627553540902 0.00036764245572728653 128
1627553540986 0.0003670225022318392 129
1627553541038 0.00036666509750117604 130
1627553541098 0.0003663572321873308 131
1627553541161 0.00036599509383855426 132
1627553541215 0.0003656318807124272 133
1627553541284 0.00036518396162287865 134
1627553541335 0.0003648342118039798 135
1627553541401 0.0003644302110149873 136
1627553541443 0.000364065110276581 137
1627553541498 0.0003637319265578959 138
1627553541565 0.0003633614679753455 139
1627553541620 0.0003630166948366892 140
1627553541698 0.0003626159406751987 141
1627553541754 0.000362287724365725 142
1627553541822 0.00036189355131329337 143
1627553541874 0.00036155598671031643 144
1627553541926 0.00036119654603721316 145
1627553541979 0.00036089264983097264 146
1627553542038 0.0003605688653488768 147
1627553542100 0.0003602537668636997 148
1627553542145 0.0003599795731598576 149
1627553542204 0.0003596541518614644 150
1627553542269 0.00035932270729988676 151
1627553542331 0.0003589719509556079 152
1627553542426 0.0003583263635386615 153
1627553542470 0.00035804102124700234 154
1627553542531 0.0003576869101020854 155
1627553542586 0.0003573776831228607 156
1627553542636 0.00035706551846950664 157
1627553542676 0.000356798308586691 158
1627553542721 0.00035649788226130617 159
1627553542783 0.00035619444628757243 160
1627553542834 0.0003559070104717475 161
1627553542903 0.00035547588127377906 162
1627553542958 0.0003551238839096404 163
1627553543031 0.00035472826231112384 164
1627553543078 0.0003544380835830458 165
1627553543117 0.000354142397912903 166
1627553543201 0.0003535975445363752 167
1627553543254 0.0003532867413433983 168
1627553543309 0.0003529829254858728 169
1627553543348 0.0003527303986121116 170
1627553543407 0.0003524113186723318 171
1627553543456 0.00035214457725951496 172
1627553543509 0.0003518306871827235 173
1627553543547 0.00035152658239004576 174
1627553543588 0.00035124667645335545 175
1627553543643 0.00035094520313750066 176
1627553543687 0.0003506936950030561 177
1627553543759 0.00035027376293070235 178
1627553543805 0.00035000051508273097 179
1627553543859 0.0003497017322518351 180
1627553543913 0.0003494094036828332 181
1627553543990 0.0003489954550152469 182
1627553544072 0.00034850663840800365 183
1627553544116 0.00034823780554268886 184
1627553544177 0.00034799384137444885 185
1627553544221 0.00034773193067992483 186
1627553544266 0.00034744294911518656 187
1627553544305 0.00034719622362018284 188
1627553544350 0.0003469139494783495 189
1627553544397 0.00034667793721140005 190
1627553544441 0.00034642082959136203 191
1627553544514 0.0003460414528406996 192
1627553544566 0.00034576337554487733 193
1627553544603 0.0003454885626604926 194
1627553544666 0.0003451833697965251 195
1627553544723 0.0003449237143844048 196
1627553544766 0.0003446496332594782 197
1627553544846 0.00034422339611232144 198
1627553544898 0.000343943041183525 199
1627553544964 0.0003436907949824386 200
1627553545021 0.0003434439127085574 201
1627553545063 0.000343181426072398 202
1627553545115 0.0003428947621498969 203
1627553545170 0.00034262602393493266 204
1627553545236 0.00034226050397585854 205
1627553545285 0.0003420348611199184 206
1627553545343 0.00034175149774516507 207
1627553545399 0.0003414762811338198 208
1627553545452 0.0003412038859371739 209
1627553545496 0.0003409789395578982 210
1627553545539 0.00034075903370168933 211
1627553545582 0.0003405472493341921 212
1627553545637 0.00034030264731707235 213
1627553545693 0.0003400365231409868 214
1627553545746 0.00033980013393777913 215
1627553545814 0.00033949837958807287 216
1627553545865 0.0003392778394497484 217
1627553545908 0.0003390276759428561 218
1627553545955 0.00033876112313024854 219
1627553546018 0.00033848316635022113 220
1627553546058 0.0003382643818648645 221
1627553546100 0.00033799820007218484 222
1627553546143 0.00033777036758363507 223
1627553546184 0.00033754090480462234 224
1627553546260 0.0003371747003055902 225
1627553546334 0.0003367973841938898 226
1627553546383 0.00033653908808891915 227
1627553546444 0.0003362303060306066 228
1627553546527 0.0003358150046990535 229
1627553546575 0.00033556911621597773 230
1627553546612 0.00033534289890307684 231
1627553546654 0.00033513701794725783 232
1627553546709 0.00033488620787655235 233
1627553546750 0.00033468058292497984 234
1627553546797 0.0003344160923106614 235
1627553546838 0.00033421890104381584 236
1627553546891 0.00033398114544209805 237
1627553546933 0.0003337641711581368 238
1627553546980 0.0003334980380843309 239
1627553547041 0.0003332675526554851 240
1627553547083 0.00033307766473942695 241
1627553547124 0.0003328636585501499 242
1627553547164 0.0003326317114886857 243
1627553547212 0.0003324079824907974 244
1627553547269 0.0003321461345147971 245
1627553547315 0.00033188343115389974 246
1627553547384 0.0003315734456466735 247
1627553547430 0.0003313541748202266 248
1627553547477 0.0003311240729134883 249
1627553547542 0.0003308844762310591 250
1627553547590 0.00033066715098041554 251
1627553547627 0.00033046242291133633 252
1627553547673 0.0003302450879754361 253
1627553547710 0.00033005097708797647 254
1627553547756 0.0003298285527535407 255
1627553547800 0.00032959215102943795 256
1627553547844 0.000329414243491594 257
1627553547892 0.0003291848553902571 258
1627553547929 0.00032901482965262826 259
1627553547990 0.0003287427510689896 260
1627553548040 0.00032852564178975353 261
1627553548098 0.0003282674261838297 262
1627553548151 0.0003280445584965782 263
1627553548199 0.00032780024906190044 264
1627553548249 0.00032755694557473836 265
1627553548308 0.00032734281886020805 266
1627553548352 0.00032712788156719075 267
1627553548393 0.00032694990875723514 268
1627553548434 0.000326718651477201 269
1627553548487 0.00032652153855308215 270
1627553548550 0.0003262414796200905 271
1627553548591 0.00032605914403131066 272
1627553548626 0.00032583904294856264 273
1627553548700 0.0003255275300253208 274
1627553548739 0.00032535934798273914 275
1627553548805 0.0003251177244788994 276
1627553548857 0.00032488835090050777 277
1627553548902 0.00032468848079094634 278
1627553548949 0.0003244813976086303 279
1627553548984 0.00032426410464124873 280
1627553549040 0.00032404241953645313 281
1627553549077 0.0003238302650867399 282
1627553549125 0.0003236251174680181 283
1627553549176 0.0003233866557447838 284
1627553549242 0.00033468058292497984 285
1627553553362 0.0010982781793634155 0
1627553553617 0.001012967581361172 1
1627553553882 0.0009376748150401966 2
1627553554072 0.0008715564956088242 3
1627553554262 0.000813403166919911 4
1627553554450 0.0007624648618102099 5
1627553554605 0.0007181964962596458 6
1627553554761 0.0006802555366885994 7
1627553554918 0.0006474654523664494 8
1627553555069 0.0006193177603964436 9
1627553555226 0.0005949108994462229 10
1627553555382 0.0005742045054115511 11
1627553555595 0.0005563732378151082 12
1627553555747 0.0005413355889260789 13
1627553555887 0.0005283701419111335 14
1627553556050 0.0005174164701266382 15
1627553556197 0.0005080800714777412 16
1627553556400 0.0005002678441244488 17
1627553556546 0.0004933910395748126 18
1627553556698 0.0004875476045341932 19
1627553556829 0.00048219802088728754 20
1627553556952 0.0004777467843962932 21
1627553557094 0.0004737720769087598 22
1627553557221 0.00047006625377544916 23
1627553557353 0.000467141458902868 24
1627553557475 0.000464236570834054 25
1627553557599 0.0004614109033841312 26
1627553557724 0.00045894176849853356 27
1627553557851 0.00045671903274732337 28
1627553557972 0.00045458476696500974 29
1627553558154 0.00045276704900560136 30
1627553558280 0.00045087845627041396 31
1627553558395 0.0004492597263668579 32
1627553558525 0.000447848994313396 33
1627553558640 0.00044642866402401006 34
1627553558783 0.00044475617063222003 35
1627553558905 0.00044345957684992747 36
1627553559047 0.0004417061315795413 37
1627553559171 0.0004390844388259475 38
1627553559291 0.0004377838339130891 39
1627553559404 0.0004368678736665049 40
1627553559517 0.0004352992919534789 41
1627553559639 0.0004328125566866212 42
1627553559777 0.00043097970712816246 43
1627553559912 0.0004295383843326942 44
1627553560055 0.0004287597954834991 45
1627553560214 0.00042738295280937493 46
1627553560374 0.00042611809674920724 47
1627553560487 0.0004252451385556867 48
1627553560621 0.00042320970671292816 49
1627553560780 0.0004206987182551552 50
1627553560910 0.0004191352097055164 51
1627553561031 0.0004184277858932666 52
1627553561158 0.00041701421658582767 53
1627553561273 0.00041606440650922695 54
1627553561395 0.0004148059858124085 55
1627553561519 0.00041397858392888193 56
1627553561641 0.000412762754459655 57
1627553561742 0.0004120694494284241 58
1627553561858 0.00041136319223091113 59
1627553561968 0.00041067797129594 60
1627553562115 0.0004088645519271146 61
1627553562268 0.00040826086404248174 62
1627553562376 0.00040761430711860994 63
1627553562479 0.00040692162909687944 64
1627553562601 0.00040551761362679 65
1627553562705 0.00040481566711177613 66
1627553562832 0.0004042591922357089 67
1627553562956 0.00040361385064508745 68
1627553563091 0.00040305016947643463 69
1627553563204 0.00040241972268700084 70
1627553563336 0.00040138103065761807 71
1627553563441 0.0004007916208123909 72
1627553563604 0.00040023431515773716 73
1627553563726 0.0003995309785491572 74
1627553563832 0.0003989885480109762 75
1627553563948 0.0003984563065486026 76
1627553564086 0.00039717649706912583 77
1627553564196 0.00039658236388114725 78
1627553564350 0.0003957533719400877 79
1627553564502 0.0003951967322571111 80
1627553564624 0.0003943827763487079 81
1627553564745 0.00039334333072746965 82
1627553564868 0.0003923348032067291 83
1627553564978 0.00039146353997488776 84
1627553565104 0.0003907951539502788 85
1627553565210 0.0003903017058918537 86
1627553565339 0.0003898398183430184 87
1627553565471 0.0003893742705439205 88
1627553565589 0.00038883393758369953 89
1627553565698 0.0003883145523072704 90
1627553565804 0.00038785048760941917 91
1627553565980 0.00038725481639800065 92
1627553566140 0.000386817092967602 93
1627553566249 0.00038630043699908244 94
1627553566382 0.0003852313948117447 95
1627553566484 0.00038478166311678956 96
1627553566610 0.0003839491988498778 97
1627553566715 0.00038345736764392303 98
1627553566846 0.0003828641977832855 99
1627553566983 0.0003823997715016404 100
1627553567144 0.00038145583652235865 101
1627553567252 0.00038101857979723524 102
1627553567387 0.0003802352679538686 103
1627553567520 0.00037979804953656196 104
1627553567656 0.0003791527557059904 105
1627553567742 0.00037875751278155487 106
1627553567864 0.00037811836551384 107
1627553567955 0.00037768730945567607 108
1627553568062 0.00037730478398705634 109
1627553568191 0.00037652238686045856 110
1627553568270 0.0003761170487000464 111
1627553568368 0.00037563495033385075 112
1627553568497 0.00037495161498753593 113
1627553568590 0.00037454765161167724 114
1627553568702 0.0003741502859686193 115
1627553568811 0.0003736202474385298 116
1627553568883 0.00037324158778471306 117
1627553568997 0.00037275213797422575 118
1627553569100 0.00037237725752031526 119
1627553569291 0.000371688569029693 120
1627553569439 0.0003712648031825007 121
1627553569583 0.0003708573982463263 122
1627553569687 0.000370477331747949 123
1627553569793 0.0003700277841075581 124
1627553569960 0.00036942824389041523 125
1627553570053 0.00036907693062051877 126
1627553570134 0.0003687381401520825 127
1627553570231 0.00036837048054896555 128
1627553570369 0.00036797974949096034 129
1627553570487 0.00036763230570969167 130
1627553570635 0.00036714624039190603 131
1627553570738 0.00036676408352682576 132
1627553570855 0.00036643460025576204 133
1627553570976 0.00036609669613807785 134
1627553571060 0.0003657498340101013 135
1627553571145 0.00036539430862929617 136
1627553571232 0.00036504200636376774 137
1627553571311 0.00036472075345706385 138
1627553571481 0.0003641418420636053 139
1627553571570 0.00036377399951705 140
1627553571668 0.0003633864686746214 141
1627553571751 0.0003629614092946497 142
1627553571846 0.00036259119183665013 143
1627553571998 0.0003622149388822564 144
1627553572120 0.00036189150190779287 145
1627553572211 0.0003615638961877558 146
1627553572330 0.0003611811355976055 147
1627553572418 0.00036084323096760606 148
1627553572521 0.0003605215926870851 149
1627553572606 0.0003602301640598357 150
1627553572716 0.00035979994890411663 151
1627553572814 0.00035947898089534416 152
1627553572913 0.000359153866720453 153
1627553572987 0.0003588222796704763 154
1627553573076 0.0003585363883127589 155
1627553573170 0.0003582207291956163 156
1627553573237 0.00035793033587158696 157
1627553573326 0.00035761441565834706 158
1627553573413 0.00035729186496586773 159
1627553573525 0.00035696922163622815 160
1627553573686 0.0003566482740433009 161
1627553573766 0.0003563460606772237 162
1627553573831 0.0003560910526895 163
1627553573907 0.00035581218880389494 164
1627553573990 0.0003554771744274942 165
1627553574092 0.0003551175688189556 166
1627553574195 0.00035468202498842316 167
1627553574265 0.00035442014957481443 168
1627553574362 0.0003540870291112555 169
1627553574456 0.00035376208640172907 170
1627553574545 0.0003534414223917695 171
1627553574623 0.00035318988014522944 172
1627553574731 0.00035284673684404984 173
1627553574812 0.00035253603687197127 174
1627553574929 0.0003521889007698715 175
1627553575012 0.0003519120402750059 176
1627553575115 0.0003516118444739049 177
1627553575193 0.00035136244625386473 178
1627553575281 0.00035105959151986556 179
1627553575357 0.0003507840265869742 180
1627553575457 0.0003504294611595586 181
1627553575540 0.0003501527357512169 182
1627553575690 0.0003497589483969493 183
1627553575754 0.0003495315099045254 184
1627553575909 0.00034898423548433845 185
1627553575989 0.00034871609287009047 186
1627553576083 0.00034842875149112477 187
1627553576183 0.0003481216076394183 188
1627553576263 0.00034785921764796096 189
1627553576359 0.00034760816733266634 190
1627553576432 0.0003473888651636133 191
1627553576512 0.00034712403364593525 192
1627553576622 0.00034672808892113313 193
1627553576730 0.0003464029650871562 194
1627553576817 0.00034613042292774225 195
1627553576888 0.00034590194595862623 196
1627553576982 0.00034561735381838794 197
1627553577086 0.00034523842851400357 198
1627553577170 0.0003449592719367274 199
1627553577290 0.000344651232862267 200
1627553577361 0.0003443753565323976 201
1627553577457 0.0003440346297798305 202
1627553577529 0.0003437971300936773 203
1627553577626 0.0003434229848461413 204
1627553577704 0.00034314498777683443 205
1627553577806 0.0003428364330365331 206
1627553577891 0.00034255470055550175 207
1627553577967 0.00034226683178456574 208
1627553578061 0.0003419755911323326 209
1627553578145 0.0003417171031049537 210
1627553578221 0.0003415193583534914 211
1627553578307 0.00034125976773123824 212
1627553578374 0.00034100992692031635 213
1627553578476 0.00034076847279725564 214
1627553578569 0.0003405203121446593 215
1627553578631 0.00034030931568894727 216
1627553578704 0.0003400822309556169 217
1627553578772 0.0003398537076985664 218
1627553578845 0.0003395999978495239 219
1627553578914 0.00033938525535408536 220
1627553579016 0.0003391364309777447 221
1627553579079 0.0003389051871060686 222
1627553579141 0.00033869124684391126 223
1627553579203 0.00033846970426325664 224
1627553579288 0.0003382451406157784 225
1627553579373 0.00033798228199773844 226
1627553579447 0.00033771481087603545 227
1627553579544 0.0003374214975360912 228
1627553579619 0.0003371781372404649 229
1627553579700 0.00033693262014684346 230
1627553579792 0.0003366506055199755 231
1627553579862 0.0003364464981668274 232
1627553579955 0.0003361982144790276 233
1627553580095 0.0003359794525277021 234
1627553580205 0.0003357187927724406 235
1627553580291 0.0003354840264641576 236
1627553580377 0.00033525827148145847 237
1627553580443 0.0003350530041115561 238
1627553580528 0.00033480684419393133 239
1627553580601 0.0003346075103820012 240
1627553580699 0.00033434403717479193 241
1627553580782 0.0003341181033801358 242
1627553580864 0.0003339029500244295 243
1627553580954 0.00033363823158905726 244
1627553581040 0.0003334081483901031 245
1627553581114 0.0003331506251119911 246
1627553581191 0.00033292601506135715 247
1627553581260 0.000332753938443717 248
1627553581365 0.0003323779861362264 249
1627553581480 0.00033215697018665135 250
1627553581566 0.0003319333272496197 251
1627553581638 0.0003317215596867199 252
1627553581728 0.0003314487394449331 253
1627553581844 0.0003311039310805104 254
1627553581931 0.00033085386440127775 255
1627553582000 0.00033065135163944565 256
1627553582076 0.00033044512738447104 257
1627553582166 0.0003301992795522452 258
1627553582273 0.00032981231688653483 259
1627553582344 0.00032959250748905737 260
1627553582425 0.00032935157476859684 261
1627553582521 0.00032913106281667003 262
1627553582592 0.00034125976773123824 263
1627553586841 0.0010992551624263672 0
1627553587007 0.001013636255003113 1
1627553587169 0.0009381413022963958 2
1627553587339 0.0008718984167756914 3
1627553587505 0.000813560068947177 4
1627553587655 0.0007626165466740074 5
1627553587814 0.0007182523675084272 6
1627553587967 0.0006802434134853852 7
1627553588144 0.0006472766350342316 8
1627553588282 0.0006189499584424114 9
1627553588472 0.0005945186656279846 10
1627553588627 0.0005738299984975533 11
1627553588776 0.0005560087311651154 12
1627553588915 0.0005409194206234845 13
1627553589122 0.0005279101201383479 14
1627553589275 0.0005169881447627541 15
1627553589434 0.0005076198747343486 16
1627553589590 0.0004997417383554895 17
1627553589753 0.0004929304342385456 18
1627553589912 0.0004868360660459618 19
1627553590047 0.00048167085075761026 20
1627553590191 0.00047731837195960544 21
1627553590325 0.000473515457200229 22
1627553590442 0.00046973288073133215 23
1627553590577 0.00046686210351467943 24
1627553590699 0.00046381234802264474 25
1627553590820 0.00046117187653912874 26
1627553590949 0.0004588211275877312 27
1627553591074 0.00045623786361695585 28
1627553591197 0.00045398939583790924 29
1627553591316 0.00045207148242109414 30
1627553591444 0.00045032535430715714 31
1627553591571 0.0004485617554902797 32
1627553591695 0.00044689302773386123 33
1627553591807 0.00044548380252446235 34
1627553591920 0.0004438569173074183 35
1627553592047 0.0004422699911827042 36
1627553592170 0.00044061533541704683 37
1627553592293 0.0004390453172397743 38
1627553592417 0.00043750034503261257 39
1627553592545 0.00043640932656239953 40
1627553592714 0.0004342864484650372 41
1627553592895 0.00043207189988632417 42
1627553593062 0.00043004258320030055 43
1627553593194 0.0004281287121690935 44
1627553593300 0.0004273421380353698 45
1627553593429 0.0004263261055521525 46
1627553593573 0.00042440622726847986 47
1627553593684 0.00042356439565750245 48
1627553593820 0.00042260082500692473 49
1627553594008 0.00042094715967619595 50
1627553594126 0.00042018050611479534 51
1627553594246 0.0004193188205527719 52
1627553594366 0.00041811898403232994 53
1627553594475 0.00041731662669683325 54
1627553594609 0.0004154514977188909 55
1627553594740 0.00041388434299588484 56
1627553594869 0.00041227278657173644 57
1627553594987 0.0004115739742901345 58
1627553595123 0.0004104904343835862 59
1627553595239 0.00040954001858315694 60
1627553595382 0.00040798437918655587 61
1627553595501 0.0004070968857469169 62
1627553595621 0.0004063718069615659 63
1627553595805 0.00040568191636910985 64
1627553595992 0.00040422218845557247 65
1627553596134 0.0004035604617074394 66
1627553596295 0.0004029659392214958 67
1627553596451 0.00040236916329693074 68
1627553596621 0.0004017613453179169 69
1627553596779 0.00040115445914458116 70
1627553596934 0.00040031105542626843 71
1627553597098 0.00039974602925579454 72
1627553597226 0.00039845435740981866 73
1627553597329 0.00039787302352683914 74
1627553597442 0.00039723948699382815 75
1627553597542 0.0003966764816697253 76
1627553597659 0.0003958176869709619 77
1627553597758 0.0003952782760986006 78
1627553597881 0.0003940994048796576 79
1627553597984 0.000393405176568014 80
1627553598094 0.0003928944578078244 81
1627553598207 0.00039229189451858124 82
1627553598307 0.0003917170443258581 83
1627553598421 0.00039119674245132255 84
1627553598549 0.0003905033867504195 85
1627553598724 0.00038952305555973413 86
1627553598844 0.0003888237657582054 87
1627553598965 0.0003883412752141585 88
1627553599067 0.00038785697528398607 89
1627553599165 0.0003873805202691165 90
1627553599306 0.0003866738215274146 91
1627553599423 0.00038618231767454194 92
1627553599536 0.0003856600615662802 93
1627553599699 0.00038495665131343064 94
1627553599818 0.0003843936559243515 95
1627553599962 0.0003839048246356613 96
1627553600049 0.0003835111681497032 97
1627553600162 0.00038289541765444555 98
1627553600266 0.0003824552425485037 99
1627553600391 0.0003820036381933563 100
1627553600521 0.00038137914825194126 101
1627553600629 0.0003809618383369752 102
1627553600760 0.00038051601689071096 103
1627553600865 0.0003800190309275877 104
1627553600985 0.00037958573477390876 105
1627553601136 0.000379140986372249 106
1627553601260 0.00037875833324841723 107
1627553601364 0.00037833605165915477 108
1627553601494 0.00037738529295294884 109
1627553601595 0.0003768927349453975 110
1627553601717 0.0003762902406439521 111
1627553601897 0.0003756510028169984 112
1627553602053 0.0003751103931852101 113
1627553602157 0.00037470765095556755 114
1627553602302 0.0003739607405721843 115
1627553602378 0.00037356069390250826 116
1627553602487 0.0003731061250600834 117
1627553602564 0.00037272988860664543 118
1627553602671 0.0003722840894509701 119
1627553602822 0.0003716764349203427 120
1627553602948 0.00037129076339876134 121
1627553603042 0.0003709079120576559 122
1627553603186 0.00037054511275160895 123
1627553603300 0.0003701568389393867 124
1627553603424 0.00036950869774172404 125
1627553603517 0.0003691416082404891 126
1627553603591 0.00036881111288825 127
1627553603694 0.00036840473228382285 128
1627553603783 0.00036801320557309353 129
1627553603868 0.0003676975955454247 130
1627553603982 0.00036732998995967484 131
1627553604081 0.0003669898856034934 132
1627553604186 0.00036656418184251327 133
1627553604299 0.00036621637521411476 134
1627553604420 0.0003658477314271821 135
1627553604507 0.00036548010465398513 136
1627553604598 0.0003651336480574469 137
1627553604744 0.00036462449115470656 138
1627553604858 0.0003643163894002259 139
1627553604958 0.00036400882033137735 140
1627553605076 0.0003633828421801112 141
1627553605210 0.00036291198196035417 142
1627553605309 0.00036258156060237925 143
1627553605411 0.0003622519263760321 144
1627553605495 0.0003619073183722884 145
1627553605574 0.0003616026740860694 146
1627553605697 0.0003612283789677677 147
1627553605809 0.0003608879496025095 148
1627553605914 0.00036056812301775567 149
1627553606037 0.0003601574626897826 150
1627553606150 0.0003597424064305784 151
1627553606240 0.0003594425864919205 152
1627553606326 0.0003591368812914408 153
1627553606496 0.00035876029682107956 154
1627553606646 0.0003584521944059323 155
1627553606777 0.00035819642373228843 156
1627553606846 0.0003579014631363355 157
1627553606956 0.00035751674127770556 158
1627553607033 0.000357226819841251 159
1627553607150 0.0003568701855239465 160
1627553607259 0.00035642884227527714 161
1627553607335 0.0003561223894911237 162
1627553607408 0.00035587818186423955 163
1627553607487 0.0003556008398572328 164
1627553607556 0.0003552923020113642 165
1627553607629 0.0003550056389534254 166
1627553607705 0.00035471721728329677 167
1627553607794 0.0003543886530720282 168
1627553607868 0.0003541141845891273 169
1627553607944 0.00035380223406881225 170
1627553608030 0.00035351661591212757 171
1627553608121 0.00035318351639083203 172
1627553608221 0.00035283019522843015 173
1627553608322 0.0003524475717063473 174
1627553608438 0.0003520293262987912 175
1627553608527 0.0003517102829560455 176
1627553608595 0.0003514644721909111 177
1627553608681 0.0003511846170960711 178
1627553608794 0.00035083827264357776 179
1627553608887 0.0003505467437606424 180
1627553608976 0.0003502277347854378 181
1627553609054 0.00034997302178081435 182
1627553609161 0.00034972982918474106 183
1627553609269 0.0003494606540998767 184
1627553609392 0.0003491451528648377 185
1627553609489 0.0003488369085792724 186
1627553609581 0.0003485579017165801 187
1627553609692 0.00034827613408126195 188
1627553609810 0.0003479641716652195 189
1627553609910 0.0003476706196824569 190
1627553609983 0.0003474327348983121 191
1627553610083 0.0003471236592946882 192
1627553610189 0.00034678898947606846 193
1627553610276 0.0003464660553571553 194
1627553610393 0.00034593900331217407 195
1627553610482 0.0003456808188660501 196
1627553610565 0.0003454208518069513 197
1627553610652 0.0003451491284445676 198
1627553610737 0.00034485135378528446 199
1627553610846 0.00034457956358308577 200
1627553610909 0.0003443667476926316 201
1627553610990 0.0003441011944405278 202
1627553611083 0.0003438105311639555 203
1627553611160 0.0003435753673442453 204
1627553611261 0.00034327683531075535 205
1627553611335 0.00034304203148408796 206
1627553611461 0.00034277445780605273 207
1627553611533 0.00034253400746609737 208
1627553611621 0.0003422609336841368 209
1627553611704 0.00034203363940855334 210
1627553611782 0.0003417985922368971 211
1627553611864 0.00034154796440674976 212
1627553611935 0.00034128333973103026 213
1627553612060 0.00034096543109437703 214
1627553612138 0.00034073552260265543 215
1627553612286 0.00034046666924108604 216
1627553612397 0.0003402190068332268 217
1627553612499 0.0003400113581482657 218
1627553612616 0.000339675595251283 219
1627553612713 0.0003394359273318473 220
1627553612828 0.00033918377701107767 221
1627553612950 0.0003389487582514395 222
1627553613050 0.00033870474708034843 223
1627553613140 0.0003384146082174974 224
1627553613238 0.0003381492935082396 225
1627553613341 0.00033789188838391965 226
1627553613411 0.00033764567608398954 227
1627553613488 0.00033739346032956967 228
1627553613569 0.000337138187749737 229
1627553613650 0.0003368721857002334 230
1627553613734 0.00033660746459229107 231
1627553613825 0.0003363518782546056 232
1627553613914 0.0003360572786980125 233
1627553613989 0.000335845287815896 234
1627553614112 0.00033555887138876596 235
1627553614227 0.00033524050300811324 236
1627553614342 0.00033500823008491865 237
1627553614446 0.00033478153571245837 238
1627553614546 0.0003345591685625451 239
1627553614616 0.0003343622304147486 240
1627553614691 0.00033414477861310946 241
1627553614777 0.0003338658255066046 242
1627553614853 0.0003336568049310532 243
1627553614948 0.00033341452960871347 244
1627553615031 0.00033318958104028485 245
1627553615112 0.00033293179914202774 246
1627553615199 0.0003326786183333115 247
1627553615300 0.0003323412019499542 248
1627553615370 0.0003321073651472048 249
1627553615480 0.0003318388660189363 250
1627553615574 0.0003315777704544158 251
1627553615696 0.0003313598713480307 252
1627553615777 0.0003311297671099146 253
1627553615910 0.00033089691577393976 254
1627553616030 0.00033066311301945423 255
1627553616126 0.0003304411195558243 256
1627553616196 0.0003302174155421303 257
1627553616267 0.00033002509858610153 258
1627553616370 0.0003296915672005985 259
1627553616436 0.00032947404821238706 260
1627553616541 0.0003291748013013653 261
1627553616614 0.0003289821929765152 262
1627553616705 0.00032877196213805017 263
1627553616791 0.0003285314176276943 264
1627553616872 0.00032828102939890593 265
1627553616986 0.00032791465352946536 266
1627553617057 0.0003276864573516799 267
1627553617146 0.00032744608953684745 268
1627553617207 0.0003272497561870785 269
1627553617285 0.000339675595251283 270
1627553621277 0.0010967563273808875 0
1627553621447 0.0010115703353425869 1
1627553621603 0.0009365337804439524 2
1627553621756 0.0008705323558461931 3
1627553621916 0.0008124993713081331 4
1627553622107 0.0007616948357983312 5
1627553622327 0.0007174674550678882 6
1627553622498 0.0006796141029696677 7
1627553622651 0.0006468128481937665 8
1627553622803 0.0006186899002274752 9
1627553622982 0.0005943875056104081 10
1627553623130 0.0005738165427714786 11
1627553623278 0.0005561125830996049 12
1627553623422 0.0005410560705025047 13
1627553623574 0.0005280915325586895 14
1627553623716 0.0005172572494983778 15
1627553623867 0.0005079222730155978 16
1627553624040 0.0005001660390464043 17
1627553624175 0.000493372898666678 18
1627553624321 0.0004875327514494873 19
1627553624450 0.0004822914372011284 20
1627553624616 0.0004778654705869298 21
1627553624753 0.00047400022437699883 22
1627553624873 0.00047050897871893697 23
1627553624993 0.00046687157704973514 24
1627553625122 0.00046407716387557215 25
1627553625251 0.00046150897573517854 26
1627553625372 0.00045890692240843026 27
1627553625511 0.0004567820116029997 28
1627553625634 0.0004544501586299925 29
1627553625754 0.0004524936067358009 30
1627553625931 0.0004504701261025367 31
1627553626080 0.00044885555804815143 32
1627553626208 0.00044672798954872514 33
1627553626323 0.00044513039771507535 34
1627553626443 0.00044337308104723023 35
1627553626567 0.0004409968001881598 36
1627553626700 0.00043923641096884405 37
1627553626832 0.00043789647897563965 38
1627553626955 0.00043635160378088436 39
1627553627083 0.0004353745035779027 40
1627553627202 0.0004332219122694769 41
1627553627331 0.00043157256831643126 42
1627553627450 0.0004299027474708684 43
1627553627588 0.0004285993688319567 44
1627553627711 0.00042779880142478023 45
1627553627837 0.00042616926305463705 46
1627553627966 0.0004243756027451632 47
1627553628078 0.0004235892851660702 48
1627553628211 0.00042131831748681376 49
1627553628343 0.00041998180392639625 50
1627553628450 0.00041902685195739913 51
1627553628560 0.0004183016359763399 52
1627553628685 0.0004171927694278032 53
1627553628826 0.00041642478954028724 54
1627553628959 0.0004156697530652268 55
1627553629155 0.00041358354667278807 56
1627553629285 0.000412846159354718 57
1627553629398 0.00041220926177510124 58
1627553629538 0.0004114661464520112 59
1627553629657 0.00041078732148918583 60
1627553629793 0.00040891051679692563 61
1627553629933 0.0004074590183824829 62
1627553630035 0.0004068511560015646 63
1627553630165 0.00040602874536980403 64
1627553630323 0.00040445003568814655 65
1627553630415 0.0004038263241680696 66
1627553630523 0.0004032189767931869 67
1627553630627 0.00040264425524167097 68
1627553630766 0.00040203080605467065 69
1627553630920 0.0004011136371501364 70
1627553631064 0.00040051937034599655 71
1627553631211 0.0003999447213338121 72
1627553631383 0.0003985349926105315 73
1627553631509 0.0003979052237848624 74
1627553631677 0.00039673817240963127 75
1627553631788 0.0003961230044449053 76
1627553631892 0.00039559152622360434 77
1627553631983 0.000395057343648003 78
1627553632093 0.0003945409495808004 79
1627553632279 0.00039325845728773693 80
1627553632467 0.0003924712193855114 81
1627553632632 0.0003918436896359147 82
1627553632734 0.00039133196597155494 83
1627553632911 0.0003903762381422492 84
1627553633054 0.0003898523075831875 85
1627553633162 0.00038935016940486563 86
1627553633267 0.0003888433412806137 87
1627553633376 0.0003883522661654607 88
1627553633484 0.00038780568364734215 89
1627553633599 0.00038713045808999965 90
1627553633726 0.00038619750454869787 91
1627553633894 0.00038570780888669536 92
1627553634025 0.0003852214643057867 93
1627553634171 0.0003847584560244299 94
1627553634284 0.00038422764062404324 95
1627553634394 0.0003834785944488449 96
1627553634532 0.00038303706641684097 97
1627553634617 0.0003825944005778458 98
1627553634758 0.0003821642898226008 99
1627553634923 0.00038139672242556776 100
1627553635078 0.0003808790188690563 101
1627553635206 0.0003802789590312632 102
1627553635318 0.0003797470963311103 103
1627553635451 0.00037895163421499935 104
1627553635548 0.00037846025034432405 105
1627553635644 0.0003779666062725759 106
1627553635741 0.00037756452393557737 107
1627553635844 0.0003771425418053421 108
1627553635971 0.0003763635134266772 109
1627553636068 0.000375965238384766 110
1627553636175 0.0003755346455300053 111
1627553636300 0.00037481188719819654 112
1627553636400 0.00037439847027634186 113
1627553636514 0.00037398472097194475 114
1627553636614 0.00037361282301232805 115
1627553636712 0.00037322374706122544 116
1627553636809 0.00037284596145455064 117
1627553636910 0.0003724502923970839 118
1627553637046 0.00037176173926794836 119
1627553637154 0.0003713744512623879 120
1627553637243 0.0003709929986483291 121
1627553637350 0.00037060546480924516 122
1627553637474 0.00037015752080689465 123
1627553637571 0.00036973516577939287 124
1627553637687 0.0003692947337013431 125
1627553637797 0.0003687294559295991 126
1627553637874 0.00036841056734375146 127
1627553637966 0.00036806782348667644 128
1627553638059 0.00036767776352110025 129
1627553638177 0.00036710883327920285 130
1627553638281 0.00036676196003344175 131
1627553638391 0.0003664232249764308 132
1627553638487 0.0003660687069248397 133
1627553638592 0.0003656771916809034 134
1627553638687 0.00036534322488937797 135
1627553638770 0.00036501810890342533 136
1627553638914 0.00036467867223733015 137
1627553639017 0.0003642777663870017 138
1627553639120 0.00036385101146738303 139
1627553639215 0.00036349361009265413 140
1627553639318 0.0003631401322281797 141
1627553639442 0.000362783251491701 142
1627553639535 0.0003624629326999166 143
1627553639615 0.000362117036562858 144
1627553639705 0.0003617596259884765 145
1627553639791 0.00036145035074825333 146
1627553639884 0.00036113834057050533 147
1627553639989 0.00036077525438411737 148
1627553640089 0.0003604352206414564 149
1627553640188 0.0003601409380168214 150
1627553640288 0.0003598278948352941 151
1627553640405 0.00035949492812837404 152
1627553640628 0.0003588532253303226 153
1627553640766 0.00035846472334818405 154
1627553640849 0.0003581630804080504 155
1627553640930 0.0003578872497003301 156
1627553641024 0.00035749203042676424 157
1627553641102 0.0003572263024763915 158
1627553641196 0.00035689810163153074 159
1627553641280 0.00035661156269271865 160
1627553641356 0.00035635360116832704 161
1627553641447 0.0003560320793936315 162
1627553641520 0.0003557664938151108 163
1627553641648 0.0003552552314445414 164
1627553641729 0.0003549523111455804 165
1627553641812 0.0003546735287331062 166
1627553641929 0.00035426667117017624 167
1627553642021 0.0003539495075452792 168
1627553642111 0.000353627587489169 169
1627553642220 0.0003533168816693156 170
1627553642306 0.0003530576652953692 171
1627553642406 0.00035275904038793146 172
1627553642493 0.00035246810264578346 173
1627553642578 0.00035217216790207244 174
1627553642691 0.00035181158452232485 175
1627553642787 0.0003514791759359343 176
1627553642884 0.00035113982371228684 177
1627553642999 0.0003507150384659176 178
1627553643087 0.0003504490929275576 179
1627553643194 0.00035004573628694385 180
1627553643262 0.0003497725262280993 181
1627553643328 0.0003495530137845055 182
1627553643437 0.0003491641720040313 183
1627553643518 0.0003488679095822689 184
1627553643606 0.0003485754468791945 185
1627553643712 0.00034827523764439336 186
1627553643856 0.0003479767900618419 187
1627553643933 0.00034770978758417195 188
1627553644020 0.0003474058737449113 189
1627553644106 0.00034717166254806065 190
1627553644195 0.00034688184213623347 191
1627553644282 0.0003465972718441485 192
1627553644372 0.0003463086981293574 193
1627553644435 0.0003461011985233741 194
1627553644528 0.0003458188576778121 195
1627553644620 0.00034560257876641026 196
1627553644723 0.0003454021425674956 197
1627553644825 0.00034506352337983464 198
1627553644943 0.0003448145197562948 199
1627553645040 0.00034457711591957704 200
1627553645150 0.00034436354123593745 201
1627553645235 0.0003440867263202347 202
1627553645321 0.00034382225427962625 203
1627553645451 0.0003435580735125672 204
1627553645549 0.00034329440818220923 205
1627553645652 0.0003430224263427471 206
1627553645792 0.0003427639592456023 207
1627553645893 0.00034249023552694943 208
1627553646000 0.0003421858510297262 209
1627553646103 0.0003418689919386876 210
1627553646171 0.00034165388166782645 211
1627553646262 0.0003413642315130154 212
1627553646382 0.0003410799596113348 213
1627553646483 0.0003408275488830431 214
1627553646579 0.0003405791274403807 215
1627553646666 0.0003403671698241801 216
1627553646742 0.0003401695355662906 217
1627553646807 0.0003399827467304953 218
1627553646904 0.0003397178499787911 219
1627553647057 0.00033932060269350876 220
1627553647139 0.0003390443199327381 221
1627553647216 0.00033880178000021607 222
1627553647289 0.0003385944830695396 223
1627553647377 0.0003383323860383183 224
1627553647454 0.00033811376429082607 225
1627553647568 0.00033787698543802673 226
1627553647643 0.00033764070491100717 227
1627553647713 0.0003374300300037617 228
1627553647810 0.0003371777586868791 229
1627553647883 0.0003369674297759931 230
1627553647998 0.00033672035972861483 231
1627553648078 0.0003364900191458926 232
1627553648216 0.0003362231967432526 233
1627553648297 0.00033598786249050804 234
1627553648378 0.00033574464273400666 235
1627553648514 0.00033551677958029794 236
1627553648594 0.0003352991302212554 237
1627553648683 0.0003350733548053352 238
1627553648766 0.00033483367428160926 239
1627553648846 0.00033462484701589427 240
1627553648919 0.0003344050822278371 241
1627553648991 0.0003341906061998126 242
1627553649059 0.00033397536745782244 243
1627553649141 0.0003337291113664648 244
1627553649254 0.00033340544708660157 245
1627553649327 0.00033321674702682907 246
1627553649411 0.0003329711045303891 247
1627553649501 0.00033273675680362057 248
1627553649589 0.0003325151696579033 249
1627553649690 0.00033227349113528474 250
1627553649819 0.0003320615163544201 251
1627553649952 0.0003318480278317177 252
1627553650126 0.0003315536112295848 253
1627553650233 0.0003313385112053051 254
1627553650316 0.0003311266885857878 255
1627553650400 0.0003308928382846622 256
1627553650479 0.0003306741174521984 257
1627553650558 0.0003427639592456023 258
1627553654729 0.0010997997037656708 0
1627553654905 0.001014246000693439 1
1627553655067 0.000938847398831892 2
1627553655225 0.0008726321929518943 3
1627553655387 0.0008143321457760225 4
1627553655546 0.0007632861498169033 5
1627553655704 0.000718851979750212 6
1627553655863 0.0006807277446502032 7
1627553656053 0.0006477782604771795 8
1627553656206 0.0006194343650015864 9
1627553656423 0.0005949933760490684 10
1627553656673 0.0005742873378999562 11
1627553656818 0.0005564437753134844 12
1627553656998 0.0005413215183085022 13
1627553657155 0.0005281935503858573 14
1627553657329 0.0005172427493684001 15
1627553657475 0.0005079261074883864 16
1627553657668 0.0005000402759163047 17
1627553657820 0.0004931626301097702 18
1627553657962 0.00048714428116805846 19
1627553658101 0.000481819046243541 20
1627553658237 0.0004774284095530793 21
1627553658373 0.00047342276591924896 22
1627553658499 0.0004698991264692392 23
1627553658631 0.00046663339856295146 24
1627553658765 0.00046389527836541256 25
1627553658898 0.00046123269370508334 26
1627553659048 0.0004591169686358193 27
1627553659177 0.00045683362380901347 28
1627553659312 0.00045478646392033156 29
1627553659439 0.0004526202610725093 30
1627553659571 0.00045073620089612594 31
1627553659700 0.00044904554356251034 32
1627553659833 0.00044690393468571784 33
1627553659972 0.0004454234076039195 34
1627553660111 0.0004435327395091061 35
1627553660309 0.00044138029813541306 36
1627553660441 0.00043990917366579696 37
1627553660563 0.0004382896684244526 38
1627553660712 0.00043710959504259 39
1627553660824 0.0004361788912740052 40
1627553660956 0.00043392670322298517 41
1627553661090 0.00043170839841354916 42
1627553661207 0.0004301510603812984 43
1627553661339 0.00042830349562249145 44
1627553661448 0.0004275047177617551 45
1627553661644 0.0004248066813917905 46
1627553661775 0.00042396600012383466 47
1627553661920 0.00042286929646630575 48
1627553662048 0.000421939753379027 49
1627553662237 0.00042000227714920094 50
1627553662367 0.00041930145300492384 51
1627553662508 0.00041839840586422125 52
1627553662645 0.0004164046314747464 53
1627553662752 0.0004155411762664762 54
1627553662868 0.0004146528338207843 55
1627553662986 0.0004139027425141407 56
1627553663086 0.0004132212797789823 57
1627553663195 0.0004125204125405306 58
1627553663342 0.0004107929397753644 59
1627553663456 0.0004101318899510886 60
1627553663596 0.00040836750544653605 61
1627553663708 0.0004076307943693827 62
1627553663842 0.0004063847573204105 63
1627553663950 0.00040570312990149347 64
1627553664155 0.0004047911529566261 65
1627553664316 0.00040406675372882546 66
1627553664424 0.0004034633244365352 67
1627553664579 0.0004024771148424622 68
1627553664697 0.00040182896974522267 69
1627553664810 0.00040119138910165906 70
1627553664915 0.00040061140839014775 71
1627553665053 0.0003994047891942164 72
1627553665159 0.00039881696278079543 73
1627553665295 0.0003974871090690657 74
1627553665426 0.0003969184848143435 75
1627553665545 0.0003963871962051493 76
1627553665643 0.00039583452402754024 77
1627553665766 0.0003948328719999223 78
1627553665885 0.00039433217192076886 79
1627553665988 0.00039383645019204846 80
1627553666088 0.0003931627543675655 81
1627553666217 0.00039221949969587617 82
1627553666340 0.000391323025777921 83
1627553666444 0.00039082873786599256 84
1627553666562 0.0003902762385073718 85
1627553666666 0.0003897352240024702 86
1627553666770 0.0003892498366017704 87
1627553666875 0.00038875768913681466 88
1627553667019 0.0003876240479041603 89
1627553667138 0.0003871039812736763 90
1627553667249 0.0003864543958485278 91
1627553667360 0.00038598365893903675 92
1627553667456 0.00038550033403607646 93
1627553667553 0.0003850169979204398 94
1627553667659 0.00038453457393695494 95
1627553667783 0.0003835605635421528 96
1627553667910 0.0003827214502788969 97
1627553668009 0.0003822625306286784 98
1627553668124 0.00038183426516670294 99
1627553668277 0.00038083685379996574 100
1627553668380 0.00038033693776971653 101
1627553668489 0.00037966287279280473 102
1627553668630 0.00037888244099472537 103
1627553668723 0.000378473387025775 104
1627553668831 0.0003780611971559192 105
1627553668920 0.00037766082238043636 106
1627553669053 0.000377063240068579 107
1627553669156 0.0003766231724642192 108
1627553669260 0.00037621303742054233 109
1627553669385 0.0003757524036236537 110
1627553669493 0.0003753403280259769 111
1627553669591 0.00037494004939421353 112
1627553669678 0.000374563677025798 113
1627553669782 0.0003741262774047365 114
1627553669880 0.00037373755241259035 115
1627553669974 0.0003733650422144411 116
1627553670073 0.00037298996094230024 117
1627553670157 0.00037258964467943196 118
1627553670274 0.00037194701045007784 119
1627553670366 0.0003715942250560918 120
1627553670463 0.00037112058373406105 121
1627553670565 0.00037062832290276406 122
1627553670670 0.000370273500106084 123
1627553670763 0.0003699245458990026 124
1627553670873 0.0003695303419693256 125
1627553670988 0.0003689856128696271 126
1627553671068 0.00036865581923382364 127
1627553671176 0.00036828217011140185 128
1627553671271 0.00036791232400976826 129
1627553671387 0.0003673333402058148 130
1627553671488 0.00036698584815638205 131
1627553671585 0.0003665568638437641 132
1627553671679 0.0003661954355330333 133
1627553671781 0.0003658474318799049 134
1627553671871 0.00036550071018226455 135
1627553671973 0.0003650748892577968 136
1627553672073 0.00036462718198713404 137
1627553672185 0.0003641374996704455 138
1627553672322 0.0003635518492735089 139
1627553672414 0.0003632052079333441 140
1627553672515 0.0003628762813680152 141
1627553672613 0.00036250842191479774 142
1627553672707 0.00036215028579837855 143
1627553672813 0.00036184294878791414 144
1627553672902 0.00036151181455734526 145
1627553673009 0.0003611399372445187 146
1627553673114 0.00036081661090604935 147
1627553673206 0.0003604636933198828 148
1627553673315 0.0003600236574340191 149
1627553673402 0.0003597153513371624 150
1627553673507 0.00035939911946442717 151
1627553673605 0.0003590775356236681 152
1627553673682 0.0003587752841692598 153
1627553673764 0.0003584682992047044 154
1627553673867 0.00035817160737408105 155
1627553673980 0.0003576652310234771 156
1627553674065 0.00035733772002211566 157
1627553674217 0.00035695810408556053 158
1627553674304 0.00035670812858781413 159
1627553674482 0.00035611553539866247 160
1627553674619 0.00035573479998779565 161
1627553674722 0.00035538970461916966 162
1627553674824 0.0003550871683325502 163
1627553674943 0.0003546778971835154 164
1627553675024 0.0003543775637227151 165
1627553675095 0.00035407885907701685 166
1627553675223 0.0003536076145516343 167
1627553675309 0.0003533004454724743 168
1627553675395 0.0003530030080342687 169
1627553675486 0.00035267639874283596 170
1627553675568 0.0003523668949097632 171
1627553675664 0.00035205134224589355 172
1627553675745 0.0003517463741449663 173
1627553675832 0.00035145482283483213 174
1627553675914 0.00035119083151518237 175
1627553675981 0.0003509588619544763 176
1627553676076 0.00035068473963452727 177
1627553676192 0.0003503891646836534 178
1627553676284 0.00035009332120888143 179
1627553676408 0.00034978257551848463 180
1627553676543 0.00034951121772147924 181
1627553676641 0.0003492224360607169 182
1627553676774 0.0003489066140983895 183
1627553676847 0.0003486455453406565 184
1627553676939 0.0003483749923481103 185
1627553677028 0.00034805864451488183 186
1627553677112 0.0003477882216186422 187
1627553677186 0.0003475131857295116 188
1627553677277 0.0003472218914441808 189
1627553677365 0.00034697328093284544 190
1627553677463 0.0003466937771577655 191
1627553677580 0.0003463600283240157 192
1627553677657 0.0003461494286397906 193
1627553677743 0.0003458965002253832 194
1627553677831 0.0003456097822480608 195
1627553677973 0.00034527631050564083 196
1627553678128 0.0003450172742383598 197
1627553678237 0.0003447494244973968 198
1627553678368 0.0003444246152935242 199
1627553678484 0.0003441574861958207 200
1627553678656 0.0003436894580395371 201
1627553678732 0.00034342062284023 202
1627553678854 0.00034316644568670743 203
1627553678939 0.0003429104147644273 204
1627553679040 0.000342642745432481 205
1627553679134 0.0003423647641680586 206
1627553679277 0.0003420794448581043 207
1627553679375 0.0003418854969842936 208
1627553679466 0.00034161168114702894 209
1627553679550 0.000341357125982189 210
1627553679625 0.0003411153001629282 211
1627553679693 0.0003408800076532257 212
1627553679807 0.0003404680174226755 213
1627553679898 0.0003402151784281075 214
1627553679977 0.000339962167307456 215
1627553680057 0.0003397235821855712 216
1627553680143 0.000339444612167767 217
1627553680235 0.0003391819373731585 218
1627553680325 0.00033892092997171605 219
1627553680411 0.0003386734194667708 220
1627553680500 0.000338400873841283 221
1627553680580 0.0003381218953702937 222
1627553680655 0.00033786746014683827 223
1627553680750 0.00033764361123206257 224
1627553680831 0.0003374010792302916 225
1627553680909 0.00033718574491317454 226
1627553680988 0.00033693941374498393 227
1627553681063 0.0003366846154670265 228
1627553681186 0.0003363713232015815 229
1627553681282 0.0003361100000673751 230
1627553681361 0.00033589406545812616 231
1627553681452 0.0003356778054166606 232
1627553681535 0.0003354333707640526 233
1627553681622 0.0003352375484515871 234
1627553681695 0.0003350173430377675 235
1627553681788 0.00033477717608088606 236
1627553681861 0.000334528091066487 237
1627553681956 0.0003343397225857368 238
1627553682025 0.0003340973885356647 239
1627553682104 0.00033389231288084544 240
1627553682170 0.00033367911233059234 241
1627553682247 0.0003334146628716741 242
1627553682339 0.0003331645020749611 243
1627553682429 0.0003329250944621115 244
1627553682524 0.0003326922721462029 245
1627553682595 0.00033247198081620086 246
1627553682700 0.00033224956302372027 247
1627553682781 0.0003320536201993653 248
1627553682846 0.0003318632443800295 249
1627553682956 0.0003316288861765949 250
1627553683030 0.00033141512590236145 251
1627553683107 0.0003311806296456484 252
1627553683181 0.00034342062284023 253
