1627567038701 0.0010987415749817405 0
1627567038836 0.0010137989601324774 1
1627567038945 0.000938596777688168 2
1627567039065 0.0008724382031962121 3
1627567039179 0.0008143365743294088 4
1627567039297 0.0007637938769695501 5
1627567039419 0.0007199887280348531 6
1627567039538 0.0006822727689621002 7
1627567039648 0.0006496212281379927 8
1627567039795 0.0006214570161203299 9
1627567039916 0.0005971340744714068 10
1627567040026 0.0005763942094966354 11
1627567040128 0.0005586216174752659 12
1627567040230 0.0005436216059377258 13
1627567040326 0.0005305341689570903 14
1627567040427 0.0005196627705922839 15
1627567040527 0.0005102781412199819 16
1627567040635 0.0005026115705472983 17
1627567040796 0.0004959018582561512 18
1627567040907 0.000489892087431535 19
1627567041032 0.00048480888223366897 20
1627567041133 0.0004805960716565997 21
1627567041294 0.0004769471219932982 22
1627567041389 0.00047317998664584587 23
1627567041492 0.0004697875271255098 24
1627567041582 0.0004671276985156364 25
1627567041674 0.00046454503624267116 26
1627567041769 0.000462328775353855 27
1627567041864 0.00045986662016416223 28
1627567041951 0.0004579303555799453 29
1627567042042 0.00045600046395291507 30
1627567042139 0.00045442291366772655 31
1627567042237 0.00045266195246613367 32
1627567042371 0.00045128532183954335 33
1627567042501 0.0004499030104104642 34
1627567042616 0.0004484241437329499 35
1627567042702 0.0004462711451825491 36
1627567042798 0.00044524482052588467 37
1627567042893 0.0004439707042144529 38
1627567042984 0.0004419174152119746 39
1627567043065 0.00044064370676752564 40
1627567043148 0.00043900613307983836 41
1627567043247 0.0004371354979832283 42
1627567043336 0.0004359433735796585 43
1627567043426 0.00043429559947060983 44
1627567043505 0.00043358803915954415 45
1627567043606 0.00043182998568461434 46
1627567043706 0.0004299695307730497 47
1627567043795 0.00042882044319571874 48
1627567043883 0.0004279218620304138 49
1627567043992 0.00042635889622012144 50
1627567044074 0.0004256907844682408 51
1627567044177 0.00042494542769473453 52
1627567044272 0.00042358532197079343 53
1627567044348 0.0004229226905961274 54
1627567044431 0.0004218115635380671 55
1627567044526 0.00042001958925458967 56
1627567044599 0.00041937215016056356 57
1627567044720 0.00041802033247090905 58
1627567044852 0.00041732134067008596 59
1627567044937 0.0004166784701333666 60
1627567045032 0.00041610425233761265 61
1627567045162 0.00041514572068799004 62
1627567045256 0.00041463114916343003 63
1627567045354 0.00041314020473257615 64
1627567045443 0.000412558813757624 65
1627567045524 0.00041182827147440783 66
1627567045601 0.00041114533408670645 67
1627567045703 0.0004096342666294582 68
1627567045784 0.0004089804736096618 69
1627567045864 0.00040833217498177713 70
1627567045944 0.00040776140654262414 71
1627567046028 0.0004070980075155351 72
1627567046111 0.0004065682403617492 73
1627567046193 0.00040597749102806117 74
1627567046277 0.0004050417520852281 75
1627567046371 0.00040394276749388167 76
1627567046440 0.00040345236100088196 77
1627567046515 0.00040297029203675236 78
1627567046598 0.000402081846012071 79
1627567046677 0.00040163465440219866 80
1627567046763 0.0004008036145815075 81
1627567046850 0.0004002869972541877 82
1627567046934 0.0003998653340402446 83
1627567047023 0.0003993139325308131 84
1627567047110 0.00039881112521848223 85
1627567047187 0.00039830846387058815 86
1627567047285 0.00039753984688020564 87
1627567047361 0.0003971052667670736 88
1627567047445 0.00039631078148863485 89
1627567047517 0.0003958917451721129 90
1627567047603 0.0003950011519278972 91
1627567047670 0.0003946209555635786 92
1627567047746 0.00039416867846611 93
1627567047835 0.00039347827228809024 94
1627567047928 0.0003927211607380655 95
1627567048002 0.00039234915007464055 96
1627567048083 0.0003916368576255444 97
1627567048159 0.0003911409771577283 98
1627567048238 0.00039070251578957835 99
1627567048339 0.00039025830577258004 100
1627567048423 0.00038986381503023336 101
1627567048487 0.00038945761593174046 102
1627567048581 0.00038872068783183457 103
1627567048662 0.00038830549346349606 104
1627567048786 0.0003875770702145749 105
1627567048862 0.0003870945481644892 106
1627567048947 0.000386420549514809 107
1627567049032 0.0003860589650952393 108
1627567049105 0.00038569559720358056 109
1627567049185 0.0003852765076642799 110
1627567049248 0.00038487970939454633 111
1627567049318 0.000384538649825096 112
1627567049395 0.00038416442026803846 113
1627567049480 0.000383776311077046 114
1627567049556 0.0003834127653450351 115
1627567049628 0.0003830458197596381 116
1627567049703 0.00038249750547567936 117
1627567049773 0.0003821446113750678 118
1627567049831 0.00038181244948951005 119
1627567049933 0.00038108915298730456 120
1627567050005 0.0003806844810450282 121
1627567050068 0.00038034128275600564 122
1627567050150 0.0003799886424332975 123
1627567050231 0.00037948321387533634 124
1627567050314 0.0003790611180912997 125
1627567050387 0.0003787067921685075 126
1627567050470 0.0003783534801906212 127
1627567050547 0.00037801005611528475 128
1627567050621 0.0003776209918013389 129
1627567050698 0.00037724937417920847 130
1627567050776 0.00037680361198026523 131
1627567050844 0.00037649748563569767 132
1627567050922 0.0003761378273029645 133
1627567051004 0.00037571734183383974 134
1627567051075 0.00037539121889898594 135
1627567051137 0.00037510561341405217 136
1627567051208 0.0003747961635451064 137
1627567051265 0.0003745115414081395 138
1627567051337 0.0003741821206632931 139
1627567051405 0.00037383846343953494 140
1627567051473 0.00037350896885070863 141
1627567051532 0.0003732016583799416 142
1627567051602 0.0003728839228189027 143
1627567051657 0.0003726076196253719 144
1627567051730 0.0003722901746808958 145
1627567051804 0.0003719711115042983 146
1627567051898 0.0003715417039638482 147
1627567051977 0.00037120789836918674 148
1627567052043 0.0003708842650818446 149
1627567052115 0.00037060977776001713 150
1627567052188 0.00037029535769005534 151
1627567052279 0.00036999074060293797 152
1627567052397 0.0003696031123694014 153
1627567052463 0.0003693264694149096 154
1627567052520 0.0003690851426357151 155
1627567052603 0.00036857345629313866 156
1627567052666 0.0003682873828969214 157
1627567052739 0.00036794341423986027 158
1627567052815 0.00036753296015275294 159
1627567052878 0.0003672447558146872 160
1627567052960 0.00036676467811387186 161
1627567053031 0.0003664708070462201 162
1627567053096 0.00036618873970556653 163
1627567053154 0.00036594600191753397 164
1627567053226 0.00036563826546475657 165
1627567053300 0.0003652472862435731 166
1627567053375 0.0003649853069794812 167
1627567053438 0.0003647711764808913 168
1627567053510 0.00036447704170278894 169
1627567053565 0.0003642049425140424 170
1627567053635 0.00036389868199420035 171
1627567053697 0.00036365927319094183 172
1627567053759 0.0003633831698064038 173
1627567053822 0.00036310766025564464 174
1627567053896 0.0003627347891223261 175
1627567053969 0.00036235713761164593 176
1627567054040 0.00036202178316728295 177
1627567054098 0.00036176385046781675 178
1627567054153 0.0003615336709999543 179
1627567054223 0.0003612356327441239 180
1627567054294 0.0003609463730793395 181
1627567054355 0.00036070413491790963 182
1627567054435 0.0003604758885543321 183
1627567054516 0.00036015579843000773 184
1627567054609 0.0003599132598218852 185
1627567054713 0.0003596759284986562 186
1627567054782 0.0003594089161767025 187
1627567054852 0.0003591854709515369 188
1627567054973 0.00035887066059177 189
1627567055035 0.0003585925304095316 190
1627567055101 0.00035836901037618134 191
1627567055152 0.00035817310814316 192
1627567055219 0.0003579355464020403 193
1627567055285 0.00035765796207024096 194
1627567055349 0.0003574155540940375 195
1627567055432 0.00035691834793976084 196
1627567055486 0.00035670594987339583 197
1627567055546 0.00035647734762428684 198
1627567055619 0.0003561583592723901 199
1627567055704 0.000355910748382554 200
1627567055765 0.0003556645767014563 201
1627567055846 0.0003552579550404579 202
1627567055928 0.000354842141162552 203
1627567055997 0.0003546036145820783 204
1627567056051 0.0003543907400200364 205
1627567056116 0.0003541713843575452 206
1627567056180 0.00035392312028110226 207
1627567056242 0.0003537001291900542 208
1627567056310 0.0003534524569294772 209
1627567056379 0.00035318439542381667 210
1627567056468 0.00035295566636263294 211
1627567056569 0.0003527134117056521 212
1627567056651 0.00035252072903361965 213
1627567056730 0.00035231729531140694 214
1627567056794 0.00035210236548560166 215
1627567056886 0.0003518569763614809 216
1627567056940 0.0003516826276268457 217
1627567057002 0.00035147245549752444 218
1627567057076 0.00035112102607945964 219
1627567057159 0.00035068904787759393 220
1627567057234 0.0003504252837896909 221
1627567057294 0.00035023378571042346 222
1627567057350 0.0003500446778264329 223
1627567057410 0.00034983713516403565 224
1627567057473 0.0003496405504910699 225
1627567057543 0.00034941403120221257 226
1627567057599 0.000349208317386256 227
1627567057669 0.0003489823532038154 228
1627567057723 0.0003487952480128211 229
1627567057784 0.00034858093128735016 230
1627567057846 0.00034837342669777354 231
1627567057919 0.0003480951424661234 232
1627567057966 0.0003479109881701941 233
1627567058021 0.0003477137120548943 234
1627567058073 0.00034750015767088144 235
1627567058163 0.00034727125264972646 236
1627567058268 0.0003470650913540894 237
1627567058376 0.00034682312663996404 238
1627567058475 0.00034660016083415174 239
1627567058534 0.00034641640529829167 240
1627567058606 0.0003461866752824879 241
1627567058672 0.0003459750930095395 242
1627567058735 0.0003457670843876987 243
1627567058789 0.00034556177588017075 244
1627567058859 0.0003453211522164019 245
1627567058908 0.0003451618232442933 246
1627567058962 0.00034495633308792415 247
1627567059021 0.00034474977016515034 248
1627567059081 0.0003445079138822073 249
1627567059165 0.00034430871290005966 250
1627567059227 0.0003440903665645357 251
1627567059285 0.0003439357249454293 252
1627567059346 0.000343728521958712 253
1627567059406 0.0003435408098686994 254
1627567059453 0.00034339473156024897 255
1627567059518 0.00034317680339013084 256
1627567059584 0.00034298568740683227 257
1627567059639 0.0003427609078971716 258
1627567059715 0.0003425282791866723 259
1627567059787 0.00034227415251757794 260
1627567059839 0.0003420796424537286 261
1627567059898 0.0003418930672902616 262
1627567059965 0.00034169289201520925 263
1627567060045 0.0003414806644345225 264
1627567060132 0.000341278268380735 265
1627567060232 0.00034109736231340845 266
1627567060338 0.0003408555202090458 267
1627567060393 0.00034066600080669547 268
1627567060446 0.0003404448050405566 269
1627567060511 0.0003402904430099312 270
1627567060582 0.0003399953242399328 271
1627567060652 0.000339811231937045 272
1627567060714 0.0003395920876251668 273
1627567060815 0.00033936961320953763 274
1627567060889 0.0003391695298465319 275
1627567060949 0.00033897039818248407 276
1627567061033 0.00033876078884446904 277
1627567061116 0.000338553018515431 278
1627567061176 0.00033837924981107973 279
1627567061227 0.0003382207699404983 280
1627567061291 0.0003380075325533052 281
1627567061354 0.0003378274306623205 282
1627567061422 0.0003480951424661234 283
1627567065637 0.0010986561339156738 0
1627567065778 0.0010137969511475851 1
1627567065909 0.0009387086668838533 2
1627567066066 0.0008727357792037721 3
1627567066183 0.0008148358493785885 4
1627567066339 0.0007643816786454588 5
1627567066468 0.0007207831902824694 6
1627567066579 0.0006830759896989075 7
1627567066728 0.0006506380086664259 8
1627567066831 0.0006225743673448615 9
1627567066936 0.0005983122040826745 10
1627567067039 0.0005776330180113422 11
1627567067143 0.000559786247452578 12
1627567067244 0.0005447765156469314 13
1627567067343 0.0005318452136153999 14
1627567067446 0.0005209457361045319 15
1627567067545 0.0005116362253424769 16
1627567067653 0.0005038919508091068 17
1627567067758 0.0004973226135637199 18
1627567067857 0.000491315054876253 19
1627567067952 0.000486090426802742 20
1627567068052 0.0004817421407703633 21
1627567068151 0.0004779016100932648 22
1627567068243 0.00047444951862967436 23
1627567068336 0.0004708603491534475 24
1627567068424 0.0004681584282289535 25
1627567068519 0.0004656608518530132 26
1627567068605 0.000463292563995426 27
1627567068693 0.000461189913439501 28
1627567068785 0.000459129031473775 29
1627567068905 0.00045723559418719555 30
1627567069001 0.00045578768299037083 31
1627567069139 0.0004540538397953112 32
1627567069273 0.00045254246273370395 33
1627567069358 0.0004512190770867342 34
1627567069462 0.0004492001776116116 35
1627567069566 0.00044730216490660894 36
1627567069664 0.0004455050798438549 37
1627567069799 0.00044415450145980634 38
1627567069902 0.0004422649412023232 39
1627567069986 0.0004411914219784913 40
1627567070065 0.00043970150587040765 41
1627567070146 0.0004383432543033858 42
1627567070237 0.0004367952886375913 43
1627567070324 0.00043599357034533885 44
1627567070408 0.00043523069921853517 45
1627567070496 0.00043404780088514814 46
1627567070593 0.00043272265316598475 47
1627567070682 0.00043154330999198065 48
1627567070762 0.0004307440324100095 49
1627567070890 0.0004286016568405049 50
1627567070967 0.0004278471736215238 51
1627567071065 0.00042655533053627387 52
1627567071167 0.0004248879644620142 53
1627567071241 0.00042428776407515414 54
1627567071362 0.00042315400158547125 55
1627567071458 0.00042141278289921293 56
1627567071535 0.00042072838665327617 57
1627567071626 0.00041958213450877613 58
1627567071710 0.0004189730161263988 59
1627567071794 0.0004183253102388497 60
1627567071876 0.0004176308246185821 61
1627567071962 0.0004168274132671294 62
1627567072034 0.00041627940966746735 63
1627567072154 0.0004147108131285989 64
1627567072248 0.0004132813922498296 65
1627567072327 0.0004126325124612869 66
1627567072422 0.00041186725716740326 67
1627567072516 0.00041089387872397874 68
1627567072592 0.0004101032147293433 69
1627567072673 0.00040960119066957865 70
1627567072756 0.00040905322642849606 71
1627567072849 0.0004080087314586166 72
1627567072932 0.00040748012740397647 73
1627567073023 0.0004063868223830878 74
1627567073117 0.0004051175236919295 75
1627567073197 0.00040462667166307715 76
1627567073279 0.0004040030352348166 77
1627567073358 0.00040353271675195446 78
1627567073449 0.00040292462738096156 79
1627567073530 0.00040245162795471125 80
1627567073620 0.0004014141912176461 81
1627567073707 0.00040074196060981785 82
1627567073792 0.00040013172596426035 83
1627567073870 0.00039962858678988634 84
1627567073946 0.00039914118055153053 85
1627567074014 0.00039867907452273063 86
1627567074099 0.0003978150598225238 87
1627567074181 0.00039737754330883274 88
1627567074261 0.00039690723636481666 89
1627567074337 0.00039644096927940155 90
1627567074416 0.0003960076804917334 91
1627567074502 0.0003955176751307383 92
1627567074638 0.00039484052754640785 93
1627567074765 0.0003944106940323425 94
1627567074894 0.0003938360174653117 95
1627567075017 0.0003932078868415696 96
1627567075111 0.00039265687160709056 97
1627567075182 0.00039221869376186616 98
1627567075268 0.00039180028263543885 99
1627567075361 0.0003913698192138057 100
1627567075444 0.0003906204237472404 101
1627567075528 0.000389964975149352 102
1627567075606 0.00038960825478998636 103
1627567075682 0.0003892198957897484 104
1627567075781 0.0003885111416119747 105
1627567075867 0.0003881018219955795 106
1627567075943 0.0003876679198863747 107
1627567076019 0.0003872527878915864 108
1627567076082 0.0003869017211409913 109
1627567076158 0.0003865126176341762 110
1627567076232 0.0003860965719952744 111
1627567076323 0.0003853593499228954 112
1627567076394 0.0003849737543615901 113
1627567076471 0.0003846222296981249 114
1627567076543 0.00038426267812646044 115
1627567076612 0.00038388855519818553 116
1627567076725 0.0003832674620337353 117
1627567076798 0.0003829216220782649 118
1627567076879 0.0003823025060988099 119
1627567076952 0.000381926949713969 120
1627567077026 0.00038154608773957827 121
1627567077092 0.0003812094439523876 122
1627567077182 0.00038087470970462424 123
1627567077259 0.00038053840390006995 124
1627567077337 0.00037999227504597146 125
1627567077405 0.0003796822632016093 126
1627567077483 0.0003793076137410751 127
1627567077557 0.00037895953934062 128
1627567077625 0.0003786105581253372 129
1627567077695 0.0003782695307799843 130
1627567077759 0.00037791078760488676 131
1627567077842 0.0003775825686291347 132
1627567077908 0.0003772263773496515 133
1627567077984 0.00037688275150740116 134
1627567078050 0.0003765390156048562 135
1627567078147 0.0003759326180661661 136
1627567078208 0.0003756632166759831 137
1627567078279 0.0003753029836281551 138
1627567078357 0.00037494997944950286 139
1627567078429 0.0003746161586583173 140
1627567078526 0.00037415723842282593 141
1627567078585 0.0003738036887843901 142
1627567078667 0.000373476735195574 143
1627567078740 0.00037316133552279954 144
1627567078805 0.00037286792798171955 145
1627567078873 0.0003725795580453801 146
1627567078944 0.00037219625025337617 147
1627567079011 0.00037189672725430884 148
1627567079089 0.0003716045744915917 149
1627567079167 0.0003712526854146811 150
1627567079230 0.0003709879985502932 151
1627567079334 0.00037071217249165267 152
1627567079430 0.0003701917628331831 153
1627567079491 0.00036990476607907214 154
1627567079589 0.0003693504335686276 155
1627567079661 0.00036912724199415433 156
1627567079719 0.00036882973929381073 157
1627567079775 0.00036857097472469845 158
1627567079866 0.0003682776233344021 159
1627567079959 0.000367943771320984 160
1627567080026 0.0003676880931712648 161
1627567080099 0.0003674635966669275 162
1627567080153 0.0003672268297951924 163
1627567080231 0.00036678190442012305 164
1627567080297 0.0003664946767077291 165
1627567080350 0.00036623798842880674 166
1627567080399 0.00036601814246940093 167
1627567080456 0.0003657767318588435 168
1627567080524 0.00036547222666291477 169
1627567080596 0.0003652150561007148 170
1627567080646 0.0003649857535966977 171
1627567080754 0.0003646636074466467 172
1627567080845 0.0003642023770330344 173
1627567080922 0.0003639089462686509 174
1627567080998 0.0003636592001522238 175
1627567081059 0.00036338974340302977 176
1627567081140 0.0003631130223795802 177
1627567081247 0.00036280997684440497 178
1627567081333 0.0003625094509171292 179
1627567081406 0.0003622440427052233 180
1627567081493 0.0003619539771402562 181
1627567081587 0.0003616929124995709 182
1627567081640 0.000361470991908012 183
1627567081709 0.0003611793345073531 184
1627567081774 0.0003609148959665225 185
1627567081832 0.0003606405896056759 186
1627567081897 0.00036035190226389193 187
1627567081952 0.0003601088317325584 188
1627567082007 0.00035988674196306284 189
1627567082082 0.00035962556790217263 190
1627567082161 0.0003591993334479962 191
1627567082225 0.00035891326604156403 192
1627567082317 0.0003584435728080421 193
1627567082388 0.00035817059187361744 194
1627567082458 0.0003578804738142384 195
1627567082525 0.00035762893998352377 196
1627567082600 0.00035738472488111746 197
1627567082685 0.000357015832159816 198
1627567082765 0.0003566705382975619 199
1627567082891 0.00035638191186614343 200
1627567082986 0.00035614600804224726 201
1627567083081 0.00035591213413416716 202
1627567083151 0.00035564420374637737 203
1627567083225 0.000355370391281701 204
1627567083290 0.00035511844098971005 205
1627567083358 0.00035485880572567606 206
1627567083425 0.00035462466162696843 207
1627567083473 0.0003544510400907531 208
1627567083524 0.0003542077443744672 209
1627567083583 0.0003539622700375668 210
1627567083654 0.0003536777126309995 211
1627567083711 0.0003534585349320065 212
1627567083799 0.0003531300532484841 213
1627567083880 0.00035289601668262225 214
1627567083943 0.0003526926521872238 215
1627567084033 0.0003524552971728625 216
1627567084097 0.0003522301694782085 217
1627567084152 0.00035203711644606056 218
1627567084230 0.0003517883086400347 219
1627567084331 0.00035156978334406885 220
1627567084437 0.0003513555543792553 221
1627567084515 0.0003511642233992022 222
1627567084592 0.00035098583481777 223
1627567084664 0.0003507921693860666 224
1627567084717 0.00035059612939032745 225
1627567084771 0.00035040314561303183 226
1627567084822 0.0003502141054406233 227
1627567084883 0.0003500115855051773 228
1627567084968 0.000349576134437708 229
1627567085035 0.0003493309394569983 230
1627567085101 0.0003490698812694716 231
1627567085154 0.0003489054804529358 232
1627567085211 0.0003486913831625056 233
1627567085288 0.00034846152956590875 234
1627567085352 0.0003482490427021846 235
1627567085416 0.0003480223431331193 236
1627567085466 0.00034785759403618404 237
1627567085547 0.00034763783393505093 238
1627567085597 0.00034740990867381324 239
1627567085657 0.0003472130286535474 240
1627567085720 0.000346978799573679 241
1627567085770 0.0003467991110985829 242
1627567085840 0.00034654415039020393 243
1627567085905 0.00034630452082902197 244
1627567085974 0.00034604519510501516 245
1627567086038 0.00034583311740456364 246
1627567086094 0.0003456261633800136 247
1627567086151 0.00034542582164938547 248
1627567086199 0.00034527895046102057 249
1627567086262 0.000345129108144858 250
1627567086316 0.00034492262659477943 251
1627567086375 0.0003447123226169792 252
1627567086432 0.0003445037936443448 253
1627567086482 0.00034433705311621163 254
1627567086536 0.00034415195097597966 255
1627567086594 0.00034395788817020783 256
1627567086646 0.0003437813226916033 257
1627567086710 0.00034355108406991525 258
1627567086772 0.00034335428493038043 259
1627567086839 0.0003430866474513022 260
1627567086912 0.0003428803649675383 261
1627567086973 0.00034267848889924294 262
1627567087048 0.0003424609705257956 263
1627567087111 0.0003422567600522531 264
1627567087191 0.00034195172288394927 265
1627567087264 0.0003417082411182325 266
1627567087334 0.00034144278066179363 267
1627567087398 0.0003412014553244787 268
1627567087453 0.00034098164944602004 269
1627567087513 0.0003407872970413564 270
1627567087569 0.0003405981735138052 271
1627567087621 0.00034044084211156615 272
1627567087675 0.0003402431878120939 273
1627567087728 0.00034007350565684054 274
1627567087783 0.00033988018342099224 275
1627567087838 0.0003397123110962524 276
1627567087906 0.0003394601792211042 277
1627567087970 0.0003392337629361351 278
1627567088040 0.0003390247678025046 279
1627567088095 0.00033879694803447296 280
1627567088177 0.00033847932515177544 281
1627567088241 0.0003382820433158667 282
1627567088299 0.0003380846127615768 283
1627567088356 0.00033790770775267437 284
1627567088421 0.00033769797020803655 285
1627567088471 0.0003375308881271122 286
1627567088551 0.00033732301280631996 287
1627567088607 0.00033715367109087 288
1627567088663 0.00033696892359469426 289
1627567088714 0.0003368162528066125 290
1627567088800 0.0003366174139383133 291
1627567088859 0.0003364334996387345 292
1627567088919 0.0003362315913625342 293
1627567088980 0.0003360255985618148 294
1627567089032 0.0003358181409435278 295
1627567089106 0.00034604519510501516 296
1627567093120 0.0010996878968391416 0
1627567093294 0.0010146780131370643 1
1627567093403 0.0009394729604490071 2
1627567093511 0.0008733087037645851 3
1627567093628 0.0008151480586716054 4
1627567093739 0.0007645875826955979 5
1627567093848 0.0007208571323177789 6
1627567093952 0.0006830085435725517 7
1627567094061 0.0006505078571945469 8
1627567094167 0.0006224050681814814 9
1627567094272 0.0005980365035782795 10
1627567094382 0.0005773676949567504 11
1627567094513 0.0005594765367652399 12
1627567094665 0.000544386894871032 13
1627567094769 0.0005314493385195871 14
1627567094875 0.0005205594850565024 15
1627567094979 0.0005112101522207292 16
1627567095088 0.0005034777986781503 17
1627567095190 0.0004967880275135413 18
1627567095295 0.0004906461063992689 19
1627567095389 0.0004854289309082599 20
1627567095489 0.00048106772569378356 21
1627567095585 0.0004773863369082752 22
1627567095677 0.00047387436913750837 23
1627567095773 0.00047085129020868943 24
1627567095860 0.00046833124173568946 25
1627567095953 0.0004656430297634 26
1627567096074 0.00046348939417041135 27
1627567096166 0.0004612973737487166 28
1627567096273 0.0004590052863432416 29
1627567096388 0.00045699421160751386 30
1627567096498 0.00045558796877965386 31
1627567096622 0.0004536696891791654 32
1627567096757 0.00045170203788272013 33
1627567096871 0.00045056871682460725 34
1627567096961 0.00044914024280554314 35
1627567097051 0.0004474165565531896 36
1627567097140 0.00044523950471016456 37
1627567097232 0.0004439030166888752 38
1627567097346 0.00044230665622442485 39
1627567097435 0.0004414293504564698 40
1627567097530 0.0004394679269108558 41
1627567097662 0.0004374543095966638 42
1627567097778 0.0004365305227781456 43
1627567097863 0.00043561980406338477 44
1627567097948 0.0004345318049299732 45
1627567098059 0.0004330037744336318 46
1627567098139 0.0004317865748810154 47
1627567098224 0.00043065575655930024 48
1627567098313 0.00042980449583483087 49
1627567098413 0.00042870249855293655 50
1627567098499 0.0004277793215952196 51
1627567098591 0.000426219410924724 52
1627567098684 0.00042483683354614817 53
1627567098760 0.0004241663455680949 54
1627567098848 0.00042252450605030953 55
1627567098950 0.0004208181742163729 56
1627567099048 0.00042015529075325396 57
1627567099129 0.00041955602221706827 58
1627567099264 0.0004180289477697043 59
1627567099347 0.0004173885795207377 60
1627567099452 0.00041681340897428205 61
1627567099544 0.0004157925036900826 62
1627567099619 0.00041522667051397533 63
1627567099713 0.0004138619004507744 64
1627567099789 0.00041324897764615187 65
1627567099864 0.0004126263786633445 66
1627567099957 0.00041155133421778704 67
1627567100038 0.0004106560577557076 68
1627567100116 0.00041000938113704486 69
1627567100195 0.0004094736672599084 70
1627567100279 0.00040877340675924366 71
1627567100372 0.00040771477978945826 72
1627567100456 0.0004071242643225063 73
1627567100553 0.0004066239929493075 74
1627567100643 0.00040606109164585913 75
1627567100718 0.00040552110378228707 76
1627567100800 0.0004050034637705667 77
1627567100872 0.00040451884839430607 78
1627567100959 0.00040327052827257516 79
1627567101043 0.0004028384555829955 80
1627567101129 0.0004020664198507539 81
1627567101212 0.00040154261701634124 82
1627567101303 0.000400826643936598 83
1627567101396 0.00039990294237092554 84
1627567101470 0.0003993584379395003 85
1627567101552 0.0003988915787744048 86
1627567101642 0.00039800833596472565 87
1627567101732 0.0003971873080581354 88
1627567101808 0.00039673989793931596 89
1627567101884 0.0003962759753813223 90
1627567101960 0.00039578185671665524 91
1627567102039 0.00039528575812996575 92
1627567102106 0.0003948454343242938 93
1627567102185 0.00039446372911149195 94
1627567102275 0.00039385266757652204 95
1627567102356 0.00039344233861285887 96
1627567102443 0.00039288352234631877 97
1627567102518 0.0003924424757534971 98
1627567102633 0.00039165305743545017 99
1627567102728 0.00039122386400428506 100
1627567102802 0.0003907064740689897 101
1627567102902 0.0003901920614748546 102
1627567103008 0.00038948185248097997 103
1627567103095 0.0003889742721055875 104
1627567103178 0.0003885878748282448 105
1627567103254 0.0003881444165422872 106
1627567103330 0.0003877884095356391 107
1627567103408 0.00038733584868109636 108
1627567103488 0.0003869785051605515 109
1627567103561 0.00038659548939464183 110
1627567103632 0.0003861898009658952 111
1627567103696 0.00038586850625301497 112
1627567103772 0.0003854923945620091 113
1627567103851 0.0003851440409185659 114
1627567103924 0.0003847960968505349 115
1627567103989 0.0003843952966908447 116
1627567104068 0.00038379460469716595 117
1627567104165 0.0003833731246440269 118
1627567104285 0.00038258818978118247 119
1627567104340 0.0003822953863389397 120
1627567104416 0.00038187017496642874 121
1627567104474 0.00038150284292513614 122
1627567104566 0.0003810010455156126 123
1627567104686 0.0003806392317602741 124
1627567104784 0.0003803395269953309 125
1627567104869 0.0003800052399328113 126
1627567104928 0.00037973567120136903 127
1627567105070 0.00037916297920027317 128
1627567105159 0.0003788047245412209 129
1627567105241 0.0003784614721682793 130
1627567105328 0.00037788725114859116 131
1627567105410 0.00037756333654951496 132
1627567105481 0.0003772214072565326 133
1627567105554 0.0003768914200252971 134
1627567105637 0.00037655135767512355 135
1627567105714 0.0003762202900971446 136
1627567105831 0.00037573014221662244 137
1627567105939 0.0003753842673381732 138
1627567106006 0.00037505838605284805 139
1627567106079 0.0003747457763185028 140
1627567106209 0.0003741168877595959 141
1627567106273 0.0003737969266881744 142
1627567106370 0.00037324961186922654 143
1627567106478 0.0003729046012726862 144
1627567106581 0.00037253151695507765 145
1627567106672 0.000372229071326491 146
1627567106737 0.00037197541839838075 147
1627567106828 0.0003715260509109077 148
1627567106900 0.00037113904326960295 149
1627567106987 0.00037078111797617515 150
1627567107057 0.0003705034435626431 151
1627567107133 0.00037018700102604715 152
1627567107212 0.0003697502896383385 153
1627567107307 0.00036938913688129837 154
1627567107386 0.00036910520159722096 155
1627567107460 0.00036880439019961993 156
1627567107545 0.000368349438349217 157
1627567107626 0.00036805568542004375 158
1627567107698 0.00036777236069907997 159
1627567107766 0.00036754086701519534 160
1627567107817 0.00036727834058404113 161
1627567107893 0.00036700466230974485 162
1627567108012 0.0003664759000481999 163
1627567108082 0.00036625079288089076 164
1627567108155 0.0003659826173930183 165
1627567108213 0.00036572007686265875 166
1627567108272 0.0003654861494782353 167
1627567108331 0.00036522928016169046 168
1627567108397 0.00036493953014138467 169
1627567108468 0.0003646164891019403 170
1627567108531 0.0003643487112386575 171
1627567108596 0.000364044132488869 172
1627567108666 0.00036376089349719043 173
1627567108728 0.0003634957976153109 174
1627567108802 0.0003631949417773264 175
1627567108878 0.00036286223631139204 176
1627567108941 0.00036261492655901217 177
1627567109005 0.00036234322482894707 178
1627567109070 0.0003620592067245009 179
1627567109133 0.0003617758580603343 180
1627567109204 0.000361503450194474 181
1627567109272 0.00036118778820385885 182
1627567109340 0.0003609444556819742 183
1627567109406 0.0003606982436399972 184
1627567109457 0.00036049551026417207 185
1627567109529 0.00036024680186670964 186
1627567109597 0.00035994744211461163 187
1627567109666 0.0003596984558448882 188
1627567109767 0.00035940446810756884 189
1627567109825 0.0003591768225922373 190
1627567109898 0.0003588906813110292 191
1627567109965 0.0003586279342046156 192
1627567110045 0.0003583838751892437 193
1627567110118 0.00035812553344607203 194
1627567110204 0.00035785416588059263 195
1627567110286 0.0003574233632900036 196
1627567110363 0.0003570580906786436 197
1627567110435 0.0003568147785979705 198
1627567110518 0.0003563718187155093 199
1627567110588 0.00035613507452296987 200
1627567110648 0.00035591439482814477 201
1627567110714 0.0003556838766313297 202
1627567110806 0.00035539897289254635 203
1627567110908 0.000355119043406695 204
1627567111011 0.00035486808233930496 205
1627567111091 0.0003546812854010553 206
1627567111192 0.0003544473164853168 207
1627567111248 0.0003542148143477893 208
1627567111298 0.00035397523053049744 209
1627567111363 0.00035370293861187237 210
1627567111435 0.0003534404305780836 211
1627567111516 0.0003531592473455824 212
1627567111590 0.0003529303666166461 213
1627567111658 0.00035270035495061904 214
1627567111728 0.00035244519066943744 215
1627567111804 0.0003521785985346739 216
1627567111880 0.0003518254218318921 217
1627567111934 0.0003516374950265369 218
1627567111991 0.00035141091622804073 219
1627567112052 0.00035120235534582764 220
1627567112100 0.0003509815256030272 221
1627567112170 0.00035075363682717897 222
1627567112235 0.00035055396613063624 223
1627567112315 0.00035019505614691706 224
1627567112401 0.0003499666734870735 225
1627567112465 0.0003497665506469712 226
1627567112529 0.00034952039226063476 227
1627567112615 0.000349292397942752 228
1627567112745 0.0003489586780273088 229
1627567112797 0.0003487631695190598 230
1627567112857 0.0003485465874587909 231
1627567112947 0.0003483366433106961 232
1627567113008 0.00034814551714636946 233
1627567113059 0.00034796826132303335 234
1627567113112 0.0003477666550927971 235
1627567113212 0.0003475007253384103 236
1627567113290 0.0003472939509087457 237
1627567113354 0.0003470734123724165 238
1627567113414 0.0003468743606181466 239
1627567113465 0.0003466705607444044 240
1627567113522 0.00034642397054727883 241
1627567113576 0.0003462485384583083 242
1627567113644 0.00034604306410529354 243
1627567113702 0.0003458669229183429 244
1627567113763 0.0003456698744135321 245
1627567113814 0.0003454493425740385 246
1627567113875 0.0003452298655083446 247
1627567113944 0.00034500773420589523 248
1627567114000 0.000344836054305964 249
1627567114065 0.00034468772347925425 250
1627567114128 0.00034445428114053273 251
1627567114181 0.0003442977888008146 252
1627567114241 0.00034408314698781295 253
1627567114317 0.00034382638962475996 254
1627567114371 0.0003436504629642504 255
1627567114430 0.0003434643637559036 256
1627567114485 0.00034328542070138435 257
1627567114542 0.0003430652116657639 258
1627567114588 0.0003429036586010645 259
1627567114657 0.0003426611635369838 260
1627567114725 0.00034240978333405486 261
1627567114801 0.00034214733699427163 262
1627567114867 0.00034196440326272117 263
1627567114925 0.0003417850553159449 264
1627567114985 0.00034158830824685587 265
1627567115068 0.0003412602546752341 266
1627567115116 0.00034105172704092837 267
1627567115180 0.0003408417636971504 268
1627567115242 0.0003406354162486675 269
1627567115297 0.0003404697768123742 270
1627567115370 0.0003402760180211819 271
1627567115430 0.0003400610423461954 272
1627567115488 0.00033985802141567133 273
1627567115552 0.0003396728333049442 274
1627567115619 0.0003394755397273325 275
1627567115701 0.00033921947131466436 276
1627567115773 0.00033900535691384334 277
1627567115839 0.000338796115469766 278
1627567115908 0.0003386219947837317 279
1627567115965 0.00033846229616174073 280
1627567116030 0.0003382702438791365 281
1627567116089 0.0003380673639002032 282
1627567116152 0.00033788405295088705 283
1627567116214 0.000337717372528369 284
1627567116269 0.0003375457799696394 285
1627567116331 0.0003373764384328618 286
1627567116413 0.00033718434476326864 287
1627567116488 0.0003370019084359739 288
1627567116561 0.00033678021386089206 289
1627567116633 0.0003365284470103794 290
1627567116722 0.0003363418406896641 291
1627567116832 0.0003361448680276443 292
1627567116884 0.00033598056620464165 293
1627567116949 0.00033577349604280344 294
1627567117011 0.0003355578079437043 295
1627567117066 0.0003353747409979181 296
1627567117124 0.0003351848541602083 297
1627567117187 0.0003350060183820621 298
1627567117259 0.00033477090214803067 299
1627567117329 0.00033461796022049394 300
1627567117387 0.0003344294100748416 301
1627567117459 0.00033420379792817084 302
1627567117515 0.0003340701949922565 303
1627567117580 0.0003338658197059243 304
1627567117637 0.00033370682304423 305
1627567117694 0.00033352349626951687 306
1627567117761 0.00033335113524860096 307
1627567117840 0.000333068453937266 308
1627567117906 0.00033290782242810074 309
1627567117958 0.00033276990080297026 310
1627567118019 0.00033258603135983764 311
1627567118071 0.0003324303412949019 312
1627567118123 0.00033229477499211173 313
1627567118176 0.00033211048663881913 314
1627567118232 0.0003319505848927903 315
1627567118282 0.0003317706162894108 316
1627567118339 0.0003315662644501958 317
1627567118404 0.00033137076936881827 318
1627567118471 0.0003311876951145 319
1627567118529 0.00033099825848131366 320
1627567118589 0.0003308051077895808 321
1627567118662 0.0003305767325079138 322
1627567118730 0.00033039685733935646 323
1627567118798 0.0003301998893730838 324
1627567118857 0.0003300404720354102 325
1627567118907 0.00032986984454066976 326
1627567118967 0.00032972945623445426 327
1627567119036 0.00032954880184450104 328
1627567119094 0.0003293882643345863 329
1627567119161 0.0003291892850975944 330
1627567119213 0.0003290377343048813 331
1627567119293 0.00032877738233593704 332
1627567119353 0.00032858045337258343 333
1627567119415 0.00032840395966124284 334
1627567119475 0.00032825712838216534 335
1627567119531 0.00032808040739677887 336
1627567119589 0.00032789931897961257 337
1627567119657 0.0003277421184216492 338
1627567119703 0.00032760794797683407 339
1627567119771 0.00032740456801673835 340
1627567119817 0.00032722922003269764 341
1627567119897 0.00032697167779812943 342
1627567119946 0.000326800586159042 343
1627567120006 0.00032664942170978876 344
1627567120075 0.00032645001219754185 345
1627567120148 0.0003262501012779122 346
1627567120202 0.00032609973929919055 347
1627567120265 0.00032596799240479406 348
1627567120314 0.00032581000045543435 349
1627567120375 0.00032567014750806877 350
1627567120438 0.000325462640935947 351
1627567120497 0.00032532948649706926 352
1627567120545 0.00032519055663169136 353
1627567120601 0.00032502101277593097 354
1627567120665 0.00032484221532347817 355
1627567120718 0.00032468244935327835 356
1627567120772 0.00032455591249264733 357
1627567120831 0.0003243730487833912 358
1627567120921 0.000333068453937266 359
1627567125134 0.00109705143457 0
1627567125256 0.0010123998622095281 1
1627567125422 0.0009375248044296937 2
1627567125570 0.000871752438318237 3
1627567125730 0.0008139277073000737 4
1627567125870 0.0007635393250636795 5
1627567126043 0.0007200125149065659 6
1627567126195 0.0006823588576677044 7
1627567126308 0.0006498952975598792 8
1627567126444 0.0006219285615932782 9
1627567126582 0.0005977515738263059 10
1627567126709 0.0005771723702955847 11
1627567126810 0.0005593755946668209 12
1627567126917 0.0005444772059901446 13
1627567127019 0.000531447939950128 14
1627567127125 0.0005206051339950422 15
1627567127270 0.0005112912354672675 16
1627567127402 0.0005035665418405686 17
1627567127555 0.0004969381683642722 18
1627567127685 0.0004908160291271775 19
1627567127788 0.0004857143330481869 20
1627567127894 0.0004813242077554773 21
1627567128019 0.0004775911356840678 22
1627567128118 0.0004740143139227977 23
1627567128207 0.0004706195998466777 24
1627567128299 0.0004681885574523253 25
1627567128388 0.0004655371913212849 26
1627567128483 0.0004634821656233724 27
1627567128573 0.00046143312359832566 28
1627567128659 0.00045946589643443736 29
1627567128746 0.000457665958886247 30
1627567128838 0.00045628737809932305 31
1627567128928 0.00045398353285557394 32
1627567129012 0.00045201038165835957 33
1627567129098 0.0004508673243552394 34
1627567129185 0.00044896784310004983 35
1627567129275 0.0004475807065915749 36
1627567129367 0.0004457432890380061 37
1627567129452 0.00044439488462034093 38
1627567129539 0.0004422588597323692 39
1627567129630 0.00044122115578674586 40
1627567129733 0.0004390919318884999 41
1627567129836 0.00043715635742128296 42
1627567129925 0.00043597693646000603 43
1627567130018 0.0004347204928768596 44
1627567130095 0.0004338560914890683 45
1627567130185 0.0004329617257780956 46
1627567130264 0.00043167440981633007 47
1627567130367 0.0004308972298864258 48
1627567130459 0.00043011736138466903 49
1627567130565 0.0004284839438150654 50
1627567130645 0.00042765184640470433 51
1627567130729 0.0004268969865965636 52
1627567130826 0.0004251124656346942 53
1627567130922 0.0004238980240130142 54
1627567131013 0.00042228947811694166 55
1627567131097 0.00042157542540409193 56
1627567131167 0.0004209277895986799 57
1627567131255 0.0004196147991796224 58
1627567131360 0.00041898883140026246 59
1627567131436 0.00041836775388124134 60
1627567131525 0.0004177420441452509 61
1627567131606 0.00041716754572726896 62
1627567131685 0.0004165665094941297 63
1627567131789 0.00041489312267378975 64
1627567131884 0.00041343579566644015 65
1627567131968 0.00041264221898970426 66
1627567132060 0.00041141288906366714 67
1627567132139 0.00041084731450875166 68
1627567132221 0.0004102226243945053 69
1627567132308 0.0004090969806561526 70
1627567132415 0.0004082955330821448 71
1627567132514 0.00040775240708462317 72
1627567132619 0.0004071497873702333 73
1627567132713 0.00040643718734496284 74
1627567132794 0.0004054767976904053 75
1627567132907 0.00040443055730370194 76
1627567132985 0.0004039049038957557 77
1627567133058 0.00040340083436719496 78
1627567133138 0.0004029544457647364 79
1627567133218 0.0004024294554478355 80
1627567133312 0.0004014125144473585 81
1627567133405 0.0004009103007986057 82
1627567133489 0.0003999875215815849 83
1627567133570 0.0003995141398288425 84
1627567133656 0.00039898143116334187 85
1627567133728 0.0003985085672721949 86
1627567133814 0.00039805099005975927 87
1627567133894 0.0003976124906327778 88
1627567133972 0.0003971330402532666 89
1627567134039 0.0003967359642339149 90
1627567134172 0.00039573475769217096 91
1627567134253 0.00039530417498625365 92
1627567134353 0.00039487479029280665 93
1627567134468 0.00039446478072908573 94
1627567134567 0.0003940338827273281 95
1627567134654 0.00039317359431704834 96
1627567134745 0.0003924063203768722 97
1627567134815 0.0003919863626988337 98
1627567134903 0.00039153989256755865 99
1627567135002 0.00039116931964616747 100
1627567135115 0.0003903303975583892 101
1627567135257 0.0003893828784393035 102
1627567135372 0.00038897125303257184 103
1627567135466 0.0003885807715978582 104
1627567135598 0.00038815775153851006 105
1627567135703 0.00038755281130376944 106
1627567135794 0.0003871932336432757 107
1627567135921 0.00038645877262838966 108
1627567136016 0.0003860942263615927 109
1627567136102 0.00038564114771127587 110
1627567136175 0.00038524171177919844 111
1627567136250 0.0003847628258188439 112
1627567136330 0.0003843514058230968 113
1627567136398 0.0003839539657621659 114
1627567136484 0.0003835762483093665 115
1627567136557 0.00038313006885794303 116
1627567136653 0.00038259534460379386 117
1627567136734 0.00038223562319563255 118
1627567136842 0.00038157866582411783 119
1627567136946 0.00038111017016127053 120
1627567137020 0.00038071700455108567 121
1627567137086 0.00038035896512616206 122
1627567137179 0.0003798028316502747 123
1627567137260 0.00037943351461213674 124
1627567137326 0.0003790835558847997 125
1627567137408 0.0003786984420202218 126
1627567137487 0.00037837762662326196 127
1627567137577 0.00037787751996642293 128
1627567137670 0.0003775563878691629 129
1627567137790 0.00037719393282573414 130
1627567137860 0.000376876242015596 131
1627567137930 0.00037654093767545597 132
1627567138055 0.00037617816908041397 133
1627567138140 0.0003758511540916916 134
1627567138201 0.00037553163167509154 135
1627567138256 0.00037521949440697135 136
1627567138309 0.000374954166570781 137
1627567138373 0.0003746169831485082 138
1627567138435 0.00037432499935129355 139
1627567138507 0.00037397031288194594 140
1627567138619 0.00037366148814328134 141
1627567138754 0.00037313095854390766 142
1627567138832 0.00037284100819340017 143
1627567138951 0.00037248447816138415 144
1627567139056 0.00037216675715926264 145
1627567139119 0.0003718744926632446 146
1627567139181 0.00037159818842391216 147
1627567139279 0.00037126652931807237 148
1627567139393 0.0003709676683065807 149
1627567139475 0.00037069680411740765 150
1627567139567 0.0003704361691543892 151
1627567139641 0.0003701544008720892 152
1627567139728 0.00036968039257179 153
1627567139804 0.000369331676237773 154
1627567139872 0.000369010383384395 155
1627567139940 0.000368712929031799 156
1627567140007 0.00036842428099272053 157
1627567140086 0.00036813706059380985 158
1627567140145 0.000367866737928834 159
1627567140207 0.00036760709470866056 160
1627567140267 0.00036735385808202493 161
1627567140351 0.0003669215348222422 162
1627567140408 0.0003666604810996991 163
1627567140479 0.00036637397207036113 164
1627567140563 0.00036595525352212826 165
1627567140628 0.00036564753055730976 166
1627567140705 0.000365389200736096 167
1627567140809 0.0003651004796988675 168
1627567140863 0.0003648911330086836 169
1627567140935 0.00036462334256227597 170
1627567140994 0.0003643680181298978 171
1627567141061 0.00036406457866249313 172
1627567141115 0.0003637887350559416 173
1627567141197 0.00036346907034770184 174
1627567141258 0.00036318998934948703 175
1627567141324 0.0003629085620423915 176
1627567141379 0.00036270272098994495 177
1627567141439 0.0003624452291039415 178
1627567141510 0.00036213864223747053 179
1627567141571 0.0003618823444401466 180
1627567141625 0.0003616508866636646 181
1627567141701 0.0003613214582906887 182
1627567141787 0.0003608916063233721 183
1627567141881 0.00036041634295540524 184
1627567141949 0.0003601725969683199 185
1627567142031 0.0003597789968470711 186
1627567142098 0.00035950980391602944 187
1627567142174 0.0003592647646034794 188
1627567142239 0.000359029517721735 189
1627567142298 0.00035881954355325684 190
1627567142356 0.0003585976587889707 191
1627567142415 0.0003583585437531271 192
1627567142484 0.000358127325820875 193
1627567142546 0.000357894752174621 194
1627567142633 0.00035764918742918754 195
1627567142713 0.0003573960537395298 196
1627567142783 0.00035716645316286413 197
1627567142916 0.0003568170591598911 198
1627567142999 0.0003565267791099234 199
1627567143081 0.000356254320602806 200
1627567143160 0.00035600975551498235 201
1627567143218 0.0003557590976943524 202
1627567143272 0.0003555186305129554 203
1627567143335 0.00035528492322683123 204
1627567143394 0.00035504013906591204 205
1627567143460 0.00035482112689805766 206
1627567143531 0.00035456311966951964 207
1627567143612 0.00035422769103588746 208
1627567143671 0.00035397160346040986 209
1627567143742 0.00035370283505439836 210
1627567143801 0.00035347878747673113 211
1627567143867 0.0003532133827776621 212
1627567143920 0.0003530238212211417 213
1627567143993 0.0003527713734448905 214
1627567144049 0.0003525473957648955 215
1627567144126 0.0003522776708651339 216
1627567144190 0.00035206194497270927 217
1627567144260 0.00035179997394466057 218
1627567144320 0.0003515755970832928 219
1627567144411 0.0003513484887641427 220
1627567144495 0.00035112616813703733 221
1627567144579 0.0003509031006573575 222
1627567144631 0.00035070937572239823 223
1627567144681 0.0003504747220193772 224
1627567144757 0.0003502691558030109 225
1627567144837 0.00034994157812760665 226
1627567144891 0.0003497129723631144 227
1627567144948 0.00034951543828719165 228
1627567145016 0.00034929742088137325 229
1627567145072 0.0003490851440989409 230
1627567145153 0.00034876082659131145 231
1627567145200 0.0003485933903628173 232
1627567145268 0.0003483746773134381 233
1627567145345 0.0003480445751271141 234
1627567145412 0.0003477956812386786 235
1627567145482 0.00034758849520647784 236
1627567145555 0.00034728329237663336 237
1627567145610 0.00034706622478238003 238
1627567145683 0.00034684943730697783 239
1627567145742 0.00034664310071483474 240
1627567145800 0.00034640751129367165 241
1627567145860 0.0003461935635621573 242
1627567145925 0.0003459853922475771 243
1627567145990 0.0003457506586460488 244
1627567146060 0.00034556170484420203 245
1627567146133 0.00034533437663530203 246
1627567146192 0.00034513514401149554 247
1627567146278 0.00034490308706846423 248
1627567146340 0.0003447163274669539 249
1627567146417 0.0003445418202486002 250
1627567146477 0.0003443460767980198 251
1627567146536 0.0003441445257759619 252
1627567146627 0.0003439152186677003 253
1627567146701 0.0003437471991687167 254
1627567146767 0.00034351153622636394 255
1627567146826 0.0003433246568045909 256
1627567146882 0.00034312750048131756 257
1627567146950 0.00034287677639759063 258
1627567147004 0.00034266555457427287 259
1627567147071 0.0003424082792414789 260
1627567147128 0.00034221158147023305 261
1627567147192 0.00034200798537896876 262
1627567147259 0.00034180799651966276 263
1627567147314 0.00034161949510472543 264
1627567147368 0.0003414398398372402 265
1627567147425 0.0003412399331952801 266
1627567147494 0.00034102821552895314 267
1627567147560 0.0003407908837972863 268
1627567147609 0.00034062854240761057 269
1627567147665 0.0003404228026763683 270
1627567147724 0.0003402341104409149 271
1627567147782 0.000340050875631967 272
1627567147840 0.00033989616453274573 273
1627567147912 0.0003396755152816856 274
1627567147983 0.0003394916582243573 275
1627567148049 0.0003393017444151103 276
1627567148104 0.00033912315345004655 277
1627567148173 0.00033887553829967327 278
1627567148271 0.00033867608034280776 279
1627567148345 0.00033846246156473607 280
1627567148415 0.0003382579109950053 281
1627567148472 0.0003380371178121936 282
1627567148529 0.00033786942550623124 283
1627567148586 0.0003377072968576668 284
1627567148645 0.00033751869838837895 285
1627567148698 0.0003373814547880807 286
1627567148778 0.00033707846845745326 287
1627567148849 0.00034728329237663336 288
1627567152882 0.0011001272911299092 0
1627567153016 0.0010150585085311854 1
1627567153129 0.0009397721239010815 2
1627567153241 0.000873586062803074 3
1627567153358 0.0008154946591290538 4
1627567153470 0.0007648809164749778 5
1627567153588 0.0007211321315676056 6
1627567153698 0.0006833235252020229 7
1627567153804 0.0006506774250346065 8
1627567153904 0.0006225637226738032 9
1627567154012 0.0005982519329587157 10
1627567154115 0.0005775833063695953 11
1627567154242 0.0005597160953530075 12
1627567154361 0.0005446155101569164 13
1627567154484 0.0005314802918454772 14
1627567154587 0.0005206083556460473 15
1627567154688 0.0005112066505245238 16
1627567154789 0.0005033865620363356 17
1627567154890 0.0004967083863296287 18
1627567154991 0.0004907050709566111 19
1627567155101 0.00048548050181376187 20
1627567155205 0.00048120018723379795 21
1627567155316 0.00047746993366535613 22
1627567155420 0.0004739880734392433 23
1627567155521 0.0004705238528621557 24
1627567155613 0.0004677067616858017 25
1627567155732 0.00046495424996136975 26
1627567155848 0.00046248397786562834 27
1627567155960 0.00046053760846566166 28
1627567156082 0.0004584803214738249 29
1627567156174 0.00045654963364789695 30
1627567156268 0.0004549081831981727 31
1627567156357 0.0004533597098561459 32
1627567156443 0.00045157915432153685 33
1627567156531 0.0004503270685990797 34
1627567156623 0.0004481655415619999 35
1627567156718 0.00044687519059661565 36
1627567156814 0.00044505206412679007 37
1627567156903 0.0004440101815445107 38
1627567156994 0.00044238117155389966 39
1627567157080 0.0004410002529046376 40
1627567157166 0.0004393269317687472 41
1627567157274 0.00043740571151812765 42
1627567157394 0.0004357553423918247 43
1627567157501 0.0004344118182421241 44
1627567157582 0.0004336721268944823 45
1627567157695 0.0004320800085618768 46
1627567157787 0.0004307685742006878 47
1627567157870 0.00042981703792939913 48
1627567157953 0.0004285382573645648 49
1627567158053 0.0004277979269962522 50
1627567158129 0.0004271634138449355 51
1627567158210 0.00042614870726766403 52
1627567158306 0.00042438802337227557 53
1627567158396 0.0004234704089284963 54
1627567158486 0.00042211055689650776 55
1627567158581 0.00042038254336338013 56
1627567158666 0.0004193731314326143 57
1627567158759 0.00041826816583917834 58
1627567158843 0.0004175829484002519 59
1627567158923 0.00041692904874479744 60
1627567159009 0.0004164003434850799 61
1627567159092 0.00041546399328933113 62
1627567159176 0.00041486395350890916 63
1627567159256 0.000414116408973987 64
1627567159349 0.0004126216566330099 65
1627567159425 0.00041197504699980896 66
1627567159511 0.0004111555761627554 67
1627567159598 0.00041029178706312715 68
1627567159714 0.0004097167733681553 69
1627567159815 0.00040916668195102287 70
1627567159927 0.00040852444182584247 71
1627567160044 0.00040799846189048763 72
1627567160149 0.0004074683930481295 73
1627567160270 0.0004062241103936562 74
1627567160348 0.00040571296703650645 75
1627567160448 0.0004044258320573456 76
1627567160537 0.0004038599518205502 77
1627567160620 0.0004032709527433219 78
1627567160703 0.0004028007759052137 79
1627567160792 0.0004017232459273108 80
1627567160876 0.0004006082664218424 81
1627567160959 0.0004000094423451626 82
1627567161040 0.0003995935507939291 83
1627567161118 0.00039912353805920844 84
1627567161205 0.00039854364850193424 85
1627567161276 0.00039804607854618284 86
1627567161352 0.00039760484710838016 87
1627567161431 0.00039720716055549615 88
1627567161511 0.0003967065936237854 89
1627567161608 0.00039575883405751626 90
1627567161664 0.0003952698493220065 91
1627567161732 0.00039486054743534984 92
1627567161813 0.0003942092312116936 93
1627567161885 0.0003937830071856302 94
1627567161971 0.00039315159248309216 95
1627567162052 0.00039235477234976377 96
1627567162127 0.00039196724714701396 97
1627567162199 0.00039155421967428664 98
1627567162280 0.00039107790887982143 99
1627567162373 0.00039064656978159644 100
1627567162482 0.00038998390875047905 101
1627567162587 0.0003893145623155413 102
1627567162664 0.00038856460595600384 103
1627567162736 0.00038815730397342545 104
1627567162814 0.0003877590952052509 105
1627567162888 0.0003873803051567895 106
1627567162953 0.00038701300271670036 107
1627567163033 0.0003866199284777144 108
1627567163120 0.0003859663740713985 109
1627567163195 0.00038559396598494714 110
1627567163265 0.00038521955443531793 111
1627567163362 0.000384725447752695 112
1627567163424 0.00038437761688203117 113
1627567163496 0.00038392630099822606 114
1627567163581 0.00038338664698579403 115
1627567163636 0.0003830173348978421 116
1627567163731 0.00038229230668410807 117
1627567163817 0.0003819097205896754 118
1627567163925 0.00038154015153657765 119
1627567164007 0.0003812032106885197 120
1627567164078 0.0003808014000606221 121
1627567164150 0.0003804119603251583 122
1627567164265 0.00038005126916657316 123
1627567164345 0.00037958903982843856 124
1627567164401 0.0003792946261173824 125
1627567164494 0.0003789659584900804 126
1627567164606 0.00037853938794990197 127
1627567164690 0.0003781925090089239 128
1627567164800 0.0003778432032190721 129
1627567164920 0.00037732195411104057 130
1627567164979 0.0003770389972886518 131
1627567165071 0.0003766293994262445 132
1627567165146 0.0003763030964718317 133
1627567165241 0.00037597833038075553 134
1627567165332 0.00037545770265541713 135
1627567165422 0.00037509563849338055 136
1627567165490 0.00037480025066861564 137
1627567165548 0.0003744827124359371 138
1627567165616 0.0003741727430730383 139
1627567165678 0.0003738708973430159 140
1627567165761 0.0003735810967258691 141
1627567165863 0.0003732409532547667 142
1627567165947 0.0003729277625388186 143
1627567166036 0.0003725625882794403 144
1627567166122 0.0003722400517429387 145
1627567166211 0.00037192699830331004 146
1627567166325 0.00037149788476850204 147
1627567166387 0.0003712498474981184 148
1627567166460 0.00037090917168786135 149
1627567166535 0.00037059303969152487 150
1627567166588 0.0003703221102197603 151
1627567166667 0.00037004397937002493 152
1627567166742 0.0003697396767310996 153
1627567166801 0.0003694512052044737 154
1627567166884 0.0003691505541711546 155
1627567166940 0.00036886520717324754 156
1627567166994 0.0003686236557123284 157
1627567167068 0.00036831960729616684 158
1627567167133 0.0003680188996422126 159
1627567167195 0.0003677465694735483 160
1627567167250 0.00036751327787234946 161
1627567167325 0.00036720639072440804 162
1627567167413 0.0003666899364483965 163
1627567167481 0.00036641917960466907 164
1627567167544 0.0003661640887568044 165
1627567167625 0.0003658068141869341 166
1627567167723 0.00036539098326853587 167
1627567167798 0.0003650444623506176 168
1627567167899 0.00036474683048459266 169
1627567167979 0.00036444794551197313 170
1627567168048 0.0003641398630775366 171
1627567168121 0.0003638692259248866 172
1627567168203 0.00036347441451172645 173
1627567168258 0.00036321903553766517 174
1627567168327 0.0003629155071025154 175
1627567168407 0.0003626097152262727 176
1627567168497 0.0003621884263333114 177
1627567168557 0.000361894795208046 178
1627567168608 0.00036168436930898506 179
1627567168667 0.00036139293996472697 180
1627567168742 0.0003611183052503551 181
1627567168831 0.0003607507076665836 182
1627567168905 0.0003605024799986971 183
1627567168997 0.0003601239590703288 184
1627567169079 0.000359881272706832 185
1627567169157 0.0003596154145533985 186
1627567169208 0.00035937839518894395 187
1627567169269 0.0003591780786499394 188
1627567169383 0.00035878609545600144 189
1627567169454 0.00035852265966957993 190
1627567169506 0.0003583236701273321 191
1627567169582 0.0003579170469551162 192
1627567169657 0.00035763930016323144 193
1627567169715 0.0003573756567895119 194
1627567169800 0.0003569412504257221 195
1627567169888 0.00035651561299190643 196
1627567169958 0.0003562724987295613 197
1627567170012 0.00035605865856940287 198
1627567170067 0.00035586207117548963 199
1627567170142 0.00035563170898218944 200
1627567170214 0.0003553782819654456 201
1627567170275 0.0003551466585081346 202
1627567170326 0.00035495024362572526 203
1627567170417 0.00035472178423796277 204
1627567170480 0.0003544535931100016 205
1627567170555 0.00035416818679221893 206
1627567170629 0.00035390436991875724 207
1627567170687 0.0003536939066981366 208
1627567170757 0.0003534369586243712 209
1627567170830 0.00035314427190566753 210
1627567170923 0.0003529218022082827 211
1627567170995 0.00035267400112634775 212
1627567171055 0.00035245974907849244 213
1627567171122 0.0003522349514810694 214
1627567171177 0.00035206542911568503 215
1627567171248 0.0003518116108767675 216
1627567171328 0.00035151975572124736 217
1627567171382 0.00035134570151452874 218
1627567171459 0.0003511090319560711 219
1627567171523 0.0003508724434514526 220
1627567171579 0.0003506490181170135 221
1627567171646 0.00035045787701360056 222
1627567171719 0.0003501484175030182 223
1627567171780 0.0003499307375836581 224
1627567171842 0.0003497040360549251 225
1627567171897 0.0003495033495844039 226
1627567171975 0.00034931475657902305 227
1627567172038 0.0003491342334358299 228
1627567172099 0.0003489210877862126 229
1627567172151 0.000348706248615071 230
1627567172200 0.0003485431160300627 231
1627567172262 0.00034832797337000434 232
1627567172318 0.000348106063876734 233
1627567172373 0.000347903769756666 234
1627567172433 0.0003476683603584466 235
1627567172502 0.0003474526658280457 236
1627567172562 0.000347271187186982 237
1627567172618 0.0003470821702739471 238
1627567172690 0.00034680272715211153 239
1627567172762 0.00034656823056231106 240
1627567172814 0.00034637206365512664 241
1627567172871 0.00034617647335174925 242
1627567172924 0.00034599269391539204 243
1627567172979 0.0003457893129552901 244
1627567173049 0.00034558848077503743 245
1627567173123 0.00034534268283197494 246
1627567173181 0.00034513942328741033 247
1627567173242 0.00034494427342957523 248
1627567173305 0.0003447225352846988 249
1627567173371 0.0003445000096421855 250
1627567173436 0.0003442672801931427 251
1627567173520 0.00034408698861198173 252
1627567173587 0.00034384583276174055 253
1627567173638 0.0003436951053083345 254
1627567173692 0.0003435238339718536 255
1627567173755 0.00034330636111320665 256
1627567173813 0.00034311374357306025 257
1627567173894 0.0003428003308069204 258
1627567173954 0.00034263763549769724 259
1627567174064 0.00034240323324453173 260
1627567174130 0.00034219777280237605 261
1627567174185 0.000342018435585146 262
1627567174248 0.0003418141935127459 263
1627567174312 0.0003416015505933253 264
1627567174382 0.0003413285634092008 265
1627567174446 0.0003411166311431461 266
1627567174500 0.0003409398971023248 267
1627567174569 0.00034068866013790545 268
1627567174637 0.0003404678582504571 269
1627567174701 0.0003402764546954506 270
1627567174748 0.0003401186925741922 271
1627567174839 0.00033973292379292706 272
1627567174896 0.0003395182388377045 273
1627567174956 0.0003393367587195221 274
1627567175017 0.00033912767585451053 275
1627567175068 0.0003389714976454522 276
1627567175130 0.0003387824616469552 277
1627567175195 0.0003385818583642617 278
1627567175260 0.00033837939983627854 279
1627567175317 0.000338166927140469 280
1627567175378 0.00033798763851085697 281
1627567175427 0.00033781282788771904 282
1627567175489 0.00033760409594694936 283
1627567175554 0.00033742011765998435 284
1627567175625 0.00033720915920500133 285
1627567175732 0.00033701455900875146 286
1627567175822 0.00033680676145470006 287
1627567175913 0.00033662890795459687 288
1627567175993 0.00033638238925028693 289
1627567176056 0.0003361973517447119 290
1627567176107 0.0003360571522306403 291
1627567176177 0.00033586037021703075 292
1627567176251 0.00033567563724507665 293
1627567176314 0.0003354517102863885 294
1627567176373 0.0003352640045750574 295
1627567176417 0.00033508624542747404 296
1627567176473 0.00033490085410378646 297
1627567176552 0.0003347301984131123 298
1627567176611 0.00033454745753645743 299
1627567176686 0.0003343434718163487 300
1627567176744 0.00033413018920333207 301
1627567176806 0.0003339301597035883 302
1627567176856 0.0003337781666878889 303
1627567176924 0.00033356216125365434 304
1627567176993 0.0003333244068817262 305
1627567177047 0.00033313989192151444 306
1627567177103 0.0003329754554675867 307
1627567177178 0.0003328057262255645 308
1627567177226 0.00033264903153125457 309
1627567177268 0.0003324666297352122 310
1627567177327 0.0003323184287883068 311
1627567177374 0.00033215202777226864 312
1627567177445 0.0003319385785829404 313
1627567177495 0.00033180593979881945 314
1627567177568 0.00033159023873645957 315
1627567177654 0.00033142432137542023 316
1627567177763 0.00033122427874667426 317
1627567177848 0.000331092279771784 318
1627567177943 0.00033092973522405383 319
1627567178038 0.0003307310355455252 320
1627567178113 0.00033055163809063057 321
1627567178178 0.00033033780872492274 322
1627567178243 0.00033010857664084154 323
1627567178314 0.0003299469715238281 324
1627567178391 0.00032980525248692163 325
1627567178450 0.0003296240662810634 326
1627567178511 0.0003294364812993171 327
1627567178561 0.0003292988647033735 328
1627567178619 0.0003291294517689593 329
1627567178691 0.0003289475217787289 330
1627567178737 0.00032877703829327484 331
1627567178800 0.0003285838318442507 332
1627567178861 0.0003283787718897604 333
1627567178929 0.0003282315103029029 334
1627567179021 0.0003279624527338522 335
1627567179079 0.0003277735204759142 336
1627567179144 0.00032763711641265765 337
1627567179216 0.00032733521184898106 338
1627567179280 0.0003271541822113266 339
1627567179341 0.00032694107943676204 340
1627567179387 0.0003267639571525768 341
1627567179451 0.0003265848989394665 342
1627567179513 0.00032638969977929073 343
1627567179570 0.00032621747277790516 344
1627567179629 0.00032600964261362327 345
1627567179692 0.0003258312626972362 346
1627567179761 0.00032564985495314855 347
1627567179849 0.0003254854099884881 348
1627567179926 0.00032535039458420545 349
1627567180036 0.00032512522113465345 350
1627567180143 0.00032495763162000094 351
1627567180223 0.00032482846402656206 352
1627567180309 0.00032466871344307433 353
1627567180366 0.00032451283196572315 354
1627567180448 0.0003243577015646926 355
1627567180545 0.00032419797355248063 356
1627567180614 0.00032402120596198414 357
1627567180704 0.00032383548247128825 358
1627567180767 0.00032364364306825146 359
1627567180816 0.0003235121794655535 360
1627567180881 0.000323307296016268 361
1627567180941 0.00032314522032986134 362
1627567180997 0.0003230017218864192 363
1627567181050 0.0003228643367835609 364
1627567181115 0.00032270753631857553 365
1627567181174 0.00032253596782249217 366
1627567181224 0.0003223870196553105 367
1627567181283 0.0003222506315116881 368
1627567181328 0.0003221163862991952 369
1627567181387 0.00032193923309269736 370
1627567181446 0.0003218043314821677 371
1627567181507 0.0003216230165809767 372
1627567181562 0.00032147655947773455 373
1627567181623 0.00032132731469719327 374
1627567181681 0.0003211767286006708 375
1627567181735 0.0003210550333444973 376
1627567181806 0.0003208505789462107 377
1627567181901 0.0003206452472017749 378
1627567181975 0.0003204735914095155 379
1627567182035 0.0003203026547082429 380
1627567182083 0.00032014776700639504 381
1627567182138 0.00031997624317754454 382
1627567182206 0.0003198226479148829 383
1627567182271 0.00031962087013115924 384
1627567182320 0.00031951520881148853 385
1627567182371 0.00031935390128172344 386
1627567182419 0.00031920221016709655 387
1627567182483 0.0003190434533767377 388
1627567182582 0.00032733521184898106 389
