1627567038701 0.5088894179820429 0
1627567038836 0.46954768484555554 1
1627567038945 0.4347172973145327 2
1627567039065 0.4040755165440125 3
1627567039179 0.3771653633563355 4
1627567039297 0.35375617922515146 5
1627567039419 0.3334675351510146 6
1627567039538 0.3159991395808413 7
1627567039648 0.3008763627755317 8
1627567039795 0.2878319219469545 9
1627567039916 0.2765665908617764 10
1627567040026 0.2669607854067761 11
1627567040128 0.258729292020022 12
1627567040230 0.2517819375979637 13
1627567040326 0.24572040471391343 14
1627567040427 0.2406852447532089 15
1627567040527 0.2363386916721923 16
1627567040635 0.23278786882525157 17
1627567040796 0.22968022125887566 18
1627567040907 0.22689675620647934 19
1627567041032 0.22454243614320868 20
1627567041133 0.22259124509718964 21
1627567041294 0.22090120995846524 22
1627567041389 0.21915643633945267 23
1627567041492 0.2175851963045783 24
1627567041582 0.21635327911573354 25
1627567041674 0.21515710202484195 26
1627567041769 0.2141306261551903 27
1627567041864 0.2129902627161946 28
1627567041951 0.21209346898437959 29
1627567042042 0.211199626930129 30
1627567042139 0.21046897409571808 31
1627567042237 0.209653373283187 32
1627567042371 0.20901577771551771 33
1627567042501 0.2083755510465032 34
1627567042616 0.20769060417629823 35
1627567042702 0.20669342867613885 36
1627567042798 0.20621807963131233 37
1627567042893 0.2056279642454946 38
1627567042984 0.2046769698812784 39
1627567043065 0.20408704340201397 40
1627567043148 0.20332859033200334 41
1627567043247 0.20246219333103038 42
1627567043336 0.20191005303936568 43
1627567043426 0.2011468755768899 44
1627567043505 0.2008191643449963 45
1627567043606 0.20000491026603853 46
1627567043706 0.1991432282849416 47
1627567043795 0.1986110207832526 48
1627567043883 0.19819483698073628 49
1627567043992 0.1974709390412252 50
1627567044074 0.1971614986700152 51
1627567044177 0.19681628175609708 52
1627567044272 0.19618633980613556 53
1627567044348 0.19587943770795277 54
1627567044431 0.19536481187201293 55
1627567044526 0.19453484714592068 56
1627567044599 0.19423498145254253 57
1627567044720 0.19360887815989655 58
1627567044852 0.19328513549046109 59
1627567044937 0.19298738575499613 60
1627567045032 0.1927214329897182 61
1627567045162 0.19227748272466177 62
1627567045256 0.19203915552370454 63
1627567045354 0.1913486147623271 64
1627567045443 0.19107933969072322 65
1627567045524 0.1907409842064367 66
1627567045601 0.19042467724488849 67
1627567045703 0.1897248163708385 68
1627567045784 0.1894220078155427 69
1627567045864 0.18912174402355425 70
1627567045944 0.18885738885037398 71
1627567046028 0.18855013120901787 72
1627567046111 0.1883047660518351 73
1627567046193 0.18803115659594383 74
1627567046277 0.187597762923206 75
1627567046371 0.18708876095031812 76
1627567046440 0.18686162594356273 77
1627567046515 0.18663835251818808 78
1627567046598 0.18622686287338266 79
1627567046677 0.18601974312504377 80
1627567046763 0.18563484154304058 81
1627567046850 0.18539556681520714 82
1627567046934 0.18520027071219558 83
1627567047023 0.18494488546085092 84
1627567047110 0.18471200693286347 85
1627567047187 0.18447919600908855 86
1627567047285 0.1841232059728564 87
1627567047361 0.18392192732247065 88
1627567047445 0.1835539562180396 89
1627567047517 0.18335987677971702 90
1627567047603 0.18294739263574206 91
1627567047670 0.18277130217799695 92
1627567047746 0.1825618270527585 93
1627567047835 0.18224206087099495 94
1627567047928 0.18189139965545725 95
1627567048002 0.18171910045956227 96
1627567048083 0.18138919750673493 97
1627567048159 0.18115952719240982 98
1627567048238 0.18095645091358276 99
1627567048339 0.1807507121099702 100
1627567048423 0.18056800111668012 101
1627567048487 0.18037986732067293 102
1627567048581 0.18003855420389706 103
1627567048662 0.1798462541891043 104
1627567048786 0.1795088801496462 105
1627567048862 0.17928539687483047 106
1627567048947 0.17897322994834317 107
1627567049032 0.17880575973598087 108
1627567049105 0.17863746349635443 109
1627567049185 0.17844335940795364 110
1627567049248 0.17825957966847292 111
1627567049318 0.17810161567576122 112
1627567049395 0.17792828878465725 113
1627567049480 0.1777485334491747 114
1627567049556 0.17758015484202158 115
1627567049628 0.17741020157010082 116
1627567049703 0.17715624618731618 117
1627567049773 0.17699280095405032 118
1627567049831 0.17683895798267327 119
1627567049933 0.1765039584297781 120
1627567050005 0.17631653194691208 121
1627567050068 0.1761575773924514 122
1627567050150 0.1759942496976968 123
1627567050231 0.17576015712244705 124
1627567050314 0.1755646606720594 125
1627567050387 0.1754005522804057 126
1627567050470 0.17523691350367765 127
1627567050547 0.1750778543749108 128
1627567050621 0.17489765666800614 129
1627567050698 0.17472553951144723 130
1627567050776 0.1745190818045338 131
1627567050844 0.17437729736573346 132
1627567050922 0.17421071923310527 133
1627567051004 0.17401596861084773 134
1627567051075 0.17386492261946052 135
1627567051137 0.17373264255275137 136
1627567051208 0.17358931880176567 137
1627567051265 0.17345749417909423 138
1627567051337 0.17330492078547255 139
1627567051405 0.1731457536723603 140
1627567051473 0.17299314607722685 141
1627567051532 0.1728508132028749 142
1627567051602 0.17270365187884196 143
1627567051657 0.17257568022954198 144
1627567051730 0.17242865350655742 145
1627567051804 0.17228087728886793 146
1627567051898 0.1720819943501591 147
1627567051977 0.17192739008400112 148
1627567052043 0.17177749718920962 149
1627567052115 0.17165036657313198 150
1627567052188 0.17150474084114808 151
1627567052279 0.17136365542502194 152
1627567052397 0.1711841228483182 153
1627567052463 0.171055993836542 154
1627567052520 0.17094422174492288 155
1627567052603 0.1707072308354135 156
1627567052666 0.17057473405232113 157
1627567052739 0.17041542269680107 158
1627567052815 0.17022531817518324 159
1627567052878 0.17009183443208076 160
1627567052960 0.1698694832735312 161
1627567053031 0.16973337494741855 162
1627567053096 0.1696027335956596 163
1627567053154 0.1694903079854163 164
1627567053226 0.1693477778143221 165
1627567053300 0.16916669320552283 166
1627567053375 0.1690453557786708 167
1627567053438 0.16894617982371987 168
1627567053510 0.16880994935817656 169
1627567053565 0.1686839248213389 170
1627567053635 0.16854207823884326 171
1627567053697 0.16843119446996058 172
1627567053759 0.16830331536307488 173
1627567053822 0.1681757112950498 174
1627567053896 0.16800301356649366 175
1627567053969 0.16782810177455357 176
1627567054040 0.16767278014865006 177
1627567054098 0.1675533169151315 178
1627567054153 0.16744670777398676 179
1627567054223 0.16730866938676583 180
1627567054294 0.16717469686239542 181
1627567054355 0.16706250265802325 182
1627567054435 0.16695678884709683 183
1627567054516 0.16680853699171846 184
1627567054609 0.1666962036335893 185
1627567054713 0.16658628206350393 186
1627567054782 0.16646261354301084 187
1627567054852 0.16635912341077824 188
1627567054973 0.166213316912879 189
1627567055035 0.16608449908174788 190
1627567055101 0.16598097430153258 191
1627567055152 0.1658902408884833 192
1627567055219 0.16578021259894402 193
1627567055285 0.1656516475821377 194
1627567055349 0.16553937472676233 195
1627567055432 0.16530909041231512 196
1627567055486 0.16521071684466385 197
1627567055546 0.16510483820355007 198
1627567055619 0.1649570966411308 199
1627567055704 0.16484241402200112 200
1627567055765 0.16472839798158487 201
1627567055846 0.16454006847309235 202
1627567055928 0.16434748152904596 203
1627567055997 0.16423700636728503 204
1627567056051 0.16413841210772462 205
1627567056116 0.16403681608382376 206
1627567056180 0.16392183093700274 207
1627567056242 0.1638185511402215 208
1627567056310 0.16370384009670536 209
1627567056379 0.1635796856394381 210
1627567056468 0.16347374826412536 211
1627567056569 0.16336154641938466 212
1627567056651 0.16327230416703836 213
1627567056730 0.1631780824947126 214
1627567056794 0.16307853632619643 215
1627567056886 0.16296488273262985 216
1627567056940 0.16288413196443516 217
1627567057002 0.16278678935445645 218
1627567057076 0.16262402249859215 219
1627567057159 0.16242394894082335 220
1627567057234 0.16230178486147187 221
1627567057294 0.16221309126110187 222
1627567057350 0.16212550469547604 223
1627567057410 0.16202937994035288 224
1627567057473 0.16193833045055847 225
1627567057543 0.1618334165456411 226
1627567057599 0.16173813883298188 227
1627567057669 0.16163348202929095 228
1627567057723 0.16154682302402812 229
1627567057784 0.16144756081697345 230
1627567057846 0.1613514536957421 231
1627567057919 0.16122256451578673 232
1627567057966 0.1611372722370585 233
1627567058021 0.16104590250118184 234
1627567058073 0.16094699337764617 235
1627567058163 0.16084097450494123 236
1627567058268 0.16074548953923257 237
1627567058376 0.16063342198354952 238
1627567058475 0.16053015389780176 239
1627567058534 0.16044504630783527 240
1627567058606 0.16033864533353578 241
1627567058672 0.1602406496060591 242
1627567058735 0.16014430903895352 243
1627567058789 0.1600492190476897 244
1627567058859 0.15993777260822192 245
1627567058908 0.15986397834233898 246
1627567058962 0.15976880421899078 247
1627567059021 0.15967313323692975 248
1627567059081 0.15956111590176456 249
1627567059165 0.15946885465130903 250
1627567059227 0.15936772610376232 251
1627567059285 0.15929610281646137 252
1627567059346 0.15920013538449407 253
1627567059406 0.15911319529006743 254
1627567059453 0.1590455381566924 255
1627567059518 0.15894460328518323 256
1627567059584 0.15885608665515574 257
1627567059639 0.15875197854057888 258
1627567059715 0.15864423501672545 259
1627567059787 0.15852653457141277 260
1627567059839 0.15843644595043502 261
1627567059898 0.15835003243114923 262
1627567059965 0.15825731993042266 263
1627567060045 0.15815902532473394 264
1627567060132 0.15806528425561253 265
1627567060232 0.15798149641554854 266
1627567060338 0.1578694856473579 267
1627567060393 0.15778170848443243 268
1627567060446 0.15767926020439887 269
1627567060511 0.1576077664104697 270
1627567060582 0.15747108020285377 271
1627567060652 0.15738581663685627 272
1627567060714 0.15728431850146293 273
1627567060815 0.15718127800641327 274
1627567060889 0.15708860807514158 275
1627567060949 0.15699637892955462 276
1627567061033 0.15689929697997274 277
1627567061116 0.15680306677972175 278
1627567061176 0.15672258465637673 279
1627567061227 0.15664918365746458 280
1627567061291 0.15655042135315198 281
1627567061354 0.15646700597290947 282
1627567061422 0.16122256451578673 283
1627567065637 0.5082024243734127 0
1627567065778 0.46894933955892554 1
1627567065909 0.4342159530901696 2
1627567066066 0.4036990511949496 3
1627567066183 0.3769164357860643 4
1627567066339 0.3535779852126978 5
1627567066468 0.3334107492664942 6
1627567066579 0.31596863052270385 7
1627567066728 0.3009638805489079 8
1627567066831 0.28798255717563537 9
1627567066936 0.2767596733211411 10
1627567067039 0.2671941576284562 11
1627567067143 0.2589388247896675 12
1627567067244 0.2519958133658516 13
1627567067343 0.24601421563268497 14
1627567067446 0.24097247352432827 15
1627567067545 0.23666619807403924 16
1627567067653 0.23308394975334742 17
1627567067758 0.23004518902583299 18
1627567067857 0.22726628870024754 19
1627567067952 0.22484954649094718 20
1627567068052 0.22283817147057378 21
1627567068151 0.22106166748524686 22
1627567068243 0.2194648427865246 23
1627567068336 0.21780461027795842 24
1627567068424 0.21655478995461683 25
1627567068519 0.21539949274092954 26
1627567068605 0.21430400017137965 27
1627567068693 0.21333138273765448 28
1627567068785 0.21237808608758846 29
1627567068905 0.21150224387402008 30
1627567069001 0.21083248746997743 31
1627567069139 0.21003046826822735 32
1627567069273 0.20933135462932306 33
1627567069358 0.20871919967485308 34
1627567069462 0.20778532275342626 35
1627567069566 0.2069073641014529 36
1627567069664 0.2060760912785357 37
1627567069799 0.20545135785350946 38
1627567069902 0.20457730902766494 39
1627567069986 0.2040807341166008 40
1627567070065 0.20339154761413492 41
1627567070146 0.20276326482524232 42
1627567070237 0.20204722649472004 43
1627567070324 0.20167637781212125 44
1627567070408 0.20132349855914905 45
1627567070496 0.2007763284460712 46
1627567070593 0.20016335841565147 47
1627567070682 0.19961783280319706 48
1627567070762 0.19924811311314614 49
1627567070890 0.19825712018539846 50
1627567070967 0.1979081209043481 51
1627567071065 0.1973105565088093 52
1627567071167 0.1965392874502602 53
1627567071241 0.19626165436507717 54
1627567071362 0.19573721288767526 55
1627567071458 0.194931782024998 56
1627567071535 0.19461520268684943 57
1627567071626 0.19408498390315101 58
1627567071710 0.19380322564459865 59
1627567071794 0.1935036180671406 60
1627567071876 0.19318237171467229 61
1627567071962 0.192810739877883 62
1627567072034 0.1925572513207964 63
1627567072154 0.19183166982197464 64
1627567072248 0.19117046643513727 65
1627567072327 0.1908703158492017 66
1627567072422 0.19051633375790292 67
1627567072516 0.19006608069860015 68
1627567072592 0.18970034537259206 69
1627567072673 0.18946812544821567 70
1627567072756 0.18921465509755828 71
1627567072849 0.18873150585762108 72
1627567072932 0.18848699089569146 73
1627567073023 0.18798126372136978 74
1627567073117 0.18739412762598429 75
1627567073197 0.18716707551802442 76
1627567073279 0.186878601686343 77
1627567073358 0.1866610477255597 78
1627567073449 0.18637976545414375 79
1627567073530 0.18616097137668586 80
1627567073620 0.18568108704413758 81
1627567073707 0.1853701351328805 82
1627567073792 0.1850878605275967 83
1627567073870 0.18485512478747854 84
1627567073946 0.18462966658914645 85
1627567074014 0.18441591144217165 86
1627567074099 0.18401624647704418 87
1627567074181 0.1838138656354032 88
1627567074261 0.18359631701220983 89
1627567074337 0.18338063709584723 90
1627567074416 0.18318021186205458 91
1627567074502 0.18295355139497935 92
1627567074638 0.18264032505094863 93
1627567074765 0.18244149811383242 94
1627567074894 0.18217567151334485 95
1627567075017 0.18188511881318292 96
1627567075111 0.1816302371724913 97
1627567075182 0.18142755042038475 98
1627567075268 0.1812340071068387 99
1627567075361 0.18103488879508456 100
1627567075444 0.18068824294131394 101
1627567075528 0.18038505383943781 102
1627567075606 0.18022004665822938 103
1627567075682 0.180040404475725 104
1627567075781 0.17971255795441185 105
1627567075867 0.17952322007603005 106
1627567075943 0.17932251114008974 107
1627567076019 0.17913048464537085 108
1627567076082 0.17896809263921404 109
1627567076158 0.1787881060723477 110
1627567076232 0.17859565695579444 111
1627567076323 0.17825464211631198 112
1627567076394 0.1780762782105357 113
1627567076471 0.17791367438855593 114
1627567076543 0.1777473575813886 115
1627567076612 0.17757430054045698 116
1627567076725 0.17728700313892842 117
1627567076798 0.17712702887710954 118
1627567076879 0.1768406460567318 119
1627567076952 0.17666692594552957 120
1627567077026 0.17649075164195016 121
1627567077092 0.17633503122698763 122
1627567077182 0.1761801941024391 123
1627567077259 0.17602463002696894 124
1627567077337 0.1757720086656315 125
1627567077405 0.17562860731737978 126
1627567077483 0.17545530672010531 127
1627567077557 0.1752942988771993 128
1627567077625 0.17513287157164997 129
1627567077695 0.1749751234660551 130
1627567077759 0.17480918059666717 131
1627567077842 0.17465735722462208 132
1627567077908 0.17449259477873438 133
1627567077984 0.1743336446935851 134
1627567078050 0.17417464369831417 135
1627567078147 0.17389414401367748 136
1627567078208 0.17376952773395024 137
1627567078279 0.1736028956980701 138
1627567078357 0.17343960750065118 139
1627567078429 0.1732851929114369 140
1627567078526 0.17307291140767342 141
1627567078585 0.17290937089851413 142
1627567078667 0.17275813285263608 143
1627567078740 0.17261223927067823 144
1627567078805 0.17247651853063725 145
1627567078873 0.1723431280216388 146
1627567078944 0.1721658223631218 147
1627567079011 0.17202727281176478 148
1627567079089 0.17189213249087942 149
1627567079167 0.17172936010324596 150
1627567079230 0.17160692460959812 151
1627567079334 0.17147933648821287 152
1627567079430 0.17123861198667653 153
1627567079491 0.171105856667096 154
1627567079589 0.17084944056262683 155
1627567079661 0.170746199433846 156
1627567079719 0.17060858440623122 157
1627567079775 0.1704888883726621 158
1627567079866 0.170353193605725 159
1627567079959 0.17019876457427846 160
1627567080026 0.1700804962172521 161
1627567080099 0.16997665147079885 162
1627567080153 0.16986713085286914 163
1627567080231 0.169661322913903 164
1627567080297 0.1695284607605311 165
1627567080350 0.16940972515117694 166
1627567080399 0.16930803159470975 167
1627567080456 0.1691963629351676 168
1627567080524 0.16905550878229683 169
1627567080596 0.16893655008415695 170
1627567080646 0.16883048223933575 171
1627567080754 0.16868146795780573 172
1627567080845 0.16846811784106658 173
1627567080922 0.16833238635852021 174
1627567080998 0.1682168619665582 175
1627567081059 0.16809222008026048 176
1627567081140 0.16796421797786282 177
1627567081247 0.16782403901672915 178
1627567081333 0.16768502554383619 179
1627567081406 0.167562256378523 180
1627567081493 0.1674280815270396 181
1627567081587 0.16730732155519806 182
1627567081640 0.16720466834202485 183
1627567081709 0.16706975715950903 184
1627567081774 0.1669474365319364 185
1627567081832 0.16682055137359247 186
1627567081897 0.16668701404291222 187
1627567081952 0.1665745775582981 188
1627567082007 0.1664718460886004 189
1627567082082 0.16635103550291525 190
1627567082161 0.1661538733733716 191
1627567082225 0.16602154793950927 192
1627567082317 0.16580428319874368 193
1627567082388 0.16567801113924818 194
1627567082458 0.16554381200576165 195
1627567082525 0.1654274606757513 196
1627567082600 0.16531449475009038 197
1627567082685 0.1651438570319715 198
1627567082765 0.16498413537528056 199
1627567082891 0.16485062621989577 200
1627567082986 0.1647415048199593 201
1627567083081 0.1646333223927652 202
1627567083151 0.16450938655093622 203
1627567083225 0.16438272985260313 204
1627567083290 0.1642661858808238 205
1627567083358 0.16414608709226772 206
1627567083425 0.16403777968382519 207
1627567083473 0.1639574680348052 208
1627567083524 0.16384492738710213 209
1627567083583 0.16373137898048462 210
1627567083654 0.16359975202313087 211
1627567083711 0.16349836758210887 212
1627567083799 0.16334642268962302 213
1627567083880 0.16323816502244518 214
1627567083943 0.1631440952526157 215
1627567084033 0.16303430257944496 216
1627567084097 0.1629301658647995 217
1627567084152 0.16284086584078275 218
1627567084230 0.16272577548065048 219
1627567084331 0.16262469281992073 220
1627567084437 0.16252559750188925 221
1627567084515 0.16243709404306447 222
1627567084592 0.16235457731478006 223
1627567084664 0.1622649940146839 224
1627567084717 0.16217431231891388 225
1627567084771 0.16208504433025397 226
1627567084822 0.16199760052398773 227
1627567084883 0.16190392142010657 228
1627567084968 0.16170249598622 229
1627567085035 0.1615890768007241 230
1627567085101 0.16146831981386364 231
1627567085154 0.1613922733686852 232
1627567085211 0.16129323895832184 233
1627567085288 0.1611869161963032 234
1627567085352 0.1610886267169128 235
1627567085416 0.1609837629042916 236
1627567085466 0.16090755535589188 237
1627567085547 0.16080590151459406 238
1627567085597 0.1607004707368009 239
1627567085657 0.16060940047358493 240
1627567085720 0.16050105375572313 241
1627567085770 0.1604179357392873 242
1627567085840 0.16029999924751512 243
1627567085905 0.16018915444318557 244
1627567085974 0.1600691988378637 245
1627567086038 0.15997109862397554 246
1627567086094 0.1598753684551621 247
1627567086151 0.15978269691766442 248
1627567086199 0.1597147591054388 249
1627567086262 0.15964544694651206 250
1627567086316 0.15954993532908243 251
1627567086375 0.15945265558125657 252
1627567086432 0.15935619689300035 253
1627567086482 0.15927906817364748 254
1627567086536 0.15919344597263077 255
1627567086594 0.15910367886046659 256
1627567086646 0.15902200543992165 257
1627567086710 0.15891550457756315 258
1627567086772 0.15882447172679212 259
1627567086839 0.15870067137544375 260
1627567086912 0.1586052518394581 261
1627567086973 0.15851187056745092 262
1627567087048 0.15841125367605088 263
1627567087111 0.15831679258448073 264
1627567087191 0.15817569235901996 265
1627567087264 0.1580630656509674 266
1627567087334 0.15794027231882857 267
1627567087398 0.15782864310421713 268
1627567087453 0.15772696808795772 269
1627567087513 0.15763706701660343 270
1627567087569 0.15754958465291527 271
1627567087621 0.15747680828775099 272
1627567087675 0.15738537986787532 273
1627567087728 0.15730689044810753 274
1627567087783 0.1572174658992769 275
1627567087838 0.1571398136478365 276
1627567087906 0.15702318568201606 277
1627567087970 0.15691845290779075 278
1627567088040 0.15682177858862495 279
1627567088095 0.156716396608927 280
1627567088177 0.1565694746430116 281
1627567088241 0.15647821851279853 282
1627567088299 0.15638689359031152 283
1627567088356 0.15630506311432238 284
1627567088421 0.15620804538019475 285
1627567088471 0.15613075866958367 286
1627567088551 0.15603460233945618 287
1627567088607 0.15595627039583987 288
1627567088663 0.15587081224159438 289
1627567088714 0.1558001917244339 290
1627567088800 0.15570821536176152 291
1627567088859 0.15562314261698404 292
1627567088919 0.15552974644671383 293
1627567088980 0.15543446090880098 294
1627567089032 0.15533849779414277 295
1627567089106 0.1600691988378637 296
1627567093120 0.508990443539655 0
1627567093294 0.4696436265630421 1
1627567093403 0.4348349747346079 2
1627567093511 0.4042108545174696 3
1627567093628 0.37729120520141224 4
1627567093739 0.3538892934718125 5
1627567093848 0.33364865847313907 6
1627567093952 0.31613044259964707 7
1627567094061 0.30108750285320335 8
1627567094167 0.288080129503542 9
1627567094272 0.2768011415829019 10
1627567094382 0.26723458538395917 11
1627567094513 0.2589536644352912 12
1627567094665 0.2519694250519736 13
1627567094769 0.24598127826658775 14
1627567094875 0.24094091057818004 15
1627567094979 0.23661357272210054 16
1627567095088 0.2330346535859686 17
1627567095190 0.22993829360786192 18
1627567095295 0.22709550597719727 19
1627567095389 0.22468073677338188 20
1627567095489 0.2226621533353441 21
1627567095585 0.2209582228693541 22
1627567095677 0.21933270890579742 23
1627567095773 0.21793347709809893 24
1627567095860 0.21676707289061162 25
1627567095953 0.21552283422282226 26
1627567096074 0.21452602418339362 27
1627567096166 0.21351144773012964 28
1627567096273 0.21245055528240575 29
1627567096388 0.21151972952361714 30
1627567096498 0.21086885015773205 31
1627567096622 0.20998097461849657 32
1627567096757 0.2090702473945676 33
1627567096871 0.20854568984421334 34
1627567096961 0.20788452077438085 35
1627567097051 0.20708671274883245 36
1627567097140 0.20607906450070135 37
1627567097232 0.2054604711406069 38
1627567097346 0.20472159584376448 39
1627567097435 0.20431553494870758 40
1627567097530 0.2034076902376479 41
1627567097662 0.2024756876463311 42
1627567097778 0.2020481130005353 43
1627567097863 0.20162658692576735 44
1627567097948 0.20112300662475738 45
1627567098059 0.20041575784743396 46
1627567098139 0.1998523771444485 47
1627567098224 0.19932897798627755 48
1627567098313 0.19893497203669544 49
1627567098413 0.19842491269489138 50
1627567098499 0.19799762032309465 51
1627567098591 0.1972756158106339 52
1627567098684 0.19663568999558825 53
1627567098760 0.19632535469626716 54
1627567098848 0.19556542942420665 55
1627567098950 0.19477565388947543 56
1627567099048 0.19446883833869474 57
1627567099129 0.19419146695057735 58
1627567099264 0.1934846606813625 59
1627567099347 0.19318826629496877 60
1627567099452 0.19292204865971338 61
1627567099544 0.19244952274208382 62
1627567099619 0.1921876269072329 63
1627567099713 0.19155594320759745 64
1627567099789 0.191272251942384 65
1627567099864 0.19098408205878442 66
1627567099957 0.19048649783424182 67
1627567100038 0.1900721192044169 68
1627567100116 0.18977280499030869 69
1627567100195 0.18952484987050372 70
1627567100279 0.18920073436167273 71
1627567100372 0.18871074896457654 72
1627567100456 0.18843742893389206 73
1627567100553 0.18820587837403227 74
1627567100643 0.1879453395568928 75
1627567100718 0.18769540622306757 76
1627567100800 0.18745581659032676 77
1627567100872 0.18723151240719135 78
1627567100959 0.186653727551539 79
1627567101043 0.18645374274561272 80
1627567101129 0.1860964060768981 81
1627567101212 0.18585396398209975 82
1627567101303 0.18552257590687113 83
1627567101396 0.1850950407208522 84
1627567101470 0.18484301689329807 85
1627567101552 0.18462693117135281 86
1627567101642 0.18421812231647794 87
1627567101732 0.18383810962404531 88
1627567101808 0.18363102589080635 89
1627567101884 0.18341629937634008 90
1627567101960 0.18318759659655984 91
1627567102039 0.18295797741074915 92
1627567102106 0.1827541735769625 93
1627567102185 0.18257750135387527 94
1627567102275 0.1822946715774365 95
1627567102356 0.18210475085379216 96
1627567102443 0.18184610279485444 97
1627567102518 0.1816419644194615 98
1627567102633 0.18127658222238424 99
1627567102728 0.18107793008115727 100
1627567102802 0.18083845619618386 101
1627567102902 0.1806003603732814 102
1627567103008 0.18027164020468986 103
1627567103095 0.18003670667423444 104
1627567103178 0.17985786272922039 105
1627567103254 0.17965260810167977 106
1627567103330 0.17948783029049872 107
1627567103408 0.17927836253953155 108
1627567103488 0.17911296612366043 109
1627567103561 0.17893568731074777 110
1627567103632 0.17874791445785887 111
1627567103696 0.17859920322879516 112
1627567103772 0.17842511996642052 113
1627567103851 0.1782638845143423 114
1627567103924 0.17810283863359921 115
1627567103989 0.17791732831621446 116
1627567104068 0.17763929808124043 117
1627567104165 0.17744421607693547 118
1627567104285 0.17708090904618834 119
1627567104340 0.17694538499939638 120
1627567104416 0.17674857595447668 121
1627567104474 0.17657855635259787 122
1627567104566 0.176346299466956 123
1627567104686 0.17617883400285997 124
1627567104784 0.17604011567926878 125
1627567104869 0.17588539094260064 126
1627567104928 0.17576062107928972 127
1627567105070 0.1754955506383923 128
1627567105159 0.17532973250173406 129
1627567105241 0.17517085817202668 130
1627567105328 0.17490508002524965 131
1627567105410 0.1747551561820796 132
1627567105481 0.17459689423998254 133
1627567105554 0.17444415967973192 134
1627567105637 0.17428676185203879 135
1627567105714 0.1741335272534186 136
1627567105831 0.17390666235108299 137
1627567105939 0.17374657419466022 138
1627567106006 0.17359574007112122 139
1627567106079 0.17345104868383782 140
1627567106209 0.17315996767136269 141
1627567106273 0.17301187371827056 142
1627567106370 0.1727585491037853 143
1627567106478 0.17259886098016478 144
1627567106581 0.17242617893759038 145
1627567106672 0.1722861920053275 146
1627567106737 0.17216878877042027 147
1627567106828 0.17196079906954437 148
1627567106900 0.17178167261780558 149
1627567106987 0.17161600692791254 150
1627567107057 0.17148748535040148 151
1627567107133 0.17134101995060025 152
1627567107212 0.17113888812467493 153
1627567107307 0.17097172860367565 154
1627567107386 0.17084030918322557 155
1627567107460 0.17070107865510997 156
1627567107545 0.17049050423242315 157
1627567107626 0.17035454071598 158
1627567107698 0.170223403894213 159
1627567107766 0.17011625706377162 160
1627567107817 0.16999474672883133 161
1627567107893 0.1698680747642709 162
1627567108012 0.16962333719925768 163
1627567108082 0.16951914636733592 164
1627567108155 0.16939502136663623 165
1627567108213 0.1692735045060334 166
1627567108272 0.16916523123738447 167
1627567108331 0.16904633929767046 168
1627567108397 0.16891222852689416 169
1627567108468 0.16876270901084917 170
1627567108531 0.168638768050908 171
1627567108596 0.16849779380407304 172
1627567108666 0.16836669666203175 173
1627567108728 0.16824399705693618 174
1627567108802 0.16810474595908492 175
1627567108878 0.16795075326456582 176
1627567108941 0.16783628596806227 177
1627567109005 0.1677105288465064 178
1627567109070 0.16757907109245418 179
1627567109133 0.16744792318874224 180
1627567109204 0.16732183923233399 181
1627567109272 0.1671757351084824 182
1627567109340 0.1670631086723496 183
1627567109406 0.16694914945086892 184
1627567109457 0.16685531432607775 185
1627567109529 0.16674019966665787 186
1627567109597 0.16660164103230496 187
1627567109666 0.1664863977598869 188
1627567109767 0.1663503255623873 189
1627567109825 0.16624495985607543 190
1627567109898 0.1661125193900159 191
1627567109965 0.16599090691588553 192
1627567110045 0.16587794422267865 193
1627567110118 0.16575837077051334 194
1627567110204 0.16563276831750878 195
1627567110286 0.1654333713770366 196
1627567110363 0.16526430498196162 197
1627567110435 0.16515168800706764 198
1627567110518 0.1649466640657344 199
1627567110588 0.16483708703776143 200
1627567110648 0.16473494546089823 201
1627567110714 0.16462825013463378 202
1627567110806 0.16449638246493645 203
1627567110908 0.16436681712760184 204
1627567111011 0.1642506598201016 205
1627567111091 0.16416420087395314 206
1627567111192 0.16405590838217782 207
1627567111248 0.16394829478880424 208
1627567111298 0.16383740344030343 209
1627567111363 0.16371137315021053 210
1627567111435 0.16358987133037184 211
1627567111516 0.1634597256965742 212
1627567111590 0.1633537882717148 213
1627567111658 0.1632473273931906 214
1627567111728 0.16312922462864 215
1627567111804 0.16300583248310213 216
1627567111880 0.16284236467802424 217
1627567111934 0.16275538277313326 218
1627567111991 0.16265051079693876 219
1627567112052 0.162553978411477 220
1627567112100 0.1624517673849532 221
1627567112170 0.16234628908550386 222
1627567112235 0.1622538715215672 223
1627567112315 0.1620877500682103 224
1627567112401 0.1619820431747956 225
1627567112465 0.1618894163362571 226
1627567112529 0.1617754819495818 227
1627567112615 0.16166995479992527 228
1627567112745 0.1615154925669894 229
1627567112797 0.16142500147168098 230
1627567112857 0.1613247564845367 231
1627567112947 0.1612275838545129 232
1627567113008 0.16113912112637802 233
1627567113059 0.16105707828452623 234
1627567113112 0.16096376485919706 235
1627567113212 0.16084067929626078 236
1627567113290 0.16074497377032618 237
1627567113354 0.16064289752873648 238
1627567113414 0.16055076644228078 239
1627567113465 0.1604564376891988 240
1627567113522 0.16034230343892744 241
1627567113576 0.16026110471218402 242
1627567113644 0.16016600092631286 243
1627567113702 0.1600844739938978 244
1627567113763 0.15999327011123024 245
1627567113814 0.1598911969691226 246
1627567113875 0.15978961202920366 247
1627567113944 0.15968679857579246 248
1627567114000 0.15960733654952425 249
1627567114065 0.15953868163966378 250
1627567114128 0.15943063287442621 251
1627567114181 0.15935820040912352 252
1627567114241 0.15925885346555133 253
1627567114317 0.15914001334319564 254
1627567114371 0.15905858570418152 255
1627567114430 0.15897244970251295 256
1627567114485 0.15888962592574793 257
1627567114542 0.15878770219336896 258
1627567114588 0.15871292737198273 259
1627567114657 0.15860068855364096 260
1627567114725 0.15848433724941455 261
1627567114801 0.15836286398483243 262
1627567114867 0.15827819312369842 263
1627567114925 0.15819518194262902 264
1627567114985 0.15810411757961557 265
1627567115068 0.1579522780136953 266
1627567115116 0.15785576101679635 267
1627567115180 0.1577585795022509 268
1627567115242 0.15766307160431622 269
1627567115297 0.15758640540634475 270
1627567115370 0.157496724167356 271
1627567115430 0.15739722269547282 272
1627567115488 0.15730325447584098 273
1627567115552 0.15721754017563042 274
1627567115619 0.15712622286120634 275
1627567115701 0.15700770161952277 276
1627567115773 0.15690859878865215 277
1627567115839 0.15681175140490738 278
1627567115908 0.1567311596609298 279
1627567115965 0.1566572431681184 280
1627567116030 0.15656835178635864 281
1627567116089 0.156474448806527 282
1627567116152 0.15638960335016563 283
1627567116214 0.15631245533138055 284
1627567116269 0.15623303373106073 285
1627567116331 0.15615465401613796 286
1627567116413 0.15606574347875274 287
1627567116488 0.15598130284106845 288
1627567116561 0.155878691526963 289
1627567116633 0.1557621612629872 290
1627567116722 0.15567579054425407 291
1627567116832 0.1555846217655937 292
1627567116884 0.15550857468160723 293
1627567116949 0.1554127322762694 294
1627567117011 0.15531290105915627 295
1627567117066 0.1552281685401236 296
1627567117124 0.15514027943457148 297
1627567117187 0.15505750531087653 298
1627567117259 0.15494868178315271 299
1627567117329 0.15487789262589727 300
1627567117387 0.15479062220807055 301
1627567117459 0.15468619764653513 302
1627567117515 0.15462435953952547 303
1627567117580 0.15452976445697464 304
1627567117637 0.15445617286641505 305
1627567117694 0.1543713200850494 306
1627567117761 0.15429154280208882 307
1627567117840 0.15416070378279892 308
1627567117906 0.15408635550328945 309
1627567117958 0.15402251849162968 310
1627567118019 0.1539374145365041 311
1627567118071 0.15386535340398477 312
1627567118123 0.1538026065530247 313
1627567118176 0.15371730870531408 314
1627567118232 0.15364329819663305 315
1627567118282 0.15355999974493012 316
1627567118339 0.15346541551478268 317
1627567118404 0.15337493063386595 318
1627567118471 0.15329019473190864 319
1627567118529 0.15320251400313264 320
1627567118589 0.15311311422276028 321
1627567118662 0.15300741074442525 322
1627567118730 0.1529241555386559 323
1627567118798 0.1528329889334398 324
1627567118857 0.15275920263305032 325
1627567118907 0.15268022771254566 326
1627567118967 0.15261524899779907 327
1627567119036 0.15253163312976825 328
1627567119094 0.1524573283579483 329
1627567119161 0.15236523083609865 330
1627567119213 0.15229508556554994 331
1627567119293 0.15217458168013265 332
1627567119353 0.15208343312713019 333
1627567119415 0.15200174302884267 334
1627567119475 0.1519337821845116 335
1627567119531 0.15185198689242566 336
1627567119589 0.15176817013509283 337
1627567119657 0.15169540987114383 338
1627567119703 0.1516333090928664 339
1627567119771 0.15153917469640507 340
1627567119817 0.15145801489790295 341
1627567119897 0.15133881149798145 342
1627567119946 0.1512596217480628 343
1627567120006 0.15118965529624773 344
1627567120075 0.15109735862157506 345
1627567120148 0.1510048298707422 346
1627567120202 0.15093523484249935 347
1627567120265 0.1508742558043591 348
1627567120314 0.15080112924474218 349
1627567120375 0.15073639832057437 350
1627567120438 0.15064035392237896 351
1627567120497 0.15057872340233597 352
1627567120545 0.1505144197266583 353
1627567120601 0.1504359463685333 354
1627567120665 0.1503531899839514 355
1627567120718 0.15027924231913914 356
1627567120772 0.15022067474463371 357
1627567120831 0.15013603629324684 358
1627567120921 0.15416070378279892 359
1627567125134 0.5069589079054833 0
1627567125256 0.4678405335812014 1
1627567125422 0.433239988593602 2
1627567125570 0.40284589234539303 3
1627567125730 0.37612448114930097 4
1627567125870 0.3528394842712152 5
1627567126043 0.3327252914026718 6
1627567126195 0.3153251437433165 7
1627567126308 0.3003233940903831 8
1627567126444 0.28739967376667924 9
1627567126582 0.27622723560323337 10
1627567126709 0.26671737105305326 11
1627567126810 0.2584932954515781 12
1627567126917 0.2516085946863735 13
1627567127019 0.2455876349805202 14
1627567127125 0.2405770612808366 15
1627567127270 0.2362730116463896 16
1627567127402 0.23270335016917074 17
1627567127555 0.22964030966448698 18
1627567127685 0.2268112052813801 19
1627567127788 0.2244536583225034 20
1627567127894 0.22242493564500662 21
1627567128019 0.22069984411267077 22
1627567128118 0.21904695747756994 23
1627567128207 0.21747822470275463 24
1627567128299 0.2163548146615891 25
1627567128388 0.2151295907241638 26
1627567128483 0.2141799419192405 27
1627567128573 0.21323305823306488 28
1627567128659 0.21232398204685274 29
1627567128746 0.21149221213592087 30
1627567128838 0.2108551555780971 31
1627567128928 0.2097905246674092 32
1627567129012 0.20887871092315172 33
1627567129098 0.20835049222400256 34
1627567129185 0.2074727221280678 35
1627567129275 0.2068317118818391 36
1627567129367 0.2059826220704288 37
1627567129452 0.20535951032800553 38
1627567129539 0.20437243095312835 39
1627567129630 0.20389289713861358 40
1627567129733 0.20290896057155602 41
1627567129836 0.20201451142689247 42
1627567129925 0.20146948870213213 43
1627567130018 0.20088887302034314 44
1627567130095 0.20048942412497653 45
1627567130185 0.20007612840311365 46
1627567130264 0.1994812462736322 47
1627567130367 0.19912210332373806 48
1627567130459 0.19876171795604308 49
1627567130565 0.19800689866432414 50
1627567130645 0.19762237777428857 51
1627567130729 0.19727354918574755 52
1627567130826 0.1964489034406928 53
1627567130922 0.19588769730332167 54
1627567131013 0.195144371470683 55
1627567131097 0.19481440026558478 56
1627567131167 0.1945151210065273 57
1627567131255 0.19390837444166983 58
1627567131360 0.1936191082037572 59
1627567131436 0.19333210180537705 60
1627567131525 0.19304295481122827 61
1627567131606 0.19277747310146098 62
1627567131685 0.1924997279905055 63
1627567131789 0.19172643849157733 64
1627567131884 0.1910529924845192 65
1627567131968 0.1906862724263966 66
1627567132060 0.19011818624882246 67
1627567132139 0.18985682834925655 68
1627567132221 0.18956815253369275 69
1627567132308 0.18904798082390062 70
1627567132415 0.18867762354276937 71
1627567132514 0.18842663935595236 72
1627567132619 0.18814816250195482 73
1627567132713 0.1878188625994234 74
1627567132794 0.1873750565251039 75
1627567132907 0.18689157793229066 76
1627567132985 0.18664866801129212 77
1627567133058 0.1864157322249235 78
1627567133138 0.1862094513970568 79
1627567133218 0.1859668478966393 80
1627567133312 0.1854969088560059 81
1627567133405 0.18526483069194188 82
1627567133489 0.18483840479296626 83
1627567133570 0.18461965014888995 84
1627567133656 0.18437347991953004 85
1627567133728 0.1841549645847156 86
1627567133814 0.18394351338369697 87
1627567133894 0.18374087822590612 88
1627567133972 0.18351931920635423 89
1627567134039 0.18333582623654474 90
1627567134172 0.18287315825299796 91
1627567134253 0.18267418149456296 92
1627567134353 0.18247575835012567 93
1627567134468 0.18228628865513033 94
1627567134567 0.1820871661947713 95
1627567134654 0.18168961794932662 96
1627567134745 0.1813350526605733 97
1627567134815 0.1811409858384738 98
1627567134903 0.18093466733495037 99
1627567135002 0.18076342172376708 100
1627567135115 0.18037574707879173 101
1627567135257 0.17993788861336113 102
1627567135372 0.17974767222051363 103
1627567135466 0.1795672266769534 104
1627567135598 0.17937174469669734 105
1627567135703 0.17909219550557876 106
1627567135794 0.1789260309187144 107
1627567135921 0.1785866288247716 108
1627567136016 0.17841816819313 109
1627567136102 0.17820879582361163 110
1627567136175 0.1780242123140365 111
1627567136250 0.1778029141175801 112
1627567136330 0.17761279264712276 113
1627567136398 0.17742913145053066 114
1627567136484 0.17725458427691054 115
1627567136557 0.17704840009954098 116
1627567136653 0.17680129844541417 117
1627567136734 0.17663506743148907 118
1627567136842 0.17633148057956904 119
1627567136946 0.1761149838481638 120
1627567137020 0.17593329791982024 121
1627567137086 0.1757678441680871 122
1627567137179 0.17551084908933468 123
1627567137260 0.17534018383444575 124
1627567137326 0.17517846425711453 125
1627567137408 0.17500049912403934 126
1627567137487 0.17485224698374058 127
1627567137577 0.17462114248249486 128
1627567137670 0.17447274399139873 129
1627567137790 0.17430524973561756 130
1627567137860 0.17415844149907944 131
1627567137930 0.17400349386680944 132
1627567138055 0.17383585471594112 133
1627567138140 0.17368473767926423 134
1627567138201 0.17353708303874613 135
1627567138256 0.1733928411519807 136
1627567138309 0.17327023039208578 137
1627567138373 0.1731144144164857 138
1627567138435 0.17297948565921326 139
1627567138507 0.17281558134286648 140
1627567138619 0.17267287021089175 141
1627567138754 0.17242770695056692 142
1627567138832 0.17229371787003994 143
1627567138951 0.17212896162475266 144
1627567139056 0.17198213943617355 145
1627567139119 0.17184708096497409 146
1627567139181 0.17171939789455504 147
1627567139279 0.17156613476334392 148
1627567139393 0.17142802797350062 149
1627567139475 0.1713028588070951 150
1627567139567 0.17118241667286455 151
1627567139641 0.1710522086115587 152
1627567139728 0.17083316443295665 153
1627567139804 0.1706720189785171 154
1627567139872 0.17052354620055385 155
1627567139940 0.17038608944250128 156
1627567140007 0.1702527021733059 157
1627567140086 0.17011997463208783 158
1627567140145 0.16999505570968368 159
1627567140207 0.16987507186995335 160
1627567140267 0.16975804858403232 161
1627567140351 0.1695582674974896 162
1627567140408 0.1694376318502431 163
1627567140479 0.16930523304040163 164
1627567140563 0.1691117388323603 165
1627567140628 0.16896953684135743 166
1627567140705 0.1688501599371898 167
1627567140809 0.1687167389352446 168
1627567140863 0.16861999764670732 169
1627567140935 0.16849624888885806 170
1627567140994 0.168378260805921 171
1627567141061 0.16823803826376552 172
1627567141115 0.16811056805662025 173
1627567141197 0.16796284766148437 174
1627567141258 0.1678338814218805 175
1627567141324 0.16770383092859323 176
1627567141379 0.1676087096315743 177
1627567141439 0.1674897199462255 178
1627567141510 0.16734804295774353 179
1627567141571 0.16722960507268228 180
1627567141625 0.16712264602034146 181
1627567141701 0.1669704137339752 182
1627567141787 0.16677177465780493 183
1627567141881 0.16655215049919245 184
1627567141949 0.1664395129369048 185
1627567142031 0.16625762621663398 186
1627567142098 0.16613322935596905 187
1627567142174 0.16601999413424065 188
1627567142239 0.16591128409688646 189
1627567142298 0.1658142528442429 190
1627567142356 0.16571171758075165 191
1627567142415 0.165601220029216 192
1627567142484 0.1654943718112436 193
1627567142546 0.16538689710411608 194
1627567142633 0.16527341907445453 195
1627567142713 0.16515644335655805 196
1627567142783 0.16505034253575215 197
1627567142916 0.16488888392355408 198
1627567142999 0.16475474248543034 199
1627567143081 0.16462883656819866 200
1627567143160 0.16451582049084207 201
1627567143218 0.16439998889825297 202
1627567143272 0.16428886650610006 203
1627567143335 0.16418086793208836 204
1627567143394 0.16406775061867404 205
1627567143460 0.16396654281179723 206
1627567143531 0.16384731498117056 207
1627567143612 0.16369230991161232 208
1627567143671 0.16357396917264727 209
1627567143742 0.16344976848927006 210
1627567143801 0.16334623376746754 211
1627567143867 0.16322358748855065 212
1627567143920 0.16313598911652397 213
1627567143993 0.16301933036668698 214
1627567144049 0.16291582794513765 215
1627567144126 0.1627911852560739 216
1627567144190 0.1626914960717326 217
1627567144260 0.16257043652777062 218
1627567144320 0.162466749640352 219
1627567144411 0.16236180051793125 220
1627567144495 0.16225906383761057 221
1627567144579 0.16215598202927442 222
1627567144631 0.16206645971637848 223
1627567144681 0.16195802379321145 224
1627567144757 0.16186302950102935 225
1627567144837 0.16171165244132715 226
1627567144891 0.16160601133377073 227
1627567144948 0.1615147287774272 228
1627567145016 0.1614139806607174 229
1627567145072 0.16131588534602015 230
1627567145153 0.16116601484364004 231
1627567145200 0.16108864081630794 232
1627567145268 0.16098757123541743 233
1627567145345 0.16083502757277968 234
1627567145412 0.1607200111114377 235
1627567145482 0.16062426828558563 236
1627567145555 0.16048323087507246 237
1627567145610 0.16038292167632537 238
1627567145683 0.16028274192298195 239
1627567145742 0.16018739163239107 240
1627567145800 0.16007852330426475 241
1627567145860 0.15997965582646106 242
1627567145925 0.1598834576911602 243
1627567145990 0.159774984846311 244
1627567146060 0.15968766732393458 245
1627567146133 0.15958261658809467 246
1627567146192 0.15949054911525692 247
1627567146278 0.1593833131818468 248
1627567146340 0.15929700962265353 249
1627567146417 0.1592163680173914 250
1627567146477 0.15912591292756897 251
1627567146536 0.15903277409839853 252
1627567146627 0.15892680889245872 253
1627567146701 0.1588491653297513 254
1627567146767 0.15874026302638353 255
1627567146826 0.1586539040968407 256
1627567146882 0.15856279610389978 257
1627567146950 0.1584469338902013 258
1627567147004 0.15834932608282246 259
1627567147071 0.15823043646848423 260
1627567147128 0.1581395403773741 261
1627567147192 0.15804545650054158 262
1627567147259 0.15795303956315698 263
1627567147314 0.1578659310934111 264
1627567147368 0.1577829105206286 265
1627567147425 0.15769053157653276 266
1627567147494 0.15759269463517364 267
1627567147560 0.1574830211671235 268
1627567147609 0.15740800151790166 269
1627567147665 0.1573129270426182 270
1627567147724 0.15722573039302074 271
1627567147782 0.15714105567706416 272
1627567147840 0.15706956206476055 273
1627567147912 0.15696759774502309 274
1627567147983 0.15688263548148518 275
1627567148049 0.15679487432979355 276
1627567148104 0.15671234558250885 277
1627567148173 0.15659792003947295 278
1627567148271 0.1565057484374609 279
1627567148345 0.15640703297259367 280
1627567148415 0.1563125080213336 281
1627567148472 0.15621047718914166 282
1627567148529 0.15613298482576038 283
1627567148586 0.1560580634865575 284
1627567148645 0.15597091016725884 285
1627567148698 0.15590748846837388 286
1627567148778 0.15576747532554988 287
1627567148849 0.16048323087507246 288
1627567152882 0.5097749541021159 0
1627567153016 0.4703559386035859 1
1627567153129 0.4354698726239392 2
1627567153241 0.40480069777225874 3
1627567153358 0.37788241033794 4
1627567153470 0.3544291076683796 5
1627567153588 0.33415687645161746 6
1627567153698 0.31663719420543107 7
1627567153804 0.3015097045552112 8
1627567153904 0.2884824290363293 9
1627567154012 0.27721687678342044 10
1627567154115 0.2676394867372475 11
1627567154242 0.25936021146904087 12
1627567154361 0.25236293016899486 13
1627567154484 0.24627635694623112 14
1627567154587 0.24123853921337635 15
1627567154688 0.2368819944446929 16
1627567154789 0.23325833627118367 17
1627567154890 0.23016381553601975 18
1627567154991 0.22738201033803587 19
1627567155101 0.22496105912950756 20
1627567155205 0.22297765485802762 21
1627567155316 0.22124913684377132 22
1627567155420 0.21963571887800545 23
1627567155521 0.21803047473940318 24
1627567155613 0.21672509622840005 25
1627567155732 0.21544964242505749 26
1627567155848 0.2143049722997976 27
1627567155960 0.21340306723923042 28
1627567156082 0.21244976538898933 29
1627567156174 0.21155512682709035 30
1627567156268 0.21079451454673861 31
1627567156357 0.21007698582667084 32
1627567156443 0.20925191528819864 33
1627567156531 0.20867172611649984 34
1627567156623 0.2076701217071231 35
1627567156718 0.20707220125755713 36
1627567156814 0.2062274042778707 37
1627567156903 0.2057446186493655 38
1627567156994 0.20498977100589902 39
1627567157080 0.20434988347028205 40
1627567157166 0.203574503010515 41
1627567157274 0.2026842515160351 42
1627567157394 0.20191950651611237 43
1627567157501 0.2012969467740181 44
1627567157582 0.20095418996128314 45
1627567157695 0.20021643710597853 46
1627567157787 0.19960874707144458 47
1627567157870 0.19916782595027427 48
1627567157953 0.19857526697177647 49
1627567158053 0.19823221405155123 50
1627567158129 0.1979381945178859 51
1627567158210 0.19746800165594922 52
1627567158306 0.19665213920190602 53
1627567158396 0.19622693671435928 54
1627567158486 0.19559681098862 55
1627567158581 0.1947960872662487 56
1627567158666 0.19432834782947633 57
1627567158759 0.19381633091145298 58
1627567158843 0.19349881611805883 59
1627567158923 0.1931958133018592 60
1627567159009 0.19295082283335013 61
1627567159092 0.1925169386071697 62
1627567159176 0.1922388932801927 63
1627567159256 0.19189249747267684 64
1627567159349 0.19119986189148436 65
1627567159425 0.19090023711291515 66
1627567159511 0.19052051222798824 67
1627567159598 0.19012025122826787 68
1627567159714 0.18985380244256464 69
1627567159815 0.18959890209664682 70
1627567159927 0.189301302051948 71
1627567160044 0.18905757444003207 72
1627567160149 0.18881195211784252 73
1627567160270 0.18823537871748666 74
1627567160348 0.1879985260520335 75
1627567160448 0.1874020958199207 76
1627567160537 0.187139879279793 77
1627567160620 0.18686694997423525 78
1627567160703 0.18664908029833008 79
1627567160792 0.18614977644554945 80
1627567160876 0.18563311929942336 81
1627567160959 0.18535563730322338 82
1627567161040 0.18516292224301625 83
1627567161118 0.18494512860931767 84
1627567161205 0.18467642045638438 85
1627567161276 0.18444585740866376 86
1627567161352 0.18424140039939463 87
1627567161431 0.18405712113778028 88
1627567161511 0.18382516935643492 89
1627567161608 0.18338599827755014 90
1627567161664 0.18315941343327527 91
1627567161732 0.18296975188022932 92
1627567161813 0.1826679461700501 93
1627567161885 0.18247044326731882 94
1627567161971 0.1821778594873897 95
1627567162052 0.1818086304445261 96
1627567162127 0.18162905973060947 97
1627567162199 0.18143767182243356 98
1627567162280 0.1812169598052624 99
1627567162373 0.18101708668948127 100
1627567162482 0.1807100240437431 101
1627567162587 0.1803998635278835 102
1627567162664 0.18005235013382784 103
1627567162736 0.17986361529274894 104
1627567162814 0.1796790940481478 105
1627567162888 0.17950357101391387 106
1627567162953 0.17933337108668682 107
1627567163033 0.17915122907120612 108
1627567163120 0.17884838623608845 109
1627567163195 0.17867582046412722 110
1627567163265 0.17850232633112217 111
1627567163362 0.17827336808778177 112
1627567163424 0.17811219086095 113
1627567163496 0.1779030609395917 114
1627567163581 0.1776529970588595 115
1627567163636 0.1774818659043984 116
1627567163731 0.17714590366862418 117
1627567163817 0.17696862162983934 118
1627567163925 0.17679737140405205 119
1627567164007 0.17664124037569734 120
1627567164078 0.17645505010844767 121
1627567164150 0.17627459224267225 122
1627567164265 0.1761074558393021 123
1627567164345 0.1758932688613268 124
1627567164401 0.17575684397903868 125
1627567164494 0.17560454658016306 126
1627567164606 0.1754068831100239 127
1627567164690 0.17524614698639535 128
1627567164800 0.1750842863139671 129
1627567164920 0.17484275086390627 130
1627567164979 0.1747116348534621 131
1627567165071 0.1745218361514857 132
1627567165146 0.174370634490392 133
1627567165241 0.17422014497812785 134
1627567165332 0.173978897463585 135
1627567165422 0.1738111248403107 136
1627567165490 0.17367424857544994 137
1627567165548 0.17352710829491538 138
1627567165616 0.173383475263565 139
1627567165678 0.1732436065460241 140
1627567165761 0.1731093192707471 141
1627567165863 0.17295170421664954 142
1627567165947 0.17280657848063952 143
1627567166036 0.17263736470607807 144
1627567166122 0.17248790832055252 145
1627567166211 0.1723428461955856 146
1627567166325 0.17214400435788543 147
1627567166387 0.17202906930518932 148
1627567166460 0.1718712075767244 149
1627567166535 0.17172471891532762 150
1627567166588 0.17159917611671005 151
1627567166667 0.17147029635671768 152
1627567166742 0.17132928916124188 153
1627567166801 0.17119561775749498 154
1627567166884 0.1710563026365638 155
1627567166940 0.17092407907106652 156
1627567166994 0.17081214940085862 157
1627567167068 0.17067126000676253 158
1627567167133 0.17053191864895995 159
1627567167195 0.17040572679744578 160
1627567167250 0.17029762456578257 161
1627567167325 0.17015541976497206 162
1627567167413 0.16991610613524624 163
1627567167481 0.16979064332834856 164
1627567167544 0.16967243980232857 165
1627567167625 0.16950688657145613 166
1627567167723 0.1693141996077068 167
1627567167798 0.16915362938426437 168
1627567167899 0.16901571327942785 169
1627567167979 0.1688772165122893 170
1627567168048 0.16873445784214758 171
1627567168121 0.1686090504975348 172
1627567168203 0.16842610351346457 173
1627567168258 0.16830776647576945 174
1627567168327 0.1681671180293626 175
1627567168407 0.16802542075396407 176
1627567168497 0.16783020468381238 177
1627567168557 0.1676941424346187 178
1627567168608 0.16759663566982536 179
1627567168667 0.16746159367773125 180
1627567168742 0.1673343339503983 181
1627567168831 0.16716399726032458 182
1627567168905 0.16704897398146895 183
1627567168997 0.16687357565199365 184
1627567169079 0.16676112009263303 185
1627567169157 0.16663792723164894 186
1627567169208 0.16652809763582976 187
1627567169269 0.16643527532738975 188
1627567169383 0.16625363887819994 189
1627567169454 0.1661315684896296 190
1627567169506 0.16603936108264522 191
1627567169582 0.16585094078680743 192
1627567169657 0.1657222389910765 193
1627567169715 0.16560007241120842 194
1627567169800 0.16539877799164537 195
1627567169888 0.16520154690273728 196
1627567169958 0.16508889306425317 197
1627567170012 0.16498980420527104 198
1627567170067 0.16489870990135455 199
1627567170142 0.1647919650931431 200
1627567170214 0.16467453254986555 201
1627567170275 0.16456720329958685 202
1627567170326 0.16447618893349275 203
1627567170417 0.16437032584385727 204
1627567170480 0.1642460519337866 205
1627567170555 0.16411380088057353 206
1627567170629 0.16399155390443856 207
1627567170687 0.16389402984549667 208
1627567170757 0.16377496572093095 209
1627567170830 0.1636393410893549 210
1627567170923 0.16353625349162101 211
1627567170995 0.1634214278834152 212
1627567171055 0.16332214816473248 213
1627567171122 0.16321798186890557 214
1627567171177 0.16313942890786381 215
1627567171248 0.16302181508074046 216
1627567171328 0.1628865757773105 217
1627567171382 0.16280592285997997 218
1627567171459 0.16269625535650867 219
1627567171523 0.1625866254118183 220
1627567171579 0.16248309499264382 221
1627567171646 0.16239452438096477 222
1627567171719 0.16225112760386518 223
1627567171780 0.16215025948461914 224
1627567171842 0.16204521094857433 225
1627567171897 0.16195221722216618 226
1627567171975 0.16186482734317928 227
1627567172038 0.1617811768624718 228
1627567172099 0.16168240982465143 229
1627567172151 0.1615828580463046 230
1627567172200 0.16150726596993922 231
1627567172262 0.16140757356086252 232
1627567172318 0.16130474554951574 233
1627567172373 0.16121100687326176 234
1627567172433 0.16110192330066725 235
1627567172502 0.16100197516707002 236
1627567172562 0.16091788192922452 237
1627567172618 0.16083029562073806 238
1627567172690 0.16070080778245383 239
1627567172762 0.16059214718538742 240
1627567172814 0.1605012477258792 241
1627567172871 0.16041061545216487 242
1627567172924 0.16032545607604434 243
1627567172979 0.16023121378210373 244
1627567173049 0.16013815253694444 245
1627567173123 0.16002425513976845 246
1627567173181 0.15993006910693638 247
1627567173242 0.15983964092587943 248
1627567173305 0.1597368923135667 249
1627567173371 0.1596337787921208 250
1627567173436 0.15952593704955487 251
1627567173520 0.15944239386929152 252
1627567173587 0.15933064751659212 253
1627567173638 0.15926080370730067 254
1627567173692 0.15918144031154446 255
1627567173755 0.15908066813935795 256
1627567173813 0.15899141337899783 257
1627567173894 0.1588461847496962 258
1627567173954 0.1587707952975382 259
1627567174064 0.15866217841409028 260
1627567174130 0.1585669725336388 261
1627567174185 0.15848387158475274 262
1627567174248 0.1583892302702405 263
1627567174312 0.15829069618663485 264
1627567174382 0.158164199888748 265
1627567174446 0.15806599510647834 266
1627567174500 0.15798410041264294 267
1627567174569 0.1578676826916972 268
1627567174637 0.15776536792057225 269
1627567174701 0.15767667569450636 270
1627567174748 0.15760357217381554 271
1627567174839 0.1574248153473524 272
1627567174896 0.15732533502900212 273
1627567174956 0.15724124110664284 274
1627567175017 0.157144356674593 275
1627567175068 0.15707198710417214 276
1627567175130 0.15698439195213704 277
1627567175195 0.15689143677325196 278
1627567175260 0.15679762191407304 279
1627567175317 0.15669916670860487 280
1627567175378 0.15661608827419038 281
1627567175427 0.15653508485025375 282
1627567175489 0.156438363028865 283
1627567175554 0.1563531115097902 284
1627567175625 0.1562553579701726 285
1627567175732 0.156165184490385 286
1627567175822 0.15606889564306925 287
1627567175913 0.15598648221627978 288
1627567175993 0.15587225083415285 289
1627567176056 0.15578650849626466 290
1627567176107 0.15572154310434205 291
1627567176177 0.1556303586179841 292
1627567176251 0.15554475739448062 293
1627567176314 0.15544099453384927 294
1627567176373 0.15535401580779187 295
1627567176417 0.1552716461020423 296
1627567176473 0.1551857398127967 297
1627567176552 0.15510666169369602 298
1627567176611 0.15502198356358357 299
1627567176686 0.1549274610368627 300
1627567176744 0.15482863053322116 301
1627567176806 0.15473594123278567 302
1627567176856 0.15466551098965947 303
1627567176924 0.15456541879005634 304
1627567176993 0.1544552486078272 305
1627567177047 0.15436974840591636 306
1627567177103 0.15429355214505944 307
1627567177178 0.15421490332214796 308
1627567177226 0.15414229442395572 309
1627567177268 0.15405777341623486 310
1627567177327 0.1539891003350261 311
1627567177374 0.15391199373936068 312
1627567177445 0.15381308604751842 313
1627567177495 0.1537516241325516 314
1627567177568 0.1536516729723623 315
1627567177654 0.15357479049193612 316
1627567177763 0.15348209510777683 317
1627567177848 0.15342092966629287 318
1627567177943 0.1533456100737746 319
1627567178038 0.15325353698338268 320
1627567178113 0.15317040812164304 321
1627567178178 0.15307132426477635 322
1627567178243 0.15296510312494566 323
1627567178314 0.15289021884376927 324
1627567178391 0.15282454933822556 325
1627567178450 0.15274059160830145 326
1627567178511 0.15265366882564352 327
1627567178561 0.1525899003012303 328
1627567178619 0.15251139804809274 329
1627567178691 0.15242709566512427 330
1627567178737 0.15234809734209356 331
1627567178800 0.15225856969400772 332
1627567178861 0.15216354939062404 333
1627567178929 0.15209531158832143 334
1627567179021 0.15197063618842882 335
1627567179079 0.15188308910740464 336
1627567179144 0.15181988244413383 337
1627567179216 0.1516799864642705 338
1627567179280 0.15159610128498355 339
1627567179341 0.15149735411446968 340
1627567179387 0.15141527951711864 341
1627567179451 0.15133230785285276 342
1627567179513 0.15124185682636174 343
1627567179570 0.151162050596261 344
1627567179629 0.15106574663811598 345
1627567179692 0.15098308928163545 346
1627567179761 0.15089902889605367 347
1627567179849 0.15082282869176614 348
1627567179926 0.15076026550266217 349
1627567180036 0.15065592504525524 350
1627567180143 0.15057826772499072 351
1627567180223 0.1505184142836999 352
1627567180309 0.15044438935307208 353
1627567180366 0.1503721572815976 354
1627567180448 0.1503002732424633 355
1627567180545 0.15022625877093904 356
1627567180614 0.1501443485309366 357
1627567180704 0.1500582883226358 358
1627567180767 0.1499693941343593 359
1627567180816 0.14990847677282476 360
1627567180881 0.14981353825824795 361
1627567180941 0.14973843592571762 362
1627567180997 0.14967194188190466 363
1627567181050 0.14960828062633247 364
1627567181115 0.14953562271645998 365
1627567181174 0.14945612162329913 366
1627567181224 0.1493871022963599 367
1627567181283 0.14932390300996656 368
1627567181328 0.14926169671097148 369
1627567181387 0.1491796077849687 370
1627567181446 0.1491170973255218 371
1627567181507 0.149033079961055 372
1627567181562 0.14896521493886855 373
1627567181623 0.14889605816760548 374
1627567181681 0.1488262798601895 375
1627567181735 0.14876988893688303 376
1627567181806 0.14867514923520894 377
1627567181901 0.14858000299054483 378
1627567181975 0.1485004614461269 379
1627567182035 0.14842125311298482 380
1627567182083 0.1483494815356207 381
1627567182138 0.1482700011403878 382
1627567182206 0.1481988284509676 383
1627567182271 0.1481053290339019 384
1627567182320 0.14805636788669277 385
1627567182371 0.1479816215011709 386
1627567182419 0.14791133115225177 387
1627567182483 0.14783776672379864 388
1627567182582 0.1516799864642705 389
