1627553399410 0.5089504412606788 0
1627553399554 0.4695828545331552 1
1627553399678 0.4347334182944103 2
1627553399790 0.4040825015231213 3
1627553399901 0.37704783455083224 4
1627553400023 0.35361481954924523 5
1627553400142 0.3332849946978926 6
1627553400253 0.31574079700646784 7
1627553400371 0.3006191682429487 8
1627553400480 0.28758502715129075 9
1627553400608 0.2763262929920134 10
1627553400720 0.26671156673854 11
1627553400827 0.2582836717997227 12
1627553400930 0.25124156188498886 13
1627553401032 0.24514228605248115 14
1627553401135 0.24003396755439058 15
1627553401235 0.23569123900580155 16
1627553401347 0.23206552188764712 17
1627553401445 0.22895964250720482 18
1627553401544 0.2261389348925801 19
1627553401640 0.22372156064978294 20
1627553401790 0.2216391397233161 21
1627553401949 0.21986106024092975 22
1627553402054 0.2181724843286799 23
1627553402153 0.21661236956391358 24
1627553402243 0.2154013324042335 25
1627553402338 0.21417877143263278 26
1627553402431 0.21317196531540178 27
1627553402532 0.2121499702842784 28
1627553402614 0.21113506247523586 29
1627553402706 0.21023587579486058 30
1627553402810 0.20949640486332766 31
1627553402904 0.20851092747900468 32
1627553402997 0.20752331553524248 33
1627553403108 0.20687380793867158 34
1627553403207 0.2059510193532608 35
1627553403345 0.20539806373077368 36
1627553403461 0.20477467254452644 37
1627553403558 0.20369261432335195 38
1627553403648 0.20302030524318354 39
1627553403736 0.2025740559275912 40
1627553403820 0.20185213803697413 41
1627553403912 0.20104226925393587 42
1627553403996 0.20036240654711093 43
1627553404087 0.19949968234168866 44
1627553404168 0.1990282682956428 45
1627553404259 0.19867463142830558 46
1627553404340 0.1980406417849695 47
1627553404422 0.19771701591090035 48
1627553404509 0.19737190100245955 49
1627553404624 0.19641410413387267 50
1627553404706 0.19610227273687608 51
1627553404831 0.19563988769119992 52
1627553404937 0.19458254355199198 53
1627553405018 0.1941866889569834 54
1627553405138 0.19388835312986352 55
1627553405231 0.1931275335802951 56
1627553405308 0.19285167600124872 57
1627553405408 0.19233287585096293 58
1627553405502 0.19194773291085246 59
1627553405574 0.1916643489452329 60
1627553405665 0.1909471889061656 61
1627553405758 0.1901970238942807 62
1627553405841 0.18992263424825934 63
1627553405979 0.18936347315906757 64
1627553406097 0.18907908926262626 65
1627553406205 0.18878667936813118 66
1627553406292 0.18852821653111515 67
1627553406387 0.1880989193420035 68
1627553406509 0.18782511149839692 69
1627553406643 0.1875046832755256 70
1627553406763 0.18726335071654177 71
1627553406834 0.18703412156366025 72
1627553406929 0.18645332955824212 73
1627553407013 0.1862257433489396 74
1627553407115 0.18558504776758267 75
1627553407199 0.18534467034050017 76
1627553407292 0.18510033559408565 77
1627553407359 0.18487393832554896 78
1627553407435 0.18466372938606349 79
1627553407517 0.18442469409062237 80
1627553407608 0.18394356310190532 81
1627553407688 0.18372318053582035 82
1627553407772 0.18331075974663907 83
1627553407898 0.18308355578094243 84
1627553407984 0.18278321683740067 85
1627553408058 0.18258420875571596 86
1627553408170 0.18237712025084543 87
1627553408270 0.18217757238175245 88
1627553408390 0.18194616650599824 89
1627553408478 0.1817023333487882 90
1627553408576 0.1811959194575791 91
1627553408672 0.18094727729041765 92
1627553408772 0.18077559971379925 93
1627553408860 0.18059071961939083 94
1627553408939 0.18019563030412294 95
1627553409024 0.17984485674712686 96
1627553409108 0.17956607532627575 97
1627553409166 0.17938834893127825 98
1627553409247 0.17916477376597248 99
1627553409354 0.17877262455178425 100
1627553409431 0.17857095833111822 101
1627553409507 0.17835677293942015 102
1627553409576 0.1781631952823571 103
1627553409646 0.17798876638717082 104
1627553409727 0.17780215222099102 105
1627553409804 0.17761874707825576 106
1627553409949 0.17718011806260722 107
1627553410036 0.1769919009894737 108
1627553410123 0.1766493424836927 109
1627553410243 0.1764239894117937 110
1627553410350 0.17624881380639829 111
1627553410429 0.17604219187266998 112
1627553410495 0.1758823843292408 113
1627553410576 0.17570891668281588 114
1627553410645 0.17554367254213604 115
1627553410713 0.17537936801040455 116
1627553410786 0.17520651192646877 117
1627553410859 0.17504343166720215 118
1627553410966 0.1748660239953545 119
1627553411048 0.17465188972121082 120
1627553411114 0.17449925320109957 121
1627553411182 0.1743341736930385 122
1627553411258 0.17417358350695755 123
1627553411322 0.17399829749903997 124
1627553411418 0.17365822247649107 125
1627553411495 0.17348748882305745 126
1627553411568 0.17332140023227907 127
1627553411650 0.1731621761625528 128
1627553411717 0.1730070435313463 129
1627553411791 0.17281978886410307 130
1627553411861 0.17267169381896771 131
1627553411943 0.17251157657941546 132
1627553412052 0.1723647016362677 133
1627553412134 0.17216753986177522 134
1627553412211 0.17201442332709244 135
1627553412310 0.17186568837352548 136
1627553412438 0.17161088294846222 137
1627553412552 0.17146261457899334 138
1627553412666 0.1713171891610929 139
1627553412766 0.17116064063853215 140
1627553412849 0.17094953951596598 141
1627553412919 0.170809908875816 142
1627553413023 0.17067046535093744 143
1627553413086 0.17053571551439897 144
1627553413153 0.170395990332304 145
1627553413263 0.17025408472724765 146
1627553413350 0.17004309660587263 147
1627553413408 0.16990342625735277 148
1627553413482 0.16973101810618516 149
1627553413564 0.1695960917814003 150
1627553413634 0.16944774460608958 151
1627553413705 0.16930830836694116 152
1627553413790 0.16904250445245816 153
1627553413873 0.16890751426868783 154
1627553413952 0.1687245999579865 155
1627553414029 0.16855528512556775 156
1627553414092 0.16841974968197324 157
1627553414173 0.16828143976634813 158
1627553414272 0.16814904278236542 159
1627553414365 0.16787245419049823 160
1627553414459 0.16774058083388374 161
1627553414535 0.16760716519377503 162
1627553414632 0.1673511829166746 163
1627553414775 0.16710193346735935 164
1627553414847 0.16697027330309858 165
1627553414923 0.16683741332890506 166
1627553415007 0.16661891006901264 167
1627553415093 0.16648591651049166 168
1627553415159 0.1663614662832519 169
1627553415235 0.16621897863522633 170
1627553415295 0.16609721135674638 171
1627553415361 0.16596725038253274 172
1627553415426 0.16584069652520625 173
1627553415494 0.16571478658061164 174
1627553415552 0.1655908303174352 175
1627553415619 0.16546379147917406 176
1627553415695 0.1653175031919904 177
1627553415753 0.16518406176346292 178
1627553415817 0.16506796658857958 179
1627553415876 0.16494065999209487 180
1627553415971 0.1648119666046864 181
1627553416086 0.16466950062168778 182
1627553416213 0.16446203030200193 183
1627553416282 0.16433622359285854 184
1627553416386 0.16416671116465317 185
1627553416464 0.16405569661728425 186
1627553416541 0.16392242825556877 187
1627553416608 0.16380976461178756 188
1627553416685 0.16368196788199632 189
1627553416768 0.16353294598468365 190
1627553416840 0.1634157671046216 191
1627553416912 0.16329567718684698 192
1627553416992 0.1630832914702184 193
1627553417076 0.16295971842329993 194
1627553417188 0.16281604889395876 195
1627553417259 0.16270184047904238 196
1627553417361 0.16246029046440044 197
1627553417436 0.1623356136146158 198
1627553417518 0.16220630492453383 199
1627553417618 0.16203427026971487 200
1627553417722 0.16186976975520548 201
1627553417810 0.16169056222314523 202
1627553417873 0.16157468234451577 203
1627553417949 0.16145793940903044 204
1627553418028 0.16134372915912618 205
1627553418123 0.16121285815043598 206
1627553418183 0.16111297940736974 207
1627553418276 0.16094456201401477 208
1627553418366 0.1607929324094958 209
1627553418434 0.16066680048436432 210
1627553418526 0.16053972620442983 211
1627553418587 0.16042760946861948 212
1627553418652 0.16031805332790627 213
1627553418725 0.16020328607034223 214
1627553418799 0.1600846594697014 215
1627553418862 0.15997564339721532 216
1627553418936 0.15986697288970664 217
1627553419007 0.15975283335090393 218
1627553419090 0.15963887348261027 219
1627553419207 0.15951685221744152 220
1627553419321 0.15940782661458877 221
1627553419397 0.15930720787839198 222
1627553419459 0.15920383316621756 223
1627553419542 0.15909538077499577 224
1627553419612 0.15898669013767186 225
1627553419672 0.15889340665939639 226
1627553419732 0.15878819436547686 227
1627553419798 0.15869174276726905 228
1627553419869 0.15859470823017605 229
1627553419925 0.15848734744626983 230
1627553419988 0.15838308081175004 231
1627553420068 0.15827911101019676 232
1627553420133 0.1581708962113069 233
1627553420208 0.1580635019525247 234
1627553420283 0.15794705694146344 235
1627553420403 0.1577965133906483 236
1627553420484 0.15768867270301848 237
1627553420557 0.15757895569120062 238
1627553420635 0.1574383576543982 239
1627553420700 0.15734337222732253 240
1627553420757 0.1572409743129265 241
1627553420822 0.15713497551852493 242
1627553420881 0.1570397308047911 243
1627553420944 0.1569269032359894 244
1627553421008 0.15682894565983863 245
1627553421072 0.15672670256101806 246
1627553421127 0.15663083457719343 247
1627553421188 0.15652698388030767 248
1627553421261 0.15642549500439332 249
1627553421342 0.15633053210513814 250
1627553421405 0.15623420820064082 251
1627553421468 0.15613246163069763 252
1627553421526 0.15603430859109593 253
1627553421590 0.1559391709058088 254
1627553421652 0.15584044972774402 255
1627553421712 0.15573398224359727 256
1627553421800 0.1556328912507375 257
1627553421860 0.15552999996434613 258
1627553421921 0.1554342539004275 259
1627553421986 0.15532407614371488 260
1627553422054 0.15519746355452857 261
1627553422122 0.15509387390315474 262
1627553422185 0.15499397083689975 263
1627553422244 0.15489609001734136 264
1627553422309 0.15479087097231142 265
1627553422389 0.1600846594697014 266
1627553426575 0.5081060476469245 0
1627553426710 0.46875602005733186 1
1627553426861 0.4340061831919747 2
1627553427027 0.40343128408020784 3
1627553427192 0.3765419550951765 4
1627553427346 0.35319274133695183 5
1627553427514 0.3329660899109149 6
1627553427660 0.31548412459897385 7
1627553427761 0.3004318637523345 8
1627553427863 0.28739343470401096 9
1627553427965 0.2761694326038795 10
1627553428072 0.2666026127261442 11
1627553428172 0.25837651266391526 12
1627553428281 0.2514029542700555 13
1627553428381 0.2454863729876137 14
1627553428484 0.2404384118230326 15
1627553428582 0.23611711354838338 16
1627553428689 0.23252686403019301 17
1627553428807 0.22941530223905884 18
1627553428913 0.22660193382072485 19
1627553429005 0.22418829286907863 20
1627553429107 0.2221728674214231 21
1627553429218 0.2204409977084147 22
1627553429310 0.21875965423119945 23
1627553429451 0.2172386859862533 24
1627553429547 0.21604985619568953 25
1627553429644 0.21498278561040882 26
1627553429738 0.21383023939496557 27
1627553429835 0.2129287968995647 28
1627553429968 0.2119355304038885 29
1627553430062 0.21105604536253056 30
1627553430155 0.21027762478966952 31
1627553430284 0.2091309555381125 32
1627553430413 0.20820144080561442 33
1627553430551 0.2074770277605205 34
1627553430675 0.2067507828401301 35
1627553430821 0.20602826744920338 36
1627553430915 0.20500680112580544 37
1627553431000 0.20430811810109528 38
1627553431121 0.20367421987286272 39
1627553431213 0.2031260459562501 40
1627553431303 0.2022301951480485 41
1627553431391 0.2012652106104268 42
1627553431474 0.20064693403681125 43
1627553431559 0.19993280893398524 44
1627553431634 0.1995911653026362 45
1627553431719 0.19920790092426796 46
1627553431803 0.198703233280415 47
1627553431890 0.198045528208561 48
1627553431979 0.1975812804957177 49
1627553432096 0.19656455200589354 50
1627553432171 0.19625697247056575 51
1627553432261 0.19545722667313709 52
1627553432394 0.19450012348184098 53
1627553432478 0.19415964381208445 54
1627553432565 0.19385880934796584 55
1627553432656 0.19323799590672722 56
1627553432729 0.1929519447375265 57
1627553432814 0.19266690015800747 58
1627553432893 0.1923594364883228 59
1627553432983 0.19208310874823842 60
1627553433125 0.19126823737086324 61
1627553433226 0.19062554395518164 62
1627553433299 0.190368107106061 63
1627553433382 0.19000732591254244 64
1627553433466 0.18964889699229326 65
1627553433539 0.18939846748839964 66
1627553433611 0.18917666532246002 67
1627553433704 0.18867139333793184 68
1627553433794 0.18804223374226284 69
1627553433881 0.1877749013603685 70
1627553433961 0.18753165659132529 71
1627553434036 0.18729373190726514 72
1627553434147 0.18657828361192508 73
1627553434241 0.18615057805589544 74
1627553434344 0.18582085379276012 75
1627553434422 0.1855753616052552 76
1627553434524 0.18533913107057665 77
1627553434633 0.18512126777446253 78
1627553434712 0.1848909788399867 79
1627553434814 0.18436780449505033 80
1627553434896 0.1840778654673669 81
1627553434979 0.18382969020665363 82
1627553435063 0.18362474615236912 83
1627553435142 0.18340944880607218 84
1627553435225 0.18316377998721356 85
1627553435297 0.1829579858734526 86
1627553435374 0.182761457312247 87
1627553435465 0.1825352146672018 88
1627553435539 0.1823197581829989 89
1627553435615 0.18211463028736094 90
1627553435717 0.18154965481541452 91
1627553435798 0.18129092727728333 92
1627553435876 0.1810613858983947 93
1627553435994 0.18067983061903004 94
1627553436128 0.18043578975592164 95
1627553436256 0.18023897607107311 96
1627553436391 0.17975935391899195 97
1627553436456 0.17956865665097316 98
1627553436530 0.17935931335093933 99
1627553436635 0.17917137856349094 100
1627553436721 0.17897526955211104 101
1627553436826 0.17849739024572003 102
1627553436898 0.17830968595869076 103
1627553436967 0.17812641153868983 104
1627553437078 0.17784232461637872 105
1627553437163 0.17749561236414854 106
1627553437276 0.1773135949427727 107
1627553437374 0.17710736937701915 108
1627553437452 0.1768565867577381 109
1627553437528 0.1765731001950361 110
1627553437596 0.17638699280899234 111
1627553437659 0.17621559079697302 112
1627553437728 0.17604316654175453 113
1627553437807 0.17578160654531616 114
1627553437903 0.1755349561084925 115
1627553438012 0.17535108641409547 116
1627553438100 0.17517692702757973 117
1627553438193 0.17501710424187367 118
1627553438314 0.17484144680608177 119
1627553438425 0.17450045774474146 120
1627553438498 0.17434416581474577 121
1627553438560 0.17418683115748004 122
1627553438636 0.1740203310988569 123
1627553438728 0.17373635183512331 124
1627553438808 0.17355011344900595 125
1627553438872 0.17338700455485112 126
1627553438955 0.17323560843406843 127
1627553439054 0.17305588415866058 128
1627553439122 0.172904143638785 129
1627553439207 0.1726621143734461 130
1627553439276 0.17242191646785018 131
1627553439362 0.17221197984072845 132
1627553439428 0.17204702703780664 133
1627553439507 0.17184918455645626 134
1627553439573 0.17170479829941807 135
1627553439640 0.17155356723997542 136
1627553439733 0.17129602730423488 137
1627553439800 0.1711456357819134 138
1627553439873 0.17098282255832234 139
1627553439942 0.17083342990212133 140
1627553440018 0.17067265900959977 141
1627553440082 0.1705342706091113 142
1627553440152 0.17038736329491902 143
1627553440209 0.17025812898949566 144
1627553440279 0.1701176236663952 145
1627553440364 0.16996326618221025 146
1627553440440 0.16981559888792266 147
1627553440505 0.16968026731938116 148
1627553440599 0.1695346244723295 149
1627553440679 0.16939306969787937 150
1627553440751 0.1692654758505993 151
1627553440823 0.16911915815238318 152
1627553440905 0.16895931175312684 153
1627553440977 0.16881665591467154 154
1627553441068 0.16868127935052446 155
1627553441149 0.1685398393383103 156
1627553441209 0.1684127699020093 157
1627553441323 0.168278337856216 158
1627553441418 0.1681387698547594 159
1627553441512 0.16797811412437288 160
1627553441575 0.16783965888290397 161
1627553441647 0.16767627256429601 162
1627553441704 0.16755330820758654 163
1627553441787 0.16741201175576437 164
1627553441851 0.1672714106105939 165
1627553441909 0.16714838101929222 166
1627553441983 0.16702052185825347 167
1627553442048 0.16689042031856424 168
1627553442114 0.1667600781735724 169
1627553442183 0.16662238878843802 170
1627553442244 0.1664890478514938 171
1627553442315 0.1663404248394958 172
1627553442386 0.16619892291025912 173
1627553442451 0.16606856889413474 174
1627553442521 0.1659308050110911 175
1627553442591 0.16579753086417057 176
1627553442662 0.16566491399783628 177
1627553442727 0.16553215241867025 178
1627553442788 0.1654175008977222 179
1627553442857 0.16528858399395768 180
1627553442923 0.16515249173623148 181
1627553443003 0.16497613873447756 182
1627553443074 0.16483595849517205 183
1627553443136 0.16470849754037187 184
1627553443197 0.16458621415136845 185
1627553443257 0.1644686255503627 186
1627553443320 0.16434717091603857 187
1627553443380 0.17129602730423488 188
1627553447359 0.5089532799340031 0
1627553447497 0.4696155601717156 1
1627553447612 0.4348562266424672 2
1627553447766 0.40437645059079497 3
1627553447877 0.3774796557641578 4
1627553448032 0.3540082735281071 5
1627553448178 0.3337245609396504 6
1627553448332 0.3162582575192894 7
1627553448436 0.3010985087862391 8
1627553448542 0.2879946567815382 9
1627553448646 0.2767006848427194 10
1627553448759 0.26709202522108794 11
1627553448910 0.25872529444975484 12
1627553449016 0.2516872513276707 13
1627553449111 0.24561112777761152 14
1627553449214 0.2404778755026939 15
1627553449318 0.23616505053883105 16
1627553449420 0.23255543558425548 17
1627553449524 0.22945631666051963 18
1627553449627 0.2267151485182611 19
1627553449725 0.2242620232917165 20
1627553449826 0.22227012956019682 21
1627553449932 0.22046633481903957 22
1627553450037 0.21867811069997653 23
1627553450173 0.2170643574590382 24
1627553450272 0.21582793363781907 25
1627553450377 0.21465413063529928 26
1627553450474 0.21360214295156116 27
1627553450589 0.21271236416849548 28
1627553450669 0.21163441377288075 29
1627553450754 0.21061361461009198 30
1627553450846 0.2098827825278902 31
1627553450935 0.2090177261825698 32
1627553451024 0.20812848387346533 33
1627553451110 0.20754192806730987 34
1627553451194 0.2067861490560303 35
1627553451312 0.20596248183592406 36
1627553451406 0.20504130732422782 37
1627553451504 0.204529653862227 38
1627553451605 0.20345071844827642 39
1627553451713 0.20298727157712027 40
1627553451808 0.2024272471199971 41
1627553451932 0.20186877479914456 42
1627553452015 0.20135938011021262 43
1627553452120 0.20055260529785598 44
1627553452199 0.20015439355513803 45
1627553452286 0.19978110713017927 46
1627553452379 0.19875686693666778 47
1627553452463 0.19783214654387066 48
1627553452552 0.1974908468754846 49
1627553452669 0.19632135316165794 50
1627553452745 0.1960202169788634 51
1627553452835 0.19518262558967686 52
1627553452926 0.19448295985456338 53
1627553453006 0.19418767374068116 54
1627553453097 0.19339964131372603 55
1627553453190 0.19312014293185617 56
1627553453263 0.19283497434291463 57
1627553453357 0.19229063138279207 58
1627553453443 0.191643395765427 59
1627553453516 0.19135283869480196 60
1627553453603 0.19108401059603855 61
1627553453699 0.19045781299226772 62
1627553453776 0.1902045846692799 63
1627553453867 0.1898670138654362 64
1627553453952 0.18946774893697357 65
1627553454030 0.1891678610693395 66
1627553454109 0.1889047142677036 67
1627553454205 0.1883134458768654 68
1627553454277 0.18806752336499324 69
1627553454359 0.18781612400330988 70
1627553454434 0.1875543983693492 71
1627553454501 0.18730492306354887 72
1627553454578 0.18695763511573266 73
1627553454677 0.18625983966625362 74
1627553454763 0.1858190073161054 75
1627553454842 0.1855419830455853 76
1627553454915 0.18532473507100447 77
1627553454993 0.18505794964075045 78
1627553455081 0.1848428644070974 79
1627553455177 0.18419248339140948 80
1627553455255 0.1839431977174458 81
1627553455345 0.183688664528864 82
1627553455424 0.1834569421328458 83
1627553455511 0.18317241765859316 84
1627553455596 0.1829480536988521 85
1627553455676 0.18272213318740163 86
1627553455754 0.18249217216035293 87
1627553455832 0.18229456473812758 88
1627553455903 0.1820765188645509 89
1627553455974 0.18185910433095417 90
1627553456069 0.18132416642965124 91
1627553456151 0.1810433210326576 92
1627553456224 0.1808536809540436 93
1627553456307 0.18056133377363437 94
1627553456389 0.18033479073578393 95
1627553456468 0.1801125802211679 96
1627553456555 0.1796720757924361 97
1627553456624 0.17948741947016092 98
1627553456708 0.17927538422644093 99
1627553456812 0.17907833846896012 100
1627553456896 0.1787661801466519 101
1627553456981 0.17845312791261225 102
1627553457052 0.17826341144058247 103
1627553457124 0.17808251677262793 104
1627553457229 0.17767176811732316 105
1627553457305 0.17749370002806894 106
1627553457402 0.1771578593254484 107
1627553457477 0.17698040593658143 108
1627553457557 0.17679983759678874 109
1627553457635 0.17660912244889354 110
1627553457699 0.17644296861193123 111
1627553457833 0.17605902083097133 112
1627553457905 0.17587119913092986 113
1627553457998 0.1755038977989141 114
1627553458111 0.1751778660286059 115
1627553458223 0.17500577983015964 116
1627553458318 0.17482856879139774 117
1627553458394 0.17464948373937056 118
1627553458500 0.1744187448315188 119
1627553458576 0.17426281565196053 120
1627553458672 0.1741047138844977 121
1627553458747 0.17394241480291175 122
1627553458824 0.1737689901883792 123
1627553458890 0.17361244574540577 124
1627553458952 0.1734505008765167 125
1627553459049 0.17330730831485938 126
1627553459150 0.17306349934453152 127
1627553459222 0.17291000147133234 128
1627553459292 0.17274946629767327 129
1627553459374 0.1725006471285634 130
1627553459442 0.17234686345617364 131
1627553459514 0.172188529392576 132
1627553459579 0.17203286501316856 133
1627553459668 0.17176901295173996 134
1627553459737 0.17162484692035443 135
1627553459806 0.17147959167061902 136
1627553459887 0.171295685452573 137
1627553459957 0.1711548744533087 138
1627553460017 0.17101865357925788 139
1627553460085 0.17087201425026355 140
1627553460148 0.1707456108212541 141
1627553460210 0.1705958029655144 142
1627553460296 0.17045215188186066 143
1627553460358 0.1703161872174006 144
1627553460422 0.1701744502429482 145
1627553460513 0.1699212281190795 146
1627553460580 0.16977685919246827 147
1627553460651 0.16963520471769797 148
1627553460749 0.16936742261784618 149
1627553460833 0.16922529680124118 150
1627553460919 0.1689935088011345 151
1627553460995 0.16881021255880455 152
1627553461068 0.16866567016432527 153
1627553461134 0.16853125831994395 154
1627553461223 0.16838752273504592 155
1627553461317 0.16822800403929833 156
1627553461379 0.16809944193754536 157
1627553461457 0.16789989111496756 158
1627553461523 0.1677640624530323 159
1627553461600 0.16762141716844606 160
1627553461677 0.167395985449767 161
1627553461739 0.1672819447905753 162
1627553461825 0.16704527444296363 163
1627553461909 0.1668661178996144 164
1627553461973 0.1667292477491033 165
1627553462036 0.16659386222115202 166
1627553462128 0.1663566347364844 167
1627553462204 0.16620669637144123 168
1627553462267 0.166080541105845 169
1627553462331 0.1659630985338921 170
1627553462388 0.16584069340888852 171
1627553462479 0.1656754732466257 172
1627553462536 0.16555623998786106 173
1627553462593 0.1654378055581773 174
1627553462646 0.16532958146588947 175
1627553462718 0.16519996594575634 176
1627553462799 0.16504296969506752 177
1627553462870 0.16491994633288873 178
1627553462941 0.16479046622273097 179
1627553463003 0.16466432635874648 180
1627553463075 0.1645262775778657 181
1627553463146 0.16436252780955096 182
1627553463213 0.16423471597298467 183
1627553463284 0.16410006718948425 184
1627553463358 0.1639497304009902 185
1627553463442 0.1638286727828134 186
1627553463526 0.1637004759846073 187
1627553463625 0.16348598548432114 188
1627553463748 0.16334604869272223 189
1627553463829 0.16323117858871353 190
1627553463894 0.16312128161565118 191
1627553463957 0.16300378654616862 192
1627553464026 0.1628797812322232 193
1627553464102 0.1627574135686544 194
1627553464192 0.16260296327543522 195
1627553464265 0.16247413822983733 196
1627553464335 0.1623513489187165 197
1627553464452 0.16220113603272818 198
1627553464557 0.1620916710864213 199
1627553464651 0.16195279742628274 200
1627553464730 0.16182375296442544 201
1627553464838 0.16169706730039043 202
1627553464923 0.1615843197913396 203
1627553465013 0.1614545710787605 204
1627553465074 0.16134122828607542 205
1627553465145 0.16121744570669347 206
1627553465238 0.16109999788640747 207
1627553465314 0.16097079430346078 208
1627553465390 0.16085535478474333 209
1627553465450 0.16074606389402765 210
1627553465515 0.16064875515294927 211
1627553465591 0.16053778219575365 212
1627553465696 0.16039721044346397 213
1627553465773 0.1602790361704409 214
1627553465856 0.16015076239662082 215
1627553465912 0.16005993490481746 216
1627553465988 0.15995101478678 217
1627553466053 0.15983471151564912 218
1627553466125 0.1597189516399137 219
1627553466189 0.15960736660207722 220
1627553466249 0.15950657664207282 221
1627553466319 0.1593901686598516 222
1627553466387 0.15927280353964152 223
1627553466453 0.15917366302722172 224
1627553466516 0.15906794883038236 225
1627553466590 0.15896252283017748 226
1627553466652 0.15885035723624077 227
1627553466734 0.158735642587779 228
1627553466814 0.15862041210768957 229
1627553466877 0.15851500992559364 230
1627553466936 0.15840244147111687 231
1627553467003 0.15828386742972075 232
1627553467064 0.15818605834386487 233
1627553467134 0.15808472865891188 234
1627553467190 0.15798107378243156 235
1627553467271 0.1578669204345489 236
1627553467333 0.15776473435383345 237
1627553467415 0.1576445651085648 238
1627553467520 0.15749065778259586 239
1627553467623 0.15738677112793042 240
1627553467729 0.15727318734665416 241
1627553467819 0.1571694765232865 242
1627553467885 0.15707976508279667 243
1627553467965 0.15698549628666583 244
1627553468027 0.15688175366446533 245
1627553468090 0.15677778105662935 246
1627553468149 0.1566774396000628 247
1627553468207 0.15657517965184675 248
1627553468277 0.1564787719442591 249
1627553468381 0.156323857272548 250
1627553468444 0.1562168716931109 251
1627553468522 0.1561097528221295 252
1627553468585 0.15600405942268009 253
1627553468661 0.15589920007338245 254
1627553468731 0.15579519561499647 255
1627553468803 0.1556870707374508 256
1627553468874 0.15558851495723514 257
1627553468935 0.1554854651854985 258
1627553469000 0.15537059510039766 259
1627553469093 0.15527348625193615 260
1627553469188 0.1551703843447551 261
1627553469254 0.15507671257115396 262
1627553469364 0.15497952953002064 263
1627553469436 0.15487333904897058 264
1627553469521 0.1602790361704409 265
1627553473598 0.507027170855018 0
1627553473810 0.4679942808253627 1
1627553473969 0.4333888655740739 2
1627553474086 0.40294905405282594 3
1627553474206 0.3761485120304966 4
1627553474317 0.35284422625449174 5
1627553474482 0.3327821818037923 6
1627553474661 0.31546150588158545 7
1627553474774 0.30030526643562416 8
1627553474876 0.28724852689779706 9
1627553474981 0.2759526884759875 10
1627553475089 0.2662943573355154 11
1627553475191 0.25798768364890806 12
1627553475308 0.2509438374009522 13
1627553475413 0.2449210754152854 14
1627553475516 0.2398604683262837 15
1627553475615 0.23553977806297777 16
1627553475718 0.2319471777114424 17
1627553475821 0.22883064453417618 18
1627553475936 0.2259741539199258 19
1627553476081 0.22365259775547544 20
1627553476232 0.22162629616640764 21
1627553476376 0.21985138612075208 22
1627553476471 0.2181063214643399 23
1627553476566 0.2165731052043596 24
1627553476656 0.21541596481041111 25
1627553476752 0.21420374814611448 26
1627553476846 0.21325532414306725 27
1627553476940 0.21230283787009185 28
1627553477024 0.21128733969768643 29
1627553477111 0.2104439980665145 30
1627553477201 0.20965905764249573 31
1627553477292 0.20855429899710287 32
1627553477381 0.20781979185410374 33
1627553477501 0.20720472703546755 34
1627553477622 0.2061611610971141 35
1627553477713 0.20552391664541647 36
1627553477839 0.20492449227714407 37
1627553477933 0.20443435647921102 38
1627553478066 0.20380106910078263 39
1627553478143 0.2030744353555893 40
1627553478223 0.20219973266698152 41
1627553478317 0.20118580367435443 42
1627553478449 0.20016711656767577 43
1627553478535 0.19960936587038813 44
1627553478629 0.19914489051265052 45
1627553478731 0.1986703682575798 46
1627553478808 0.1981408615795251 47
1627553478892 0.19757661876150232 48
1627553478992 0.19659746647606374 49
1627553479107 0.19557891726905882 50
1627553479182 0.19526287997263161 51
1627553479270 0.19491271824875367 52
1627553479363 0.19424366428515016 53
1627553479438 0.19393203216218763 54
1627553479568 0.1931293370465312 55
1627553479695 0.19280048481423848 56
1627553479811 0.19252779061370442 57
1627553479945 0.19198601348714914 58
1627553480031 0.19146552886530493 59
1627553480108 0.1911642070451858 60
1627553480187 0.1908843191431837 61
1627553480265 0.19057199362196833 62
1627553480340 0.19030667580799027 63
1627553480423 0.1900376780408192 64
1627553480511 0.18932394101357453 65
1627553480581 0.18908500182413296 66
1627553480653 0.1888377913344843 67
1627553480747 0.18821490949743547 68
1627553480833 0.1877967035916518 69
1627553480925 0.1874819852359194 70
1627553480998 0.18723781355670419 71
1627553481076 0.18697332857803153 72
1627553481173 0.18630248622921916 73
1627553481259 0.1860384319917141 74
1627553481349 0.1856775434194716 75
1627553481443 0.18543908346143498 76
1627553481511 0.18520763969944035 77
1627553481625 0.1849653048651892 78
1627553481744 0.18436134825945968 79
1627553481857 0.18409611733116443 80
1627553481956 0.1838204141456275 81
1627553482069 0.1835899742161617 82
1627553482163 0.18334442442680804 83
1627553482280 0.18302548199906274 84
1627553482378 0.18278784553756802 85
1627553482446 0.18257339475534037 86
1627553482528 0.18234589605233043 87
1627553482634 0.18200100690256554 88
1627553482705 0.18179593107321712 89
1627553482787 0.18158410221513216 90
1627553482913 0.18104584163291298 91
1627553483007 0.18083697730486883 92
1627553483068 0.18064249255749545 93
1627553483148 0.1804309370152822 94
1627553483268 0.18011580639098002 95
1627553483378 0.17961985284648094 96
1627553483466 0.1793384808355263 97
1627553483540 0.179147078229066 98
1627553483648 0.17895967256923295 99
1627553483766 0.1786766238346719 100
1627553483839 0.1784863153912575 101
1627553483913 0.17828819299569246 102
1627553483975 0.17810306544551166 103
1627553484048 0.17791824271801843 104
1627553484136 0.17756148258188661 105
1627553484218 0.17735050221969859 106
1627553484290 0.17713190587625513 107
1627553484381 0.17693641103008736 108
1627553484480 0.1766514719287118 109
1627553484558 0.17634147184223964 110
1627553484638 0.1761710524939773 111
1627553484708 0.1759948707189508 112
1627553484786 0.17582335065468724 113
1627553484882 0.17565634511119096 114
1627553484954 0.17549427729287356 115
1627553485025 0.17531823946743771 116
1627553485095 0.17512872365779464 117
1627553485161 0.1749650669065879 118
1627553485244 0.17480045721583262 119
1627553485329 0.1746451955894698 120
1627553485415 0.17448563629292663 121
1627553485490 0.17430843589822193 122
1627553485567 0.17414431275086228 123
1627553485657 0.17387100122847038 124
1627553485726 0.1736998536892247 125
1627553485801 0.17354926245699406 126
1627553485887 0.17339562351145746 127
1627553485972 0.17306056535647169 128
1627553486037 0.17290316480282947 129
1627553486114 0.1727229943761772 130
1627553486181 0.17257090225157876 131
1627553486257 0.1724031140969481 132
1627553486322 0.17224878460611198 133
1627553486400 0.17209369158957125 134
1627553486473 0.17193799828783823 135
1627553486543 0.17177651787437873 136
1627553486609 0.17163738247607316 137
1627553486685 0.17148999908327198 138
1627553486739 0.1713352546492371 139
1627553486850 0.17117755381052738 140
1627553486955 0.1708504930430746 141
1627553487040 0.17070558240972591 142
1627553487169 0.17038426296514655 143
1627553487235 0.17023914490229008 144
1627553487301 0.17009469881298933 145
1627553487381 0.16993922342986645 146
1627553487457 0.16977060000983382 147
1627553487520 0.1696279029051038 148
1627553487641 0.16941755967220395 149
1627553487711 0.16927772942219843 150
1627553487783 0.16913100839423242 151
1627553487860 0.16896280314928497 152
1627553487929 0.16881071476271073 153
1627553487999 0.16867899774574832 154
1627553488075 0.16851158523911303 155
1627553488141 0.1683758686506945 156
1627553488218 0.1682315097308592 157
1627553488315 0.16808153128711753 158
1627553488378 0.16795130296487662 159
1627553488451 0.16783149405326553 160
1627553488536 0.16770398268484882 161
1627553488661 0.16744655986803533 162
1627553488729 0.16728742031369379 163
1627553488799 0.16712035677129736 164
1627553488892 0.16698364374775868 165
1627553488969 0.1668488074489962 166
1627553489055 0.1666391880494817 167
1627553489145 0.16641559236900352 168
1627553489205 0.16628334903002986 169
1627553489260 0.16616606939841314 170
1627553489326 0.16604178861985572 171
1627553489381 0.16591929861071295 172
1627553489446 0.16578847053044518 173
1627553489503 0.16567407395872044 174
1627553489564 0.16555498517264214 175
1627553489638 0.16539886361157 176
1627553489714 0.16521453895944516 177
1627553489783 0.16508883452466105 178
1627553489848 0.16496209404843235 179
1627553489935 0.16483209902955717 180
1627553490033 0.1647149313123159 181
1627553490154 0.1645790521496404 182
1627553490244 0.1644606573194637 183
1627553490334 0.164325580712982 184
1627553490435 0.16420176204853765 185
1627553490507 0.16408908101536104 186
1627553490585 0.16396294049161517 187
1627553490673 0.16383349795937086 188
1627553490740 0.16371723878305172 189
1627553490811 0.16359370146216415 190
1627553490889 0.16341292786704734 191
1627553490954 0.16328517129703662 192
1627553491028 0.16310689700750364 193
1627553491086 0.1629884358633388 194
1627553491161 0.1628259842512586 195
1627553491237 0.16270453207145194 196
1627553491307 0.1625937396964762 197
1627553491372 0.16248593762827507 198
1627553491441 0.16237317642001545 199
1627553491527 0.16224472856381789 200
1627553491591 0.16212894678055417 201
1627553491670 0.16195772380331222 202
1627553491744 0.16184515414855458 203
1627553491811 0.1617336797391811 204
1627553491881 0.16162222802727222 205
1627553491946 0.16150354598195096 206
1627553492022 0.16139668021226292 207
1627553492090 0.161273260860083 208
1627553492169 0.16112712775997276 209
1627553492240 0.16101243587215233 210
1627553492300 0.1609093308612339 211
1627553492366 0.1607898819418859 212
1627553492437 0.16067165851721962 213
1627553492511 0.16055236308907891 214
1627553492572 0.16045277501865954 215
1627553492644 0.1603227502547468 216
1627553492707 0.16021442801883182 217
1627553492767 0.16010562443030696 218
1627553492830 0.159996336527053 219
1627553492890 0.15988180552319323 220
1627553492964 0.15977637429879454 221
1627553493031 0.15967541588389586 222
1627553493117 0.15954062670378644 223
1627553493193 0.15942829063791264 224
1627553493268 0.15930924443430358 225
1627553493346 0.15921622917256703 226
1627553493407 0.15910039163754444 227
1627553493473 0.1589791488146947 228
1627553493543 0.15886585692280744 229
1627553493606 0.15874507347485806 230
1627553493674 0.15862311917469732 231
1627553493807 0.15840324628251667 232
1627553493885 0.15824942530902905 233
1627553493957 0.15814378793068037 234
1627553494021 0.15803698612459635 235
1627553494091 0.15792763410951313 236
1627553494155 0.15781898363870756 237
1627553494220 0.157708359709644 238
1627553494294 0.15761124137775512 239
1627553494366 0.15750507382614404 240
1627553494428 0.15739785015714952 241
1627553494488 0.15730966018442183 242
1627553494559 0.1571874270457708 243
1627553494619 0.1570910332599166 244
1627553494691 0.15695772113119996 245
1627553494746 0.15685601589774104 246
1627553494815 0.15674516525986268 247
1627553494902 0.15660718793460324 248
1627553494960 0.15650989752798056 249
1627553495055 0.1563463358148499 250
1627553495107 0.15624894071066234 251
1627553495170 0.15614134905688465 252
1627553495235 0.15603816713923827 253
1627553495339 0.15594014476700435 254
1627553495398 0.15583671931080184 255
1627553495470 0.15572210703838246 256
1627553495531 0.15561995791809086 257
1627553495603 0.15550924092351076 258
1627553495684 0.15534224177590303 259
1627553495762 0.16112712775997276 260
1627553499809 0.5096305831811121 0
1627553499940 0.4701370977851876 1
1627553500055 0.43517957413040836 2
1627553500169 0.40451664303165047 3
1627553500287 0.3775547108773785 4
1627553500398 0.3540308196973559 5
1627553500506 0.3336747798179441 6
1627553500612 0.31612906056845824 7
1627553500721 0.30095670131993335 8
1627553500825 0.2878849836890122 9
1627553500944 0.2766371035297011 10
1627553501053 0.2669824562447862 11
1627553501158 0.25864888142800474 12
1627553501265 0.25158740517554884 13
1627553501372 0.24553161513673794 14
1627553501479 0.24049219212435577 15
1627553501576 0.23618798557887902 16
1627553501679 0.2325928617292235 17
1627553501779 0.2295416702498175 18
1627553501874 0.226775675004698 19
1627553501973 0.22437389966050922 20
1627553502066 0.22228076108080208 21
1627553502173 0.2204832227350674 22
1627553502269 0.21884115509134863 23
1627553502365 0.2172861755540788 24
1627553502462 0.21601569266082954 25
1627553502558 0.21493048916677812 26
1627553502648 0.21395315586896577 27
1627553502767 0.21299370349104507 28
1627553502871 0.21206186410735803 29
1627553502960 0.21125453079917292 30
1627553503052 0.21051741311965325 31
1627553503146 0.20955768460198188 32
1627553503230 0.20857060617616902 33
1627553503320 0.20779698183830214 34
1627553503405 0.20691159486501753 35
1627553503494 0.20589581498501638 36
1627553503579 0.20492202145570357 37
1627553503661 0.20406220691459925 38
1627553503752 0.20310453725379757 39
1627553503834 0.20267196177899632 40
1627553503919 0.20197328889209765 41
1627553504016 0.20131193664459335 42
1627553504106 0.20086639892132735 43
1627553504232 0.2004613223776807 44
1627553504344 0.20011894620657025 45
1627553504481 0.1991769749652405 46
1627553504557 0.19872796675900645 47
1627553504640 0.1984100462001081 48
1627553504725 0.19784617557722314 49
1627553504845 0.19668494189446636 50
1627553504925 0.19638430264761358 51
1627553505022 0.19534664220036904 52
1627553505124 0.19434377072766906 53
1627553505199 0.1940290697771202 54
1627553505282 0.1935877198120871 55
1627553505367 0.1932741358338782 56
1627553505444 0.19299634356303141 57
1627553505547 0.1926351969642134 58
1627553505649 0.19174487410072208 59
1627553505724 0.19148587429807243 60
1627553505813 0.19083892778098213 61
1627553505907 0.1901519441978265 62
1627553505981 0.1898909356599416 63
1627553506077 0.18947309526530767 64
1627553506176 0.1889231351731689 65
1627553506253 0.18868626226632204 66
1627553506332 0.18844389300297895 67
1627553506432 0.1877580535302599 68
1627553506514 0.187442420115863 69
1627553506612 0.1870973170793108 70
1627553506689 0.18684305943208823 71
1627553506769 0.18660146087749974 72
1627553506853 0.1863377719827909 73
1627553506935 0.18606191889498344 74
1627553507022 0.18578365520528312 75
1627553507115 0.18544868946150456 76
1627553507190 0.18523351352750814 77
1627553507264 0.18499934359616885 78
1627553507354 0.18447501836116847 79
1627553507436 0.18424544458307537 80
1627553507528 0.1837738014734395 81
1627553507615 0.1835168499853564 82
1627553507740 0.18331822665307612 83
1627553507846 0.18292743930484387 84
1627553507961 0.18257906447780808 85
1627553508043 0.18236291283134612 86
1627553508136 0.18195702056132879 87
1627553508225 0.18175574631645994 88
1627553508305 0.18153460221703405 89
1627553508385 0.18131955834676877 90
1627553508469 0.18105733050068726 91
1627553508553 0.18074445844533762 92
1627553508642 0.1805333187400014 93
1627553508738 0.18032322015411403 94
1627553508844 0.18005683697007396 95
1627553508933 0.17986838378573317 96
1627553509015 0.17966786053066108 97
1627553509086 0.17946957258117047 98
1627553509172 0.1792261535222989 99
1627553509277 0.17902615376144604 100
1627553509351 0.17884946571867663 101
1627553509435 0.178450891925979 102
1627553509504 0.178264492002537 103
1627553509570 0.17808081961403863 104
1627553509654 0.1778369910129495 105
1627553509753 0.17760760295499375 106
1627553509876 0.17744663000402475 107
1627553509999 0.17720529677024913 108
1627553510096 0.1769773704374703 109
1627553510185 0.17663684062208634 110
1627553510246 0.1764677840556853 111
1627553510317 0.176284712437045 112
1627553510387 0.1761175123615584 113
1627553510469 0.1759496530582707 114
1627553510544 0.17574396842932274 115
1627553510624 0.17555898658924843 116
1627553510695 0.17539505531026287 117
1627553510792 0.17522676873678558 118
1627553510935 0.17486863615357232 119
1627553511013 0.17470050337533574 120
1627553511086 0.17454337038420759 121
1627553511154 0.17437733905959085 122
1627553511235 0.1741676591917567 123
1627553511313 0.1739933723723392 124
1627553511381 0.17382375192168673 125
1627553511449 0.17366935469686334 126
1627553511519 0.17352232008987015 127
1627553511585 0.17337043192301466 128
1627553511657 0.17321572119770567 129
1627553511729 0.17306891487453677 130
1627553511815 0.17280047500360698 131
1627553511892 0.1725871272692196 132
1627553511955 0.17242415246592263 133
1627553512032 0.17220143543717098 134
1627553512091 0.1720470390492854 135
1627553512156 0.1719002268993448 136
1627553512235 0.17161911666941315 137
1627553512312 0.17146541209779298 138
1627553512373 0.17131536769151098 139
1627553512438 0.17116992882438328 140
1627553512522 0.17094858904393434 141
1627553512634 0.17080821848393973 142
1627553512709 0.17065762413783536 143
1627553512774 0.17050891380102842 144
1627553512845 0.17035972679487085 145
1627553512925 0.17019953752479383 146
1627553512992 0.1700587880475694 147
1627553513054 0.16992454235243365 148
1627553513121 0.169775163136642 149
1627553513198 0.16963811526543923 150
1627553513290 0.169352805449628 151
1627553513367 0.1691541176167257 152
1627553513443 0.16900578880519437 153
1627553513516 0.16885979629053652 154
1627553513584 0.16871367508595747 155
1627553513658 0.16856448043475636 156
1627553513733 0.1684180143398294 157
1627553513809 0.16828466378949786 158
1627553513877 0.16814689596695326 159
1627553513946 0.16799988295458776 160
1627553514023 0.1678494926044703 161
1627553514108 0.16767106759213207 162
1627553514175 0.16753799862833368 163
1627553514255 0.16741586325206567 164
1627553514320 0.16728130496132534 165
1627553514387 0.1671500549217491 166
1627553514448 0.167021721575225 167
1627553514513 0.16687939267884014 168
1627553514578 0.16675050722515417 169
1627553514657 0.16660379604015846 170
1627553514720 0.1664610505491758 171
1627553514790 0.16630661077824 172
1627553514857 0.1661762918069127 173
1627553514921 0.16605162809681007 174
1627553514991 0.16591959477141996 175
1627553515060 0.16579230384867558 176
1627553515139 0.1656518907906537 177
1627553515202 0.16553689708283723 178
1627553515278 0.16541451827447004 179
1627553515342 0.16529480301266877 180
1627553515398 0.1651824820527702 181
1627553515472 0.16506612118416303 182
1627553515540 0.16494828494612418 183
1627553515615 0.16481377644349068 184
1627553515696 0.1646702622990676 185
1627553515776 0.16454416573772954 186
1627553515836 0.16442818585141278 187
1627553515928 0.16422679001465224 188
1627553515993 0.16410257790955726 189
1627553516054 0.16397940743925427 190
1627553516128 0.16382735963769973 191
1627553516183 0.1637121307245073 192
1627553516259 0.16355195073515932 193
1627553516321 0.16343966026435275 194
1627553516405 0.163199859805758 195
1627553516480 0.16307622625446133 196
1627553516560 0.16293858953841145 197
1627553516645 0.16277845032046995 198
1627553516719 0.16265430111803061 199
1627553516814 0.1625347351122574 200
1627553516894 0.1623532638544111 201
1627553516956 0.16223509556660257 202
1627553517010 0.16212180972678183 203
1627553517099 0.16195125033180544 204
1627553517158 0.1618406020506794 205
1627553517242 0.16165378864922694 206
1627553517331 0.1615327203606154 207
1627553517399 0.1614242889314174 208
1627553517457 0.16131280714299187 209
1627553517514 0.16121139657945224 210
1627553517585 0.16110191769018742 211
1627553517653 0.16099234183305217 212
1627553517734 0.1608721348505778 213
1627553517835 0.16076127259266204 214
1627553517913 0.16065898010233803 215
1627553517980 0.1605532450727905 216
1627553518094 0.16043745485926936 217
1627553518169 0.16032162156755514 218
1627553518237 0.16020367153471576 219
1627553518325 0.16008528074031864 220
1627553518386 0.15998980909098628 221
1627553518462 0.1598890628423827 222
1627553518526 0.15978420730959575 223
1627553518594 0.1596533442265436 224
1627553518666 0.15953991108207477 225
1627553518737 0.15942412008733656 226
1627553518809 0.15930955153143722 227
1627553518893 0.15919290216340987 228
1627553518967 0.1590679102422465 229
1627553519025 0.1589620328900863 230
1627553519084 0.1588604067223491 231
1627553519147 0.15874663402170264 232
1627553519218 0.1586236001680735 233
1627553519300 0.15843785415857942 234
1627553519358 0.15833215014656363 235
1627553519423 0.15822578227838482 236
1627553519495 0.15811516130496547 237
1627553519562 0.1580075771314291 238
1627553519637 0.15790182024038263 239
1627553519707 0.15779811089339432 240
1627553519775 0.1576887304974115 241
1627553519842 0.15758226762279662 242
1627553519934 0.157487628885712 243
1627553520012 0.15737821107085193 244
1627553520095 0.1572430958383085 245
1627553520151 0.1571417461238526 246
1627553520210 0.1570371348314366 247
1627553520281 0.1569287316072321 248
1627553520353 0.15682961187801886 249
1627553520444 0.15668298617327617 250
1627553520509 0.1565815498413019 251
1627553520588 0.15647651375726096 252
1627553520668 0.15636594605345402 253
1627553520743 0.15626647843214192 254
1627553520804 0.1561717007614951 255
1627553520870 0.15606634933937158 256
1627553520937 0.15596588379143408 257
1627553521000 0.15586660035948835 258
1627553521064 0.15577675126420132 259
1627553521130 0.15567051280146693 260
1627553521187 0.15556738244895452 261
1627553521259 0.15543224489255675 262
1627553521312 0.15534503767097146 263
1627553521383 0.15523888156823412 264
1627553521445 0.15513684829498342 265
1627553521510 0.15504295700908297 266
1627553521587 0.15493534518841195 267
1627553521647 0.1548412784397099 268
1627553521707 0.15475034624262277 269
1627553521776 0.15464745298649898 270
1627553521854 0.15451006127782066 271
1627553521916 0.15442098694436188 272
1627553521977 0.15431776119876606 273
1627553522058 0.154187282936474 274
1627553522122 0.1540940507069599 275
1627553522183 0.1539895939607102 276
1627553522244 0.1538906753760896 277
1627553522311 0.15378582898210053 278
1627553522390 0.1536927246400075 279
1627553522462 0.15359277639636487 280
1627553522524 0.15350260308574593 281
1627553522599 0.15338714416475366 282
1627553522683 0.15328597328750393 283
1627553522749 0.15319019054281588 284
1627553522812 0.15309762117111486 285
1627553522894 0.1529981113233066 286
1627553522955 0.15290521978490826 287
1627553523028 0.15281220290528508 288
1627553523096 0.15272514819052752 289
1627553523164 0.15263757170205566 290
1627553523226 0.15255787020800446 291
1627553523290 0.15246665540451335 292
1627553523363 0.15236906310993686 293
1627553523433 0.15227019578314277 294
1627553523492 0.1521857942285411 295
1627553523551 0.15208620872718256 296
1627553523620 0.15198903037106448 297
1627553523708 0.15189755435937513 298
1627553523782 0.15180863105355874 299
1627553523860 0.1517199873058282 300
1627553523955 0.15668298617327617 301
