1627566709384 0.5090790531621674 0
1627566709505 0.4698414583260557 1
1627566709614 0.43513759805089824 2
1627566709722 0.40461016150553475 3
1627566709841 0.37782342647229955 4
1627566709953 0.3545288389694128 5
1627566710083 0.33432378081901937 6
1627566710195 0.3169144108394273 7
1627566710305 0.30188692630292097 8
1627566710415 0.28894850298717756 9
1627566710520 0.2777580052002339 10
1627566710622 0.26819868760533183 11
1627566710724 0.2599899390907218 12
1627566710826 0.25306185788181823 13
1627566710924 0.24708037518139234 14
1627566711025 0.24211038774777707 15
1627566711161 0.23778808343337807 16
1627566711271 0.23427985911053395 17
1627566711401 0.2312347553825703 18
1627566711553 0.22844871199870612 19
1627566711651 0.22607291598082196 20
1627566711758 0.2240813432537399 21
1627566711870 0.2224306906585032 22
1627566711978 0.22086229178989203 23
1627566712076 0.21950943032780765 24
1627566712167 0.21824092419746877 25
1627566712258 0.21709106010359472 26
1627566712344 0.2160052940046522 27
1627566712438 0.215127747974378 28
1627566712524 0.21413376721362826 29
1627566712605 0.21335265232522851 30
1627566712694 0.21266298747628015 31
1627566712781 0.21178463444984397 32
1627566712872 0.21108654616080494 33
1627566712955 0.21057685037574214 34
1627566713035 0.2099291708744318 35
1627566713143 0.2090345459858987 36
1627566713231 0.20848018228898269 37
1627566713311 0.20797970838895438 38
1627566713403 0.2070514213916396 39
1627566713488 0.2066384421161607 40
1627566713584 0.20559836136106954 41
1627566713665 0.2051073988454067 42
1627566713766 0.20431057349510615 43
1627566713854 0.20380394265145726 44
1627566713933 0.20348465099267807 45
1627566714028 0.20293849622820626 46
1627566714110 0.20232094752257054 47
1627566714231 0.20177717825966132 48
1627566714365 0.20094376982008902 49
1627566714469 0.2002637727900733 50
1627566714571 0.19992910216318396 51
1627566714697 0.19956524574049853 52
1627566714799 0.19881937431692145 53
1627566714874 0.19853129947354697 54
1627566714982 0.19814855545929405 55
1627566715125 0.1975801037326615 56
1627566715241 0.1972507275779108 57
1627566715336 0.19691082402343385 58
1627566715467 0.19620851534510278 59
1627566715593 0.1959081158212344 60
1627566715706 0.19565768846611017 61
1627566715788 0.1950865101963744 62
1627566715857 0.19485805007100596 63
1627566715939 0.19458664199410167 64
1627566716022 0.1942810944148925 65
1627566716098 0.1940395386335139 66
1627566716213 0.1935383485507624 67
1627566716335 0.19304238213631095 68
1627566716451 0.1925496757500825 69
1627566716545 0.19228202392804142 70
1627566716643 0.19206788381275058 71
1627566716726 0.19173570375967944 72
1627566716807 0.19147961641526529 73
1627566716887 0.19109908670375672 74
1627566716967 0.19087754248501024 75
1627566717045 0.19062238910488213 76
1627566717121 0.19037368881744152 77
1627566717195 0.19016221903606934 78
1627566717274 0.18997381012516487 79
1627566717347 0.18975056619985156 80
1627566717430 0.18940866782091667 81
1627566717509 0.1891903690954705 82
1627566717595 0.18873026085890623 83
1627566717674 0.18834958936184334 84
1627566717771 0.1881026122337953 85
1627566717833 0.1879238429876571 86
1627566717912 0.18769428723440884 87
1627566718057 0.18730633231385166 88
1627566718136 0.1870871727011901 89
1627566718249 0.18677116224050505 90
1627566718324 0.1864238870917376 91
1627566718417 0.18624058760559672 92
1627566718497 0.18601155465357394 93
1627566718571 0.18576548381987687 94
1627566718665 0.18557937076243836 95
1627566718748 0.18542475304887818 96
1627566718825 0.18504964430698378 97
1627566718912 0.1846712211964765 98
1627566718985 0.18450582422963172 99
1627566719086 0.18427605741504338 100
1627566719168 0.18411182126524722 101
1627566719263 0.18393883158803348 102
1627566719385 0.18370858013966543 103
1627566719493 0.18353824358169327 104
1627566719616 0.1831991726593482 105
1627566719686 0.1830270129250088 106
1627566719772 0.18279280880594506 107
1627566719848 0.18262896202650294 108
1627566719924 0.18246685717621283 109
1627566720006 0.18224627713228292 110
1627566720078 0.18207860797895697 111
1627566720144 0.18192424470728943 112
1627566720213 0.1817474122117336 113
1627566720287 0.18147207565221404 114
1627566720369 0.18127724017575667 115
1627566720438 0.1811211366412973 116
1627566720520 0.18079274084116087 117
1627566720597 0.1806230522971262 118
1627566720680 0.1804623001384848 119
1627566720742 0.18032147849438682 120
1627566720817 0.18017130192463765 121
1627566720923 0.18002527200999752 122
1627566721046 0.1798735461936421 123
1627566721138 0.17973405567822523 124
1627566721237 0.17950940976740348 125
1627566721301 0.17936290259334461 126
1627566721387 0.1792179478568823 127
1627566721492 0.17898029947614152 128
1627566721634 0.1786716372861269 129
1627566721738 0.17845268898999875 130
1627566721801 0.17832357910902916 131
1627566721878 0.17813425180038314 132
1627566721976 0.1779718992791859 133
1627566722070 0.17780461513365642 134
1627566722147 0.17763895654990491 135
1627566722222 0.17749546224697862 136
1627566722300 0.17737308767024082 137
1627566722441 0.17713032412405555 138
1627566722540 0.1768676367060103 139
1627566722621 0.17672697736082654 140
1627566722723 0.17658899374330178 141
1627566722830 0.17644950389095743 142
1627566722901 0.17632173303437068 143
1627566722979 0.17608948063073468 144
1627566723037 0.17596069827771002 145
1627566723116 0.17583058130143614 146
1627566723172 0.17571578213753786 147
1627566723227 0.17559446250222324 148
1627566723309 0.17537180664275978 149
1627566723403 0.17524258813975296 150
1627566723474 0.17511646470709188 151
1627566723547 0.17497989041837075 152
1627566723601 0.17486808255083447 153
1627566723675 0.17470278474128614 154
1627566723742 0.17458667764922603 155
1627566723808 0.1744675486051177 156
1627566723862 0.17436388177886306 157
1627566723939 0.17424357241260907 158
1627566724021 0.17407147112924545 159
1627566724105 0.17394393824842883 160
1627566724169 0.17382927520146482 161
1627566724244 0.1736949239001803 162
1627566724322 0.17351057571096895 163
1627566724385 0.1733970720044343 164
1627566724452 0.17328251298229172 165
1627566724505 0.1731698112489928 166
1627566724568 0.17305519625223506 167
1627566724643 0.17294176864591904 168
1627566724723 0.17277916556379638 169
1627566724790 0.17265166158663484 170
1627566724842 0.17254154552389572 171
1627566724891 0.1724522690719098 172
1627566724942 0.17233588420472742 173
1627566724990 0.17221794326860998 174
1627566725059 0.17209771243235933 175
1627566725120 0.1719701279846981 176
1627566725194 0.17184496451313086 177
1627566725279 0.17164090219023798 178
1627566725348 0.17152241952844313 179
1627566725419 0.17140128562706616 180
1627566725476 0.17129036767161337 181
1627566725541 0.1711504324949361 182
1627566725593 0.17103679474355615 183
1627566725655 0.1709408917310205 184
1627566725730 0.17082883602525856 185
1627566725794 0.17071271698128182 186
1627566725854 0.1706150132222243 187
1627566725911 0.17052428975879919 188
1627566725969 0.17040540214949174 189
1627566726035 0.17030940370947012 190
1627566726111 0.17012742778115308 191
1627566726159 0.17004253920451257 192
1627566726222 0.16994555187185462 193
1627566726270 0.16985998149265677 194
1627566726332 0.16975640973402625 195
1627566726395 0.16965339610588556 196
1627566726477 0.16944013427764204 197
1627566726560 0.1691866593713852 198
1627566726635 0.16904333845511627 199
1627566726717 0.16894053111596838 200
1627566726775 0.16884302736434775 201
1627566726862 0.1687316475249954 202
1627566726924 0.1686189306939639 203
1627566726995 0.16851844309103062 204
1627566727060 0.16842064801982035 205
1627566727138 0.16831247372891783 206
1627566727207 0.16821562144152577 207
1627566727298 0.16809762916290133 208
1627566727396 0.1678857560815709 209
1627566727453 0.16778469594858747 210
1627566727529 0.1676695617539991 211
1627566727601 0.1675592240117997 212
1627566727661 0.16747879317612 213
1627566727730 0.16739228783340213 214
1627566727795 0.16726134802245446 215
1627566727854 0.16716576559240406 216
1627566727914 0.16704824920723893 217
1627566727980 0.16695038983562832 218
1627566728047 0.16683328894112523 219
1627566728111 0.16674477539738264 220
1627566728179 0.1666418358387737 221
1627566728225 0.16655986271700113 222
1627566728267 0.1664812738030258 223
1627566728319 0.16640028708479132 224
1627566728382 0.1663086724514734 225
1627566728426 0.16623681294358447 226
1627566728497 0.1661264645860107 227
1627566728566 0.16601205580135847 228
1627566728637 0.16589390671066348 229
1627566728685 0.16581547034665134 230
1627566728745 0.16572948443311178 231
1627566728812 0.16564171501699415 232
1627566728866 0.16555298016561276 233
1627566728937 0.16545173605221986 234
1627566728994 0.16535459716388154 235
1627566729048 0.1652819348300476 236
1627566729123 0.16513547723726849 237
1627566729200 0.16498789951195733 238
1627566729259 0.16489717481228353 239
1627566729334 0.16477679033656187 240
1627566729406 0.1646740568293874 241
1627566729469 0.16458362964907491 242
1627566729557 0.16449125124726444 243
1627566729649 0.16439336144392358 244
1627566729756 0.16430408834899918 245
1627566729869 0.16418636142256685 246
1627566729976 0.16407203145362936 247
1627566730041 0.16396015598235197 248
1627566730102 0.16385613872907967 249
1627566730174 0.16377047529932742 250
1627566730235 0.16367840936020253 251
1627566730293 0.1635864958235002 252
1627566730340 0.16350971574491974 253
1627566730416 0.16334736588334717 254
1627566730470 0.16324803746470143 255
1627566730541 0.16314831675075708 256
1627566730593 0.1630634055583781 257
1627566730651 0.1629745463563026 258
1627566730779 0.16281587247739288 259
1627566730871 0.1627291957937425 260
1627566730970 0.16265093452359367 261
1627566731043 0.16257024657377428 262
1627566731122 0.16241267737982004 263
1627566731185 0.16232766411996177 264
1627566731243 0.1622558913661687 265
1627566731313 0.1621703144772284 266
1627566731380 0.16208299643959012 267
1627566731440 0.1619974528922101 268
1627566731497 0.16190830630997716 269
1627566731572 0.16182775557456522 270
1627566731634 0.16174615349270288 271
1627566731701 0.16165201590690978 272
1627566731750 0.16156692149028112 273
1627566731813 0.16148158301166143 274
1627566731863 0.16140839570600996 275
1627566731934 0.1612646942609178 276
1627566731988 0.1611827024346891 277
1627566732051 0.16108742250334432 278
1627566732115 0.1610104436306041 279
1627566732188 0.16092774234305113 280
1627566732272 0.16085993738791382 281
1627566732323 0.16078539556900961 282
1627566732384 0.16070537856900582 283
1627566732463 0.16062527445629693 284
1627566732537 0.1605622676781099 285
1627566732594 0.16047701277140328 286
1627566732653 0.16039007625713145 287
1627566732712 0.16030566919020017 288
1627566732766 0.1602327991796171 289
1627566732830 0.16015156517208504 290
1627566732905 0.16002066981613502 291
1627566732975 0.15992339016850457 292
1627566733027 0.15985232032178487 293
1627566733105 0.1597567753083158 294
1627566733156 0.1596840169093497 295
1627566733228 0.1595992463381936 296
1627566733286 0.15951850754712446 297
1627566733343 0.15943804930300945 298
1627566733408 0.15935759638398517 299
1627566733481 0.15929681922880815 300
1627566733539 0.15921314680984602 301
1627566733600 0.15912619746843518 302
1627566733656 0.15905593154689193 303
1627566733709 0.15897699005329752 304
1627566733774 0.15888945309989794 305
1627566733851 0.1588210632679305 306
1627566733910 0.15874673843797854 307
1627566733967 0.1586755291520695 308
1627566734030 0.1585864140132472 309
1627566734112 0.1585186114852669 310
1627566734172 0.15844145748671898 311
1627566734231 0.15837476205091733 312
1627566734282 0.15829843493381662 313
1627566734337 0.15821782170749432 314
1627566734391 0.15815186740525408 315
1627566734453 0.1580746426530279 316
1627566734519 0.1579887020300252 317
1627566734570 0.15792499031139967 318
1627566734638 0.15786014065392684 319
1627566734699 0.15777738406855454 320
1627566734752 0.15770374976488913 321
1627566734822 0.15761668986091135 322
1627566734867 0.1575545751492071 323
1627566734921 0.15746859377523129 324
1627566734989 0.1573946900438433 325
1627566735039 0.1573181066911279 326
1627566735102 0.15724181259462466 327
1627566735181 0.15717014791132122 328
1627566735249 0.15706925496257906 329
1627566735319 0.1610104436306041 330
1627566739339 0.5084100049712714 0
1627566739459 0.46922230415670146 1
1627566739567 0.43469300632413643 2
1627566739675 0.4043172251381179 3
1627566739788 0.377635473277338 4
1627566739903 0.3543999189299608 5
1627566740013 0.33435790112871727 6
1627566740122 0.31698505598067195 7
1627566740253 0.3020801684719323 8
1627566740376 0.2891737751410196 9
1627566740528 0.2780161473769008 10
1627566740656 0.26849783109421055 11
1627566740764 0.2602962031651894 12
1627566740864 0.25339806921876323 13
1627566740960 0.24743045864326718 14
1627566741060 0.24243131498566278 15
1627566741159 0.23817331774017667 16
1627566741266 0.2346742653771195 17
1627566741364 0.23162589954404167 18
1627566741459 0.22880757400230006 19
1627566741553 0.22651229611657944 20
1627566741647 0.2245080107020396 21
1627566741745 0.22280767784066985 22
1627566741851 0.22123861959421484 23
1627566741944 0.21983079482044443 24
1627566742031 0.21869404444032423 25
1627566742146 0.21755424314506264 26
1627566742233 0.21657315921922807 27
1627566742325 0.21556891313165796 28
1627566742421 0.21459007142303943 29
1627566742502 0.2137483729294309 30
1627566742586 0.2130229653834567 31
1627566742680 0.21228130678607324 32
1627566742771 0.21159397339774863 33
1627566742851 0.2109537290785751 34
1627566742934 0.21001114011303249 35
1627566743025 0.20919705389256854 36
1627566743116 0.20841731074949832 37
1627566743202 0.20758363427973264 38
1627566743284 0.20687261508144889 39
1627566743368 0.20638112028215708 40
1627566743482 0.20559718991605377 41
1627566743602 0.2048974337086636 42
1627566743700 0.2042061971516247 43
1627566743786 0.2037470504986444 44
1627566743865 0.20342906849391892 45
1627566743959 0.20279182057626952 46
1627566744046 0.2023599901148896 47
1627566744136 0.20180181469316774 48
1627566744227 0.2014733752861309 49
1627566744334 0.20067984655039545 50
1627566744404 0.20034998903527415 51
1627566744488 0.20005601998620748 52
1627566744576 0.19931252655753054 53
1627566744660 0.1987064702696661 54
1627566744734 0.19840119180531282 55
1627566744818 0.1979722328693797 56
1627566744894 0.19764651995897503 57
1627566744976 0.19717143052029218 58
1627566745063 0.19688786369627845 59
1627566745144 0.19661262215897488 60
1627566745253 0.1959101815153001 61
1627566745338 0.19549970797144214 62
1627566745413 0.1952568491554572 63
1627566745496 0.19496453223141305 64
1627566745575 0.19467942178256895 65
1627566745659 0.19440347810204647 66
1627566745739 0.19414654868430542 67
1627566745821 0.19384238019715622 68
1627566745913 0.19333965403158612 69
1627566745997 0.1930845932209079 70
1627566746072 0.1928585413680585 71
1627566746164 0.19233465902619046 72
1627566746246 0.19211382173282068 73
1627566746326 0.19186667471134003 74
1627566746424 0.19149865311054726 75
1627566746518 0.19096233070313218 76
1627566746591 0.1907563029645274 77
1627566746677 0.19051143323168004 78
1627566746765 0.19007640834043366 79
1627566746836 0.18977580846856013 80
1627566746913 0.18956403370152416 81
1627566746996 0.18933732031937123 82
1627566747064 0.1891347829163132 83
1627566747149 0.18866548742152126 84
1627566747238 0.18845364906536274 85
1627566747319 0.18817120009934998 86
1627566747391 0.18795906914539579 87
1627566747469 0.187699903104363 88
1627566747551 0.1874701764902832 89
1627566747614 0.18727307412416797 90
1627566747699 0.18708129273162694 91
1627566747761 0.186908392926141 92
1627566747838 0.18656284308242954 93
1627566747925 0.18637090636636633 94
1627566748016 0.18613536757645566 95
1627566748096 0.18593695199419907 96
1627566748194 0.18561081425957174 97
1627566748266 0.18534327380523008 98
1627566748371 0.18501471724339696 99
1627566748475 0.18462124745239436 100
1627566748557 0.18442750172484068 101
1627566748632 0.1841869963308398 102
1627566748704 0.18401752987508038 103
1627566748775 0.18385080921831495 104
1627566748851 0.18365098613581543 105
1627566748923 0.18347701500565514 106
1627566748997 0.1832538611438944 107
1627566749075 0.18308856126478723 108
1627566749157 0.18276281461354493 109
1627566749233 0.1825922246831286 110
1627566749316 0.18232342015288738 111
1627566749377 0.18216141441344566 112
1627566749449 0.1819158731797073 113
1627566749530 0.1817530065438917 114
1627566749602 0.18159903019138982 115
1627566749670 0.1814531037846237 116
1627566749754 0.18130262948702952 117
1627566749838 0.18114563602001088 118
1627566749926 0.180900004434283 119
1627566750016 0.1807191376743682 120
1627566750103 0.18044668463092572 121
1627566750170 0.1802794900633084 122
1627566750270 0.17999971313881283 123
1627566750354 0.17986065311858412 124
1627566750428 0.17972065850999464 125
1627566750517 0.179462241984709 126
1627566750576 0.1793162326542898 127
1627566750669 0.1790248234793439 128
1627566750755 0.17880437184961406 129
1627566750824 0.17865780958768454 130
1627566750897 0.17847169838663363 131
1627566750963 0.17834350242048821 132
1627566751036 0.17820089825218485 133
1627566751113 0.17807095338117837 134
1627566751192 0.1779181295940107 135
1627566751267 0.1777652367675533 136
1627566751342 0.17757451731199528 137
1627566751399 0.1774526504128382 138
1627566751471 0.17731863761419306 139
1627566751531 0.17717133661856804 140
1627566751608 0.17701799571006863 141
1627566751678 0.17688388040436542 142
1627566751732 0.17677002145352355 143
1627566751812 0.1765972260232751 144
1627566751884 0.17645764465834124 145
1627566751966 0.17632128471200312 146
1627566752017 0.17619788174951423 147
1627566752089 0.17606045587684885 148
1627566752155 0.17592985890486107 149
1627566752233 0.17581333505803834 150
1627566752315 0.17566172381586337 151
1627566752402 0.17553477568178788 152
1627566752480 0.17540116075681353 153
1627566752561 0.17519127166249135 154
1627566752686 0.17498515676185417 155
1627566752757 0.17487615018822397 156
1627566752847 0.1747448737947436 157
1627566752950 0.1746254578701004 158
1627566753008 0.17451758230226777 159
1627566753092 0.17429025771204604 160
1627566753147 0.17418203847506455 161
1627566753214 0.17407718240016298 162
1627566753284 0.17396055541097952 163
1627566753342 0.173848055874503 164
1627566753402 0.17372103227470662 165
1627566753471 0.1735883993325574 166
1627566753542 0.17343176056737414 167
1627566753634 0.17317676986099564 168
1627566753697 0.17305218236772885 169
1627566753764 0.17294241891941206 170
1627566753819 0.1728228519514452 171
1627566753892 0.17264318817749608 172
1627566753966 0.1725254957988703 173
1627566754040 0.17241123756320215 174
1627566754116 0.17232240935652024 175
1627566754194 0.1722000979623532 176
1627566754257 0.17208559084620056 177
1627566754344 0.1718970868670838 178
1627566754441 0.17177754784021926 179
1627566754539 0.17166119847376854 180
1627566754623 0.17153533987271286 181
1627566754693 0.17140243960222665 182
1627566754776 0.1712990798340913 183
1627566754867 0.17118200903065714 184
1627566754948 0.17107062219839306 185
1627566755014 0.17095622113665915 186
1627566755089 0.17082452243788918 187
1627566755202 0.1706894175770558 188
1627566755306 0.17053519791998786 189
1627566755424 0.17036432138589544 190
1627566755476 0.17026154611825828 191
1627566755541 0.17012971821653639 192
1627566755611 0.1700150223301004 193
1627566755666 0.1699114947883538 194
1627566755716 0.16981198060321906 195
1627566755792 0.16963176444629888 196
1627566755859 0.16950331424712406 197
1627566755927 0.16938889503944682 198
1627566755992 0.16928241238710098 199
1627566756061 0.1691810832235859 200
1627566756129 0.16907443619078202 201
1627566756181 0.16898772221776753 202
1627566756245 0.16888617321541186 203
1627566756336 0.16878384240824099 204
1627566756405 0.1686865806940507 205
1627566756468 0.16857869690335991 206
1627566756535 0.1684801867957824 207
1627566756601 0.16837719062958664 208
1627566756669 0.1682822875774865 209
1627566756735 0.16818885108667087 210
1627566756833 0.16806307654180883 211
1627566756885 0.1679672311241943 212
1627566756953 0.16787824015699188 213
1627566757015 0.16778827312811012 214
1627566757083 0.1676991613547183 215
1627566757149 0.16760474631341482 216
1627566757207 0.16750789130382998 217
1627566757271 0.16740336601928757 218
1627566757346 0.16724737795392303 219
1627566757412 0.167158261927558 220
1627566757485 0.16705203496017548 221
1627566757554 0.16692067112153006 222
1627566757603 0.16683300583599242 223
1627566757671 0.1667405107725896 224
1627566757733 0.16665116376810404 225
1627566757787 0.16656705073078595 226
1627566757836 0.16647934336844056 227
1627566757899 0.16637899495360653 228
1627566757974 0.1661938371971804 229
1627566758033 0.16609092957560928 230
1627566758106 0.16600157007235275 231
1627566758199 0.1658720390994649 232
1627566758259 0.1657845921424546 233
1627566758315 0.1656962366873631 234
1627566758429 0.16553806891501902 235
1627566758504 0.1654574796088542 236
1627566758568 0.1653774268544224 237
1627566758630 0.1652713039257647 238
1627566758681 0.16518383429784575 239
1627566758746 0.1650905717539241 240
1627566758800 0.16499817894369048 241
1627566758869 0.1648828476265715 242
1627566758932 0.16479872389909342 243
1627566758996 0.1646985009378957 244
1627566759075 0.16453937350943973 245
1627566759133 0.16444353837150397 246
1627566759195 0.16435213233341123 247
1627566759261 0.1642626265156391 248
1627566759310 0.1641779573260729 249
1627566759377 0.16409729016630367 250
1627566759429 0.1640121602134208 251
1627566759481 0.16392679273835137 252
1627566759544 0.16383341772527862 253
1627566759621 0.16367847875038136 254
1627566759685 0.16357976656799428 255
1627566759750 0.16347403149627926 256
1627566759821 0.16338932978776644 257
1627566759899 0.1632426234087563 258
1627566759954 0.16316384151204108 259
1627566760015 0.16307704680007312 260
1627566760073 0.1629979323743379 261
1627566760137 0.16290990490664176 262
1627566760204 0.1628212230982922 263
1627566760264 0.1627400944136606 264
1627566760321 0.1626565538830932 265
1627566760416 0.16255776683333 266
1627566760492 0.16246984786814106 267
1627566760544 0.16238898729889534 268
1627566760611 0.16230427377110437 269
1627566760659 0.16222467203588137 270
1627566760714 0.16215132424974996 271
1627566760769 0.1620641810612426 272
1627566760833 0.16198012765367242 273
1627566760924 0.1619062088750012 274
1627566761006 0.16181763158087348 275
1627566761063 0.1617206034806011 276
1627566761137 0.16164526917354605 277
1627566761202 0.16156729002592712 278
1627566761264 0.16147958089685677 279
1627566761338 0.1613627819260005 280
1627566761406 0.16126655435948617 281
1627566761473 0.1611893420525959 282
1627566761531 0.16111102506644048 283
1627566761583 0.1610361081092479 284
1627566761640 0.1609527965697401 285
1627566761694 0.16086920881300834 286
1627566761753 0.1607894478791906 287
1627566761814 0.1607033972881601 288
1627566761880 0.1606187302420426 289
1627566761959 0.16046837645478865 290
1627566762063 0.16036040525829626 291
1627566762140 0.16027470367963678 292
1627566762201 0.1601873972900682 293
1627566762248 0.1601165926353817 294
1627566762306 0.16003409137403782 295
1627566762358 0.15994485738539646 296
1627566762428 0.15985142527798102 297
1627566762503 0.15971940687377315 298
1627566762556 0.15965500570523242 299
1627566762619 0.15959093179131695 300
1627566762671 0.15951145644742837 301
1627566762730 0.15943912000077165 302
1627566762788 0.15934591596598857 303
1627566762849 0.15925883992601947 304
1627566762900 0.15918117653189948 305
1627566762950 0.1590975144618852 306
1627566763008 0.1590373517301983 307
1627566763077 0.15895351364286625 308
1627566763127 0.15888496092405194 309
1627566763179 0.1588025927615603 310
1627566763241 0.15872320935339346 311
1627566763336 0.15863936346905008 312
1627566763403 0.1585827991756146 313
1627566763462 0.15850566755764775 314
1627566763529 0.15843246698036817 315
1627566763610 0.15836407510136358 316
1627566763687 0.15828646681650882 317
1627566763737 0.15821837406822942 318
1627566763799 0.15813383511975493 319
1627566763849 0.15805502291782814 320
1627566763911 0.15795989566918694 321
1627566763964 0.15788470775530505 322
1627566764032 0.15779898374616858 323
1627566764082 0.15772936495911136 324
1627566764136 0.15766780674323455 325
1627566764188 0.1575949437291547 326
1627566764249 0.15752225843480358 327
1627566764311 0.1574549643816065 328
1627566764383 0.15734045430604338 329
1627566764432 0.15726628724447278 330
1627566764483 0.1571921059789293 331
1627566764536 0.1571268972106684 332
1627566764598 0.15704227593665468 333
1627566764655 0.15698181690025334 334
1627566764705 0.15691445590948594 335
1627566764755 0.1568478703266457 336
1627566764803 0.1567922180707581 337
1627566764860 0.15672169777682385 338
1627566764917 0.15665135573691308 339
1627566764980 0.15657166074291906 340
1627566765046 0.15649419357877747 341
1627566765118 0.15640714754217452 342
1627566765165 0.1563445958647471 343
1627566765228 0.15627188528090094 344
1627566765280 0.15620278052381592 345
1627566765345 0.15612733074061447 346
1627566765406 0.15603417957951887 347
1627566765455 0.15596622079496633 348
1627566765516 0.15587337609897597 349
1627566765604 0.15574814989370367 350
1627566765658 0.15568180606144094 351
1627566765711 0.15560781758334935 352
1627566765776 0.1555320207128714 353
1627566765838 0.15545382100023378 354
1627566765912 0.15925883992601947 355
1627566769907 0.5091049764707763 0
1627566770032 0.46998262643447564 1
1627566770143 0.4353372565510758 2
1627566770251 0.40484590551871585 3
1627566770388 0.3780368064097203 4
1627566770500 0.3547759415661375 5
1627566770663 0.3345828657161331 6
1627566770826 0.31716458595121777 7
1627566770967 0.3021835996474893 8
1627566771126 0.2892488624615176 9
1627566771232 0.27805701126336385 10
1627566771339 0.26856113642659574 11
1627566771445 0.2603100032022814 12
1627566771563 0.2533664971009809 13
1627566771666 0.2474496731069174 14
1627566771803 0.24242470850404269 15
1627566771902 0.23816798947264567 16
1627566772005 0.23461175155526742 17
1627566772163 0.23154884289338995 18
1627566772280 0.22873386237108542 19
1627566772374 0.2263633062636918 20
1627566772490 0.2243216099544755 21
1627566772603 0.22262883329701696 22
1627566772703 0.221065103658198 23
1627566772792 0.219676855447361 24
1627566772878 0.2184524689058061 25
1627566772965 0.21728078122562247 26
1627566773057 0.21616162644260503 27
1627566773145 0.21527864213449155 28
1627566773233 0.21432664183439068 29
1627566773324 0.21338564485520428 30
1627566773443 0.21247671870878504 31
1627566773557 0.2116970027193453 32
1627566773665 0.21088246732466112 33
1627566773779 0.210302681274391 34
1627566773870 0.20967975203926945 35
1627566773958 0.20916975828653855 36
1627566774040 0.2083486161195803 37
1627566774123 0.2078496511923558 38
1627566774208 0.20698626227035036 39
1627566774291 0.2064900104175562 40
1627566774374 0.20584152642049036 41
1627566774451 0.2049703788449791 42
1627566774535 0.20443713714043532 43
1627566774621 0.20384837009891707 44
1627566774696 0.20352686661117234 45
1627566774796 0.20253071854286567 46
1627566774886 0.2021501160611097 47
1627566774967 0.2018663144723797 48
1627566775057 0.2015144017495376 49
1627566775154 0.20106699205694945 50
1627566775240 0.20074782269279037 51
1627566775367 0.20003053357604236 52
1627566775463 0.19926720490398797 53
1627566775539 0.1989756764126689 54
1627566775631 0.19830037417754864 55
1627566775724 0.19753532849475935 56
1627566775805 0.1970968856435679 57
1627566775879 0.19680964422883782 58
1627566775966 0.19652470614866238 59
1627566776082 0.19607469791921614 60
1627566776187 0.19583679395935735 61
1627566776283 0.19519112931207502 62
1627566776363 0.19486546626545287 63
1627566776475 0.1945804345830346 64
1627566776578 0.19400570414313517 65
1627566776672 0.19363459425497445 66
1627566776756 0.19342109005300484 67
1627566776897 0.19280316010479204 68
1627566776977 0.1924713177684966 69
1627566777060 0.19195969565754445 70
1627566777132 0.1917124590255253 71
1627566777206 0.1914783010369334 72
1627566777287 0.1912506280596194 73
1627566777368 0.1910085931499454 74
1627566777452 0.19075903002699576 75
1627566777533 0.19053189363933445 76
1627566777624 0.19010911757929824 77
1627566777700 0.18989945785719645 78
1627566777774 0.18969505111836943 79
1627566777852 0.18950894241662294 80
1627566777949 0.1890113727492509 81
1627566778034 0.1887612212226704 82
1627566778151 0.18850983703205024 83
1627566778255 0.18801926513200773 84
1627566778360 0.18779927256100587 85
1627566778428 0.18759026268978393 86
1627566778504 0.18737886295698175 87
1627566778585 0.18703218189749035 88
1627566778658 0.18682687029180284 89
1627566778733 0.18664693343366343 90
1627566778824 0.1862004198032128 91
1627566778915 0.18579857961550883 92
1627566778999 0.18543601901097778 93
1627566779082 0.18524064719071495 94
1627566779150 0.18499008818175586 95
1627566779216 0.18482518638648784 96
1627566779294 0.1845314445323447 97
1627566779374 0.1842273765911036 98
1627566779450 0.1840134737082847 99
1627566779575 0.18385032223157147 100
1627566779689 0.18365986654437463 101
1627566779806 0.18342219366246298 102
1627566779880 0.1832505618959608 103
1627566779976 0.18302609591469973 104
1627566780073 0.18280068048051742 105
1627566780182 0.18262586892545865 106
1627566780279 0.18244702520138495 107
1627566780366 0.18228060540943586 108
1627566780445 0.18211108315909233 109
1627566780553 0.18192783628520165 110
1627566780660 0.18176472613041575 111
1627566780775 0.18155149434334428 112
1627566780829 0.18140812823322144 113
1627566780915 0.18120395912407478 114
1627566780994 0.18104823045786855 115
1627566781075 0.18080296399041634 116
1627566781148 0.1806600179239311 117
1627566781215 0.18050031197394742 118
1627566781289 0.18033787569369442 119
1627566781364 0.18016605204570996 120
1627566781421 0.1799999910718677 121
1627566781483 0.17983702752102643 122
1627566781559 0.17967756013796513 123
1627566781649 0.17933242369553729 124
1627566781727 0.1791540445106053 125
1627566781799 0.17900527944591188 126
1627566781877 0.1788436277332923 127
1627566781959 0.1787041464803352 128
1627566782054 0.17847680148656378 129
1627566782144 0.17824165024795618 130
1627566782246 0.1780988693022425 131
1627566782332 0.17790064031168634 132
1627566782407 0.17776311697373073 133
1627566782486 0.177517213483338 134
1627566782540 0.17738864734236237 135
1627566782612 0.17719810075773526 136
1627566782678 0.17706047577187375 137
1627566782744 0.1769284636722988 138
1627566782828 0.1767556910470278 139
1627566782895 0.17659690491318564 140
1627566782978 0.17633361289716307 141
1627566783025 0.1762242494991069 142
1627566783098 0.17608481486660468 143
1627566783169 0.1759566604098539 144
1627566783239 0.17579765848839962 145
1627566783310 0.1756763183923545 146
1627566783386 0.17551809490772785 147
1627566783452 0.17538586623527874 148
1627566783539 0.17513092423021306 149
1627566783622 0.17498219969878878 150
1627566783698 0.17485661497270738 151
1627566783759 0.1747377616510729 152
1627566783815 0.17463402269859613 153
1627566783884 0.1745043924527312 154
1627566783952 0.17437265454177245 155
1627566784011 0.17426416429422814 156
1627566784067 0.17415016474948364 157
1627566784148 0.17400343360502984 158
1627566784216 0.17387369346849194 159
1627566784281 0.17375388648427373 160
1627566784339 0.17361748828786808 161
1627566784405 0.17350009891207968 162
1627566784472 0.17339508624948644 163
1627566784526 0.1733029686741261 164
1627566784602 0.1731818805869514 165
1627566784667 0.17306575008659736 166
1627566784732 0.17293962799085064 167
1627566784800 0.17280020303247146 168
1627566784858 0.17267884997816937 169
1627566784925 0.17255090649911842 170
1627566785011 0.17243300895501854 171
1627566785115 0.17232505897411934 172
1627566785194 0.17216555035435432 173
1627566785258 0.17205345283355852 174
1627566785319 0.1719309786278875 175
1627566785395 0.17177611681874938 176
1627566785473 0.1716185106544431 177
1627566785538 0.1715010012072848 178
1627566785599 0.17139118614199364 179
1627566785660 0.1712761250570305 180
1627566785725 0.17115464796783927 181
1627566785805 0.17097695603268015 182
1627566785883 0.17078145990678884 183
1627566785959 0.17066276530518948 184
1627566786087 0.17052371443331857 185
1627566786141 0.17043008306763754 186
1627566786190 0.1703202158268671 187
1627566786234 0.1702378499085023 188
1627566786316 0.17003108455158664 189
1627566786372 0.1699324044427969 190
1627566786430 0.16982354065416558 191
1627566786487 0.16972002828689345 192
1627566786545 0.1696156979979061 193
1627566786614 0.1695066685047903 194
1627566786678 0.16939135837810954 195
1627566786735 0.1692972602851425 196
1627566786807 0.16919506853906166 197
1627566786873 0.1690898343346999 198
1627566786939 0.1689891801887244 199
1627566787019 0.16888246077906297 200
1627566787069 0.16880100900301628 201
1627566787158 0.16862424747775107 202
1627566787229 0.1684936898754398 203
1627566787293 0.16839412224174463 204
1627566787358 0.16828981706634993 205
1627566787413 0.16819756426146715 206
1627566787469 0.1681170906739698 207
1627566787533 0.1680284974466942 208
1627566787594 0.16794081161570232 209
1627566787664 0.16782843755472296 210
1627566787739 0.16772798195961142 211
1627566787796 0.16763651788574727 212
1627566787869 0.1674925932743202 213
1627566787929 0.16739429475096732 214
1627566788000 0.16723989280592266 215
1627566788051 0.16714994135376796 216
1627566788108 0.1670456569779018 217
1627566788164 0.16696650343380479 218
1627566788234 0.16685534458513088 219
1627566788302 0.1667599170058292 220
1627566788366 0.1666525019543509 221
1627566788433 0.1665264380612077 222
1627566788499 0.1664153244135329 223
1627566788553 0.16633217928310973 224
1627566788621 0.16624033131074223 225
1627566788672 0.16615710509885348 226
1627566788783 0.16600722273259458 227
1627566788880 0.16590195426806278 228
1627566788969 0.1658090090638381 229
1627566789053 0.16570697539753532 230
1627566789112 0.16560648146427032 231
1627566789172 0.16552062639607895 232
1627566789228 0.1654288956505399 233
1627566789299 0.16533852119591497 234
1627566789357 0.16524837101488396 235
1627566789419 0.1651465304696832 236
1627566789468 0.16507570726600573 237
1627566789521 0.1649927831821629 238
1627566789579 0.1649055981169932 239
1627566789641 0.1648280571697016 240
1627566789706 0.16472525905084992 241
1627566789770 0.1646246272032041 242
1627566789830 0.16453693234417902 243
1627566789885 0.1644439465178994 244
1627566789947 0.16435516022464727 245
1627566790029 0.16426129101188078 246
1627566790114 0.16417558633065957 247
1627566790189 0.16409086703499487 248
1627566790240 0.16401758308061007 249
1627566790307 0.16394080054672397 250
1627566790360 0.16386976083229518 251
1627566790460 0.1637674315751646 252
1627566790547 0.16369101834406036 253
1627566790645 0.16360264936150717 254
1627566790709 0.16349518684236808 255
1627566790765 0.16340091133269694 256
1627566790828 0.16332410447223591 257
1627566790887 0.16323497291674371 258
1627566790950 0.16314807058598485 259
1627566791004 0.16305819182832165 260
1627566791071 0.16296923492953427 261
1627566791140 0.1628868243042451 262
1627566791215 0.16281206015190844 263
1627566791277 0.16271656486996972 264
1627566791359 0.16261227687685914 265
1627566791498 0.16243588826696972 266
1627566791559 0.16236427721237665 267
1627566791646 0.16227067702055925 268
1627566791695 0.16219260636889754 269
1627566791752 0.16211036087540398 270
1627566791816 0.16201781547085486 271
1627566791875 0.16194080962286314 272
1627566791939 0.16184950076471513 273
1627566791997 0.16177288175343252 274
1627566792052 0.1616873674152046 275
1627566792117 0.16159996814531036 276
1627566792191 0.16152098890494893 277
1627566792248 0.16142908352117932 278
1627566792305 0.16135040570329845 279
1627566792354 0.16128679292521947 280
1627566792416 0.16118873163985692 281
1627566792469 0.16111383842990104 282
1627566792528 0.1610311067974604 283
1627566792581 0.16094233419704818 284
1627566792665 0.16082009273299971 285
1627566792760 0.1606822949059226 286
1627566792867 0.160537154977184 287
1627566792953 0.16045693764789942 288
1627566793043 0.16037743186905487 289
1627566793143 0.16024197005583748 290
1627566793247 0.16015933705017515 291
1627566793324 0.16009461578102036 292
1627566793383 0.16001239817005963 293
1627566793439 0.1599333555765035 294
1627566793514 0.15985403073329876 295
1627566793594 0.15979011549681593 296
1627566793691 0.15969495603471962 297
1627566793752 0.15961887579235762 298
1627566793838 0.15954814357881994 299
1627566793933 0.1594770250729816 300
1627566794009 0.15941570796090798 301
1627566794079 0.15934166545836895 302
1627566794165 0.1592694910681148 303
1627566794222 0.15918809844938536 304
1627566794271 0.15911358296939018 305
1627566794330 0.15903874229815532 306
1627566794397 0.15892979618218547 307
1627566794450 0.15886601016408927 308
1627566794501 0.1588070460771997 309
1627566794545 0.158742315922501 310
1627566794611 0.15866475669255892 311
1627566794659 0.15858701878428996 312
1627566794751 0.15850629878007236 313
1627566794811 0.15842671676858672 314
1627566794888 0.1583103415379993 315
1627566794943 0.1582329872968214 316
1627566794989 0.15816922959641094 317
1627566795049 0.1580865315613441 318
1627566795097 0.15801384002708038 319
1627566795172 0.1578912234455524 320
1627566795230 0.15781268207318422 321
1627566795280 0.15775178349047975 322
1627566795339 0.15767779776747268 323
1627566795401 0.15759592775871936 324
1627566795460 0.15752482054825498 325
1627566795510 0.1574506574244062 326
1627566795571 0.1573776278605003 327
1627566795630 0.15730616871095057 328
1627566795724 0.15718604670743813 329
1627566795821 0.15710254465938334 330
1627566795913 0.1570234259666576 331
1627566795995 0.1569466032828216 332
1627566796065 0.15686699720446487 333
1627566796135 0.15676687785337046 334
1627566796189 0.15669335693560907 335
1627566796256 0.15661517080328732 336
1627566796321 0.15654409970571861 337
1627566796387 0.15647316461344385 338
1627566796441 0.15640046961158172 339
1627566796492 0.15633175924084344 340
1627566796556 0.15624387316458974 341
1627566796606 0.15617443896720873 342
1627566796662 0.15609883441010436 343
1627566796727 0.1560217771063011 344
1627566796783 0.15594441072889495 345
1627566796844 0.15587573831072704 346
1627566796904 0.1557967787513445 347
1627566796953 0.1557259996890471 348
1627566796999 0.15565892635121029 349
1627566797077 0.15558780533560984 350
1627566797138 0.15551400892325706 351
1627566797202 0.15543625409491482 352
1627566797248 0.15538303273323975 353
1627566797294 0.15531342627442132 354
1627566797345 0.15525441010557914 355
1627566797401 0.15518115610440503 356
1627566797476 0.15507518583250837 357
1627566797605 0.15494606741118105 358
1627566797682 0.15488218585374822 359
1627566797777 0.15480423150972392 360
1627566797865 0.15470795375486246 361
1627566797938 0.15463527148271414 362
1627566797995 0.1545723434223197 363
1627566798046 0.154508017551525 364
1627566798112 0.1544301683355374 365
1627566798175 0.15435308547867033 366
1627566798241 0.15427902621473216 367
1627566798291 0.15422305021925434 368
1627566798340 0.1541650206962459 369
1627566798398 0.1540899273698406 370
1627566798451 0.1540357892945277 371
1627566798517 0.15396461934551314 372
1627566798577 0.1538971038692231 373
1627566798648 0.15382993272041914 374
1627566798715 0.1537687984908224 375
1627566798765 0.1537052250682708 376
1627566798816 0.15364203348084454 377
1627566798869 0.1535690055107281 378
1627566798944 0.15350296370427918 379
1627566799006 0.15343495323741402 380
1627566799061 0.15337019379640723 381
1627566799113 0.15330182939082374 382
1627566799171 0.1532188443391519 383
1627566799233 0.15315153944469762 384
1627566799289 0.1530831851736221 385
1627566799342 0.15301190547310364 386
1627566799393 0.1529373762904725 387
1627566799444 0.15286446777879414 388
1627566799493 0.15280387573571616 389
1627566799545 0.15273952736623958 390
1627566799599 0.1526755533999344 391
1627566799646 0.1526231476112241 392
1627566799694 0.152555169856749 393
1627566799743 0.1524997422400846 394
1627566799789 0.15244436409605305 395
1627566799840 0.15237860252647215 396
1627566799900 0.1523081604171788 397
1627566799947 0.15224410325157794 398
1627566800000 0.15219576076844932 399
1627566800068 0.15212883979083153 400
1627566800116 0.15206875818147864 401
1627566800161 0.15201476453269244 402
1627566800210 0.151945279178054 403
1627566800260 0.15188051262054725 404
1627566800334 0.15182253184283612 405
1627566800428 0.1517511301983676 406
1627566800511 0.1516696252276336 407
1627566800571 0.15160381672652876 408
1627566800619 0.15155233958796188 409
1627566800687 0.1514856711093395 410
1627566800760 0.15142484789107097 411
1627566800813 0.151380305476838 412
1627566800898 0.15463527148271414 413
1627566805187 0.5071457504707326 0
1627566805325 0.4681037510055411 1
1627566805508 0.43366082875111406 2
1627566805626 0.4033858056787827 3
1627566805752 0.37676803311234813 4
1627566805915 0.35366278851482214 5
1627566806027 0.33361435560355535 6
1627566806160 0.3162993222759135 7
1627566806267 0.30137197124431403 8
1627566806381 0.2885017431328785 9
1627566806487 0.27740294890979195 10
1627566806594 0.26792547898269103 11
1627566806697 0.25975375140661194 12
1627566806801 0.25289327862719363 13
1627566806902 0.24691427595335222 14
1627566807036 0.24196358157978104 15
1627566807191 0.23772961589559855 16
1627566807293 0.2342128911262406 17
1627566807433 0.23116680953622495 18
1627566807574 0.22838942604549678 19
1627566807669 0.2260630129143681 20
1627566807765 0.2240842773774887 21
1627566807861 0.2223970478484638 22
1627566807949 0.220774607961114 23
1627566808042 0.21925015097848213 24
1627566808128 0.21806403513472936 25
1627566808211 0.21693297990643565 26
1627566808299 0.21593018666145153 27
1627566808388 0.21496839045479882 28
1627566808468 0.21407705112489536 29
1627566808556 0.21318074630565595 30
1627566808649 0.21240263759557915 31
1627566808732 0.21160147770755164 32
1627566808817 0.21085379306751895 33
1627566808915 0.21021762582986436 34
1627566809037 0.209344409527005 35
1627566809170 0.20849776181308236 36
1627566809308 0.20778532732953323 37
1627566809390 0.20720759384120457 38
1627566809477 0.20646452386136346 39
1627566809557 0.20592534781544186 40
1627566809636 0.20522537025564766 41
1627566809712 0.20473323454080913 42
1627566809796 0.20405988415080106 43
1627566809889 0.2033183489989191 44
1627566809969 0.20297994983045337 45
1627566810059 0.20207613708118682 46
1627566810145 0.2013488066285441 47
1627566810223 0.20106042106397126 48
1627566810309 0.20070549299077164 49
1627566810407 0.20033660077299803 50
1627566810490 0.19997574385010145 51
1627566810570 0.1996969543629569 52
1627566810651 0.19903499399226213 53
1627566810741 0.19839501232822496 54
1627566810821 0.19812398171064544 55
1627566810961 0.19739172864001536 56
1627566811057 0.19710293714911317 57
1627566811148 0.19649168229286157 58
1627566811262 0.1961961996273326 59
1627566811340 0.19595102074066306 60
1627566811433 0.19569902946056297 61
1627566811513 0.19541119991093467 62
1627566811596 0.19503333959521646 63
1627566811695 0.19434642406076497 64
1627566811784 0.19411352503850154 65
1627566811870 0.19380400952520466 66
1627566811965 0.1932951722131242 67
1627566812057 0.19269943919503893 68
1627566812162 0.19243984221504434 69
1627566812273 0.19217758289976664 70
1627566812362 0.19194183747974855 71
1627566812434 0.19171364279495465 72
1627566812520 0.19147857170973928 73
1627566812609 0.19090061209175352 74
1627566812699 0.19047001926132606 75
1627566812783 0.190134704996488 76
1627566812859 0.18990963869930041 77
1627566812930 0.18969773038649637 78
1627566813007 0.18943165525168462 79
1627566813121 0.18900856415327685 80
1627566813238 0.18850621909837265 81
1627566813318 0.1882776257273307 82
1627566813390 0.18809563457547235 83
1627566813484 0.1878677061574544 84
1627566813587 0.18765071681042178 85
1627566813695 0.18746274742971245 86
1627566813790 0.18725586208071968 87
1627566813870 0.1870457267797937 88
1627566813947 0.18685261182512736 89
1627566814021 0.18656876629014404 90
1627566814100 0.18640327431443154 91
1627566814182 0.18602412415272432 92
1627566814270 0.1856905237254252 93
1627566814346 0.18551170611686474 94
1627566814440 0.18529331331607216 95
1627566814510 0.18512328025641978 96
1627566814588 0.18488527960400664 97
1627566814670 0.18457451674504433 98
1627566814747 0.18435903456285374 99
1627566814832 0.18412490889986244 100
1627566814908 0.1839484676782816 101
1627566814991 0.18366545196212078 102
1627566815080 0.18342006764461394 103
1627566815166 0.18309278556337547 104
1627566815249 0.18293544080325577 105
1627566815323 0.1827617594813129 106
1627566815395 0.1826067243929114 107
1627566815481 0.18243423601131079 108
1627566815599 0.1820949303771878 109
1627566815683 0.18193066816808542 110
1627566815769 0.18176784056694734 111
1627566815859 0.1816111345872139 112
1627566815932 0.18146073750848862 113
1627566816007 0.18131283505533416 114
1627566816080 0.1811399222584761 115
1627566816146 0.18098321576183102 116
1627566816227 0.1806853435106626 117
1627566816300 0.18052096161909678 118
1627566816374 0.18036906968703834 119
1627566816460 0.18001239575052672 120
1627566816534 0.17985669139436067 121
1627566816629 0.17969187394611189 122
1627566816706 0.1795232489878299 123
1627566816775 0.1793711401717067 124
1627566816857 0.17917796188335328 125
1627566816920 0.17904281112126666 126
1627566817005 0.1787706843460775 127
1627566817097 0.17846242324983577 128
1627566817167 0.17831301562558416 129
1627566817236 0.17812962607184127 130
1627566817306 0.17799589131656157 131
1627566817395 0.17785820305069647 132
1627566817499 0.17771674220574152 133
1627566817578 0.17758522498739632 134
1627566817650 0.17741495566131246 135
1627566817723 0.17727203128376445 136
1627566817789 0.17714646087342453 137
1627566817867 0.17695473209881815 138
1627566817938 0.17679447201794177 139
1627566818011 0.17665475570008124 140
1627566818091 0.1765076589024756 141
1627566818162 0.17638156876871897 142
1627566818228 0.17625296782614996 143
1627566818301 0.1760995826929401 144
1627566818379 0.1759625301387219 145
1627566818469 0.17580771102197787 146
1627566818539 0.1756188382562399 147
1627566818592 0.1754935259774328 148
1627566818666 0.17532805599298468 149
1627566818731 0.17520932385136356 150
1627566818805 0.1750914079510612 151
1627566818881 0.1749118173793854 152
1627566818941 0.17477868706988778 153
1627566818998 0.17465285949643422 154
1627566819071 0.17450917115591855 155
1627566819152 0.17429645307985897 156
1627566819217 0.17417715854998997 157
1627566819292 0.17405921098910293 158
1627566819358 0.17391967421072752 159
1627566819434 0.17374879065681378 160
1627566819497 0.17363687741240846 161
1627566819558 0.17352527647494886 162
1627566819628 0.17341765664344264 163
1627566819706 0.17328123445479685 164
1627566819765 0.1731646490011677 165
1627566819830 0.173040662006345 166
1627566819905 0.17292629467210918 167
1627566819957 0.1728298725479187 168
1627566820030 0.17266607388594646 169
1627566820096 0.17255053039545737 170
1627566820162 0.17243444940666705 171
1627566820229 0.1722610769637503 172
1627566820301 0.17214142045695563 173
1627566820362 0.1720291046240568 174
1627566820425 0.17189452647914008 175
1627566820510 0.17169153594685793 176
1627566820570 0.1715810872094645 177
1627566820629 0.1714773196400561 178
1627566820683 0.17136524266075961 179
1627566820735 0.17126227067591976 180
1627566820799 0.1711332743745616 181
1627566820870 0.17096343969728103 182
1627566820939 0.17085539262889637 183
1627566820988 0.17075837509915828 184
1627566821055 0.17060538865768243 185
1627566821108 0.17050874321808077 186
1627566821172 0.17039445968809924 187
1627566821237 0.17028846025832364 188
1627566821286 0.17019571602795844 189
1627566821355 0.17008741161145988 190
1627566821420 0.16996027104371664 191
1627566821506 0.16982063070343903 192
1627566821563 0.16972773968865543 193
1627566821645 0.1696096024410142 194
1627566821736 0.1695109518324939 195
1627566821852 0.1693526632427291 196
1627566821932 0.16925755221934338 197
1627566822024 0.16914533779060223 198
1627566822120 0.16900212472074658 199
1627566822190 0.16890907755069173 200
1627566822250 0.16880780055210215 201
1627566822331 0.16863274888998386 202
1627566822401 0.1685182072433942 203
1627566822450 0.16842928998591677 204
1627566822504 0.16831922326738674 205
1627566822569 0.1682281119577874 206
1627566822648 0.1680257734366055 207
1627566822713 0.167901774455706 208
1627566822781 0.16781177914764028 209
1627566822847 0.16769710493349071 210
1627566822896 0.16760989835714052 211
1627566822946 0.16751038737830623 212
1627566823013 0.16740390855985984 213
1627566823084 0.16729769352506504 214
1627566823143 0.1671962626691182 215
1627566823217 0.16704239788931893 216
1627566823275 0.16694515246719355 217
1627566823341 0.1668415494525639 218
1627566823400 0.16674409548679212 219
1627566823455 0.16665233825562858 220
1627566823533 0.16656111206519628 221
1627566823602 0.16647284847238925 222
1627566823714 0.16632395981177453 223
1627566823790 0.16618762948468188 224
1627566823870 0.16606454525979542 225
1627566823979 0.16593135415467047 226
1627566824027 0.16585460463678284 227
1627566824088 0.16575988514271062 228
1627566824160 0.16568002206737256 229
1627566824241 0.16557745428376008 230
1627566824317 0.16549470717890874 231
1627566824456 0.1653211342003646 232
1627566824547 0.1652210780730016 233
1627566824641 0.16514198397619792 234
1627566824710 0.1650312942839831 235
1627566824764 0.16494861236635905 236
1627566824816 0.16486749667273426 237
1627566824874 0.16477816865827977 238
1627566824924 0.16469608969018484 239
1627566824983 0.1646055310666163 240
1627566825043 0.16451572568007378 241
1627566825097 0.1644309090706772 242
1627566825142 0.16433961206584172 243
1627566825199 0.16424791611339987 244
1627566825255 0.16416451095041062 245
1627566825310 0.16407393636802747 246
1627566825381 0.16395731943091257 247
1627566825453 0.16386952446782893 248
1627566825512 0.16377704525205966 249
1627566825592 0.16368019235525144 250
1627566825648 0.16358991303395412 251
1627566825703 0.16350527880579332 252
1627566825769 0.1634104105897261 253
1627566825851 0.16332196855101277 254
1627566825912 0.16322405588785838 255
1627566825984 0.1630952130439718 256
1627566826053 0.16300163129295656 257
1627566826107 0.162924749898871 258
1627566826196 0.1627816041893157 259
1627566826258 0.1626803385149396 260
1627566826316 0.162595562453272 261
1627566826390 0.16244859775101408 262
1627566826446 0.16236682121299467 263
1627566826499 0.16227971633328123 264
1627566826556 0.16218778006674753 265
1627566826618 0.1620979977640245 266
1627566826678 0.16201641958182422 267
1627566826731 0.1619279473406001 268
1627566826804 0.16181411675478236 269
1627566826856 0.16174384067536235 270
1627566826923 0.16165328409764748 271
1627566826968 0.16157662288886543 272
1627566827016 0.16150490890573357 273
1627566827078 0.16141380853164966 274
1627566827139 0.16132199975297123 275
1627566827198 0.16123641743496103 276
1627566827253 0.16116726539999846 277
1627566827321 0.16107434549778563 278
1627566827396 0.16095243835216178 279
1627566827505 0.1608339136790367 280
1627566827577 0.16076934595350323 281
1627566827679 0.16069332911620368 282
1627566827748 0.16061267375695354 283
1627566827806 0.16052997050231763 284
1627566827857 0.16045440192085667 285
1627566827930 0.16037173381038278 286
1627566827985 0.16028786337668172 287
1627566828046 0.16021399322447713 288
1627566828107 0.16013884886688154 289
1627566828163 0.16006690224525982 290
1627566828221 0.15999088704276462 291
1627566828276 0.15990177111980058 292
1627566828339 0.15982095489698273 293
1627566828401 0.15973646187921806 294
1627566828452 0.1596570586872192 295
1627566828506 0.15957344391563927 296
1627566828561 0.15949655928374107 297
1627566828619 0.1594241293447135 298
1627566828674 0.15935778700835146 299
1627566828744 0.1592824962969819 300
1627566828815 0.1591913311006147 301
1627566828870 0.15912840719771268 302
1627566828923 0.15906258154173575 303
1627566828976 0.15898591176388258 304
1627566829037 0.15890561030937178 305
1627566829097 0.15881750346921492 306
1627566829164 0.15873391622702535 307
1627566829260 0.15864925401621988 308
1627566829322 0.15857608622719468 309
1627566829384 0.15849280450506123 310
1627566829440 0.15842393591897203 311
1627566829491 0.15836438145362888 312
1627566829540 0.15829671390654979 313
1627566829595 0.1582301875800489 314
1627566829646 0.158162354796078 315
1627566829703 0.158079547545254 316
1627566829757 0.15801570815932153 317
1627566829863 0.15789512115696483 318
1627566829916 0.1578206090682825 319
1627566829963 0.15776124749732448 320
1627566830022 0.15767737097409948 321
1627566830073 0.15760632237700611 322
1627566830143 0.15748578170755853 323
1627566830203 0.15741034920956548 324
1627566830271 0.15733095145745427 325
1627566830316 0.15727327918578116 326
1627566830374 0.15720033360427862 327
1627566830470 0.1570702420927815 328
1627566830569 0.15693402490508046 329
1627566830617 0.1568569101754497 330
1627566830695 0.15675658458667324 331
1627566830759 0.15666995695717564 332
1627566830819 0.1565937721287088 333
1627566830897 0.15652491009569608 334
1627566830949 0.1564650036815085 335
1627566831015 0.15638109666429634 336
1627566831067 0.15631933269762197 337
1627566831140 0.15624979528442856 338
1627566831224 0.15618619820891333 339
1627566831294 0.15610327933198972 340
1627566831349 0.15604015720931202 341
1627566831412 0.15596285425292314 342
1627566831471 0.15588492696341022 343
1627566831518 0.1558239563682719 344
1627566831576 0.15574379145082043 345
1627566831621 0.15567162192882464 346
1627566831667 0.1556082131145254 347
1627566831735 0.15552679157784385 348
1627566831786 0.15545453972361462 349
1627566831860 0.15539053663741387 350
1627566831918 0.15533060930521536 351
1627566831984 0.1552620852654349 352
1627566832063 0.15516519551619368 353
1627566832123 0.1551061966658178 354
1627566832171 0.1550333409524553 355
1627566832224 0.1549821359680755 356
1627566832291 0.15490435965162688 357
1627566832356 0.1548387794849886 358
1627566832439 0.15476618768096997 359
1627566832528 0.15464716322244962 360
1627566832593 0.15456537736365367 361
1627566832668 0.15450634410407116 362
1627566832750 0.1544280065965725 363
1627566832816 0.15433528679755903 364
1627566832867 0.15427008584603388 365
1627566832932 0.15421918183507705 366
1627566833004 0.15410919525355526 367
1627566833053 0.15404963452003564 368
1627566833102 0.15400063327599176 369
1627566833153 0.15393302467506603 370
1627566833204 0.15386867352064829 371
1627566833274 0.15376003487246886 372
1627566833332 0.1536919174546451 373
1627566833394 0.15362155588421222 374
1627566833452 0.1535508800709027 375
1627566833504 0.1534881517821254 376
1627566833561 0.1534187937340905 377
1627566833605 0.1533559299033043 378
1627566833654 0.15328514679753688 379
1627566833707 0.1532244212338343 380
1627566833759 0.15316277510447926 381
1627566833809 0.15309271839331257 382
1627566833860 0.15303794814117602 383
1627566833904 0.15297262311702392 384
1627566833967 0.15289308300077048 385
1627566834016 0.15283561777989194 386
1627566834062 0.15277672895897018 387
1627566834110 0.15271333806624313 388
1627566834162 0.15265858743665256 389
1627566834217 0.1525977144078391 390
1627566834273 0.15253212224524426 391
1627566834335 0.15246001062167758 392
1627566834391 0.15238821376585135 393
1627566834450 0.15233101953210496 394
1627566834502 0.15226227238873333 395
1627566834554 0.15219960428393486 396
1627566834605 0.15213965728608445 397
1627566834672 0.15205815472360343 398
1627566834720 0.15200532957490562 399
1627566834783 0.15193812788198569 400
1627566834841 0.15186574877683873 401
1627566834890 0.15180557021270286 402
1627566834945 0.1517349124317917 403
1627566835001 0.15165971723323587 404
1627566835072 0.1515911377883899 405
1627566835170 0.15152541094108124 406
1627566835245 0.15147727081468162 407
1627566835317 0.15142208628962206 408
1627566835375 0.1513562973056361 409
1627566835434 0.15129882153454993 410
1627566835491 0.15121811790157477 411
1627566835550 0.1511446070195033 412
1627566835609 0.15108261038795315 413
1627566835664 0.15102003757251467 414
1627566835717 0.15094328831982007 415
1627566835768 0.15087904944171973 416
1627566835828 0.1508085439560488 417
1627566835915 0.15410919525355526 418
1627566840054 0.5099358456846924 0
1627566840229 0.4705943052688932 1
1627566840364 0.43590882031879297 2
1627566840473 0.4054615663436642 3
1627566840592 0.3786596830553314 4
1627566840703 0.3553434466946984 5
1627566840818 0.33511787081444755 6
1627566840928 0.3176575255019859 7
1627566841041 0.30264300934736793 8
1627566841146 0.2896303316002798 9
1627566841259 0.2784182001600199 10
1627566841371 0.26887041429881936 11
1627566841470 0.26060432259127503 12
1627566841573 0.25370155211172357 13
1627566841672 0.24771136650230222 14
1627566841771 0.2427177564237737 15
1627566841872 0.23840576864172566 16
1627566841980 0.23483726164732166 17
1627566842084 0.23177595648135996 18
1627566842182 0.22903374042068037 19
1627566842287 0.22662498717316243 20
1627566842383 0.2246725278134525 21
1627566842483 0.22297820482909197 22
1627566842580 0.2212935802961537 23
1627566842677 0.21999745040186688 24
1627566842764 0.21881341496227946 25
1627566842851 0.2176768966549277 26
1627566842943 0.21663251078583842 27
1627566843065 0.21567173456790736 28
1627566843147 0.21469761012467078 29
1627566843232 0.21382493854625811 30
1627566843348 0.21311952757888133 31
1627566843460 0.2122358830713181 32
1627566843551 0.2115040022865756 33
1627566843640 0.21098569846352203 34
1627566843728 0.21007259800542974 35
1627566843816 0.20935634017970148 36
1627566843905 0.20845791424384863 37
1627566843993 0.20802303786636261 38
1627566844072 0.20746544785025256 39
1627566844152 0.20706216880152067 40
1627566844234 0.20632215172339 41
1627566844314 0.20552872970211178 42
1627566844393 0.20471953064562312 43
1627566844476 0.20410775875728374 44
1627566844556 0.20380571165853134 45
1627566844648 0.20283718651822757 46
1627566844727 0.20248976353285617 47
1627566844808 0.20218123995104104 48
1627566844897 0.20184968037170412 49
1627566844994 0.20126139142704527 50
1627566845073 0.2009009606545201 51
1627566845169 0.20004308769463158 52
1627566845255 0.19960582755767692 53
1627566845332 0.1992781044958629 54
1627566845419 0.19868090171796088 55
1627566845504 0.19805732531640466 56
1627566845582 0.19769904458543072 57
1627566845665 0.19744737385512154 58
1627566845798 0.19680681451704518 59
1627566845917 0.19653006895911376 60
1627566846029 0.1962407730891876 61
1627566846115 0.1957977975257086 62
1627566846187 0.19554490966897958 63
1627566846270 0.19502550144470743 64
1627566846354 0.19466365394793056 65
1627566846432 0.19439923344649007 66
1627566846505 0.19415285053035797 67
1627566846590 0.1936522469538842 68
1627566846669 0.19330256176687047 69
1627566846755 0.19309010139111524 70
1627566846848 0.19285501802684846 71
1627566846936 0.19263265777389044 72
1627566847016 0.19239538513900595 73
1627566847115 0.19215690528245288 74
1627566847226 0.1915444479182874 75
1627566847304 0.19128210496596276 76
1627566847386 0.1910506365212243 77
1627566847483 0.1905903170892743 78
1627566847559 0.19039346003443647 79
1627566847655 0.18991518353398038 80
1627566847735 0.1895986065405625 81
1627566847818 0.18933822058348218 82
1627566847897 0.18903519478741934 83
1627566847978 0.18863196663765533 84
1627566848051 0.18842485887039082 85
1627566848125 0.18822186389708373 86
1627566848196 0.1880411264463767 87
1627566848275 0.18784326711008761 88
1627566848354 0.18763741913224846 89
1627566848432 0.1874353132822268 90
1627566848513 0.18709338259025682 91
1627566848601 0.1866442791483045 92
1627566848667 0.18645771748783901 93
1627566848753 0.18626519223432117 94
1627566848829 0.18602979338229586 95
1627566848900 0.18586810898691838 96
1627566848983 0.18545200383753385 97
1627566849061 0.18522855211523043 98
1627566849142 0.1850263883113732 99
1627566849285 0.18464236996276032 100
1627566849369 0.18442059750205742 101
1627566849435 0.1842599285386054 102
1627566849517 0.18405850820427674 103
1627566849604 0.18389382761688589 104
1627566849685 0.1837317477845542 105
1627566849758 0.18356193962206432 106
1627566849831 0.18338698495098754 107
1627566849948 0.18314773974714824 108
1627566850036 0.18298126984130567 109
1627566850129 0.18258216421794146 110
1627566850215 0.1823907673279921 111
1627566850285 0.18223880721394953 112
1627566850359 0.18204217925822497 113
1627566850438 0.1818753534269713 114
1627566850524 0.18159739479054765 115
1627566850590 0.18142825279840535 116
1627566850671 0.18114809999615225 117
1627566850739 0.18097685348807746 118
1627566850817 0.18076761062924457 119
1627566850895 0.1806177946808371 120
1627566850968 0.18046008027925442 121
1627566851036 0.18031735718284284 122
1627566851107 0.18016383236296982 123
1627566851178 0.18001544969872824 124
1627566851249 0.17987375880095008 125
1627566851339 0.1796091529144142 126
1627566851425 0.1793320936661807 127
1627566851502 0.17914545697968648 128
1627566851578 0.17898645349417033 129
1627566851667 0.17874121456069744 130
1627566851724 0.1786028175448745 131
1627566851787 0.17837363847484689 132
1627566851852 0.17822662511658083 133
1627566851906 0.1780970614492475 134
1627566851975 0.17794715503130296 135
1627566852032 0.177804171582203 136
1627566852111 0.17753972011982364 137
1627566852176 0.1773843707583723 138
1627566852244 0.17723467644104693 139
1627566852312 0.1770715651504076 140
1627566852385 0.17690617514476564 141
1627566852447 0.17677757725480445 142
1627566852506 0.1766520062953287 143
1627566852559 0.176526272832624 144
1627566852626 0.17639583035225728 145
1627566852705 0.1761697389094929 146
1627566852778 0.17603732145849482 147
1627566852839 0.17592189344721948 148
1627566852921 0.1757352461005672 149
1627566853006 0.17558766375990115 150
1627566853065 0.17548499439191012 151
1627566853141 0.17531701337281072 152
1627566853201 0.17521130556881492 153
1627566853315 0.1750806806625817 154
1627566853404 0.17493636261563514 155
1627566853474 0.17476909296712417 156
1627566853536 0.17466169407311746 157
1627566853638 0.17453309711886064 158
1627566853716 0.17440322605927377 159
1627566853777 0.1742762894694181 160
1627566853849 0.1741104824982069 161
1627566853909 0.17399724661072552 162
1627566853970 0.17388281381887993 163
1627566854025 0.17376250364541626 164
1627566854086 0.17365248141582532 165
1627566854141 0.17354229992707135 166
1627566854205 0.17342411012664857 167
1627566854263 0.17331502692504225 168
1627566854317 0.17319920463321056 169
1627566854381 0.17307794370836602 170
1627566854449 0.17291841740209093 171
1627566854511 0.1728087985469935 172
1627566854572 0.17269797525888939 173
1627566854643 0.17257338434423863 174
1627566854696 0.17246925119986387 175
1627566854768 0.17234424243438817 176
1627566854859 0.1721308258665591 177
1627566854922 0.17202395788947694 178
1627566855002 0.17189550062904202 179
1627566855074 0.1717790999266866 180
1627566855135 0.17166286641647543 181
1627566855192 0.17156829252052513 182
1627566855254 0.171440125303752 183
1627566855316 0.17132000323131114 184
1627566855402 0.17107960766993166 185
1627566855461 0.17096730210923614 186
1627566855531 0.17085262968587894 187
1627566855594 0.170748290928257 188
1627566855657 0.17063718979535095 189
1627566855719 0.17053391784801514 190
1627566855776 0.17044448592220382 191
1627566855874 0.17033875567778128 192
1627566855984 0.1702041511431786 193
1627566856043 0.1700883821545756 194
1627566856142 0.16995241770479896 195
1627566856227 0.16985126598994268 196
1627566856298 0.16974832566400003 197
1627566856346 0.16965597588277945 198
1627566856407 0.16955823998482936 199
1627566856493 0.16942931842438486 200
1627566856550 0.16932830439508628 201
1627566856603 0.1692475657230648 202
1627566856670 0.1691493170872374 203
1627566856739 0.16905371789225515 204
1627566856790 0.1689530414987715 205
1627566856835 0.16886121132431753 206
1627566856910 0.1687630821975291 207
1627566856962 0.16866487251595033 208
1627566857034 0.16854972423183417 209
1627566857096 0.1684496342027706 210
1627566857173 0.1682719661853796 211
1627566857242 0.16815244836830928 212
1627566857291 0.1680797097109107 213
1627566857345 0.16798624219218444 214
1627566857403 0.16786907294022058 215
1627566857463 0.16777910805703422 216
1627566857524 0.16768081379475808 217
1627566857584 0.16758692412168327 218
1627566857653 0.1674473039397744 219
1627566857723 0.16732356914553595 220
1627566857790 0.1672149756891708 221
1627566857911 0.1670654339454402 222
1627566857983 0.1669626279526798 223
1627566858078 0.16686617715646415 224
1627566858187 0.166772452340425 225
1627566858251 0.1666928192662291 226
1627566858330 0.1665807087540466 227
1627566858385 0.16649859269135364 228
1627566858437 0.1664153065431876 229
1627566858508 0.16631198341843734 230
1627566858568 0.16621629050067444 231
1627566858638 0.1661268663403348 232
1627566858695 0.16602343159577773 233
1627566858751 0.165937081990806 234
1627566858819 0.1658310753085253 235
1627566858879 0.16574370255625842 236
1627566858941 0.16566572231416987 237
1627566859004 0.16557852078312552 238
1627566859068 0.1654768768447272 239
1627566859143 0.16531746487982993 240
1627566859211 0.1652221681471632 241
1627566859263 0.16513216648676765 242
1627566859326 0.16503825142366133 243
1627566859407 0.16486905625760176 244
1627566859459 0.16479572392481834 245
1627566859531 0.164679637019466 246
1627566859595 0.1645817574566186 247
1627566859662 0.1645110923518209 248
1627566859732 0.16443063449389167 249
1627566859820 0.16430694149595498 250
1627566859886 0.16423158825583228 251
1627566859966 0.16414626408737457 252
1627566860037 0.1640668848432344 253
1627566860154 0.16394116459371846 254
1627566860221 0.16385301306648659 255
1627566860280 0.16375885751038544 256
1627566860356 0.16368309627959735 257
1627566860424 0.16358526114349556 258
1627566860498 0.16344149694036117 259
1627566860557 0.16335708455972922 260
1627566860626 0.1632742225031796 261
1627566860687 0.16318735933751147 262
1627566860750 0.16310601604577152 263
1627566860807 0.16302103882185498 264
1627566860873 0.16291496264018684 265
1627566860929 0.1628387252582227 266
1627566860993 0.1627541689153408 267
1627566861044 0.16267093574084307 268
1627566861098 0.16257717160457516 269
1627566861152 0.1624968665000049 270
1627566861201 0.16242202437369335 271
1627566861256 0.16234689567208593 272
1627566861309 0.1622568958017343 273
1627566861366 0.1621741373192657 274
1627566861442 0.1620528604357107 275
1627566861520 0.16197964134557222 276
1627566861625 0.16185790304103478 277
1627566861675 0.16179050637536144 278
1627566861730 0.16171339970026471 279
1627566861787 0.1616381450314935 280
1627566861860 0.16156868462135923 281
1627566861936 0.16142637461556708 282
1627566861997 0.16134219988371415 283
1627566862053 0.1612554862293648 284
1627566862101 0.1611778126194149 285
1627566862155 0.16109367835830365 286
1627566862208 0.1609963522773235 287
1627566862261 0.16092558748708274 288
1627566862319 0.16085745501563878 289
1627566862385 0.16077696268896896 290
1627566862471 0.16070565483008323 291
1627566862556 0.16063791317388237 292
1627566862630 0.16055227574714698 293
1627566862700 0.16047012942262504 294
1627566862781 0.16038239998512208 295
1627566862842 0.1603034643851229 296
1627566862909 0.16024028887949632 297
1627566862969 0.16016572727982537 298
1627566863018 0.1600893718845906 299
1627566863089 0.16000426113763658 300
1627566863147 0.15991457546695437 301
1627566863206 0.15983424196992327 302
1627566863298 0.15973498024244936 303
1627566863368 0.1596699130167342 304
1627566863425 0.15959109944161384 305
1627566863477 0.15950519229388688 306
1627566863540 0.15942916701481902 307
1627566863608 0.1593221355054752 308
1627566863670 0.159238930105052 309
1627566863727 0.15915740338829304 310
1627566863779 0.15908340893790388 311
1627566863821 0.1590080219831515 312
1627566863869 0.15894583188485045 313
1627566863915 0.15887670196154727 314
1627566863965 0.1588187661184939 315
1627566864020 0.15873952352599732 316
1627566864071 0.15866380593138593 317
1627566864144 0.15856112513188542 318
1627566864205 0.15849329631470413 319
1627566864272 0.15841147854068385 320
1627566864332 0.15832665831423443 321
1627566864381 0.15825369664084624 322
1627566864456 0.15815134709924025 323
1627566864511 0.15808476143363936 324
1627566864585 0.1579831067343152 325
1627566864644 0.1579054290441467 326
1627566864694 0.15782564157113627 327
1627566864768 0.15772294285433452 328
1627566864818 0.15765859871125057 329
1627566864883 0.1575913205192573 330
1627566864934 0.15752071059969852 331
1627566864998 0.15743495688732995 332
1627566865052 0.15736117615939949 333
1627566865117 0.1572671394223487 334
1627566865171 0.1571993638017578 335
1627566865227 0.15711716989928948 336
1627566865288 0.15704377346747356 337
1627566865350 0.1569808463999176 338
1627566865404 0.15691453962716798 339
1627566865464 0.1568326470004286 340
1627566865512 0.15677787742619165 341
1627566865573 0.15670066104998145 342
1627566865623 0.15664490179191065 343
1627566865698 0.156535183818448 344
1627566865770 0.15644909295581466 345
1627566865827 0.1563803252624571 346
1627566865886 0.15629812631631942 347
1627566865948 0.15622159548731557 348
1627566866025 0.1561372867548828 349
1627566866124 0.15607532163241247 350
1627566866205 0.15600478648481358 351
1627566866262 0.15592467121597214 352
1627566866351 0.15578543387777696 353
1627566866440 0.15571832151140003 354
1627566866514 0.15566419800025552 355
1627566866609 0.15558788192626577 356
1627566866727 0.15547349880613576 357
1627566866808 0.15539578547129507 358
1627566866862 0.15532776554329847 359
1627566866921 0.15526201239674228 360
1627566866999 0.15520330218465994 361
1627566867062 0.1551089531319113 362
1627566867119 0.1550370531048865 363
1627566867176 0.1549727174591628 364
1627566867230 0.15489266914086694 365
1627566867289 0.15481381175806258 366
1627566867338 0.15474556032964962 367
1627566867403 0.15467114990721845 368
1627566867454 0.15460061614683557 369
1627566867503 0.1545419568903339 370
1627566867568 0.15445628797676375 371
1627566867636 0.15437816889714298 372
1627566867701 0.15430718135236518 373
1627566867784 0.15424233825310088 374
1627566867872 0.1541751453628223 375
1627566867938 0.15409947165887444 376
1627566868015 0.1540263611171637 377
1627566868068 0.15394802762626633 378
1627566868125 0.1538825528977761 379
1627566868189 0.15381004723457847 380
1627566868238 0.1537459981716642 381
1627566868286 0.15367940355691692 382
1627566868361 0.15357107193058928 383
1627566868412 0.15351380917793297 384
1627566868463 0.15344768621086471 385
1627566868509 0.15339429999778653 386
1627566868571 0.15330810707170836 387
1627566868621 0.15323547923270348 388
1627566868665 0.15316341008036577 389
1627566868717 0.15310064194569328 390
1627566868766 0.15304484958083728 391
1627566868827 0.15297820996271294 392
1627566868890 0.15290174556753997 393
1627566868942 0.15283643398379204 394
1627566868992 0.1527774057571257 395
1627566869053 0.15270439307067418 396
1627566869125 0.15260753121287896 397
1627566869191 0.15253585955835164 398
1627566869243 0.1524799928317622 399
1627566869312 0.15242749802994782 400
1627566869358 0.15235812763412324 401
1627566869412 0.15229337880746474 402
1627566869481 0.1522088397311315 403
1627566869531 0.1521424059245488 404
1627566869587 0.15207576977565376 405
1627566869657 0.1519901886264339 406
1627566869717 0.15191842425946364 407
1627566869799 0.15547349880613576 408
