1627553118493 0.5089845303577066 0
1627553118630 0.4696202734588415 1
1627553118805 0.43482180594319186 2
1627553118959 0.40419727095563257 3
1627553119099 0.3772994097723994 4
1627553119223 0.3539101906719599 5
1627553119359 0.33364632951012235 6
1627553119514 0.31616649424738974 7
1627553119632 0.30109372175894816 8
1627553119745 0.2880301628485963 9
1627553119861 0.27675816563542743 10
1627553119992 0.26713946199414773 11
1627553120157 0.2588554686083552 12
1627553120291 0.25187504072199146 13
1627553120392 0.24585850581855695 14
1627553120515 0.24085040400373356 15
1627553120623 0.23654772473723407 16
1627553120736 0.2329890025229551 17
1627553120843 0.22991640267021907 18
1627553120951 0.2271737220984409 19
1627553121055 0.2248090014122417 20
1627553121163 0.2228132550633152 21
1627553121272 0.22099791291673151 22
1627553121375 0.21945903407427714 23
1627553121480 0.21809161761632878 24
1627553121587 0.21690747821420409 25
1627553121694 0.2156345034725778 26
1627553121799 0.21458130693845742 27
1627553121896 0.21360249642737192 28
1627553122001 0.2126076889020288 29
1627553122095 0.21168734051747828 30
1627553122237 0.21098893792251489 31
1627553122334 0.21018847437528165 32
1627553122428 0.2094576635612311 33
1627553122517 0.20873247962424418 34
1627553122605 0.2080368679360683 35
1627553122703 0.20708448880028907 36
1627553122805 0.20617583392820069 37
1627553122903 0.20570431955840363 38
1627553122997 0.20478207729990391 39
1627553123086 0.20439076244708873 40
1627553123180 0.20366417244595836 41
1627553123272 0.20292395820405837 42
1627553123373 0.20238250413867898 43
1627553123477 0.20185444064499583 44
1627553123572 0.20130123478801704 45
1627553123665 0.20080035104256114 46
1627553123761 0.20006320337309186 47
1627553123861 0.19925772440442152 48
1627553123966 0.19888520796961934 49
1627553124091 0.1979478366369999 50
1627553124189 0.19763570075607798 51
1627553124332 0.19728968988552747 52
1627553124452 0.19638037431666996 53
1627553124561 0.1959728530686025 54
1627553124687 0.19546338245460412 55
1627553124791 0.19493074210878394 56
1627553124896 0.19465381699359705 57
1627553125005 0.1941222085186863 58
1627553125093 0.19385416860621676 59
1627553125199 0.19358120757057773 60
1627553125303 0.19296616038141998 61
1627553125392 0.19248051897625726 62
1627553125480 0.1920890541410092 63
1627553125610 0.19164022256255184 64
1627553125720 0.19127678668620418 65
1627553125839 0.1909929535370444 66
1627553125944 0.19064018821282067 67
1627553126041 0.19033887345379574 68
1627553126134 0.19008122134486757 69
1627553126232 0.18981967453375734 70
1627553126319 0.18956725150472137 71
1627553126416 0.18910766688945957 72
1627553126510 0.18881760085394922 73
1627553126600 0.1883603046906851 74
1627553126689 0.1880212426334368 75
1627553126773 0.18780395425556468 76
1627553126858 0.18757912763213516 77
1627553126948 0.18731222284641677 78
1627553127060 0.18684919678933717 79
1627553127143 0.18658885547762918 80
1627553127221 0.18637714047706724 81
1627553127313 0.18612705061632978 82
1627553127400 0.1859226940282867 83
1627553127495 0.1856741283387564 84
1627553127603 0.18514811613731424 85
1627553127728 0.18491477648922477 86
1627553127846 0.18469029221192834 87
1627553127968 0.18449856972375567 88
1627553128084 0.18428029124898768 89
1627553128251 0.18385668632990806 90
1627553128389 0.1836386514227426 91
1627553128530 0.18344792064151116 92
1627553128612 0.18323081036337246 93
1627553128746 0.18300779539682416 94
1627553128829 0.18283807188955978 95
1627553128914 0.182573783954399 96
1627553129014 0.18222900310226958 97
1627553129122 0.18198507052714766 98
1627553129202 0.18179423093884622 99
1627553129305 0.18160396563423256 100
1627553129398 0.18131638872490236 101
1627553129491 0.18103874369647205 102
1627553129593 0.1808622156899904 103
1627553129712 0.18068804244848094 104
1627553129812 0.18051729457187785 105
1627553129885 0.1803367969137609 106
1627553129969 0.1800448127168018 107
1627553130055 0.1798691426099051 108
1627553130146 0.17953126371530373 109
1627553130224 0.17935352910546 110
1627553130294 0.1791676450346693 111
1627553130381 0.17888536427704885 112
1627553130441 0.17871412639163237 113
1627553130518 0.17851860793008015 114
1627553130605 0.1782457783435113 115
1627553130679 0.17807622134343656 116
1627553130766 0.17772254957936198 117
1627553130834 0.17756717808504055 118
1627553130926 0.17728253670159771 119
1627553131016 0.17699518708336634 120
1627553131082 0.17683839122659348 121
1627553131159 0.17667734604534027 122
1627553131276 0.17646785863482997 123
1627553131429 0.1762502227818119 124
1627553131522 0.17600800124491225 125
1627553131593 0.1758498281344995 126
1627553131676 0.17557387948146633 127
1627553131751 0.1754182471740044 128
1627553131824 0.17526625350938763 129
1627553131938 0.17512140085906008 130
1627553132025 0.17498918221002638 131
1627553132136 0.1748507195641459 132
1627553132231 0.17469382054682017 133
1627553132301 0.17455618496216238 134
1627553132427 0.17436500340913952 135
1627553132536 0.17422325219775692 136
1627553132651 0.17406697880342367 137
1627553132758 0.1739176073001623 138
1627553132856 0.17376816791612945 139
1627553132918 0.17361784626912719 140
1627553132981 0.17346583500276314 141
1627553133034 0.17332837014828528 142
1627553133110 0.17312805964251154 143
1627553133198 0.17289988754865096 144
1627553133283 0.17270583149091145 145
1627553133367 0.17257618925699636 146
1627553133439 0.17242809253278663 147
1627553133529 0.1722823370291234 148
1627553133610 0.17211422461593875 149
1627553133722 0.17188907372422807 150
1627553133800 0.17170773836823963 151
1627553133876 0.17157676857271525 152
1627553133933 0.171441262541769 153
1627553134011 0.17130070140414208 154
1627553134076 0.1711865242985632 155
1627553134144 0.17102652946993727 156
1627553134209 0.1708766778450039 157
1627553134275 0.1707387886828544 158
1627553134353 0.17061326091570067 159
1627553134470 0.17049599157805756 160
1627553134571 0.17038682606024613 161
1627553134647 0.17026722357355126 162
1627553134722 0.17013483244117683 163
1627553134824 0.17001906522005797 164
1627553134905 0.1698792322987261 165
1627553134969 0.16975076428093774 166
1627553135053 0.16957039022485576 167
1627553135116 0.16946477524742462 168
1627553135181 0.16933373204887034 169
1627553135250 0.16920697184432895 170
1627553135323 0.16907183950174778 171
1627553135401 0.16895542335873676 172
1627553135459 0.16883809081651244 173
1627553135531 0.16871119550048727 174
1627553135603 0.16858439141239812 175
1627553135668 0.16845799353407087 176
1627553135735 0.1683246477046055 177
1627553135794 0.1681975608550366 178
1627553135851 0.16807886932468158 179
1627553135912 0.16795751914893703 180
1627553135978 0.16782820054597483 181
1627553136072 0.16760526508592472 182
1627553136151 0.16744532074358523 183
1627553136243 0.167237900827606 184
1627553136346 0.16700766724303573 185
1627553136434 0.16683811249865188 186
1627553136506 0.1667082021605444 187
1627553136558 0.16659797768529486 188
1627553136613 0.16648755145656322 189
1627553136693 0.16637187264343514 190
1627553136781 0.16623581875624896 191
1627553136846 0.16611348215423277 192
1627553136932 0.16595395961843357 193
1627553137019 0.16582626796154534 194
1627553137100 0.16572854458299646 195
1627553137209 0.16562532793773732 196
1627553137325 0.16551619580120813 197
1627553137460 0.16533429396223848 198
1627553137526 0.16522955145805288 199
1627553137625 0.1650776823826812 200
1627553137691 0.1649714676546704 201
1627553137777 0.16480523649043324 202
1627553137841 0.1646967668214096 203
1627553137919 0.16458661436914948 204
1627553137974 0.16448049302155457 205
1627553138054 0.1643744285199555 206
1627553138109 0.1642861397592619 207
1627553138170 0.16418823709789382 208
1627553138258 0.1639944060372718 209
1627553138321 0.1638800934936597 210
1627553138401 0.1637135424560783 211
1627553138471 0.1635946960139131 212
1627553138543 0.16348534858666827 213
1627553138607 0.16338662583308025 214
1627553138697 0.1632902474830255 215
1627553138770 0.16317949971408244 216
1627553138840 0.1630756275526449 217
1627553138895 0.16297063594520012 218
1627553138950 0.16286740614412992 219
1627553139041 0.16274989496577927 220
1627553139108 0.1626367038374419 221
1627553139182 0.1625372232667662 222
1627553139287 0.16243664305571956 223
1627553139377 0.16233604757188422 224
1627553139444 0.1622344398523752 225
1627553139523 0.16214193851924155 226
1627553139576 0.162052082534686 227
1627553139634 0.16196231362802452 228
1627553139697 0.1618682678923942 229
1627553139764 0.16176052024306803 230
1627553139817 0.16167144950679002 231
1627553139888 0.16156974641533853 232
1627553139948 0.16146799034666368 233
1627553140010 0.16136928813450868 234
1627553140064 0.16127480274957243 235
1627553140124 0.1611917505964345 236
1627553140207 0.16109107094779573 237
1627553140310 0.1610003885314965 238
1627553140406 0.1608956304876842 239
1627553140479 0.16080986798690045 240
1627553140542 0.1607151598318741 241
1627553140599 0.16063280338968539 242
1627553140654 0.16055050491878858 243
1627553140709 0.16044438020948473 244
1627553140802 0.1603531583642933 245
1627553140895 0.16026182264619326 246
1627553140953 0.16016929526902082 247
1627553141024 0.16008271317741488 248
1627553141119 0.1599821559680076 249
1627553141218 0.1598586339692841 250
1627553141259 0.1597744301936388 251
1627553141315 0.15968385773088062 252
1627553141372 0.15958836030422002 253
1627553141450 0.15945274444111215 254
1627553141501 0.15936280138501246 255
1627553141562 0.15926366568859082 256
1627553141635 0.1591598993571483 257
1627553141698 0.15905655694976067 258
1627553141784 0.1589631438292367 259
1627553141834 0.15887148322636027 260
1627553141903 0.1587693066798257 261
1627553141955 0.15869291445647665 262
1627553142023 0.15860996448612827 263
1627553142087 0.15851189320396936 264
1627553142154 0.158410503104747 265
1627553142231 0.15833636026673215 266
1627553142310 0.15822802629129037 267
1627553142370 0.15813007198566037 268
1627553142437 0.15804289559987117 269
1627553142512 0.15795519028684069 270
1627553142580 0.1578637770203441 271
1627553142670 0.15778994873377222 272
1627553142754 0.1576957314380839 273
1627553142813 0.1576160051106531 274
1627553142868 0.1575493923889055 275
1627553142941 0.15746655429350429 276
1627553142993 0.15737802276635196 277
1627553143060 0.15726652133131439 278
1627553143127 0.157185240978709 279
1627553143178 0.15709464339660842 280
1627553143237 0.15700389835243722 281
1627553143301 0.15692482546834494 282
1627553143369 0.15683587224117868 283
1627553143453 0.1566868656225151 284
1627553143512 0.15658848526605224 285
1627553143563 0.15651747412524253 286
1627553143617 0.1564234560374545 287
1627553143688 0.15633256011033012 288
1627553143762 0.15622459816690443 289
1627553143818 0.15615528525757585 290
1627553143881 0.15607944066637208 291
1627553143938 0.15600214993776249 292
1627553143990 0.15593808445722843 293
1627553144052 0.1558427221799898 294
1627553144120 0.1557523341621061 295
1627553144178 0.15566273370974734 296
1627553144241 0.15557831327917884 297
1627553144321 0.1555025556420932 298
1627553144381 0.1554224154892184 299
1627553144472 0.15533274938429464 300
1627553144527 0.15524153397070903 301
1627553144586 0.1551669266971999 302
1627553144650 0.15508261578489488 303
1627553144704 0.15500440364828647 304
1627553144757 0.15493881002322224 305
1627553144809 0.1548609051858384 306
1627553144864 0.1547817901873505 307
1627553144924 0.15469381468141785 308
1627553145011 0.15905655694976067 309
1627553149185 0.5082714751349536 0
1627553149327 0.4690108535680578 1
1627553149444 0.43435177063688796 2
1627553149557 0.4039017974541583 3
1627553149676 0.3771045943131274 4
1627553149803 0.3538011661947772 5
1627553149934 0.33363388973693126 6
1627553150064 0.31618604916093573 7
1627553150180 0.30115594956690556 8
1627553150292 0.288143611377225 9
1627553150416 0.2769374388286733 10
1627553150534 0.2673487567787261 11
1627553150644 0.25916135322202233 12
1627553150755 0.2522380398829408 13
1627553150859 0.24622942308664547 14
1627553150989 0.24123350691940396 15
1627553151096 0.23684095144476547 16
1627553151246 0.23322751361898397 17
1627553151348 0.23019322944214554 18
1627553151445 0.22738680234102637 19
1627553151541 0.2250441755957015 20
1627553151644 0.22305256734149256 21
1627553151751 0.22136509770294294 22
1627553151847 0.21971258318410258 23
1627553151959 0.21815923359716338 24
1627553152054 0.21698770548178578 25
1627553152149 0.21576613791503577 26
1627553152242 0.21471775481876734 27
1627553152357 0.21379769443601582 28
1627553152461 0.2128783164920842 29
1627553152555 0.21204165439775002 30
1627553152663 0.21139734210768385 31
1627553152753 0.210357889586537 32
1627553152842 0.2095232622619448 33
1627553152925 0.20887842363835574 34
1627553153031 0.20793252230733933 35
1627553153120 0.2070093372541893 36
1627553153204 0.20633336181370554 37
1627553153289 0.20572987038808813 38
1627553153373 0.2052065382879571 39
1627553153455 0.20483990149258702 40
1627553153534 0.20423212173820388 41
1627553153647 0.2033618856347338 42
1627553153742 0.20250258514344938 43
1627553153841 0.20175225040718112 44
1627553153930 0.2013302632277678 45
1627553154035 0.20053499750183898 46
1627553154126 0.19999127576279813 47
1627553154218 0.1993456942730165 48
1627553154313 0.19863834088339088 49
1627553154422 0.1980900766059076 50
1627553154511 0.19780011264883157 51
1627553154607 0.19750882030602926 52
1627553154736 0.19687753422767645 53
1627553154830 0.19617809755183663 54
1627553154928 0.19573042868671764 55
1627553155030 0.19537238381398986 56
1627553155106 0.1950968076856446 57
1627553155207 0.19451291782503938 58
1627553155323 0.1941677552342223 59
1627553155413 0.19382374082064568 60
1627553155515 0.19318430812414625 61
1627553155607 0.192914158025023 62
1627553155724 0.19266239138774496 63
1627553155816 0.19240713925123537 64
1627553155978 0.1917604871482261 65
1627553156094 0.19148861179890223 66
1627553156196 0.1911781677491028 67
1627553156298 0.1908680432158723 68
1627553156379 0.19043579678386433 69
1627553156464 0.19019704849636762 70
1627553156541 0.18995289368176266 71
1627553156660 0.18938352618952162 72
1627553156775 0.18911794528749615 73
1627553156864 0.18873767850381984 74
1627553156991 0.18824861195636353 75
1627553157091 0.1877951102865782 76
1627553157170 0.18756504492514034 77
1627553157248 0.1873063894073775 78
1627553157333 0.1870802235330121 79
1627553157414 0.18683656671058618 80
1627553157499 0.1866179423179358 81
1627553157614 0.18634859532798329 82
1627553157687 0.18612445233662772 83
1627553157775 0.18590089767245277 84
1627553157866 0.1854752364895413 85
1627553157953 0.18526096542254017 86
1627553158041 0.18503876767067456 87
1627553158148 0.18484607903301037 88
1627553158228 0.18451076030080135 89
1627553158307 0.18431010197529635 90
1627553158395 0.18394963545523133 91
1627553158479 0.18366286362837994 92
1627553158554 0.18345617471485007 93
1627553158638 0.18325136467944822 94
1627553158723 0.18291001902844434 95
1627553158802 0.18271386993673402 96
1627553158903 0.18224888627485328 97
1627553159000 0.1820612253092063 98
1627553159125 0.18186327159019236 99
1627553159268 0.1816499554694936 100
1627553159407 0.18144232013610775 101
1627553159514 0.18107200291307418 102
1627553159591 0.1808808687170456 103
1627553159708 0.18068988189446542 104
1627553159840 0.18050406397942537 105
1627553159958 0.18032513085356613 106
1627553160099 0.18006702832073876 107
1627553160182 0.1798849099873835 108
1627553160267 0.17958817683996628 109
1627553160381 0.17937172107140542 110
1627553160511 0.1791768496921075 111
1627553160628 0.1790064694193486 112
1627553160752 0.17883322730519766 113
1627553160844 0.1786048353268173 114
1627553160926 0.1784406202522538 115
1627553161034 0.17824930647131942 116
1627553161145 0.17808401650849756 117
1627553161218 0.17791352935982746 118
1627553161309 0.17763009154967527 119
1627553161377 0.1774609118255225 120
1627553161431 0.1773172816524925 121
1627553161504 0.17714631670466197 122
1627553161609 0.1768345414165796 123
1627553161712 0.17667212948580988 124
1627553161786 0.17652292620283244 125
1627553161855 0.17637927146452226 126
1627553161917 0.17624268842520052 127
1627553161993 0.17608862800179376 128
1627553162072 0.175921985308366 129
1627553162150 0.1757242750888255 130
1627553162218 0.17559343952324818 131
1627553162321 0.17526512077320205 132
1627553162399 0.17509484849097542 133
1627553162488 0.1749204840149063 134
1627553162568 0.17476506358440905 135
1627553162640 0.1746120016274317 136
1627553162734 0.174286744668036 137
1627553162801 0.17414014223420182 138
1627553162871 0.1739833822843991 139
1627553162932 0.17383826073461028 140
1627553163006 0.17369625750891288 141
1627553163064 0.17356901445525502 142
1627553163131 0.1734227230717272 143
1627553163212 0.1732468157248905 144
1627553163288 0.17310324862205514 145
1627553163378 0.1729620032776133 146
1627553163447 0.1728179615805876 147
1627553163515 0.17266952678874797 148
1627553163595 0.17253589920292686 149
1627553163688 0.17239135127010338 150
1627553163774 0.1721123603154678 151
1627553163874 0.17197356083404614 152
1627553163934 0.17186548922345493 153
1627553164007 0.1717179703144823 154
1627553164117 0.17158856531927838 155
1627553164217 0.1714054218101601 156
1627553164298 0.17124187261528068 157
1627553164378 0.1711145199450319 158
1627553164453 0.17094599688752865 159
1627553164526 0.170798480811518 160
1627553164590 0.17066906299554152 161
1627553164654 0.17054586144021688 162
1627553164727 0.17035065824176335 163
1627553164802 0.17023663643199524 164
1627553164877 0.17009087273108148 165
1627553164939 0.1699564956884571 166
1627553165025 0.16978134484297627 167
1627553165090 0.16967840442534884 168
1627553165144 0.16955810034625118 169
1627553165221 0.16941477558235224 170
1627553165280 0.1692783902291894 171
1627553165378 0.16911612474338583 172
1627553165446 0.16899278773753607 173
1627553165520 0.16885807682286194 174
1627553165588 0.168752796130388 175
1627553165658 0.16862920692648437 176
1627553165717 0.16851201365778243 177
1627553165794 0.16835349706246838 178
1627553165861 0.1682302263591677 179
1627553165930 0.16809866679440488 180
1627553166002 0.16798047738849126 181
1627553166095 0.16779112697794693 182
1627553166155 0.16768336968407926 183
1627553166223 0.16757021005370476 184
1627553166300 0.1674577106657253 185
1627553166372 0.16733607673555137 186
1627553166443 0.16721825549503858 187
1627553166523 0.16708551175694708 188
1627553166587 0.16697257450956957 189
1627553166651 0.16687099079646114 190
1627553166725 0.1667660286879532 191
1627553166806 0.16661247032636098 192
1627553166890 0.16649820101535065 193
1627553166971 0.16635114544389237 194
1627553167031 0.16623709917508891 195
1627553167096 0.16613608769047328 196
1627553167161 0.16603745262371947 197
1627553167233 0.16592757842244651 198
1627553167315 0.1658024262285219 199
1627553167388 0.16570802540818955 200
1627553167462 0.16559162006496875 201
1627553167546 0.16538029425283066 202
1627553167600 0.16527748620452984 203
1627553167664 0.1651732385109555 204
1627553167719 0.16506578471872482 205
1627553167783 0.16495773434357452 206
1627553167855 0.16484967537438258 207
1627553167934 0.1646856811602692 208
1627553168001 0.16457819867134807 209
1627553168068 0.16446551328468112 210
1627553168149 0.16434746058545663 211
1627553168209 0.16423358587686582 212
1627553168267 0.1641246886907221 213
1627553168340 0.1640122340625028 214
1627553168446 0.16384165391738761 215
1627553168510 0.16374137636381783 216
1627553168580 0.16364150445794143 217
1627553168635 0.1635404005893999 218
1627553168721 0.16340139397442205 219
1627553168773 0.1632986024987596 220
1627553168829 0.16320091507900247 221
1627553168889 0.16310824388051373 222
1627553168944 0.16303227933223416 223
1627553169016 0.1629353318647557 224
1627553169083 0.162840662071385 225
1627553169146 0.1627417095039234 226
1627553169208 0.16263446135811913 227
1627553169276 0.16251756235811438 228
1627553169340 0.16241043681076317 229
1627553169403 0.16229808010371807 230
1627553169472 0.16217639068964018 231
1627553169530 0.16209449411926188 232
1627553169598 0.16199930035508536 233
1627553169659 0.16191806516430696 234
1627553169709 0.16181651043802203 235
1627553169778 0.16170532156049003 236
1627553169840 0.16161740314831102 237
1627553169904 0.1615121891477866 238
1627553169982 0.16137873935160044 239
1627553170045 0.1612912571816879 240
1627553170106 0.16119211107985082 241
1627553170188 0.16111586473054026 242
1627553170242 0.161027971866636 243
1627553170305 0.16093009698724975 244
1627553170373 0.16081924692946797 245
1627553170443 0.1607252682566268 246
1627553170500 0.16063127551644613 247
1627553170558 0.16053136130437073 248
1627553170649 0.16041881220420526 249
1627553170755 0.16025375827166125 250
1627553170810 0.1601562364349672 251
1627553170867 0.16006877869953184 252
1627553170927 0.15997374651629537 253
1627553170984 0.15987236489009307 254
1627553171038 0.1597815419337214 255
1627553171111 0.15966795313790744 256
1627553171175 0.15956921268115576 257
1627553171230 0.1594689461897838 258
1627553171303 0.15933284245416623 259
1627553171358 0.15923526514119057 260
1627553171459 0.15914828160829364 261
1627553171519 0.15906285168395193 262
1627553171594 0.15896774572395622 263
1627553171657 0.15886858145373753 264
1627553171720 0.1587685834354152 265
1627553171774 0.15868771621879005 266
1627553171865 0.15851381395182457 267
1627553171930 0.15841077565325665 268
1627553171988 0.15831100526724093 269
1627553172044 0.15822950065946548 270
1627553172114 0.15813486694754877 271
1627553172192 0.15803627776116527 272
1627553172244 0.1579408270945509 273
1627553172304 0.1578465586319252 274
1627553172363 0.15775315657369443 275
1627553172419 0.157670571005911 276
1627553172469 0.15758841307673707 277
1627553172527 0.15749318420763275 278
1627553172587 0.15740747393703486 279
1627553172641 0.1573186203854762 280
1627553172708 0.15723905033289703 281
1627553172784 0.15711585954042595 282
1627553172853 0.15702434016192127 283
1627553172907 0.15695614732390642 284
1627553172965 0.1568640909516415 285
1627553173032 0.15677420861724345 286
1627553173104 0.15668267729478186 287
1627553173171 0.1565915845716478 288
1627553173233 0.15650068817655102 289
1627553173308 0.15639185246430382 290
1627553173365 0.15631795414997163 291
1627553173446 0.15622545051508974 292
1627553173500 0.156149323570016 293
1627553173558 0.1560563363691543 294
1627553173611 0.15596405979523678 295
1627553173671 0.15587832223023357 296
1627553173726 0.15578833240176054 297
1627553173807 0.15566842407460463 298
1627553173876 0.15558463715697296 299
1627553173967 0.15547907832533361 300
1627553174028 0.15538043122445772 301
1627553174081 0.15529827891119533 302
1627553174134 0.15522336832938763 303
1627553174189 0.15514300212762347 304
1627553174251 0.15507096402768056 305
1627553174305 0.15498372842918445 306
1627553174357 0.1549055266803268 307
1627553174418 0.15482237632841941 308
1627553174490 0.1547454796479249 309
1627553174554 0.15465666310767798 310
1627553174624 0.15457549956277006 311
1627553174680 0.15450183065321005 312
1627553174733 0.1544448958570692 313
1627553174783 0.15435920570543574 314
1627553174841 0.15429086611523976 315
1627553174914 0.15420065448604486 316
1627553174992 0.15411354002907807 317
1627553175060 0.15403705424847858 318
1627553175119 0.15395242576890153 319
1627553175197 0.15831100526724093 320
1627553179299 0.5089670288738716 0
1627553179411 0.469577146166721 1
1627553179531 0.43475684982333923 2
1627553179647 0.4041738237416338 3
1627553179761 0.3773678112587656 4
1627553179882 0.3539899418339723 5
1627553179997 0.333781656404101 6
1627553180105 0.316305743331479 7
1627553180217 0.3012562061724547 8
1627553180318 0.2882212304808417 9
1627553180426 0.27699066387010013 10
1627553180541 0.267401609435272 11
1627553180647 0.259083438460046 12
1627553180752 0.25210439227428494 13
1627553180886 0.24614694248230243 14
1627553180996 0.2411130220146929 15
1627553181102 0.2368141943493965 16
1627553181207 0.23319283050576434 17
1627553181312 0.23011570800905293 18
1627553181409 0.22716254504236663 19
1627553181510 0.22480873641014426 20
1627553181607 0.22279058204475669 21
1627553181710 0.22101737573193384 22
1627553181801 0.21938894735869988 23
1627553181897 0.21801987536544137 24
1627553181989 0.21687162116976771 25
1627553182081 0.21569620197441652 26
1627553182182 0.21463454602361395 27
1627553182305 0.21369476817378852 28
1627553182413 0.2127593568603049 29
1627553182506 0.21187161719617714 30
1627553182603 0.2111417728181961 31
1627553182701 0.21026304604060206 32
1627553182804 0.20942585298602148 33
1627553182905 0.208824321106549 34
1627553183014 0.20822802665574283 35
1627553183106 0.20728671121178888 36
1627553183198 0.20638719290743554 37
1627553183281 0.2057991162149916 38
1627553183364 0.20529819055511556 39
1627553183450 0.20481904819914878 40
1627553183533 0.20395601600639116 41
1627553183627 0.20306565832245774 42
1627553183720 0.2026256532179412 43
1627553183811 0.20214348922672112 44
1627553183900 0.2015881740338255 45
1627553183993 0.20060183732854497 46
1627553184085 0.20002308045505113 47
1627553184193 0.19921539693884371 48
1627553184280 0.1987818704409689 49
1627553184402 0.19786698630463775 50
1627553184486 0.19755940894042226 51
1627553184597 0.1970760438035941 52
1627553184703 0.19619582236716943 53
1627553184784 0.195791064075661 54
1627553184870 0.19546467595364408 55
1627553184964 0.19493741011182775 56
1627553185069 0.19430778046155936 57
1627553185178 0.19366777835914953 58
1627553185266 0.19337253401952736 59
1627553185346 0.19311690263390854 60
1627553185426 0.1928489589996993 61
1627553185521 0.19219481558407128 62
1627553185591 0.19192823992265 63
1627553185679 0.19166978830787126 64
1627553185766 0.19111422210660647 65
1627553185849 0.19080787228801865 66
1627553185933 0.19043925748126309 67
1627553186011 0.19015241644318892 68
1627553186107 0.1895241636921245 69
1627553186184 0.18928570898985975 70
1627553186254 0.1890472938062338 71
1627553186337 0.18866694099365464 72
1627553186438 0.18809580676029444 73
1627553186531 0.1876987832849607 74
1627553186625 0.18731198136935792 75
1627553186718 0.18682611405577648 76
1627553186799 0.18657532484886988 77
1627553186876 0.1863641651019555 78
1627553186955 0.1861389937846199 79
1627553187050 0.18583935515834377 80
1627553187130 0.18557592581397678 81
1627553187211 0.18535002441630324 82
1627553187293 0.1851340878645747 83
1627553187391 0.1846852509306676 84
1627553187476 0.18448791789586882 85
1627553187560 0.1842352842733058 86
1627553187632 0.1840236273741562 87
1627553187715 0.1838114500424846 88
1627553187803 0.18361519870811036 89
1627553187913 0.18340087299289123 90
1627553188019 0.18321024521166432 91
1627553188105 0.18287070347484646 92
1627553188176 0.18267199017601554 93
1627553188279 0.18227357475148062 94
1627553188359 0.18205964138972017 95
1627553188443 0.1817330515187168 96
1627553188527 0.18138226676600672 97
1627553188596 0.18119222159640147 98
1627553188686 0.18100569011394763 99
1627553188787 0.18080802408539665 100
1627553188871 0.18064108344669083 101
1627553188946 0.1803941806356481 102
1627553189011 0.1801986264084635 103
1627553189091 0.18001872214328862 104
1627553189178 0.17984641794917347 105
1627553189242 0.17967061819952498 106
1627553189315 0.17950603730599698 107
1627553189401 0.17934017129790056 108
1627553189484 0.17915216441168608 109
1627553189562 0.17897228493614542 110
1627553189634 0.17881484386156082 111
1627553189726 0.17841840483579632 112
1627553189800 0.1782100113706355 113
1627553189873 0.17803355476697907 114
1627553189960 0.1777357534277494 115
1627553190034 0.1775626324389721 116
1627553190110 0.17741138374700569 117
1627553190192 0.17724026093872763 118
1627553190279 0.17708102544579826 119
1627553190360 0.17691667966898736 120
1627553190428 0.17675735306483437 121
1627553190506 0.17659368619585533 122
1627553190592 0.17637476576397437 123
1627553190690 0.1761020013211081 124
1627553190774 0.175899262431067 125
1627553190837 0.17576496294674623 126
1627553190912 0.17560801158611217 127
1627553190983 0.17544953718771572 128
1627553191057 0.17530571347909046 129
1627553191125 0.17516142772208587 130
1627553191191 0.1750245911577044 131
1627553191292 0.17477192410711825 132
1627553191354 0.17462874529919323 133
1627553191429 0.17448725354118494 134
1627553191492 0.17433288948938627 135
1627553191564 0.1741846518917906 136
1627553191625 0.17405475170117304 137
1627553191693 0.17390427271231018 138
1627553191771 0.17372093137554268 139
1627553191848 0.17354669027352446 140
1627553191916 0.1734212998418636 141
1627553191996 0.1732453918341116 142
1627553192077 0.17310063729929165 143
1627553192147 0.17296184668438577 144
1627553192232 0.1728000466214896 145
1627553192313 0.17265040827756126 146
1627553192389 0.17246643455392544 147
1627553192452 0.17232017490517473 148
1627553192504 0.17219498057650234 149
1627553192573 0.172076349575329 150
1627553192641 0.1719390448710669 151
1627553192719 0.17180652591375364 152
1627553192790 0.1716781236481571 153
1627553192862 0.17153838377279926 154
1627553192943 0.17140222611391295 155
1627553193031 0.17113964481675348 156
1627553193095 0.1710028294799505 157
1627553193180 0.17078549848498809 158
1627553193237 0.1706577027041577 159
1627553193317 0.17048657473747492 160
1627553193441 0.17028985226641372 161
1627553193533 0.17017574442486733 162
1627553193588 0.17006557613514037 163
1627553193678 0.16995479407946315 164
1627553193777 0.16981053131781282 165
1627553193853 0.16967739241947438 166
1627553193922 0.16955148509522291 167
1627553193985 0.16943283967713466 168
1627553194052 0.16930516423138367 169
1627553194136 0.16911694022252236 170
1627553194193 0.1690100548799391 171
1627553194294 0.16888515648641586 172
1627553194352 0.16875542297338728 173
1627553194420 0.16863337325895142 174
1627553194520 0.16849789165157486 175
1627553194611 0.16837235325440533 176
1627553194712 0.16826873014742028 177
1627553194824 0.16812513093361714 178
1627553194892 0.16800098740221797 179
1627553194963 0.16788147333517262 180
1627553195056 0.1677641537485263 181
1627553195124 0.16765281129479753 182
1627553195217 0.16748229826052824 183
1627553195298 0.16735998697058607 184
1627553195370 0.16722291724405014 185
1627553195438 0.1670948287654156 186
1627553195508 0.16698258847050348 187
1627553195579 0.166860067284843 188
1627553195666 0.16674695017915164 189
1627553195744 0.16664905628579785 190
1627553195817 0.1665456699691851 191
1627553195902 0.16637684397112618 192
1627553195993 0.16617361927440533 193
1627553196056 0.16605346147001185 194
1627553196122 0.16594165966029226 195
1627553196190 0.1658208035179948 196
1627553196284 0.1656194150289501 197
1627553196389 0.1654876966748811 198
1627553196463 0.16537263733062868 199
1627553196551 0.1652643347360083 200
1627553196655 0.16515067604889305 201
1627553196728 0.16504093786012802 202
1627553196785 0.16492214883832332 203
1627553196870 0.16474121811603243 204
1627553196920 0.16463599970566714 205
1627553196981 0.16452428921297696 206
1627553197053 0.1644205184073898 207
1627553197115 0.1643125880031362 208
1627553197184 0.1642124945493647 209
1627553197238 0.16410243666853225 210
1627553197306 0.1640034014221447 211
1627553197362 0.16390300330272498 212
1627553197432 0.16379022168794324 213
1627553197486 0.16370012027383946 214
1627553197553 0.1635761208932726 215
1627553197625 0.16343152632312063 216
1627553197703 0.16332930895574854 217
1627553197773 0.163213255719651 218
1627553197836 0.1631143997524282 219
1627553197960 0.1629931951509158 220
1627553198024 0.16289614738397507 221
1627553198088 0.16279767054899194 222
1627553198180 0.1626944361320757 223
1627553198264 0.16260628442955744 224
1627553198374 0.16250348964340347 225
1627553198472 0.16239657651162845 226
1627553198525 0.16230633408092784 227
1627553198591 0.16219560344111159 228
1627553198663 0.1620765585909838 229
1627553198720 0.16196907287284706 230
1627553198779 0.16186738008042242 231
1627553198845 0.16175801071782595 232
1627553198929 0.16166531339877882 233
1627553198995 0.16157923783884212 234
1627553199047 0.1614815318611006 235
1627553199101 0.16140565453917538 236
1627553199157 0.1613241739956948 237
1627553199211 0.16122969329779419 238
1627553199275 0.1611272000992759 239
1627553199351 0.16102538199350427 240
1627553199407 0.16092128398893976 241
1627553199489 0.16078182745858877 242
1627553199581 0.1606819690753612 243
1627553199665 0.1605852420983454 244
1627553199731 0.1604810219778958 245
1627553199795 0.16038028861538892 246
1627553199877 0.16026974723928517 247
1627553199929 0.160169869443701 248
1627553199993 0.16007059472191892 249
1627553200100 0.15993970651491177 250
1627553200161 0.15983285347503548 251
1627553200224 0.15973944790966027 252
1627553200285 0.15965696938507312 253
1627553200369 0.15950903819319215 254
1627553200425 0.15941744263900434 255
1627553200477 0.15932919740837834 256
1627553200540 0.15923974828148094 257
1627553200599 0.15914894607643412 258
1627553200653 0.15907152914058292 259
1627553200710 0.1589771052308699 260
1627553200770 0.15888697364062068 261
1627553200845 0.15876130105982744 262
1627553200910 0.15867089982720986 263
1627553200967 0.15858121918007614 264
1627553201035 0.15847529678274877 265
1627553201102 0.15838458460564994 266
1627553201166 0.15829301348944294 267
1627553201230 0.15820047348682056 268
1627553201287 0.158118441041124 269
1627553201365 0.15799553694595003 270
1627553201429 0.1579108682295728 271
1627553201495 0.15781980541380586 272
1627553201563 0.15773990647659186 273
1627553201616 0.157670086830849 274
1627553201689 0.15758136123730865 275
1627553201753 0.15748412135251524 276
1627553201812 0.1573987135700296 277
1627553201873 0.15730636385712513 278
1627553201927 0.15722802865707658 279
1627553201980 0.15713403990819622 280
1627553202071 0.1569902259260533 281
1627553202136 0.15690620155180585 282
1627553202191 0.1568201942491235 283
1627553202250 0.15673545722511167 284
1627553202305 0.1566453961270489 285
1627553202382 0.15649685285948473 286
1627553202439 0.15639650642853223 287
1627553202497 0.15632081168828366 288
1627553202558 0.15624216413678718 289
1627553202615 0.15615422519571423 290
1627553202675 0.15606627447511348 291
1627553202727 0.15598822327165815 292
1627553202778 0.1559213383790604 293
1627553202834 0.15583355648713093 294
1627553202891 0.15575533364554722 295
1627553202946 0.1556630616219059 296
1627553203001 0.1555711145071632 297
1627553203069 0.15548566890556995 298
1627553203142 0.1554019045243737 299
1627553203233 0.15527843163496263 300
1627553203305 0.15517780135677164 301
1627553203369 0.1550808274306373 302
1627553203428 0.15499672030704892 303
1627553203510 0.15491179872096228 304
1627553203568 0.1548360440964458 305
1627553203636 0.1547442732086333 306
1627553203693 0.15466710730058744 307
1627553203753 0.1545918744425334 308
1627553203807 0.15452621918206377 309
1627553203877 0.15443906220571182 310
1627553203947 0.1543414816341186 311
1627553204003 0.15427907649811887 312
1627553204053 0.1541901152038094 313
1627553204116 0.15410249282453542 314
1627553204178 0.1540199075251573 315
1627553204231 0.15393767542220071 316
1627553204288 0.15385865966372944 317
1627553204345 0.15378312927700052 318
1627553204405 0.15369636216917795 319
1627553204475 0.15360569860661613 320
1627553204531 0.15353136392654515 321
1627553204585 0.1534522323830833 322
1627553204651 0.15337608016040136 323
1627553204718 0.1532929263429233 324
1627553204783 0.1532030875398423 325
1627553204834 0.15313125386829993 326
1627553204894 0.15305638521194131 327
1627553204951 0.1529924400276451 328
1627553205016 0.1529029181588404 329
1627553205076 0.1528361282490408 330
1627553205137 0.15275517959415963 331
1627553205200 0.15267503070800598 332
1627553205265 0.15257210797710077 333
1627553205329 0.15249608436130588 334
1627553205387 0.15242526935207001 335
1627553205446 0.15234407970844988 336
1627553205496 0.152278393370732 337
1627553205549 0.15221264630237324 338
1627553205602 0.15213049977459264 339
1627553205659 0.1520513662812995 340
1627553205743 0.15615422519571423 341
1627553209833 0.5070166230383183 0
1627553209962 0.46786046905788986 1
1627553210072 0.4332705408778674 2
1627553210185 0.4029048733641173 3
1627553210304 0.37616058178569667 4
1627553210418 0.35286713442283163 5
1627553210532 0.33271236450305586 6
1627553210644 0.3153325193033741 7
1627553210755 0.3003640574490868 8
1627553210861 0.28744379978283463 9
1627553210999 0.2762534281643411 10
1627553211114 0.2667118311150205 11
1627553211218 0.2585140662754432 12
1627553211321 0.2515996354065243 13
1627553211454 0.2456104095141787 14
1627553211578 0.2406139949645034 15
1627553211689 0.23635169823032393 16
1627553211843 0.23280532942839144 17
1627553211951 0.2297322142253421 18
1627553212056 0.22684820083816845 19
1627553212178 0.2244586626022803 20
1627553212289 0.2224637359229604 21
1627553212389 0.22070710343400987 22
1627553212546 0.21897950229525293 23
1627553212638 0.21767018686497702 24
1627553212727 0.21648980601180595 25
1627553212824 0.21535711851060546 26
1627553212919 0.21426626791966277 27
1627553213053 0.21334006724496957 28
1627553213136 0.2124173341192085 29
1627553213222 0.21157342039307372 30
1627553213316 0.21088852842452618 31
1627553213406 0.21001424063435442 32
1627553213503 0.20906657605937648 33
1627553213589 0.20849999667507288 34
1627553213672 0.20754834677017892 35
1627553213764 0.2065822271168042 36
1627553213863 0.2058664713834197 37
1627553213975 0.20525277066671618 38
1627553214081 0.20426910756006594 39
1627553214164 0.2038561309617877 40
1627553214240 0.20345071344783977 41
1627553214321 0.20273095314635275 42
1627553214409 0.2021008092094486 43
1627553214493 0.20143391623884935 44
1627553214571 0.2010609324458079 45
1627553214667 0.20058709602247415 46
1627553214746 0.20006025113184556 47
1627553214835 0.1994933269677648 48
1627553214928 0.1991716364519902 49
1627553215034 0.19840494823768626 50
1627553215117 0.19810317053046478 51
1627553215205 0.19772742704194488 52
1627553215308 0.1968818434058802 53
1627553215397 0.1964380281771222 54
1627553215495 0.19570763705150768 55
1627553215588 0.19537909047704305 56
1627553215670 0.1950969539469564 57
1627553215761 0.19452537391842772 58
1627553215865 0.1937457885796751 59
1627553215937 0.19344501040529574 60
1627553216030 0.19272893885164694 61
1627553216144 0.19236679170088855 62
1627553216232 0.1920923872414181 63
1627553216320 0.19172875852017385 64
1627553216405 0.19138591102958702 65
1627553216488 0.1911045607228 66
1627553216559 0.19085700579698622 67
1627553216661 0.1901715121160493 68
1627553216744 0.18992809987180923 69
1627553216826 0.18967544969347472 70
1627553216906 0.1894473163530847 71
1627553216981 0.1892061697421629 72
1627553217076 0.18867484718011707 73
1627553217164 0.18835110677252753 74
1627553217245 0.18808343576021103 75
1627553217335 0.18775665359176577 76
1627553217420 0.1874710090060393 77
1627553217493 0.18725479674366502 78
1627553217580 0.18702764190027296 79
1627553217676 0.18680866229533513 80
1627553217780 0.1864062834687135 81
1627553217854 0.18619601429180285 82
1627553217994 0.18576507014991409 83
1627553218079 0.1855355972639536 84
1627553218206 0.18508168006679196 85
1627553218285 0.18486732408214182 86
1627553218363 0.18463508071370024 87
1627553218474 0.18443629793053976 88
1627553218554 0.1842112395505168 89
1627553218648 0.18385627585489986 90
1627553218750 0.18366443132504492 91
1627553218833 0.18347213268858742 92
1627553218931 0.18310361055074173 93
1627553219026 0.1829041869898588 94
1627553219118 0.1826937266068131 95
1627553219193 0.18249498627461383 96
1627553219280 0.18218820914724623 97
1627553219360 0.18199813666964534 98
1627553219438 0.18181199894174685 99
1627553219533 0.1816162253861225 100
1627553219611 0.18138199537848862 101
1627553219723 0.18107840291829294 102
1627553219783 0.18091365584666128 103
1627553219877 0.18054478232404542 104
1627553219983 0.18036044557874845 105
1627553220043 0.18019665606859828 106
1627553220128 0.18001512009762086 107
1627553220208 0.1798183168953931 108
1627553220292 0.17947600547039808 109
1627553220389 0.17912428391685817 110
1627553220456 0.1789543002483713 111
1627553220547 0.17862808572855599 112
1627553220614 0.1784581482996081 113
1627553220699 0.17827051658450027 114
1627553220771 0.17812022482710588 115
1627553220843 0.17795324384142844 116
1627553220979 0.17761378118900037 117
1627553221105 0.17744572600201214 118
1627553221207 0.1773099564964621 119
1627553221297 0.17716125785102524 120
1627553221406 0.17699459950759083 121
1627553221567 0.17667754226352697 122
1627553221657 0.1764796791062569 123
1627553221722 0.17632540562791812 124
1627553221798 0.17616686072380122 125
1627553221862 0.17603122170291324 126
1627553221937 0.17583072836287786 127
1627553222017 0.17568196928778804 128
1627553222087 0.1755336871540322 129
1627553222177 0.17527166383648263 130
1627553222245 0.17510845672039832 131
1627553222342 0.17496173312085056 132
1627553222412 0.1748135983909124 133
1627553222501 0.17457413860346405 134
1627553222577 0.17442235026840508 135
1627553222668 0.17424000751066934 136
1627553222744 0.1740640325329168 137
1627553222819 0.1739233815816417 138
1627553222898 0.17377398260934276 139
1627553222986 0.1735957804448475 140
1627553223092 0.17331480570950542 141
1627553223159 0.17317532404893654 142
1627553223218 0.17302489925514322 143
1627553223290 0.172880900682628 144
1627553223361 0.17274329954772885 145
1627553223454 0.17257741525009482 146
1627553223536 0.1724340172109383 147
1627553223623 0.1722899400636104 148
1627553223698 0.1721341834137756 149
1627553223778 0.1719601500808599 150
1627553223846 0.17182840399476113 151
1627553223920 0.1716983585245231 152
1627553223992 0.17155320070378094 153
1627553224061 0.17141818615949714 154
1627553224131 0.1712896330755521 155
1627553224209 0.1711368297597817 156
1627553224278 0.17102098823301914 157
1627553224341 0.17091347065494328 158
1627553224428 0.17069963133102303 159
1627553224518 0.1704468314408763 160
1627553224599 0.17027789634939958 161
1627553224666 0.17014788616263385 162
1627553224737 0.1700221523859205 163
1627553224800 0.16988768816670952 164
1627553224880 0.1697265964202324 165
1627553224948 0.16959560665723808 166
1627553225028 0.16941992208795545 167
1627553225107 0.16929827288070937 168
1627553225180 0.16914936966205157 169
1627553225242 0.16903362751914489 170
1627553225303 0.16891589300521237 171
1627553225386 0.16880576396443855 172
1627553225479 0.16867197575286527 173
1627553225552 0.16853880353670947 174
1627553225621 0.16840873448908808 175
1627553225711 0.16828376963042255 176
1627553225790 0.1681606790748598 177
1627553225860 0.16803339351121796 178
1627553225933 0.1678943909405886 179
1627553225990 0.16777299568617604 180
1627553226073 0.16762646110400936 181
1627553226140 0.16749973723040495 182
1627553226226 0.1673215465791028 183
1627553226303 0.16719224148163933 184
1627553226366 0.16709130860578295 185
1627553226426 0.1669834828751024 186
1627553226494 0.16686201839502027 187
1627553226569 0.1667456880318889 188
1627553226630 0.1666335616775836 189
1627553226703 0.16651032399533913 190
1627553226760 0.16641335222421139 191
1627553226820 0.16630293213578995 192
1627553226899 0.16615861804841525 193
1627553226979 0.16601462457391378 194
1627553227064 0.16581224390981733 195
1627553227140 0.1657058860884367 196
1627553227208 0.165603870893749 197
1627553227286 0.16550146577136285 198
1627553227353 0.16540108032678463 199
1627553227427 0.165305422765388 200
1627553227483 0.1651971615782738 201
1627553227566 0.1650791516756323 202
1627553227620 0.16497691499679804 203
1627553227683 0.16487888259871708 204
1627553227744 0.16477130975669127 205
1627553227815 0.16466416250330973 206
1627553227895 0.16456329887149315 207
1627553227978 0.16438050170697643 208
1627553228039 0.16427734460223112 209
1627553228105 0.1641644326877788 210
1627553228191 0.16405238676368153 211
1627553228260 0.16394447969741302 212
1627553228346 0.163840003182396 213
1627553228439 0.1637188514932097 214
1627553228512 0.16361584990040148 215
1627553228578 0.16352004233846068 216
1627553228640 0.16342458467792295 217
1627553228715 0.16331736316186016 218
1627553228792 0.16320073434181745 219
1627553228868 0.16308180565431277 220
1627553228922 0.16298435489760493 221
1627553228990 0.1628826492658107 222
1627553229053 0.162782540369455 223
1627553229116 0.16267546569339988 224
1627553229186 0.16257441512919876 225
1627553229249 0.16247047082087945 226
1627553229302 0.16237244868150982 227
1627553229362 0.1622743515677868 228
1627553229442 0.16214544573655576 229
1627553229495 0.16204449966645407 230
1627553229548 0.16194262624474443 231
1627553229614 0.16184173199911053 232
1627553229679 0.16174357219672733 233
1627553229755 0.16164602683390258 234
1627553229828 0.1615381926934045 235
1627553229908 0.1613554991825148 236
1627553229976 0.16126031486463635 237
1627553230043 0.16117140250123238 238
1627553230100 0.16107301791705128 239
1627553230176 0.16097245171825297 240
1627553230233 0.16087755941550816 241
1627553230292 0.16079762575273704 242
1627553230368 0.16067393021139856 243
1627553230422 0.16056323551713333 244
1627553230477 0.16048299150873874 245
1627553230533 0.16581224390981733 246
1627553234412 0.5098005263726363 0
1627553234541 0.4703669485083694 1
1627553234694 0.4355347817661146 2
1627553234813 0.40493682204100473 3
1627553234942 0.3780076205716749 4
1627553235074 0.354578535020656 5
1627553235206 0.3342669772687199 6
1627553235316 0.316713381113379 7
1627553235434 0.3016054664857295 8
1627553235546 0.2885645485744617 9
1627553235661 0.27729050666847654 10
1627553235799 0.2676549299360509 11
1627553235958 0.2593799157593448 12
1627553236090 0.2523975923740482 13
1627553236234 0.24643102643384665 14
1627553236351 0.24137956132475258 15
1627553236454 0.2370243540639448 16
1627553236557 0.23341298119510867 17
1627553236665 0.2303456825728527 18
1627553236767 0.22755361855014236 19
1627553236867 0.22511371476472355 20
1627553236973 0.22312622866230197 21
1627553237077 0.2213484334391838 22
1627553237173 0.21978948982191657 23
1627553237277 0.21842959452311375 24
1627553237367 0.21712317033450576 25
1627553237475 0.21599673473326397 26
1627553237567 0.21503537868744246 27
1627553237675 0.21419765701304092 28
1627553237767 0.21324445182340368 29
1627553237862 0.212291275857946 30
1627553238009 0.2116185640386131 31
1627553238163 0.210745734983175 32
1627553238308 0.20987520657100933 33
1627553238396 0.20917813307451769 34
1627553238479 0.2082150635590738 35
1627553238568 0.20729610539207172 36
1627553238653 0.2067197858516194 37
1627553238745 0.20586959629528076 38
1627553238858 0.20524961725647894 39
1627553238947 0.2046931157896441 40
1627553239042 0.2039791913182763 41
1627553239138 0.20321142204616105 42
1627553239233 0.20274146141461707 43
1627553239368 0.2021138198960195 44
1627553239450 0.2017142454065764 45
1627553239540 0.20136328013772162 46
1627553239622 0.2007969675847256 47
1627553239714 0.19991640857910656 48
1627553239811 0.19936960264530185 49
1627553239925 0.19848593181454294 50
1627553240008 0.1981552328033821 51
1627553240100 0.19780133425673702 52
1627553240197 0.19692385815930935 53
1627553240280 0.19634814349053217 54
1627553240369 0.19588942068559137 55
1627553240466 0.19547350173611708 56
1627553240546 0.19515350384926416 57
1627553240644 0.19466707365705507 58
1627553240725 0.1943777184754837 59
1627553240811 0.1940679806087945 60
1627553240916 0.19334519240907558 61
1627553241008 0.19283020230719597 62
1627553241092 0.19256536340817237 63
1627553241186 0.19208791425161129 64
1627553241271 0.19169136502091152 65
1627553241347 0.1914448536345992 66
1627553241426 0.1912180960348335 67
1627553241517 0.19074235027755806 68
1627553241601 0.19045984577823322 69
1627553241685 0.1902097028192359 70
1627553241768 0.1898838610325336 71
1627553241878 0.18943480404067362 72
1627553241975 0.1891665772722404 73
1627553242052 0.18892901102772128 74
1627553242132 0.18871230391669497 75
1627553242228 0.1881214232895038 76
1627553242306 0.18791304649518192 77
1627553242392 0.1874983301239926 78
1627553242474 0.18728098152220335 79
1627553242565 0.18701714375843126 80
1627553242654 0.18674877250990926 81
1627553242741 0.1865262387612172 82
1627553242813 0.18633855268881225 83
1627553242906 0.18610285639217722 84
1627553242999 0.18560355086683475 85
1627553243069 0.18539348835444838 86
1627553243147 0.18510837213422288 87
1627553243234 0.1849152281580743 88
1627553243321 0.18459958394919607 89
1627553243403 0.18437105353843158 90
1627553243503 0.18389854209364553 91
1627553243607 0.18355590589360685 92
1627553243693 0.18323436985520253 93
1627553243767 0.18303263828904134 94
1627553243843 0.1828177110105862 95
1627553243919 0.18255592525760178 96
1627553244002 0.1821514156333329 97
1627553244086 0.18190505861098477 98
1627553244158 0.18172610419150861 99
1627553244255 0.18153322005659342 100
1627553244335 0.1813060363320405 101
1627553244411 0.18111540761096043 102
1627553244495 0.18085413109446308 103
1627553244567 0.1806625011886229 104
1627553244654 0.18048763797131104 105
1627553244729 0.18031313004676772 106
1627553244819 0.1799821587457194 107
1627553244898 0.17981651779943922 108
1627553244975 0.1796314340988793 109
1627553245052 0.17946040984652123 110
1627553245128 0.17928074706839472 111
1627553245189 0.17911693730731879 112
1627553245268 0.1789553991633577 113
1627553245357 0.17878745636204996 114
1627553245430 0.17862244420906545 115
1627553245485 0.1784575087562002 116
1627553245564 0.17828403416378194 117
1627553245636 0.1781138865880161 118
1627553245730 0.17778811601261701 119
1627553245812 0.17754680628412553 120
1627553245893 0.17739277610954404 121
1627553245961 0.17723196939119856 122
1627553246070 0.1768918793628871 123
1627553246156 0.17666134837935504 124
1627553246227 0.1765236468911279 125
1627553246304 0.17634484228603522 126
1627553246387 0.17616565929294753 127
1627553246461 0.17601404154505096 128
1627553246541 0.17585413997412003 129
1627553246613 0.17568889888427158 130
1627553246670 0.17556499028307718 131
1627553246759 0.17522091249110003 132
1627553246830 0.17506551488488237 133
1627553246900 0.17492315631951835 134
1627553246958 0.1747779864854832 135
1627553247052 0.17462537762752373 136
1627553247127 0.17441551507824327 137
1627553247200 0.17426033595858026 138
1627553247298 0.1739836128295912 139
1627553247368 0.1738042188117679 140
1627553247432 0.17367267151461516 141
1627553247491 0.17354105436559905 142
1627553247562 0.17340405329264075 143
1627553247652 0.17324930036077024 144
1627553247757 0.17302307992293517 145
1627553247849 0.17283832696941767 146
1627553247918 0.17269494698129498 147
1627553247991 0.1725376644703316 148
1627553248060 0.17236789712989178 149
1627553248153 0.17220520602568995 150
1627553248230 0.17208738117261013 151
1627553248311 0.17195469743031644 152
1627553248380 0.17181164608185384 153
1627553248449 0.17166882069795883 154
1627553248503 0.17155075500664796 155
1627553248582 0.1714275489106097 156
1627553248649 0.1712845536486617 157
1627553248738 0.17107231552523366 158
1627553248805 0.17094174113849606 159
1627553248871 0.17081696309961805 160
1627553248932 0.1707005078024019 161
1627553248995 0.17058012916490933 162
1627553249070 0.17043576526505463 163
1627553249132 0.17031186979281154 164
1627553249198 0.1701692575497741 165
1627553249264 0.1700462902832897 166
1627553249338 0.16991488005953548 167
1627553249407 0.16978974142869147 168
1627553249475 0.16965027742531816 169
1627553249541 0.16951717721120557 170
1627553249609 0.1694003332230017 171
1627553249684 0.16926685299280114 172
1627553249772 0.16911197195274813 173
1627553249898 0.1688653264421021 174
1627553249968 0.1687377185243733 175
1627553250053 0.16861559048232116 176
1627553250141 0.16849356860956802 177
1627553250221 0.16834271536221715 178
1627553250294 0.16822325813241665 179
1627553250348 0.16812296600506602 180
1627553250407 0.1680059646258281 181
1627553250472 0.16789508055074956 182
1627553250537 0.16777616937903303 183
1627553250600 0.16765639784165412 184
1627553250688 0.16747931156524615 185
1627553250739 0.16737402725892034 186
1627553250794 0.16727160226423712 187
1627553250853 0.16716875169892273 188
1627553250939 0.16697269300133535 189
1627553251012 0.166840254527476 190
1627553251071 0.16673188089101787 191
1627553251147 0.16660003400027876 192
1627553251227 0.16648312041063582 193
1627553251294 0.1663742324103063 194
1627553251390 0.166250156213483 195
1627553251494 0.16604183632711328 196
1627553251553 0.16592946039779727 197
1627553251618 0.16583026749515878 198
1627553251676 0.16572213520622298 199
1627553251809 0.165548506634948 200
1627553251889 0.16541089692987324 201
1627553251960 0.16527491000829023 202
1627553252011 0.16516783965837945 203
1627553252078 0.16506823186820666 204
1627553252155 0.164951649045738 205
1627553252228 0.1648387171481149 206
1627553252327 0.16464230332102636 207
1627553252395 0.16453550229505673 208
1627553252460 0.16443177458064515 209
1627553252513 0.16432260552388878 210
1627553252602 0.164213787151331 211
1627553252651 0.16411052364635947 212
1627553252708 0.16400454972101358 213
1627553252776 0.16388417671515124 214
1627553252856 0.1637517892273453 215
1627553252960 0.1636025772996669 216
1627553253037 0.1635015479392761 217
1627553253105 0.16339848474032306 218
1627553253170 0.16328612237963075 219
1627553253242 0.1631606894046293 220
1627553253323 0.16300910839803073 221
1627553253390 0.16291749570884534 222
1627553253459 0.16280220051612762 223
1627553253522 0.16270826503780716 224
1627553253587 0.16259724933267397 225
1627553253656 0.1625047124117008 226
1627553253733 0.1623896396175016 227
1627553253809 0.16227118923023842 228
1627553253887 0.16216535742076482 229
1627553253954 0.16206481793490712 230
1627553254004 0.1619801343766029 231
1627553254072 0.1618749729612799 232
1627553254157 0.16174742374372836 233
1627553254218 0.16165672351603005 234
1627553254270 0.16156175818627597 235
1627553254327 0.16146334987694225 236
1627553254402 0.16136556006390285 237
1627553254463 0.1612845721530448 238
1627553254526 0.16117691826004896 239
1627553254599 0.16108482641307836 240
1627553254658 0.1609813871322525 241
1627553254722 0.16088417744852085 242
1627553254795 0.16077548405002912 243
1627553254847 0.16066775169218867 244
1627553254917 0.16055432855368904 245
1627553254982 0.16045661191387395 246
1627553255049 0.16035278834307753 247
1627553255124 0.1602277230305733 248
1627553255188 0.16012375981393412 249
1627553255242 0.1600409817118312 250
1627553255306 0.15994098772987939 251
1627553255365 0.15984836264175095 252
1627553255417 0.15975784825395362 253
1627553255490 0.1596472720007273 254
1627553255549 0.15955686365721575 255
1627553255618 0.1594569842586621 256
1627553255698 0.15936109362091128 257
1627553255753 0.15926268457834536 258
1627553255833 0.15914574176545793 259
1627553255891 0.15905465270071245 260
1627553255964 0.1589471239751305 261
1627553256027 0.15886932558875505 262
1627553256101 0.15879284194595533 263
1627553256174 0.1586920529589626 264
1627553256232 0.15859753846165217 265
1627553256294 0.15849495247632495 266
1627553256355 0.15841108129502607 267
1627553256422 0.15830447149952215 268
1627553256487 0.15820417226653077 269
1627553256567 0.15807065582507077 270
1627553256641 0.1579378218281777 271
1627553256707 0.1578419439913433 272
1627553256759 0.15775391850792253 273
1627553256821 0.1576812443565705 274
1627553256883 0.15760557267766254 275
1627553256946 0.15751421050614836 276
1627553257002 0.15742274857576738 277
1627553257061 0.15733483444940088 278
1627553257128 0.15724919370364443 279
1627553257181 0.15715975864597248 280
1627553257251 0.15705010172319583 281
1627553257315 0.1569634326513859 282
1627553257395 0.15687298540149588 283
1627553257452 0.15680002409724317 284
1627553257516 0.15671243809935545 285
1627553257585 0.156643623590897 286
1627553257650 0.15655882793632164 287
1627553257723 0.1564743690257099 288
1627553257786 0.15638660308027483 289
1627553257841 0.15631733460378391 290
1627553257899 0.15624407248328331 291
1627553257959 0.1561672408200517 292
1627553258011 0.15608909821961942 293
1627553258067 0.1559969821617429 294
1627553258140 0.15588801251295398 295
1627553258204 0.15579128244897 296
1627553258268 0.1556985566573765 297
1627553258332 0.15561119451542818 298
1627553258403 0.15549717548808834 299
1627553258480 0.15540484182914957 300
1627553258536 0.15531039225328724 301
1627553258591 0.1552314803967192 302
1627553258651 0.1551573684222958 303
1627553258702 0.1550711975512475 304
1627553258763 0.15499125654683626 305
1627553258825 0.1548995409216008 306
1627553258885 0.154816047353874 307
1627553258940 0.15473679540343327 308
1627553259004 0.15465626856218803 309
1627553259070 0.15456544679941872 310
1627553259155 0.154477453294709 311
1627553259214 0.1543955221211131 312
1627553259278 0.15432843681134997 313
1627553259328 0.1542449114889266 314
1627553259393 0.1541659145631563 315
1627553259457 0.1540814508306768 316
1627553259516 0.15399838109627456 317
1627553259583 0.1539099476650858 318
1627553259635 0.15382416595394152 319
1627553259703 0.15372813960122672 320
1627553259770 0.15364979881288465 321
1627553259821 0.15357595632980234 322
1627553259884 0.1534992716964422 323
1627553259981 0.15341516439879324 324
1627553260080 0.15333908078509612 325
1627553260175 0.15325838097622743 326
1627553260224 0.15319605981583712 327
1627553260303 0.15311534667093013 328
1627553260382 0.15304660636032308 329
1627553260443 0.15295967455443232 330
1627553260499 0.1528773613293438 331
1627553260568 0.15279311350749447 332
1627553260630 0.15271057304235372 333
1627553260705 0.15262271504320676 334
1627553260767 0.1525433269053169 335
1627553260857 0.15671243809935545 336
