1627562090352 0.0010984704467272535 0
1627562090492 0.0010130991150963868 1
1627562090626 0.000937616365429509 2
1627562090763 0.0008711317202159269 3
1627562090904 0.0008127534734781132 4
1627562091042 0.0007620105308517958 5
1627562091225 0.000717891965277009 6
1627562091375 0.0006799214897799575 7
1627562091516 0.0006471185014547669 8
1627562091656 0.0006188349072505586 9
1627562091815 0.0005943712130095068 10
1627562091967 0.0005733706379220157 11
1627562092103 0.0005553922029122496 12
1627562092233 0.000540359755753668 13
1627562092354 0.0005273255465289706 14
1627562092480 0.0005164883080475451 15
1627562092608 0.0005070316957778903 16
1627562092776 0.0004992636506694383 17
1627562092945 0.0004926303500591094 18
1627562093098 0.0004864328243908589 19
1627562093228 0.00048124589067681154 20
1627562093371 0.00047683826213142485 21
1627562093491 0.00047285222573338457 22
1627562093627 0.00046935723677237834 23
1627562093780 0.00046605129241438035 24
1627562093898 0.0004634241310664843 25
1627562094023 0.00046072453539687346 26
1627562094135 0.0004585290310785705 27
1627562094253 0.0004560040466586597 28
1627562094361 0.00045390180323335504 29
1627562094466 0.0004520523632904233 30
1627562094583 0.00045015180508353915 31
1627562094709 0.00044820840184044033 32
1627562094829 0.00044621781080222495 33
1627562094935 0.0004444418672000807 34
1627562095035 0.00044296805721086876 35
1627562095144 0.00044054288773386806 36
1627562095257 0.00043868873262089875 37
1627562095363 0.0004374143209394467 38
1627562095470 0.0004354807523877188 39
1627562095575 0.0004344047768470175 40
1627562095676 0.00043262019861079376 41
1627562095780 0.00043131593436218586 42
1627562095882 0.00042948970811627126 43
1627562095999 0.0004280507731384345 44
1627562096092 0.0004272522843713398 45
1627562096221 0.00042465857028378234 46
1627562096321 0.0004238182888851417 47
1627562096420 0.00042274061324885676 48
1627562096523 0.00042176572415275685 49
1627562096649 0.00041944875973524455 50
1627562096751 0.0004187027649580212 51
1627562096865 0.00041775655172446654 52
1627562096997 0.0004159685973777925 53
1627562097101 0.00041526229241122735 54
1627562097208 0.00041454262209784893 55
1627562097351 0.00041331168839657984 56
1627562097466 0.0004124259392455501 57
1627562097584 0.000411676274805676 58
1627562097714 0.0004110651085906095 59
1627562097802 0.00041041954322430574 60
1627562097941 0.000409326830919663 61
1627562098082 0.0004078390171852516 62
1627562098179 0.0004071417389647726 63
1627562098293 0.00040593968862805217 64
1627562098404 0.0004044677395794887 65
1627562098505 0.00040380811814895613 66
1627562098596 0.00040321810287539944 67
1627562098720 0.0004024286412611016 68
1627562098840 0.00040186008217252484 69
1627562098958 0.0004012861912943208 70
1627562099050 0.00040068605100249214 71
1627562099140 0.00040012387993192534 72
1627562099247 0.0003995562167724184 73
1627562099351 0.00039900654738084484 74
1627562099461 0.0003975852096691463 75
1627562099563 0.00039669617987247465 76
1627562099660 0.00039614868432519225 77
1627562099857 0.000395024558883675 78
1627562099992 0.0003944890468539178 79
1627562100164 0.00039344927581912723 80
1627562100273 0.00039273509378202534 81
1627562100377 0.0003921557956104551 82
1627562100469 0.0003915152666919241 83
1627562100571 0.0003909854658792554 84
1627562100668 0.0003904371302119056 85
1627562100756 0.00038995231744977767 86
1627562100844 0.0003893909140080618 87
1627562100942 0.00038884798120895095 88
1627562101036 0.00038834199910417195 89
1627562101130 0.0003878257175816946 90
1627562101238 0.00038708915408280166 91
1627562101404 0.0003860211920163966 92
1627562101482 0.00038550176875381316 93
1627562101568 0.00038501138939619627 94
1627562101679 0.0003844630276629817 95
1627562101763 0.00038403328967394606 96
1627562101916 0.0003831755060794244 97
1627562102064 0.00038241978306141703 98
1627562102172 0.00038194181085287205 99
1627562102265 0.0003815226445337298 100
1627562102360 0.0003811180397529825 101
1627562102461 0.0003804421017277111 102
1627562102582 0.000379657877286242 103
1627562102672 0.00037921214433948023 104
1627562102752 0.00037879039562897137 105
1627562102839 0.00037836945381095483 106
1627562102939 0.00037771289321172116 107
1627562103031 0.0003772489043355578 108
1627562103115 0.0003768349309564442 109
1627562103215 0.00037642192422979767 110
1627562103304 0.0003760013947205123 111
1627562103393 0.0003755921027777861 112
1627562103473 0.00037515749918365897 113
1627562103559 0.0003747123540284464 114
1627562103665 0.00037404201658783716 115
1627562103754 0.00037361861928219734 116
1627562103857 0.00037286757413112305 117
1627562103957 0.0003723638829418258 118
1627562104054 0.00037197567524123974 119
1627562104135 0.00037159330678438477 120
1627562104230 0.00037116449526263456 121
1627562104330 0.0003708032073842535 122
1627562104425 0.000370304965915606 123
1627562104561 0.00036986051762413443 124
1627562104702 0.00036950369053380156 125
1627562104801 0.00036916061438272996 126
1627562104860 0.0003688601586160526 127
1627562104942 0.0003684934249328084 128
1627562105030 0.0003680828962185623 129
1627562105120 0.00036769504237229797 130
1627562105210 0.0003673248666933066 131
1627562105285 0.00036700309364820065 132
1627562105375 0.00036664958005575205 133
1627562105456 0.0003662901466510735 134
1627562105562 0.0003657081368680798 135
1627562105638 0.00036532340306005996 136
1627562105749 0.000364686731698473 137
1627562105830 0.00036432360859842063 138
1627562105942 0.00036396209585686526 139
1627562106028 0.00036364646667487953 140
1627562106112 0.00036330949586858185 141
1627562106234 0.00036296388641103377 142
1627562106329 0.0003625921897956684 143
1627562106394 0.0003622810799556358 144
1627562106470 0.0003619546561634948 145
1627562106541 0.0003616072639953151 146
1627562106613 0.00036132625599543256 147
1627562106704 0.00036098161275731507 148
1627562106807 0.0003606087623959211 149
1627562106875 0.00036030765188164093 150
1627562106965 0.000360007340025582 151
1627562107071 0.0003594980049246656 152
1627562107140 0.0003592382518349838 153
1627562107240 0.0003587738470577584 154
1627562107355 0.00035840303993412727 155
1627562107466 0.00035798446962749975 156
1627562107600 0.00035766229283031297 157
1627562107711 0.00035735930458245823 158
1627562107829 0.0003569888720028275 159
1627562107940 0.00035664383082561 160
1627562108014 0.00035640345911221275 161
1627562108102 0.00035609573872667685 162
1627562108203 0.0003557885687741605 163
1627562108309 0.00035551469769360685 164
1627562108393 0.00035521037418491527 165
1627562108479 0.0003548465008728838 166
1627562108565 0.0003544896078935933 167
1627562108644 0.00035423032126426587 168
1627562108728 0.0003539133708563619 169
1627562108799 0.00035360773041142674 170
1627562108863 0.0003533492700687957 171
1627562108932 0.0003530726904751236 172
1627562109027 0.00035264836371091203 173
1627562109110 0.00035233576897628993 174
1627562109204 0.0003519702326056161 175
1627562109283 0.0003516643029130392 176
1627562109360 0.0003513842620093763 177
1627562109438 0.00035106680139416986 178
1627562109505 0.0003508202833292461 179
1627562109588 0.00035050618825689244 180
1627562109677 0.00035016631902904456 181
1627562109752 0.00034991375279605 182
1627562109814 0.00034969569467140267 183
1627562109922 0.00034940027119375006 184
1627562110029 0.0003489078277664595 185
1627562110112 0.00034861958507509475 186
1627562110202 0.0003483415146300321 187
1627562110284 0.00034807726576962297 188
1627562110370 0.000347804657823578 189
1627562110435 0.000347573385003733 190
1627562110553 0.0003472634172699704 191
1627562110660 0.00034681276621113685 192
1627562110751 0.000346511907559667 193
1627562110838 0.00034620689139889757 194
1627562110914 0.00034593478986478366 195
1627562110993 0.0003456671691550126 196
1627562111069 0.000345396107646494 197
1627562111152 0.0003451536534027987 198
1627562111220 0.0003448936576759773 199
1627562111309 0.0003446363781905944 200
1627562111387 0.00034435675178234144 201
1627562111492 0.0003439631791166259 202
1627562111586 0.00034355762007105595 203
1627562111661 0.0003433003631136022 204
1627562111747 0.0003430065293430573 205
1627562111831 0.0003427559266640189 206
1627562111917 0.00034242751587372033 207
1627562111985 0.0003422252654928075 208
1627562112044 0.0003419696772904849 209
1627562112130 0.0003416759063186333 210
1627562112194 0.0003414273947161687 211
1627562112272 0.00034118565475121514 212
1627562112335 0.00034097220298502266 213
1627562112427 0.00034065160270177757 214
1627562112503 0.0003403967312442352 215
1627562112583 0.0003401787171145079 216
1627562112692 0.00033990200286500603 217
1627562112805 0.00033965302663626533 218
1627562112910 0.0003394120338580922 219
1627562112984 0.00033918376897756935 220
1627562113077 0.00033890103439760424 221
1627562113185 0.0003386243304125002 222
1627562113301 0.00033833296804663217 223
1627562113386 0.0003380951932219331 224
1627562113460 0.00033786233937378176 225
1627562113542 0.0003376586928426247 226
1627562113607 0.0003374468372201342 227
1627562113681 0.0003371886311854105 228
1627562113779 0.0003369364000960295 229
1627562113843 0.00033673241252903043 230
1627562113938 0.00033646894805534216 231
1627562114018 0.00033622908881503867 232
1627562114081 0.0003360228855015786 233
1627562114189 0.0003356507475404576 234
1627562114275 0.0003354204206834014 235
1627562114389 0.00033517025954167323 236
1627562114486 0.0003349098973303364 237
1627562114557 0.0003346878692718901 238
1627562114630 0.00033444844088026236 239
1627562114700 0.00033424573870543205 240
1627562114798 0.00033390691701227316 241
1627562114873 0.00033367413387936186 242
1627562114974 0.0003332983525226852 243
1627562115045 0.0003330915260415062 244
1627562115125 0.0003328395154565508 245
1627562115200 0.00033260074721689866 246
1627562115280 0.00033235572814045266 247
1627562115350 0.00033215748296667026 248
1627562115418 0.0003319301249683159 249
1627562115495 0.0003317212420981079 250
1627562115576 0.0003314654278634413 251
1627562115656 0.00033121157221076156 252
1627562115733 0.0003309737347788376 253
1627562115809 0.000330773569312864 254
1627562115882 0.0003305334419069837 255
1627562115947 0.0003303244977461804 256
1627562116010 0.0003300819793334289 257
1627562116096 0.0003298317028271243 258
1627562116168 0.00032962574274890513 259
1627562116236 0.00032939594421341976 260
1627562116314 0.0003291377697921247 261
1627562116427 0.00032892547833073964 262
1627562116531 0.00032869250156525 263
1627562116603 0.00032848140007505 264
1627562116671 0.00032825726787291974 265
1627562116748 0.00032803286071496183 266
1627562116820 0.0003278145486430142 267
1627562116907 0.00032756883724384444 268
1627562116980 0.0003273980409772127 269
1627562117064 0.00032719081518630435 270
1627562117141 0.0003269779923395866 271
1627562117228 0.0003267874493135355 272
1627562117296 0.00032655694273144037 273
1627562117371 0.0003263399290478296 274
1627562117450 0.0003261179365749681 275
1627562117522 0.00032591376774447286 276
1627562117603 0.000325672103644484 277
1627562117706 0.00032545271313638035 278
1627562117795 0.0003252683048038028 279
1627562117865 0.0003250520421933796 280
1627562117936 0.00032487367412207315 281
1627562118045 0.0003245142997466328 282
1627562118123 0.00032426048855421823 283
1627562118193 0.00032404714924905343 284
1627562118259 0.00032387306158526816 285
1627562118341 0.0003354204206834014 286
1627562122329 0.0010983420695191797 0
1627562122537 0.0010130066856467218 1
1627562122708 0.0009376369036596216 2
1627562122852 0.0008713014709129393 3
1627562123004 0.0008131142553110145 4
1627562123156 0.0007623749936095268 5
1627562123350 0.0007184465493240224 6
1627562123523 0.0006805632783808992 7
1627562123688 0.0006479010253439973 8
1627562123817 0.0006196544213224256 9
1627562123950 0.0005952921346939258 10
1627562124127 0.000574385894237434 11
1627562124262 0.0005564393218247701 12
1627562124392 0.0005413342416758789 13
1627562124515 0.0005281976588682084 14
1627562124645 0.0005172933466346044 15
1627562124787 0.0005078406555140508 16
1627562124917 0.0005000062391405554 17
1627562125042 0.000493217612119876 18
1627562125160 0.0004869277066836869 19
1627562125283 0.0004817224379001363 20
1627562125402 0.00047719837006645477 21
1627562125533 0.000473482132288389 22
1627562125649 0.00047016839298155217 23
1627562125785 0.0004667466913872026 24
1627562125894 0.0004641819578356022 25
1627562126003 0.0004616125508337814 26
1627562126119 0.00045941349562223253 27
1627562126242 0.00045734247547198526 28
1627562126390 0.0004549824198652858 29
1627562126507 0.00045310050782756614 30
1627562126622 0.0004513814542514162 31
1627562126773 0.00044948026424541406 32
1627562126895 0.00044797919386096004 33
1627562127000 0.0004462192885829091 34
1627562127115 0.00044440740090431015 35
1627562127286 0.0004420218144071633 36
1627562127455 0.0004401325264606116 37
1627562127600 0.00043895230385523784 38
1627562127776 0.00043714589660099457 39
1627562127880 0.0004360484709226894 40
1627562127979 0.00043426860402991183 41
1627562128086 0.0004324821542692094 42
1627562128195 0.000430748323213969 43
1627562128305 0.0004296922862697654 44
1627562128399 0.00042890986588319175 45
1627562128521 0.00042708451743754295 46
1627562128630 0.00042600970117983385 47
1627562128730 0.00042488777180908267 48
1627562128840 0.00042398299512710577 49
1627562128960 0.00042200192482964844 50
1627562129061 0.0004213029664691478 51
1627562129164 0.0004203448181624898 52
1627562129306 0.0004181542721005882 53
1627562129443 0.00041750074648758655 54
1627562129593 0.0004165470585462934 55
1627562129746 0.000414591764767615 56
1627562129840 0.00041397690189749964 57
1627562129950 0.0004132937144471521 58
1627562130101 0.00041139647695737444 59
1627562130204 0.00041069293087715367 60
1627562130328 0.0004090801456720346 61
1627562130478 0.0004083724650942184 62
1627562130613 0.00040771133972238136 63
1627562130774 0.0004070490994970204 64
1627562130889 0.0004062881200598794 65
1627562130984 0.00040576094858554146 66
1627562131084 0.00040517761017666744 67
1627562131191 0.0004043274374863002 68
1627562131292 0.00040371515525846935 69
1627562131399 0.00040312231621573904 70
1627562131492 0.00040257151809016295 71
1627562131582 0.0004019844481418664 72
1627562131708 0.00040056897463268333 73
1627562131816 0.00039996547402873446 74
1627562131933 0.0003993166050257675 75
1627562132058 0.00039807294241137856 76
1627562132150 0.00039755077863121196 77
1627562132297 0.0003968492692343689 78
1627562132415 0.00039624086564931207 79
1627562132550 0.00039557741346236925 80
1627562132706 0.00039433849735696555 81
1627562132816 0.0003937910318769361 82
1627562132923 0.00039291138590602113 83
1627562133021 0.0003923876817487944 84
1627562133120 0.0003918510612404813 85
1627562133220 0.00039133489964301174 86
1627562133337 0.00039067087095206006 87
1627562133425 0.0003902005717322292 88
1627562133528 0.00038969140068932895 89
1627562133624 0.0003892222785707333 90
1627562133736 0.00038859867223885116 91
1627562133853 0.0003875939280876672 92
1627562133950 0.0003871228285028403 93
1627562134043 0.0003866456055786564 94
1627562134143 0.00038597606046016775 95
1627562134264 0.00038497204544538836 96
1627562134359 0.00038453498357949673 97
1627562134442 0.00038409680533173246 98
1627562134542 0.0003836488058026724 99
1627562134646 0.00038310791014270886 100
1627562134779 0.0003820089523534823 101
1627562134870 0.00038162349873225053 102
1627562134947 0.0003811586284424676 103
1627562135040 0.0003807490601713939 104
1627562135135 0.00038030032306682484 105
1627562135229 0.0003798768468670226 106
1627562135343 0.00037907720655440484 107
1627562135446 0.0003786868521566877 108
1627562135542 0.0003781570225773565 109
1627562135639 0.00037772317470233707 110
1627562135741 0.00037723952154840816 111
1627562135847 0.0003765352629192928 112
1627562135934 0.00037612520119950914 113
1627562136019 0.0003757438729739712 114
1627562136142 0.000374994972551309 115
1627562136221 0.00037460553133469724 116
1627562136318 0.0003741953281454 117
1627562136402 0.0003738429488469616 118
1627562136494 0.00037346227419281615 119
1627562136584 0.0003731051486325669 120
1627562136691 0.0003725412058530186 121
1627562136787 0.0003721628390904101 122
1627562136945 0.0003717895604501753 123
1627562137084 0.00037105473853218365 124
1627562137168 0.00037071032375928577 125
1627562137258 0.00037031409474998174 126
1627562137333 0.000370025032945182 127
1627562137426 0.0003696580927829189 128
1627562137535 0.0003692897523459277 129
1627562137698 0.0003687477081374502 130
1627562137780 0.0003683691659282594 131
1627562137904 0.00036792550162539624 132
1627562137980 0.0003676111227923074 133
1627562138062 0.00036728913806216817 134
1627562138140 0.0003669497674257625 135
1627562138224 0.00036656064865198996 136
1627562138345 0.0003658596647869368 137
1627562138415 0.0003655475106671049 138
1627562138521 0.00036509557186747066 139
1627562138633 0.0003647528757120027 140
1627562138765 0.00036445426576994154 141
1627562138866 0.00036399637408478995 142
1627562138951 0.0003636590126205311 143
1627562139046 0.0003632265262115022 144
1627562139129 0.00036287977676214585 145
1627562139226 0.0003626206205909484 146
1627562139331 0.0003622863506699958 147
1627562139439 0.00036189913199000334 148
1627562139567 0.00036153262099443 149
1627562139654 0.0003611827519883774 150
1627562139767 0.0003606405469213928 151
1627562139865 0.00036030859159594687 152
1627562139956 0.0003600033144153069 153
1627562140046 0.0003596296437964743 154
1627562140139 0.000359264590312266 155
1627562140239 0.0003589517906533836 156
1627562140334 0.0003586292056238557 157
1627562140419 0.0003583410732212503 158
1627562140517 0.00035792889780254794 159
1627562140607 0.0003575934251839624 160
1627562140699 0.00035725295831750273 161
1627562140805 0.0003569651449517332 162
1627562140872 0.0003567111671892092 163
1627562140957 0.0003564181944284719 164
1627562141046 0.00035607475812875536 165
1627562141154 0.000355578471763889 166
1627562141261 0.0003551054866121197 167
1627562141332 0.000354849503799632 168
1627562141404 0.0003545526133892327 169
1627562141484 0.00035427361612476666 170
1627562141575 0.0003539540857912258 171
1627562141658 0.0003536382310960178 172
1627562141730 0.00035337303669759427 173
1627562141826 0.0003530196510974053 174
1627562141915 0.00035271792370363865 175
1627562141990 0.00035241110373846054 176
1627562142070 0.0003521437124713184 177
1627562142161 0.00035176257371201527 178
1627562142256 0.0003514541227982079 179
1627562142340 0.0003511887290497848 180
1627562142409 0.0003509314382311774 181
1627562142510 0.00035044275463425983 182
1627562142607 0.00035008612186829616 183
1627562142723 0.0003497960988607296 184
1627562142816 0.0003494654555828974 185
1627562142898 0.0003492304643036623 186
1627562143005 0.000348930580535062 187
1627562143093 0.00034865207382816897 188
1627562143191 0.00034842301505385226 189
1627562143263 0.0003481616784919915 190
1627562143349 0.00034790232861005126 191
1627562143444 0.0003476251865722458 192
1627562143508 0.0003474058733427469 193
1627562143578 0.0003471447680286085 194
1627562143645 0.0003468628946931769 195
1627562143684 0.00034659558878202275 196
1627562143738 0.0003462792644814936 197
1627562143785 0.0003459448879455642 198
1627562143841 0.0003455920592085308 199
1627562143879 0.00034536918565834655 200
1627562143913 0.00034514201805933175 201
1627562143965 0.000344897068277251 202
1627562143999 0.00034466648365789985 203
1627562144035 0.0003444272320278329 204
1627562144088 0.00034409704340808965 205
1627562144139 0.000343823970879111 206
1627562144176 0.00034361120000532503 207
1627562144216 0.000343380806812986 208
1627562144255 0.0003431106571476344 209
1627562144301 0.0003428425589869128 210
1627562144333 0.0003426324731141514 211
1627562144376 0.0003423369575351879 212
1627562144413 0.00034214990045241443 213
1627562144452 0.00034188978585503735 214
1627562144496 0.00034164629821342745 215
1627562144553 0.0003413554625318641 216
1627562144584 0.00034109693037630523 217
1627562144617 0.0003408678727909267 218
1627562144654 0.0003406398608305705 219
1627562144718 0.00034024120659427096 220
1627562144767 0.0003399806274600057 221
1627562144807 0.0003397160464249914 222
1627562144862 0.000339426963044392 223
1627562144898 0.00033922541981546784 224
1627562144941 0.0003389933908743533 225
1627562144984 0.0003387592191849948 226
1627562145023 0.0003385026518305647 227
1627562145067 0.0003382334400427584 228
1627562145116 0.0003379824476715985 229
1627562145153 0.00033772273604513504 230
1627562145191 0.00033750523074574607 231
1627562145239 0.0003372848074112928 232
1627562145278 0.000337054460630974 233
1627562145342 0.000336722083252504 234
1627562145392 0.0003364446238266471 235
1627562145434 0.0003362069161489984 236
1627562145479 0.000335960754345406 237
1627562145524 0.00033571843759208435 238
1627562145568 0.000335450504662758 239
1627562145614 0.00033522716403064227 240
1627562145648 0.0003350452201129685 241
1627562145679 0.00033485014337817373 242
1627562145720 0.00033460924159998913 243
1627562145767 0.0003343225705784984 244
1627562145811 0.0003340875141782968 245
1627562145851 0.00033385224805716757 246
1627562145893 0.00033359052380089083 247
1627562145939 0.0003333530686144197 248
1627562145977 0.0003331459216227543 249
1627562146019 0.00033293338359488366 250
1627562146061 0.00033268520843228916 251
1627562146102 0.00033249958930034516 252
1627562146143 0.00033225902002930857 253
1627562146187 0.0003320542739575655 254
1627562146228 0.0003318140838081925 255
1627562146269 0.0003315659369804269 256
1627562146314 0.0003313294751984685 257
1627562146362 0.00033107282215481376 258
1627562146405 0.00033086543354472834 259
1627562146452 0.0003305792980230148 260
1627562146489 0.0003303428107059389 261
1627562146528 0.00033016347179430774 262
1627562146585 0.00032990444377686064 263
1627562146621 0.0003296832311155843 264
1627562146661 0.00032945882553435087 265
1627562146705 0.0003292596327343494 266
1627562146740 0.00032906878971117917 267
1627562146785 0.00032880881841239557 268
1627562146829 0.0003285608913853151 269
1627562146872 0.00032833006927776755 270
1627562146916 0.00032813046916396803 271
1627562146950 0.00032793905068412825 272
1627562146989 0.00032776678958604044 273
1627562147032 0.0003275679076433448 274
1627562147095 0.00032726630726860183 275
1627562147146 0.00032700013475254206 276
1627562147202 0.0003267149949313783 277
1627562147245 0.0003265082655752341 278
1627562147294 0.00032630822744392733 279
1627562147332 0.0003260959284759698 280
1627562147376 0.00032587467648018077 281
1627562147410 0.0003257014691285254 282
1627562147456 0.00032546909061459834 283
1627562147495 0.00032525666587619533 284
1627562147529 0.0003250215807523893 285
1627562147565 0.00032479051003780446 286
1627562147601 0.00032458114105375716 287
1627562147648 0.00032435523610789487 288
1627562147681 0.0003241692995392522 289
1627562147732 0.0003239412563453031 290
1627562147765 0.00032376439144742275 291
1627562147807 0.00032356411175475967 292
1627562147842 0.0003233986846995006 293
1627562147874 0.0003232179539435541 294
1627562147908 0.00032299411527097636 295
1627562147968 0.0003340875141782968 296
1627562151969 0.0010993554773023175 0
1627562152112 0.0010138910883408293 1
1627562152254 0.0009383971717029665 2
1627562152397 0.0008719421850235775 3
1627562152535 0.0008135870587838764 4
1627562152679 0.0007628335513460618 5
1627562152854 0.0007186968064562889 6
1627562153032 0.0006806525378076347 7
1627562153170 0.000647878218855263 8
1627562153305 0.0006195650332882468 9
1627562153436 0.0005951019106071232 10
1627562153570 0.0005742932772034232 11
1627562153706 0.0005562985745831685 12
1627562153833 0.0005410636395179473 13
1627562153972 0.0005279926128310943 14
1627562154099 0.0005170176235798503 15
1627562154246 0.0005077089341897806 16
1627562154389 0.0004998683857038946 17
1627562154523 0.0004931408600020269 18
1627562154677 0.00048709001968222056 19
1627562154795 0.00048197083098348506 20
1627562154912 0.00047737185325509167 21
1627562155041 0.000473592154342213 22
1627562155162 0.0004702123400086771 23
1627562155282 0.00046657783881864587 24
1627562155397 0.0004639513386901063 25
1627562155507 0.0004613151353861159 26
1627562155618 0.0004588296498467526 27
1627562155764 0.00045680799109151874 28
1627562155879 0.00045448198048693314 29
1627562155989 0.00045235791150009824 30
1627562156106 0.0004504246248503449 31
1627562156223 0.0004485260127145712 32
1627562156343 0.0004466536929366145 33
1627562156452 0.00044491001999557374 34
1627562156560 0.0004434676233136209 35
1627562156666 0.00044212170654902563 36
1627562156778 0.00043999706693870444 37
1627562156885 0.00043844745091198376 38
1627562156994 0.00043619276921408827 39
1627562157103 0.00043494106571650683 40
1627562157206 0.0004330690025387578 41
1627562157339 0.00043135416158308855 42
1627562157450 0.00042965708563232855 43
1627562157571 0.00042849217891398475 44
1627562157715 0.0004277180734265655 45
1627562157865 0.0004261647505578064 46
1627562158012 0.00042502619762613015 47
1627562158188 0.0004229455916672451 48
1627562158294 0.00042209413408650576 49
1627562158415 0.00041991133644856017 50
1627562158517 0.0004191340675353566 51
1627562158630 0.00041756322821150067 52
1627562158739 0.0004162411088712695 53
1627562158879 0.0004155811640144428 54
1627562158999 0.0004140690520180542 55
1627562159176 0.00041320086466035846 56
1627562159298 0.00041229128701595437 57
1627562159399 0.00041161509280992424 58
1627562159540 0.0004097819776226166 59
1627562159638 0.0004090745629711547 60
1627562159768 0.000408441259115679 61
1627562159871 0.00040759406938067194 62
1627562159967 0.00040697775635791146 63
1627562160063 0.0004063657733887853 64
1627562160168 0.00040501912175738104 65
1627562160273 0.0004043581842400625 66
1627562160373 0.0004037827143763214 67
1627562160489 0.00040303757638819214 68
1627562160644 0.00040236603958237755 69
1627562160747 0.00040180047038899453 70
1627562160936 0.00040052937286051075 71
1627562161041 0.00039989907313073877 72
1627562161137 0.00039929040172568696 73
1627562161248 0.0003986256583871208 74
1627562161353 0.00039810344718861797 75
1627562161472 0.0003968261616701501 76
1627562161593 0.00039570148035877845 77
1627562161705 0.00039505384920684615 78
1627562161807 0.0003945429752162925 79
1627562161916 0.00039379329126008216 80
1627562162005 0.00039324698029632424 81
1627562162121 0.00039262451691458557 82
1627562162208 0.00039212422420166503 83
1627562162317 0.00039147040955725014 84
1627562162412 0.0003909248535548158 85
1627562162514 0.0003902712208172431 86
1627562162606 0.000389766083292036 87
1627562162699 0.0003892757527484211 88
1627562162808 0.00038840466520691577 89
1627562162929 0.0003879003736858084 90
1627562163093 0.0003873206732841745 91
1627562163212 0.00038656110455474616 92
1627562163380 0.00038573685947807527 93
1627562163520 0.0003852755071063891 94
1627562163686 0.00038465338051993164 95
1627562163847 0.00038390346433512975 96
1627562163944 0.000383471383432405 97
1627562164030 0.00038297525203788305 98
1627562164127 0.00038251308269726935 99
1627562164223 0.00038205263300182334 100
1627562164322 0.0003815468875619227 101
1627562164417 0.0003811375175839923 102
1627562164505 0.0003806970727253402 103
1627562164673 0.00037991202668264225 104
1627562164784 0.00037944897377244235 105
1627562164897 0.0003790511527325152 106
1627562164998 0.00037845401883923726 107
1627562165085 0.0003780109632736787 108
1627562165189 0.0003773888428496211 109
1627562165310 0.00037661091285596713 110
1627562165392 0.0003762227277571241 111
1627562165544 0.0003754603148097029 112
1627562165620 0.00037504792810856715 113
1627562165714 0.0003746463670884355 114
1627562165798 0.0003742387430700965 115
1627562165883 0.00037383899475746274 116
1627562166008 0.00037344074009184355 117
1627562166114 0.0003730259266961188 118
1627562166210 0.0003726661077851886 119
1627562166286 0.00037228939223952654 120
1627562166371 0.00037190129301016084 121
1627562166466 0.0003714951363399797 122
1627562166612 0.0003711263211090356 123
1627562166792 0.00037052966340151496 124
1627562166916 0.0003701795994253185 125
1627562167020 0.0003695386275569993 126
1627562167099 0.0003692427273605028 127
1627562167196 0.00036891158407033965 128
1627562167292 0.00036851644245318845 129
1627562167384 0.00036816746789227487 130
1627562167499 0.0003675500901698293 131
1627562167623 0.00036718336312931214 132
1627562167712 0.0003668411894471536 133
1627562167786 0.00036649565017269633 134
1627562167858 0.0003661573812094477 135
1627562167947 0.0003657797136127605 136
1627562168036 0.00036544321694656674 137
1627562168164 0.0003650852884877139 138
1627562168286 0.00036479322930953477 139
1627562168421 0.0003644127579325476 140
1627562168497 0.0003640483125686977 141
1627562168587 0.00036362394284636585 142
1627562168672 0.0003632774464004203 143
1627562168750 0.00036291713186277367 144
1627562168831 0.0003625925484238294 145
1627562168910 0.00036227836745552125 146
1627562169001 0.00036193226447400637 147
1627562169085 0.00036158529008540534 148
1627562169176 0.00036118375767439794 149
1627562169254 0.0003608653877675597 150
1627562169353 0.0003605008816750465 151
1627562169433 0.00036021178345991623 152
1627562169511 0.00035991302835182914 153
1627562169647 0.0003595009542478234 154
1627562169752 0.00035897417238427224 155
1627562169842 0.0003586550797093254 156
1627562169917 0.000358312208128771 157
1627562170017 0.0003578507749150442 158
1627562170199 0.0003573974654618468 159
1627562170320 0.0003571233399154979 160
1627562170416 0.0003567888819103451 161
1627562170552 0.0003564672822940431 162
1627562170692 0.0003560572199332015 163
1627562170786 0.00035576774459978894 164
1627562170859 0.00035549442223118034 165
1627562170939 0.00035520029663927024 166
1627562171020 0.00035491051773513786 167
1627562171111 0.0003546294950907049 168
1627562171210 0.00035433131624146806 169
1627562171290 0.0003540315381430485 170
1627562171366 0.0003537929652496285 171
1627562171448 0.000353484343121916 172
1627562171539 0.0003531326126224571 173
1627562171626 0.0003528440221923698 174
1627562171718 0.00035254326459165997 175
1627562171791 0.0003522804409666313 176
1627562171870 0.0003519832546901663 177
1627562171942 0.0003517046855392571 178
1627562172025 0.00035140328311547445 179
1627562172124 0.00035109584789901776 180
1627562172287 0.0003506961743267611 181
1627562172416 0.0003504198265514879 182
1627562172498 0.0003501884074978107 183
1627562172597 0.0003498959709806269 184
1627562172712 0.00034966039915948163 185
1627562172818 0.00034933667773316777 186
1627562172902 0.00034906712230654027 187
1627562172969 0.0003488478059163827 188
1627562173042 0.0003485736537689523 189
1627562173127 0.0003482832359376597 190
1627562173248 0.0003477810496727412 191
1627562173324 0.0003475232089724102 192
1627562173418 0.00034725004139448827 193
1627562173488 0.0003469758082438841 194
1627562173610 0.00034644272090779497 195
1627562173705 0.0003461775115239277 196
1627562173823 0.00034590516729734105 197
1627562174007 0.00034542186114625906 198
1627562174099 0.00034518455076621747 199
1627562174179 0.0003449304229369883 200
1627562174281 0.0003445844321332081 201
1627562174369 0.00034430150399372645 202
1627562174444 0.00034405913220491425 203
1627562174517 0.0003438335799870331 204
1627562174606 0.00034351648880822803 205
1627562174671 0.0003432835217572993 206
1627562174750 0.0003430249334148488 207
1627562174847 0.00034269435975609915 208
1627562174925 0.0003424356301033378 209
1627562175004 0.0003421693742909613 210
1627562175069 0.0003418983857732516 211
1627562175145 0.00034163844855794335 212
1627562175210 0.00034144549332328024 213
1627562175295 0.0003412140446204928 214
1627562175361 0.00034099365508420806 215
1627562175427 0.000340734446854264 216
1627562175501 0.00034047087184776054 217
1627562175579 0.0003402018750873671 218
1627562175652 0.00033992000159230605 219
1627562175729 0.0003396640452491527 220
1627562175815 0.0003393957654119384 221
1627562175897 0.0003391144481508596 222
1627562175998 0.00033885805445901454 223
1627562176065 0.00033865261039973173 224
1627562176130 0.0003384431541733661 225
1627562176211 0.0003382124204930419 226
1627562176306 0.0003379205503349814 227
1627562176384 0.0003376502738416946 228
1627562176464 0.00033742744922206363 229
1627562176568 0.0003371978421615524 230
1627562176651 0.0003369564264061016 231
1627562176749 0.0003367045645254422 232
1627562176827 0.0003364720659888795 233
1627562176884 0.00033626518867067894 234
1627562176960 0.00033600699905132926 235
1627562177041 0.00033578707858480944 236
1627562177120 0.00033555366069316873 237
1627562177185 0.0003353574840061352 238
1627562177256 0.0003351096243534791 239
1627562177348 0.00033479028518181605 240
1627562177414 0.00033459176783933174 241
1627562177501 0.00033431572795419563 242
1627562177568 0.0003341143557516361 243
1627562177627 0.0003339386413104231 244
1627562177721 0.00033370756563400636 245
1627562177817 0.0003334198613945095 246
1627562177889 0.0003331539929527424 247
1627562177968 0.00033295738778837177 248
1627562178042 0.000332731932433208 249
1627562178117 0.00033250143420264207 250
1627562178202 0.0003322788715621835 251
1627562178321 0.00033202083045076364 252
1627562178429 0.00033181484034578644 253
1627562178570 0.0003315458370373767 254
1627562178660 0.00033127597778953886 255
1627562178743 0.00033103436389135 256
1627562178807 0.000330860117779279 257
1627562178872 0.0003306317353265624 258
1627562178940 0.0003304039094919677 259
1627562179012 0.0003301986896742253 260
1627562179087 0.0003421693742909613 261
1627562183086 0.0010967714902514571 0
1627562183242 0.0010116274285422494 1
1627562183387 0.0009364999956447723 2
1627562183528 0.000870410731697415 3
1627562183721 0.0008122711522779597 4
1627562183904 0.0007616703360775083 5
1627562184068 0.0007178447171114062 6
1627562184201 0.0006799685353167807 7
1627562184343 0.000647404364867457 8
1627562184511 0.0006192075653952653 9
1627562184731 0.0005949160903078188 10
1627562184872 0.0005741690144049116 11
1627562184999 0.0005563425787489308 12
1627562185124 0.000541261183722542 13
1627562185253 0.0005282982034330212 14
1627562185383 0.000517354388538014 15
1627562185506 0.0005080122285359647 16
1627562185640 0.0005002295800637467 17
1627562185775 0.0004935758641683043 18
1627562185899 0.0004873497400316177 19
1627562186020 0.0004822394111143264 20
1627562186136 0.0004778103833338178 21
1627562186258 0.00047400137717483405 22
1627562186378 0.0004702056974903288 23
1627562186495 0.0004669091573945522 24
1627562186609 0.00046432253465617993 25
1627562186717 0.00046157817991220485 26
1627562186867 0.0004593173255189235 27
1627562187005 0.0004570967160037173 28
1627562187125 0.00045511754558081913 29
1627562187241 0.0004530918382757481 30
1627562187355 0.00045044889190254265 31
1627562187462 0.0004483753557812599 32
1627562187594 0.0004464828017551572 33
1627562187715 0.00044519895543557734 34
1627562187828 0.00044354647708419947 35
1627562187961 0.0004414675599718333 36
1627562188081 0.0004395199106607305 37
1627562188183 0.00043820077977423165 38
1627562188292 0.00043665674308737245 39
1627562188393 0.00043570025424321005 40
1627562188504 0.00043362779041153116 41
1627562188615 0.00043150419623910703 42
1627562188736 0.00042942163926710955 43
1627562188894 0.0004284708839930218 44
1627562188998 0.00042760668415049296 45
1627562189108 0.00042573055140965386 46
1627562189218 0.0004240543513675856 47
1627562189317 0.00042285012058686336 48
1627562189440 0.000420745894679136 49
1627562189548 0.0004197753574757188 50
1627562189658 0.00041899021258507395 51
1627562189760 0.0004181565653364269 52
1627562189873 0.00041698109722818744 53
1627562189985 0.0004154405084782785 54
1627562190083 0.00041474952814529736 55
1627562190198 0.0004131517782557852 56
1627562190326 0.00041248994366622924 57
1627562190447 0.0004118733089022494 58
1627562190561 0.0004109862702675585 59
1627562190670 0.00040996547213763333 60
1627562190782 0.00040934894434733484 61
1627562190887 0.00040865871263681995 62
1627562190994 0.0004077378993323243 63
1627562191095 0.0004071322417854347 64
1627562191235 0.00040550340453767347 65
1627562191358 0.0004041512477129433 66
1627562191450 0.00040353350680754756 67
1627562191558 0.00040290362248573226 68
1627562191680 0.0004014318791340503 69
1627562191830 0.00040087465509388903 70
1627562191985 0.00040021747335730216 71
1627562192142 0.00039957508396275287 72
1627562192262 0.0003989421909591359 73
1627562192390 0.00039835347892396337 74
1627562192508 0.00039782110482062 75
1627562192632 0.0003967728778415255 76
1627562192735 0.0003961085589716298 77
1627562192834 0.00039532891675367066 78
1627562192934 0.0003947970056782248 79
1627562193036 0.00039421054342414746 80
1627562193150 0.00039336261838192945 81
1627562193259 0.0003928386255112962 82
1627562193346 0.0003923564923975751 83
1627562193446 0.00039181528651799884 84
1627562193547 0.0003911842179009024 85
1627562193641 0.0003906618243501712 86
1627562193741 0.0003901400838716361 87
1627562193852 0.00038951923514457987 88
1627562193955 0.00038901188525761253 89
1627562194071 0.00038854283802854263 90
1627562194213 0.00038756410502031847 91
1627562194326 0.0003866155648053724 92
1627562194421 0.0003861616870792697 93
1627562194511 0.0003856709661891689 94
1627562194610 0.00038516743386057557 95
1627562194719 0.00038443335687904156 96
1627562194824 0.00038370895235135584 97
1627562194893 0.00038328259992344413 98
1627562194991 0.00038282968243515266 99
1627562195092 0.00038237724801888764 100
1627562195200 0.0003819004292512634 101
1627562195282 0.0003814820845378913 102
1627562195418 0.000380653403082268 103
1627562195515 0.00038021648579677955 104
1627562195607 0.00037979666491133645 105
1627562195699 0.00037937114631701946 106
1627562195833 0.00037881965827411324 107
1627562195912 0.0003783961379237397 108
1627562196060 0.0003775106761084682 109
1627562196206 0.0003770455902532437 110
1627562196299 0.00037662652316973656 111
1627562196423 0.0003757650860271219 112
1627562196521 0.000375326126084665 113
1627562196621 0.00037490801800525725 114
1627562196723 0.00037450653076299235 115
1627562196809 0.0003740842979015826 116
1627562196881 0.00037375231209269417 117
1627562196970 0.00037334886288360286 118
1627562197041 0.0003730237145289103 119
1627562197126 0.00037259012335215267 120
1627562197213 0.0003722229148806893 121
1627562197335 0.0003717556378386508 122
1627562197444 0.00037138908646213315 123
1627562197592 0.00037060825110710774 124
1627562197670 0.00037029237899082796 125
1627562197782 0.0003697373193163168 126
1627562197857 0.000369432141932314 127
1627562197965 0.0003690861060850399 128
1627562198067 0.00036864283280804217 129
1627562198156 0.00036828819992907507 130
1627562198256 0.0003678137184875369 131
1627562198371 0.00036746685260095197 132
1627562198501 0.0003670947924421947 133
1627562198595 0.00036676638952179994 134
1627562198719 0.0003663651253304722 135
1627562198816 0.0003659785578473199 136
1627562198899 0.00036564128701344393 137
1627562198975 0.00036529079240511363 138
1627562199086 0.0003649417002002997 139
1627562199158 0.0003646003439844576 140
1627562199273 0.0003641141078459359 141
1627562199360 0.0003637722311981212 142
1627562199468 0.0003634335373434765 143
1627562199555 0.0003630638594075362 144
1627562199649 0.00036273009789526125 145
1627562199742 0.0003623939754705593 146
1627562199819 0.0003620984245432586 147
1627562199903 0.0003617703698762663 148
1627562200000 0.0003613344709860097 149
1627562200081 0.0003610025432280348 150
1627562200182 0.0003604442414312666 151
1627562200275 0.000360096833733419 152
1627562200352 0.0003597504281623534 153
1627562200424 0.0003594576420002778 154
1627562200514 0.00035916502986507563 155
1627562200593 0.00035885562268090244 156
1627562200678 0.00035852753752671805 157
1627562200746 0.0003582686649817723 158
1627562200834 0.0003579486337151034 159
1627562200906 0.00035763174753331126 160
1627562201061 0.0003571823317493285 161
1627562201146 0.00035689329223646094 162
1627562201245 0.0003566382349177917 163
1627562201326 0.00035635493243793586 164
1627562201406 0.0003560411552958149 165
1627562201491 0.00035570273267311543 166
1627562201617 0.00035511687072018377 167
1627562201705 0.000354779569168612 168
1627562201777 0.0003544684033986865 169
1627562201854 0.00035416859691914354 170
1627562201932 0.0003538957024899032 171
1627562202006 0.00035363668293360805 172
1627562202087 0.0003533286514594979 173
1627562202176 0.00035301310999133543 174
1627562202243 0.00035275027310704667 175
1627562202330 0.0003524518395973794 176
1627562202407 0.0003521761868177942 177
1627562202489 0.0003518700256380972 178
1627562202565 0.0003515888118886326 179
1627562202638 0.0003513156998421766 180
1627562202720 0.0003510339820566827 181
1627562202812 0.0003507381556554522 182
1627562202919 0.0003503908727199247 183
1627562203028 0.00035013306438884195 184
1627562203113 0.00034988933944334283 185
1627562203194 0.0003495947128387939 186
1627562203257 0.00034935196801859445 187
1627562203325 0.0003491171873473062 188
1627562203425 0.0003487990608124538 189
1627562203483 0.0003485288161874797 190
1627562203563 0.00034827123691072713 191
1627562203633 0.00034802633628497863 192
1627562203735 0.0003475993189070689 193
1627562203803 0.0003473003056542051 194
1627562203910 0.0003467391507912503 195
1627562203985 0.0003464891950996543 196
1627562204075 0.00034614397414714764 197
1627562204151 0.00034588958408613227 198
1627562204218 0.0003456499498207092 199
1627562204293 0.00034537528893341 200
1627562204396 0.0003451362699101902 201
1627562204473 0.00034490129182832675 202
1627562204547 0.0003446618585401946 203
1627562204638 0.0003443976473735971 204
1627562204714 0.0003441093260066332 205
1627562204782 0.00034388940869485677 206
1627562204861 0.00034364530862491356 207
1627562204940 0.00034341116024530125 208
1627562205031 0.00034308850286622416 209
1627562205126 0.0003427763848345008 210
1627562205229 0.0003423838785193416 211
1627562205302 0.0003421033820564483 212
1627562205399 0.0003417383939046635 213
1627562205493 0.00034140013208150866 214
1627562205595 0.00034114448839812206 215
1627562205730 0.000340916676202 216
1627562205850 0.00034064359610216905 217
1627562205930 0.0003404159767130005 218
1627562206025 0.00034011940619224575 219
1627562206113 0.0003398633362824038 220
1627562206209 0.00033959737336527665 221
1627562206279 0.0003393899080367445 222
1627562206347 0.0003392003560523111 223
1627562206414 0.00033898758485774525 224
1627562206504 0.00033875580969621984 225
1627562206623 0.0003385078737211694 226
1627562206722 0.0003383128327880771 227
1627562206833 0.0003380897196334119 228
1627562206929 0.0003378467165013213 229
1627562207003 0.0003375779991793998 230
1627562207079 0.0003373035662635831 231
1627562207150 0.0003371042797568912 232
1627562207219 0.0003369096738224912 233
1627562207294 0.0003366707802314617 234
1627562207375 0.0003364124288788263 235
1627562207442 0.0003362154654767889 236
1627562207554 0.000335888966301195 237
1627562207663 0.00033566867606046245 238
1627562207751 0.000335458843270495 239
1627562207842 0.00033524556075480784 240
1627562207911 0.00033498380405115195 241
1627562208001 0.00033472200038247007 242
1627562208068 0.00033449607118945704 243
1627562208142 0.0003342572266938071 244
1627562208223 0.0003340568893749207 245
1627562208312 0.00033375813587165385 246
1627562208390 0.00033350396201274206 247
1627562208449 0.00033327923967425437 248
1627562208537 0.00033304816807428486 249
1627562208620 0.0003327928536032394 250
1627562208692 0.0003325818989137479 251
1627562208789 0.00033219475617328806 252
1627562208886 0.0003319167334880707 253
1627562208970 0.0003317014877125877 254
1627562209051 0.0003314567750659753 255
1627562209170 0.00033117164267794613 256
1627562209271 0.0003309897554017947 257
1627562209333 0.0003307694608109408 258
1627562209415 0.0003305556233357825 259
1627562209532 0.0003303209548871924 260
1627562209590 0.00033009995079405854 261
1627562209653 0.0003299234470106447 262
1627562209725 0.0003297168447329997 263
1627562209796 0.00032950892287502385 264
1627562209864 0.00032930983062758046 265
1627562209922 0.0003291339842552533 266
1627562210008 0.00032885933623343484 267
1627562210078 0.0003286209589537186 268
1627562210174 0.00032837748728723235 269
1627562210254 0.0003281587646703484 270
1627562210338 0.00032796690720265123 271
1627562210408 0.0003278007718826373 272
1627562210521 0.0003275125692970584 273
1627562210621 0.0003271867690353844 274
1627562210750 0.0003269654601342544 275
1627562210832 0.0003267574158317933 276
1627562210950 0.00032643485312120705 277
1627562211061 0.00032621510498611906 278
1627562211161 0.00032602488451000447 279
1627562211265 0.0003257493262727817 280
1627562211347 0.00032547008197639156 281
1627562211415 0.0003252415724741339 282
1627562211515 0.00032499440766931 283
1627562211609 0.0003247603124331631 284
1627562211672 0.0003245854356037607 285
1627562211775 0.00032422124859177 286
1627562211863 0.00032400594844078347 287
1627562211945 0.000335888966301195 288
1627562215939 0.0010998131953751436 0
1627562216085 0.0010142808877927235 1
1627562216230 0.0009387260074035192 2
1627562216374 0.0008722566561304754 3
1627562216518 0.0008139666603271643 4
1627562216653 0.0007631239497401278 5
1627562216794 0.0007190585856386107 6
1627562216925 0.000681003545806508 7
1627562217056 0.0006482083691833534 8
1627562217188 0.0006198823225909529 9
1627562217319 0.0005954277064998765 10
1627562217453 0.0005745540700428755 11
1627562217605 0.0005565420220385954 12
1627562217746 0.0005413933378268592 13
1627562217871 0.0005283563116299732 14
1627562218007 0.0005173676980608112 15
1627562218133 0.0005079754802382323 16
1627562218266 0.0005001640352919995 17
1627562218397 0.0004934413772722302 18
1627562218512 0.00048737727018861507 19
1627562218625 0.00048204691310947966 20
1627562218738 0.000477616834632489 21
1627562218862 0.000473776569792643 22
1627562218983 0.00047000888321862335 23
1627562219119 0.00046619790025913033 24
1627562219281 0.0004635978393145904 25
1627562219400 0.000461061706441013 26
1627562219514 0.00045873680107184965 27
1627562219639 0.00045677611052657785 28
1627562219742 0.0004546399813397024 29
1627562219851 0.0004527576758655441 30
1627562219965 0.00045094448623008034 31
1627562220077 0.00044921599763700023 32
1627562220180 0.00044779674343763527 33
1627562220284 0.0004463776525879649 34
1627562220396 0.0004440405152149526 35
1627562220507 0.0004416974422778805 36
1627562220623 0.00043961427608721663 37
1627562220740 0.0004384618230542363 38
1627562220852 0.0004368064134464298 39
1627562220953 0.00043554832336167463 40
1627562221110 0.0004332021220325239 41
1627562221292 0.0004307233109994545 42
1627562221416 0.0004292117158056333 43
1627562221577 0.0004278101600146312 44
1627562221676 0.00042704025136896113 45
1627562221834 0.0004254910637422649 46
1627562221936 0.00042434977695113686 47
1627562222054 0.0004223276121197692 48
1627562222169 0.00042098395708003143 49
1627562222290 0.00041921240979524475 50
1627562222387 0.000418454216074829 51
1627562222494 0.0004175380162779659 52
1627562222650 0.00041673603649251774 53
1627562222798 0.0004159613126120432 54
1627562222904 0.00041506869077628696 55
1627562223032 0.0004130884336085789 56
1627562223136 0.00041246441561553003 57
1627562223233 0.00041178141811559787 58
1627562223341 0.00041105293655434023 59
1627562223443 0.0004104098030131816 60
1627562223544 0.0004095330890546295 61
1627562223648 0.00040888457515419677 62
1627562223745 0.00040828928378021476 63
1627562223847 0.0004075448190439466 64
1627562223966 0.00040595021669408626 65
1627562224077 0.00040524198774619547 66
1627562224237 0.00040377207703006245 67
1627562224413 0.00040278164587354877 68
1627562224517 0.0004021997433580033 69
1627562224613 0.00040162444472659935 70
1627562224728 0.0004006307793323579 71
1627562224818 0.00040006247326827593 72
1627562224929 0.000399483000711974 73
1627562225072 0.0003988563139031203 74
1627562225181 0.0003983256564569138 75
1627562225370 0.00039693601099131373 76
1627562225488 0.00039573696794150336 77
1627562225578 0.00039516920462475297 78
1627562225673 0.0003946525275910369 79
1627562225819 0.0003941262737037003 80
1627562225917 0.00039323947623059297 81
1627562226026 0.00039269265915145086 82
1627562226121 0.0003921629086636259 83
1627562226237 0.00039108588555909166 84
1627562226343 0.00039062911293756336 85
1627562226428 0.00039013724123154877 86
1627562226514 0.000389650365070691 87
1627562226648 0.00038886893122145867 88
1627562226743 0.0003883411290240588 89
1627562226844 0.0003877239651042089 90
1627562226957 0.0003872393174477088 91
1627562227068 0.00038628147031261636 92
1627562227177 0.0003854177622587818 93
1627562227281 0.000384928479788645 94
1627562227435 0.00038434964804596154 95
1627562227530 0.0003838624140758597 96
1627562227643 0.0003830372764715295 97
1627562227758 0.00038262529663360444 98
1627562227850 0.00038217776094367237 99
1627562227958 0.00038153712468426594 100
1627562228079 0.0003810799326402452 101
1627562228162 0.0003806713798369435 102
1627562228278 0.00038009918709395985 103
1627562228382 0.0003795617522531541 104
1627562228515 0.00037912033692384043 105
1627562228641 0.00037871484274296487 106
1627562228803 0.00037792693941579185 107
1627562228895 0.00037747799087248284 108
1627562229005 0.0003770328443476686 109
1627562229152 0.0003766265797670865 110
1627562229259 0.0003760926504434073 111
1627562229359 0.0003754083782713165 112
1627562229447 0.0003750199542459733 113
1627562229548 0.00037448713750653216 114
1627562229643 0.0003740189743914258 115
1627562229722 0.00037363251548128016 116
1627562229820 0.0003732134964382544 117
1627562229937 0.00037280191370887817 118
1627562230054 0.00037223426559297203 119
1627562230198 0.0003718739751665164 120
1627562230290 0.00037150326248113104 121
1627562230371 0.00037111116886838984 122
1627562230517 0.0003704152187082665 123
1627562230697 0.0003696589259178893 124
1627562230819 0.00036927684988452173 125
1627562230964 0.00036887978323506146 126
1627562231066 0.00036857540604325246 127
1627562231194 0.0003682406982107502 128
1627562231274 0.0003678869535039689 129
1627562231361 0.0003674980704893692 130
1627562231456 0.0003671327327385637 131
1627562231548 0.0003667802815785543 132
1627562231633 0.00036642013391846785 133
1627562231718 0.0003660689308723255 134
1627562231824 0.0003655226504193479 135
1627562231913 0.0003651648279416071 136
1627562231991 0.00036486210852848197 137
1627562232086 0.00036452952859695147 138
1627562232156 0.0003641924530932894 139
1627562232286 0.0003636587368003885 140
1627562232360 0.0003633136152018335 141
1627562232448 0.0003629899118315804 142
1627562232553 0.00036264710606988927 143
1627562232641 0.00036230497627097897 144
1627562232803 0.0003617805501253961 145
1627562232894 0.00036141322825023945 146
1627562233021 0.00036106819164832674 147
1627562233121 0.000360717380809144 148
1627562233210 0.00036041146915250877 149
1627562233293 0.0003600604161524729 150
1627562233381 0.0003597694275826335 151
1627562233459 0.00035947644885140815 152
1627562233563 0.0003589467057302927 153
1627562233655 0.00035857787564398495 154
1627562233745 0.00035827932184429295 155
1627562233855 0.0003580019194981662 156
1627562233965 0.0003577102842559581 157
1627562234039 0.00035743330089847155 158
1627562234131 0.0003570945675177386 159
1627562234244 0.0003567938501831384 160
1627562234342 0.0003565434043771074 161
1627562234410 0.00035628432770840604 162
1627562234491 0.00035603459935530315 163
1627562234560 0.00035576432315839404 164
1627562234674 0.00035541772056642707 165
1627562234766 0.00035508630559241076 166
1627562234864 0.0003546405096010746 167
1627562234997 0.0003542833339415138 168
1627562235073 0.00035396829507046516 169
1627562235159 0.00035368248174189547 170
1627562235282 0.0003533738976891163 171
1627562235364 0.0003531273561138439 172
1627562235468 0.00035280412797693007 173
1627562235579 0.0003525068407459945 174
1627562235706 0.00035217168659535276 175
1627562235799 0.0003518575475059085 176
1627562235886 0.00035157503500193437 177
1627562236000 0.0003511965160961523 178
1627562236084 0.00035086810899482684 179
1627562236163 0.0003505675177345068 180
1627562236245 0.0003503093282190936 181
1627562236318 0.00035005953710401833 182
1627562236400 0.00034980024507469377 183
1627562236474 0.00034954880254112636 184
1627562236584 0.0003492806616096412 185
1627562236715 0.0003489500881652644 186
1627562236798 0.00034867926436742244 187
1627562236881 0.0003483979742177826 188
1627562236974 0.00034796513576060213 189
1627562237060 0.0003476737810630614 190
1627562237149 0.00034736185910795494 191
1627562237248 0.000346952446522251 192
1627562237325 0.00034664622770667983 193
1627562237398 0.00034636066037627703 194
1627562237510 0.00034609996604209804 195
1627562237626 0.0003458250025486636 196
1627562237715 0.0003455454516376694 197
1627562237850 0.00034514222461965626 198
1627562237917 0.00034491295791902845 199
1627562238013 0.00034466104969130333 200
1627562238103 0.0003444001824847331 201
1627562238189 0.00034413989537708956 202
1627562238303 0.00034389759181911695 203
1627562238365 0.0003436916479179518 204
1627562238439 0.00034337945264910526 205
1627562238578 0.0003430371247401278 206
1627562238691 0.0003427857148116297 207
1627562238798 0.0003425779469292942 208
1627562238868 0.0003423116608464176 209
1627562238994 0.00034195823912924284 210
1627562239107 0.0003417013751663526 211
1627562239220 0.00034144038511056815 212
1627562239320 0.00034116893160701845 213
1627562239396 0.00034091841116372666 214
1627562239477 0.0003406700177188911 215
1627562239587 0.00034021876238152015 216
1627562239663 0.00033996737171834425 217
1627562239755 0.0003396727193840472 218
1627562239839 0.00033941347021687753 219
1627562239906 0.00033916825435076836 220
1627562240019 0.0003389530087564703 221
1627562240138 0.0003386808927703204 222
1627562240270 0.00033844029142361085 223
1627562240399 0.0003382136265881986 224
1627562240485 0.0003379440061031214 225
1627562240572 0.00033761587408512767 226
1627562240633 0.00033740788188893245 227
1627562240714 0.00033715112018715623 228
1627562240777 0.0003369460915197913 229
1627562240852 0.0003367100446366539 230
1627562240935 0.00033641381716194914 231
1627562241004 0.0003361817993835439 232
1627562241082 0.00033594417090243545 233
1627562241145 0.0003357759400949304 234
1627562241219 0.000335531651815656 235
1627562241293 0.00033531148970276253 236
1627562241376 0.0003350971066527484 237
1627562241500 0.00033466547688121404 238
1627562241583 0.0003343893775034898 239
1627562241659 0.0003341687053018709 240
1627562241729 0.0003339439153054896 241
1627562241803 0.0003337313170951769 242
1627562241880 0.00033350088698033816 243
1627562241974 0.00033326704186640264 244
1627562242047 0.00033302805078215086 245
1627562242104 0.00033283512650193633 246
1627562242170 0.0003326251867245478 247
1627562242277 0.0003322123582322595 248
1627562242338 0.0003320508282730432 249
1627562242409 0.00033182755865537384 250
1627562242479 0.0003315897667278379 251
1627562242557 0.000331389635063092 252
1627562242625 0.0003311816070713491 253
1627562242723 0.00033087320177568056 254
1627562242797 0.00033065595195438583 255
1627562242871 0.00033043592071982445 256
1627562242945 0.0003302177101950309 257
1627562243012 0.0003300134001650212 258
1627562243094 0.00032977849556427866 259
1627562243171 0.00032954861284525033 260
1627562243242 0.0003293597543561734 261
1627562243306 0.0003291545508208161 262
1627562243410 0.00032893612176786873 263
1627562243507 0.00032869932869629263 264
1627562243574 0.0003284820618574559 265
1627562243656 0.0003282471150215294 266
1627562243729 0.00032807132706672563 267
1627562243789 0.00032786531466925554 268
1627562243864 0.00032763910520893717 269
1627562243932 0.0003274494713373552 270
1627562244004 0.0003272454650920494 271
1627562244081 0.0003270303712638997 272
1627562244151 0.0003268162419587354 273
1627562244225 0.00032659872370321974 274
1627562244310 0.00032636376801240083 275
1627562244384 0.00032616264379428835 276
1627562244468 0.000325920350813871 277
1627562244545 0.00032570031732630244 278
1627562244639 0.0003253822923810362 279
1627562244693 0.0003251797061946781 280
1627562244774 0.00032496392096804277 281
1627562244869 0.0003246630364442229 282
1627562244928 0.0003245070409540601 283
1627562245026 0.0003242973787234583 284
1627562245091 0.0003240673653472183 285
1627562245154 0.00032386864249669197 286
1627562245233 0.00032362131657486296 287
1627562245313 0.00032341103882116857 288
1627562245376 0.00032320205862178584 289
1627562245461 0.0003229952301867488 290
1627562245533 0.00032281549056640543 291
1627562245606 0.0003226196378524464 292
1627562245672 0.00032245322981155075 293
1627562245739 0.0003222734116104712 294
1627562245811 0.00032211841487093414 295
1627562245897 0.0003219036821439038 296
1627562245980 0.0003216896093374704 297
1627562246098 0.00032148619753724216 298
1627562246182 0.0003212736231639944 299
1627562246246 0.00032111243939090183 300
1627562246350 0.00032093719620501456 301
1627562246426 0.000320718729726059 302
1627562246492 0.0003205261211285283 303
1627562246559 0.0003203242195078297 304
1627562246646 0.0003201350175964387 305
1627562246747 0.00031991336938283423 306
1627562246810 0.00031971841357054384 307
1627562246875 0.000319542178232051 308
1627562246959 0.0003193077671992207 309
1627562247093 0.00031900699271270494 310
1627562247185 0.00031882400546740707 311
1627562247291 0.00031864007328515775 312
1627562247444 0.0003183786023338226 313
1627562247558 0.0003181851385496647 314
1627562247628 0.0003179695921396112 315
1627562247697 0.00031779219211880167 316
1627562247764 0.0003175936637777789 317
1627562247834 0.0003174303509741212 318
1627562247916 0.00031720386077735223 319
1627562247986 0.00031700500631253934 320
1627562248061 0.0003168025237370799 321
1627562248133 0.00031658972987134054 322
1627562248233 0.0003163869395178067 323
1627562248330 0.00031608707924925456 324
1627562248404 0.0003159006225736386 325
1627562248469 0.0003156928270222117 326
1627562248544 0.0003155083269052783 327
1627562248620 0.00031530329958768594 328
1627562248710 0.00031511038181664754 329
1627562248810 0.0003149434591063948 330
1627562248915 0.00031474464997932215 331
1627562249015 0.00031455782456677427 332
1627562249112 0.0003144032913979851 333
1627562249214 0.0003245070409540601 334
