1627562090352 0.5087638431404115 0
1627562090492 0.4692235469919306 1
1627562090626 0.434263212898195 2
1627562090763 0.4034704103190366 3
1627562090904 0.37643213973739 4
1627562091042 0.3529302106881086 5
1627562091225 0.3324964056275341 6
1627562091375 0.3149101290944374 7
1627562091516 0.299717208378381 8
1627562091656 0.2866174749022378 9
1627562091815 0.2752869533245568 10
1627562091967 0.2655603982587336 11
1627562092103 0.2572335673322829 12
1627562092233 0.25027119013845356 13
1627562092354 0.24423431004208665 14
1627562092480 0.23921497145710244 15
1627562092608 0.2348350790214495 16
1627562092776 0.23123725761964004 17
1627562092945 0.22816500062746115 18
1627562093098 0.22529457567859051 19
1627562093228 0.22289221306741802 20
1627562093371 0.22085079079288458 21
1627562093491 0.2190046317063094 22
1627562093627 0.21738590448435005 23
1627562093780 0.21585473451837545 24
1627562093898 0.21463794738665962 25
1627562094023 0.21338761182087887 26
1627562094135 0.21237074949320964 27
1627562094253 0.2112012862816595 28
1627562094361 0.2102276183544483 29
1627562094466 0.20937103802873613 30
1627562094583 0.20849078194131376 31
1627562094709 0.20759068189240504 32
1627562094829 0.20666872650497006 33
1627562094935 0.20584618649570283 34
1627562095035 0.20516358166391416 35
1627562095144 0.20404034840184823 36
1627562095257 0.2031815842141512 37
1627562095363 0.20259133202582108 38
1627562095470 0.20169578697910787 39
1627562095575 0.20119744180047655 40
1627562095676 0.2003709026026995 41
1627562095780 0.1997668240009245 42
1627562095882 0.19892099525316148 43
1627562095999 0.19825454301291584 44
1627562096092 0.19788471766628332 45
1627562096221 0.19668342185462945 46
1627562096321 0.19629423997378576 47
1627562096420 0.19579510738336028 48
1627562096523 0.19534358105845323 49
1627562096649 0.19427046368437434 50
1627562096751 0.19392495127511733 51
1627562096865 0.19348670636573526 52
1627562096997 0.19265860349984662 53
1627562097101 0.1923314736890857 54
1627562097208 0.191998153629494 55
1627562097351 0.19142803855466145 56
1627562097466 0.19101779798512689 57
1627562097584 0.19067058594791983 58
1627562097714 0.19038752027768385 59
1627562097802 0.1900885224139774 60
1627562097941 0.1895824254926613 61
1627562098082 0.18889333473338854 62
1627562098179 0.18857038571932516 63
1627562098293 0.1880136481668826 64
1627562098404 0.18733190524244997 65
1627562098505 0.18702639721957115 66
1627562098596 0.18675312774753514 67
1627562098720 0.18638748338553815 68
1627562098840 0.186124151487694 69
1627562098958 0.1858583501364367 70
1627562099050 0.18558039119595066 71
1627562099140 0.1853200179512238 72
1627562099247 0.18505710100872738 73
1627562099351 0.18480251799889993 74
1627562099461 0.1841442160491144 75
1627562099563 0.18373245602674504 76
1627562099660 0.18347887984773492 77
1627562099857 0.18295823372446934 78
1627562099992 0.18271020779049435 79
1627562100164 0.1822286309674818 80
1627562100273 0.18189785283973492 81
1627562100377 0.18162954706455087 82
1627562100469 0.18133288186471846 83
1627562100571 0.18108750111835759 84
1627562100668 0.18083353583181058 85
1627562100756 0.18060899159855845 86
1627562100844 0.18034897388631804 87
1627562100942 0.18009751097399515 88
1627562101036 0.17986316202003372 89
1627562101130 0.17962404282259903 90
1627562101238 0.1792828985727163 91
1627562101404 0.17878826488746896 92
1627562101482 0.17854769057194794 93
1627562101568 0.17832056813327316 94
1627562101679 0.178066590773614 95
1627562101763 0.1778675547853684 96
1627562101916 0.1774702666472363 97
1627562102064 0.17712024853959668 98
1627562102172 0.17689887255425846 99
1627562102265 0.1767047329050064 100
1627562102360 0.17651733752798882 101
1627562102461 0.1762042723666693 102
1627562102582 0.17584105363684405 103
1627562102672 0.1756346094784831 104
1627562102752 0.1754392737775119 105
1627562102839 0.17524431179424804 106
1627562102939 0.17494022141581406 107
1627562103031 0.17472532190306536 108
1627562103115 0.1745335873985748 109
1627562103215 0.17434230060491326 110
1627562103304 0.17414752958486823 111
1627562103393 0.17395796331817912 112
1627562103473 0.173756673793125 113
1627562103559 0.17355050187412757 114
1627562103665 0.1732400306605754 115
1627562103754 0.17304393140174304 116
1627562103857 0.17269607987890684 117
1627562103957 0.17246279197748984 118
1627562104054 0.17228299101665123 119
1627562104135 0.17210589453998038 120
1627562104230 0.17190728765104105 121
1627562104330 0.171739954783895 122
1627562104425 0.17150919095645373 123
1627562104561 0.17130334179426693 124
1627562104702 0.17113807497038402 125
1627562104801 0.17097917698455486 126
1627562104860 0.1708400189112886 127
1627562104942 0.1706701637831047 128
1627562105030 0.1704800246974541 129
1627562105120 0.17030038762629238 130
1627562105210 0.17012893831505663 131
1627562105285 0.16997990700425045 132
1627562105375 0.16981617484914086 133
1627562105456 0.16964970089352552 134
1627562105562 0.1693801392180333 135
1627562105638 0.16920194721326903 136
1627562105749 0.1689070686665437 137
1627562105830 0.1687388858045114 138
1627562105942 0.16857144879028224 139
1627562106028 0.1684252630498526 140
1627562106112 0.1682691927951095 141
1627562106234 0.16810912149197463 142
1627562106329 0.1679369677490863 143
1627562106394 0.16779287517150282 144
1627562106470 0.16764168983645594 145
1627562106541 0.16748079285911044 146
1627562106613 0.16735064214786718 147
1627562106704 0.16719101835572484 148
1627562106807 0.1670183302477144 149
1627562106875 0.1668788689237698 150
1627562106965 0.1667397775039939 151
1627562107071 0.16650387558763713 152
1627562107140 0.16638356922856998 153
1627562107240 0.16616847708827795 154
1627562107355 0.16599673531964287 155
1627562107466 0.16580287171723648 156
1627562107600 0.16565365340546764 157
1627562107711 0.16551332239716193 158
1627562107829 0.16534175410100388 159
1627562107940 0.16518194600090433 160
1627562108014 0.16507061625402275 161
1627562108102 0.16492809352463522 162
1627562108203 0.16478582573215791 163
1627562108309 0.16465898053250325 164
1627562108393 0.16451803108921995 165
1627562108479 0.1643495007610791 166
1627562108565 0.16418420342013798 167
1627562108644 0.16406411310490476 168
1627562108728 0.16391731542989596 169
1627562108799 0.1637757560389082 170
1627562108863 0.16365604842425843 171
1627562108932 0.16352794875857224 172
1627562109027 0.16333141901500847 173
1627562109110 0.163186638699057 174
1627562109204 0.163017338114546 175
1627562109283 0.16287564475656688 176
1627562109360 0.16274594196224598 177
1627562109438 0.16259890798133822 178
1627562109505 0.16248473151094944 179
1627562109588 0.16233925630351903 180
1627562109677 0.1621818436255799 181
1627562109752 0.16206486590637179 182
1627562109814 0.1619638708458279 183
1627562109922 0.16182704351071334 184
1627562110029 0.1615989650842543 185
1627562110112 0.161465463577949 186
1627562110202 0.16133667341470892 187
1627562110284 0.16121428480967925 188
1627562110370 0.16108802463902105 189
1627562110435 0.1609809091050509 190
1627562110553 0.16083734550190906 191
1627562110660 0.16062862348689855 192
1627562110751 0.1604892788151681 193
1627562110838 0.16034800856590123 194
1627562110914 0.16022198294265463 195
1627562110993 0.16009803264296263 196
1627562111069 0.15997248871478068 197
1627562111152 0.15986019443042135 198
1627562111220 0.15973977569191297 199
1627562111309 0.15962061499886168 200
1627562111387 0.1594911041803866 201
1627562111492 0.1593088184005397 202
1627562111586 0.15912098104985048 203
1627562111661 0.15900183079078647 204
1627562111747 0.15886573973924126 205
1627562111831 0.15874967145315594 206
1627562111917 0.15859756582630002 207
1627562111985 0.15850389222666855 208
1627562112044 0.15838551486231836 209
1627562112130 0.158249452896144 210
1627562112194 0.15813435310602245 211
1627562112272 0.15802238964441276 212
1627562112335 0.1579235280490663 213
1627562112427 0.15777503991021144 214
1627562112503 0.15765699451118775 215
1627562112583 0.1575560198271841 216
1627562112692 0.1574278577946565 217
1627562112805 0.15731254280990653 218
1627562112910 0.15720092541277117 219
1627562112984 0.1570952030255804 220
1627562113077 0.15696425263715366 221
1627562113185 0.15683609535866713 222
1627562113301 0.1567011489543993 223
1627562113386 0.15659102197368865 224
1627562113460 0.15648317417606805 225
1627562113542 0.1563888539401473 226
1627562113607 0.1562907316092741 227
1627562113681 0.15617114177868577 228
1627562113779 0.15605431928364283 229
1627562113843 0.15595984109475441 230
1627562113938 0.15583781578370426 231
1627562114018 0.15572672339211727 232
1627562114081 0.15563121896542997 233
1627562114189 0.1554588608103764 234
1627562114275 0.1553521834053308 235
1627562114389 0.15523631962027745 236
1627562114486 0.15511573114230298 237
1627562114557 0.1550128973801899 238
1627562114630 0.15490200453900319 239
1627562114700 0.1548081216877165 240
1627562114798 0.1546511941824266 241
1627562114873 0.15454337913686492 242
1627562114974 0.1543693335192942 243
1627562115045 0.15427354046831374 244
1627562115125 0.15415682010127443 245
1627562115200 0.15404623301393452 246
1627562115280 0.153932750810228 247
1627562115350 0.15384093224856438 248
1627562115418 0.153735629889749 249
1627562115495 0.15363888440855952 250
1627562115576 0.15352040235597025 251
1627562115656 0.15340282743356948 252
1627562115733 0.15329267145583003 253
1627562115809 0.15319996349814224 254
1627562115882 0.15308874690411808 255
1627562115947 0.1529919730358691 256
1627562116010 0.1528796490310367 257
1627562116096 0.15276373181401046 258
1627562116168 0.15266834004346733 259
1627562116236 0.15256190733380415 260
1627562116314 0.15244233214533576 261
1627562116427 0.15234400795263076 262
1627562116531 0.1522361032248281 263
1627562116603 0.15213833017529435 264
1627562116671 0.15203452186557367 265
1627562116748 0.1519305862080982 266
1627562116820 0.15182947352993625 267
1627562116907 0.15171567067259642 268
1627562116980 0.15163656525343785 269
1627562117064 0.15154058725961492 270
1627562117141 0.15144201695250875 271
1627562117228 0.15135376569142434 272
1627562117296 0.15124700504545383 273
1627562117371 0.15114649372425043 274
1627562117450 0.15104367644408997 275
1627562117522 0.15094911430162322 276
1627562117603 0.1508371859774168 277
1627562117706 0.15073557381450253 278
1627562117795 0.15065016387716962 279
1627562117865 0.15055000042080668 280
1627562117936 0.15046738807018983 281
1627562118045 0.15030094145433476 282
1627562118123 0.15018338712409135 283
1627562118193 0.15008457761554572 284
1627562118259 0.15000394776429227 285
1627562118341 0.1553521834053308 286
1627562122329 0.5080571484477113 0
1627562122537 0.4685837885659916 1
1627562122708 0.43372019044895666 2
1627562122852 0.4030355870540147 3
1627562123004 0.3761200826336228 4
1627562123156 0.35264975829426093 5
1627562123350 0.33232989551907294 6
1627562123523 0.314806332380318 7
1627562123688 0.29969784150514084 8
1627562123817 0.28663188556562813 9
1627562123950 0.27536268791479934 10
1627562124127 0.26569214428277405 11
1627562124262 0.25739064636803843 12
1627562124392 0.25040352991543396 13
1627562124515 0.24432697600427541 14
1627562124645 0.23928299751071277 15
1627562124787 0.23491049150613239 16
1627562124917 0.23128654651544214 17
1627562125042 0.22814634950428336 18
1627562125160 0.22523684480001724 19
1627562125283 0.22282905756528745 20
1627562125402 0.2207363716288256 21
1627562125533 0.21901736147698236 22
1627562125649 0.2174845339638402 23
1627562125785 0.21590176662591137 24
1627562125894 0.21471540469833383 25
1627562126003 0.21352688098504996 26
1627562126119 0.21250966990809428 27
1627562126242 0.2115516836646137 28
1627562126390 0.2104599990658928 29
1627562126507 0.20958948805631056 30
1627562126622 0.20879431004898283 31
1627562126773 0.2079148816815114 32
1627562126895 0.2072205355750282 33
1627562127000 0.20640646090539608 34
1627562127115 0.20556834087644457 35
1627562127286 0.2044648465219277 36
1627562127455 0.20359092365787723 37
1627562127600 0.20304499124915845 38
1627562127776 0.20220940628519554 39
1627562127880 0.2017017730292207 40
1627562127979 0.20087846476855575 41
1627562128086 0.20005211148880728 42
1627562128195 0.19925009790243395 43
1627562128305 0.19876160972229412 44
1627562128399 0.19839968761925234 45
1627562128521 0.19755534107876827 46
1627562128630 0.197058166201973 47
1627562128730 0.19653919833837605 48
1627562128840 0.19612067821223467 49
1627562128960 0.1952042998314826 50
1627562129061 0.19488098453531372 51
1627562129164 0.19443777643965474 52
1627562129306 0.19342450141615095 53
1627562129443 0.19312220182385031 54
1627562129593 0.1926810569477029 55
1627562129746 0.1917766019426346 56
1627562129840 0.19149218647180224 57
1627562129950 0.19117616628320327 58
1627562130101 0.19029856622018376 59
1627562130204 0.18997312879478426 60
1627562130328 0.18922710706340287 61
1627562130478 0.18889975715368337 62
1627562130613 0.18859394216196 63
1627562130774 0.18828761147506987 64
1627562130889 0.18793560725541816 65
1627562130984 0.18769175495888632 66
1627562131084 0.18742192167374055 67
1627562131191 0.18702865956985973 68
1627562131292 0.18674543781959743 69
1627562131399 0.18647120985192772 70
1627562131492 0.18621642863861818 71
1627562131582 0.18594486926464912 72
1627562131708 0.1852901174755207 73
1627562131816 0.1850109578176836 74
1627562131933 0.18471081222116406 75
1627562132058 0.1841355345375967 76
1627562132150 0.1838939986361393 77
1627562132297 0.18356950331342897 78
1627562132415 0.18328807569641126 79
1627562132550 0.18298118439522315 80
1627562132706 0.18240810229092916 81
1627562132816 0.1821548626502181 82
1627562132923 0.18174796717000508 83
1627562133021 0.181505718740845 84
1627562133120 0.18125749562971785 85
1627562133220 0.18101873614201822 86
1627562133337 0.1807115781690362 87
1627562133425 0.18049403311820514 88
1627562133528 0.1802585072325979 89
1627562133624 0.1800415066710082 90
1627562133736 0.17975304676067458 91
1627562133853 0.1792882849500646 92
1627562133950 0.17907036967698176 93
1627562134043 0.1788496219474536 94
1627562134143 0.1785399122556127 95
1627562134264 0.17807548771993104 96
1627562134359 0.17787331718363025 97
1627562134442 0.1776706302451658 98
1627562134542 0.17746340030328747 99
1627562134646 0.1772131996469141 100
1627562134779 0.17670485768655322 101
1627562134870 0.17652655943745127 102
1627562134947 0.176311525632233 103
1627562135040 0.17612207273401892 104
1627562135135 0.17591450161328903 105
1627562135229 0.17571861536193598 106
1627562135343 0.17534872788483793 107
1627562135446 0.1751681626963543 108
1627562135542 0.174923080847245 109
1627562135639 0.17472239699777753 110
1627562135741 0.17449867485384826 111
1627562135847 0.1741729078266048 112
1627562135934 0.17398322667529414 113
1627562136019 0.1738068366996207 114
1627562136142 0.17346041983767677 115
1627562136221 0.17328027705713003 116
1627562136318 0.1730905304670586 117
1627562136402 0.17292753131929778 118
1627562136494 0.17275144366401599 119
1627562136584 0.17258624905046696 120
1627562136691 0.17232538754938392 121
1627562136787 0.17215036744977952 122
1627562136945 0.17197770094903936 123
1627562137084 0.1716377963426165 124
1627562137168 0.17147848132330287 125
1627562137258 0.17129519873193833 126
1627562137333 0.1711614881869905 127
1627562137426 0.17099175365925462 128
1627562137535 0.17082137141006853 129
1627562137698 0.1705706394726133 130
1627562137780 0.17039553821719908 131
1627562137904 0.1701903136090458 132
1627562137980 0.17004489223426184 133
1627562138062 0.16989595262025392 134
1627562138140 0.16973897085434694 135
1627562138224 0.16955897722531038 136
1627562138345 0.16923472499667466 137
1627562138415 0.16909033270177407 138
1627562138521 0.16888128058193982 139
1627562138633 0.16872276053904764 140
1627562138765 0.16858463333831544 141
1627562138866 0.16837282760821357 142
1627562138951 0.16821677521973286 143
1627562139046 0.16801672114017288 144
1627562139129 0.1678563261762263 145
1627562139226 0.16773644900046444 146
1627562139331 0.16758182665804292 147
1627562139439 0.16740271195055917 148
1627562139567 0.1672331759411541 149
1627562139654 0.16707133797259532 150
1627562139767 0.1668205316270724 151
1627562139865 0.1666669799413376 152
1627562139956 0.16652576869352845 153
1627562140046 0.16635292087655987 154
1627562140139 0.1661840590643103 155
1627562140239 0.16603936816403142 156
1627562140334 0.16589015087062386 157
1627562140419 0.16575687023725774 158
1627562140517 0.16556621135796173 159
1627562140607 0.16541103268755533 160
1627562140699 0.16525354384104937 161
1627562140805 0.16512041078355566 162
1627562140872 0.16500292897057064 163
1627562140957 0.16486740934538857 164
1627562141046 0.16470854693624423 165
1627562141154 0.16447898108165893 166
1627562141261 0.1642601936072728 167
1627562141332 0.16414178432360807 168
1627562141404 0.16400445252166254 169
1627562141484 0.16387539750460195 170
1627562141575 0.16372759321431155 171
1627562141658 0.16358148915388188 172
1627562141730 0.1634588188915589 173
1627562141826 0.16329535426128639 174
1627562141915 0.1631557850288366 175
1627562141990 0.16301386013946664 176
1627562142070 0.16289017367739111 177
1627562142161 0.16271387134278142 178
1627562142256 0.16257119203001358 179
1627562142340 0.16244842955489097 180
1627562142409 0.16232941523016833 181
1627562142510 0.1621033661677765 182
1627562142607 0.16193839950448513 183
1627562142723 0.1618042443385933 184
1627562142816 0.16165129956309268 185
1627562142898 0.1615426002764691 186
1627562143005 0.1614038838447978 187
1627562143093 0.16127505574367712 188
1627562143191 0.16116910064010262 189
1627562143263 0.16104821488690926 190
1627562143349 0.1609282481067728 191
1627562143444 0.16080005125655758 192
1627562143508 0.16069860412354028 193
1627562143578 0.160577825337546 194
1627562143645 0.1604474399440692 195
1627562143684 0.16032379296493518 196
1627562143738 0.16017747168082416 197
1627562143785 0.16002280002242703 198
1627562143841 0.15985959297892566 199
1627562143879 0.1597564989579868 200
1627562143913 0.15965141864997984 201
1627562143965 0.15953811288538294 202
1627562143999 0.15943145197575884 203
1627562144035 0.15932078199009428 204
1627562144088 0.15916804752504723 205
1627562144139 0.1590417330968986 206
1627562144176 0.15894331224365701 207
1627562144216 0.1588367398818638 208
1627562144255 0.15871177747539983 209
1627562144301 0.1585877640272462 210
1627562144333 0.1584905851677467 211
1627562144376 0.15835388931832628 212
1627562144413 0.1582673628244449 213
1627562144452 0.15814704231191454 214
1627562144496 0.15803441288566789 215
1627562144553 0.15789988180369838 216
1627562144584 0.15778029327718557 217
1627562144617 0.15767433872350003 218
1627562144654 0.15756886784203594 219
1627562144718 0.15738446341981685 220
1627562144767 0.15726392802774797 221
1627562144807 0.15714154148727472 222
1627562144862 0.1570078209624206 223
1627562144898 0.1569145936507113 224
1627562144941 0.15680726464519334 225
1627562144984 0.15669894447441757 226
1627562145023 0.1565802648003939 227
1627562145067 0.15645573622490627 228
1627562145116 0.15633963535603904 229
1627562145153 0.1562195012449845 230
1627562145191 0.15611889040141044 231
1627562145239 0.15601692977008522 232
1627562145278 0.15591037887705872 233
1627562145342 0.15575663196341488 234
1627562145392 0.15562828829975223 235
1627562145434 0.1555183324958065 236
1627562145479 0.1554044660897033 237
1627562145524 0.15529237827831524 238
1627562145568 0.15516844126125134 239
1627562145614 0.15506513118348483 240
1627562145648 0.15498096987288978 241
1627562145679 0.15489073375045898 242
1627562145720 0.15477930046032534 243
1627562145767 0.1546466958137793 244
1627562145811 0.15453796640426903 245
1627562145851 0.1544291399851413 246
1627562145893 0.15430807489706425 247
1627562145939 0.1541982358875675 248
1627562145977 0.15410241645865738 249
1627562146019 0.15400410331262743 250
1627562146061 0.153889305592685 251
1627562146102 0.15380344424795717 252
1627562146143 0.15369216476493514 253
1627562146187 0.15359745592306787 254
1627562146228 0.15348635180921327 255
1627562146269 0.15337156719579217 256
1627562146314 0.15326218770281297 257
1627562146362 0.15314346839187765 258
1627562146405 0.1530475371981486 259
1627562146452 0.1529151802563976 260
1627562146489 0.15280578895173336 261
1627562146528 0.1527228326318106 262
1627562146585 0.1526030147357308 263
1627562146621 0.15250068898769042 264
1627562146661 0.15239688629898723 265
1627562146705 0.15230474621903767 266
1627562146740 0.15221646847325643 267
1627562146785 0.15209621424609202 268
1627562146829 0.15198153130540995 269
1627562146872 0.1518747605415145 270
1627562146916 0.15178243205155434 271
1627562146950 0.15169388811827747 272
1627562146989 0.1516142057636662 273
1627562147032 0.15152220947624762 274
1627562147095 0.151382698998804 275
1627562147146 0.15125957629139053 276
1627562147202 0.15112767992810977 277
1627562147245 0.1510320536838375 278
1627562147294 0.15093952258144472 279
1627562147332 0.1508413200163985 280
1627562147376 0.15073897607334252 281
1627562147410 0.15065885601263973 282
1627562147456 0.15055136530575308 283
1627562147495 0.15045310456357983 284
1627562147529 0.15034436186741656 285
1627562147565 0.15023747610581828 286
1627562147601 0.1501406288558454 287
1627562147648 0.15003613261011983 288
1627562147681 0.14995012442970398 289
1627562147732 0.14984463910083182 290
1627562147765 0.14976282717889028 291
1627562147807 0.14967018433813079 292
1627562147842 0.14959366318865921 293
1627562147874 0.1495100630472264 294
1627562147908 0.14940652259211218 295
1627562147968 0.15453796640426903 296
1627562151969 0.5088365831899805 0
1627562152112 0.4692793984955131 1
1627562152254 0.4343370460119318 2
1627562152397 0.40357836144010273 3
1627562152535 0.37656869654160985 4
1627562152679 0.3530774402177056 5
1627562152854 0.33264875184160003 6
1627562153032 0.31503996554057795 7
1627562153170 0.299870374982323 8
1627562153305 0.28676561960762076 9
1627562153436 0.2754428654895285 10
1627562153570 0.2658115914036953 11
1627562153706 0.2574827449259169 12
1627562153833 0.2504312566109067 13
1627562153972 0.24438133309385612 14
1627562154099 0.23930156031235006 15
1627562154246 0.23499303427210785 16
1627562154389 0.23136403711582867 17
1627562154523 0.22825020245506816 18
1627562154677 0.22544957156071244 19
1627562154795 0.2230801555349418 20
1627562154912 0.22095151911160227 21
1627562155041 0.21920208581181608 22
1627562155162 0.217637739054087 23
1627562155282 0.21595551050826495 24
1627562155397 0.2147398351618191 25
1627562155507 0.21351966870187022 26
1627562155618 0.21236926194490213 27
1627562155764 0.21143353737317572 28
1627562155879 0.21035694357576762 29
1627562155989 0.20937381843825495 30
1627562156106 0.2084789968875247 31
1627562156223 0.207600224432529 32
1627562156343 0.20673362139248672 33
1627562156452 0.2059265625303951 34
1627562156560 0.20525894935696204 35
1627562156666 0.2046359919038428 36
1627562156778 0.20365260265358517 37
1627562156885 0.20293536301619958 38
1627562156994 0.2018917837974531 39
1627562157103 0.20131243294653187 40
1627562157206 0.20044594867433932 41
1627562157339 0.19965223469320958 42
1627562157450 0.19886674324298342 43
1627562157571 0.1983275662730401 44
1627562157715 0.19796927161808966 45
1627562157865 0.19725031626882186 46
1627562158012 0.19672333714689397 47
1627562158188 0.19576032886819142 48
1627562158294 0.19536623180389948 49
1627562158415 0.19435592411472624 50
1627562158517 0.19399616526789035 51
1627562158630 0.1932691024289028 52
1627562158739 0.19265715961260765 53
1627562158879 0.19235170419549852 54
1627562158999 0.19165182329492791 55
1627562159176 0.1912499828550993 56
1627562159298 0.19082898492455583 57
1627562159399 0.19051600849796385 58
1627562159540 0.18966755129968607 59
1627562159638 0.18934012449194154 60
1627562159768 0.18904699985926177 61
1627562159871 0.18865487816710313 62
1627562159967 0.18836961773985872 63
1627562160063 0.18808636147702987 64
1627562160168 0.18746306389092626 65
1627562160273 0.18715714902084998 66
1627562160373 0.18689079284615337 67
1627562160489 0.18654590579594144 68
1627562160644 0.1862350850460471 69
1627562160747 0.1859733113956723 70
1627562160936 0.18538498401960654 71
1627562161041 0.18509324984652573 72
1627562161137 0.1848115263418821 73
1627562161248 0.18450384994755484 74
1627562161353 0.18426214454149484 75
1627562161472 0.1836709530550809 76
1627562161593 0.18315039441173595 77
1627562161705 0.18285063839154003 78
1627562161807 0.18261418041090058 79
1627562161916 0.1822671892594163 80
1627562162005 0.1820143292790666 81
1627562162121 0.18172622215837764 82
1627562162208 0.18149466172156914 83
1627562162317 0.18119204367224093 84
1627562162412 0.18093953312585875 85
1627562162514 0.18063699927239626 86
1627562162606 0.18040319641415464 87
1627562162699 0.1801762469663173 88
1627562162808 0.1797730641766213 89
1627562162929 0.17953965289156354 90
1627562163093 0.1792713386128585 91
1627562163212 0.17891977229534473 92
1627562163380 0.1785382705362333 93
1627562163520 0.17832473363207663 94
1627562163686 0.178036782397852 95
1627562163847 0.17768968375921382 96
1627562163944 0.17748969515227217 97
1627562164030 0.17726006078119955 98
1627562164127 0.17704614574355937 99
1627562164223 0.17683302664395292 100
1627562164322 0.17659894241264845 101
1627562164417 0.17640946555513068 102
1627562164505 0.17620560569227464 103
1627562164673 0.1758422472021533 104
1627562164784 0.17562792320403967 105
1627562164897 0.17544379177142502 106
1627562164998 0.175167408402839 107
1627562165085 0.174962340174192 108
1627562165189 0.1746743917921216 109
1627562165310 0.17431432696482171 110
1627562165392 0.17413465552664903 111
1627562165544 0.17378177276314682 112
1627562165620 0.17359089961585378 113
1627562165714 0.17340503713458968 114
1627562165798 0.1732163683948067 115
1627562165883 0.1730313449242671 116
1627562166008 0.17284701278784123 117
1627562166114 0.17265501644553594 118
1627562166210 0.1724884742946529 119
1627562166286 0.17231411153836967 120
1627562166371 0.172134479845272 121
1627562166466 0.17194649026702657 122
1627562166612 0.1717757841707532 123
1627562166792 0.17149962120448078 124
1627562166916 0.1713375941243606 125
1627562167020 0.17104092035292381 126
1627562167099 0.17090396297373708 127
1627562167196 0.17075069333196638 128
1627562167292 0.1705678020700043 129
1627562167384 0.17040627922601895 130
1627562167499 0.17012052600296748 131
1627562167623 0.16995078642511327 132
1627562167712 0.16979241136715484 133
1627562167786 0.16963247854503993 134
1627562167858 0.1694759107858781 135
1627562167947 0.16930110737307805 136
1627562168036 0.16914535992134352 137
1627562168164 0.16897969276638303 138
1627562168286 0.16884451320212326 139
1627562168421 0.16866841205982028 140
1627562168497 0.16849972855590623 141
1627562168587 0.16830330906841173 142
1627562168672 0.1681429332200593 143
1627562168750 0.16797616166883308 144
1627562168831 0.16782592825360348 145
1627562168910 0.16768050962069161 146
1627562169001 0.16752031588681152 147
1627562169085 0.16735971882217304 148
1627562169176 0.167173869581753 149
1627562169254 0.16702651209946295 150
1627562169353 0.16685780048743767 151
1627562169433 0.16672399140464897 152
1627562169511 0.16658571262985838 153
1627562169647 0.16639498416811596 154
1627562169752 0.16615116323026424 155
1627562169842 0.16600347121430858 156
1627562169917 0.16584477313434132 157
1627562170017 0.16563119881305974 158
1627562170199 0.16542138457338582 159
1627562170320 0.16529450558880573 160
1627562170416 0.16513970173125225 161
1627562170552 0.16499084937790484 162
1627562170692 0.16480105205124818 163
1627562170786 0.16466706841928802 164
1627562170859 0.16454056118612426 165
1627562170939 0.1644044251823834 166
1627562171020 0.16427030104279916 167
1627562171111 0.16414022973698236 168
1627562171210 0.16400221768349366 169
1627562171290 0.16386346541817245 170
1627562171366 0.16375304197612367 171
1627562171448 0.16361019625273776 172
1627562171539 0.1634473978230518 173
1627562171626 0.16331382376856216 174
1627562171718 0.16317461814029802 175
1627562171791 0.1630529702491302 176
1627562171870 0.16291541760786227 177
1627562171942 0.16278648190177997 178
1627562172025 0.16264697781704998 179
1627562172124 0.16250468145496272 180
1627562172287 0.1623196925782423 181
1627562172416 0.16219178503537113 182
1627562172498 0.16208467274755406 183
1627562172597 0.1619493185321 184
1627562172712 0.16184028413585086 185
1627562172818 0.16169044970286003 186
1627562172902 0.1615656859978669 187
1627562172969 0.1614641754264877 188
1627562173042 0.16133728412996162 189
1627562173127 0.16120286426290983 190
1627562173248 0.16097042739534448 191
1627562173324 0.16085108585050872 192
1627562173418 0.1607246502616929 193
1627562173488 0.16059772147291415 194
1627562173610 0.16035098204766385 195
1627562173705 0.16022822990853183 196
1627562173823 0.16010217540774302 197
1627562174007 0.15987847719971732 198
1627562174099 0.1597686381115545 199
1627562174179 0.15965101506892065 200
1627562174281 0.15949087325672553 201
1627562174369 0.15935991999302063 202
1627562174444 0.15924773823242003 203
1627562174517 0.1591433414087932 204
1627562174606 0.15899657578542992 205
1627562174671 0.1588887470069126 206
1627562174750 0.15876905941588643 207
1627562174847 0.15861605342779103 208
1627562174925 0.15849630043132373 209
1627562175004 0.15837306395279707 210
1627562175069 0.15824763694189511 211
1627562175145 0.1581273250253954 212
1627562175210 0.15803801571233886 213
1627562175295 0.15793088970111835 214
1627562175361 0.15782888242402457 215
1627562175427 0.15770890791807396 216
1627562175501 0.15758691224999358 217
1627562175579 0.15746240712356926 218
1627562175652 0.1573319420017596 219
1627562175729 0.1572134726315763 220
1627562175815 0.15708929933309787 221
1627562175897 0.1569590916642922 222
1627562175998 0.15684041986708586 223
1627562176065 0.15674533010296482 224
1627562176130 0.15664838330751527 225
1627562176211 0.15654158824452505 226
1627562176306 0.15640649616840951 227
1627562176384 0.15628139871801489 228
1627562176464 0.15617826436281704 229
1627562176568 0.15607199075564152 230
1627562176651 0.15596025149495887 231
1627562176749 0.15584367724617737 232
1627562176827 0.15573606531980033 233
1627562176884 0.1556403121718703 234
1627562176960 0.15552080913028538 235
1627562177041 0.15541901896215232 236
1627562177120 0.155310981512216 237
1627562177185 0.15522018115027686 238
1627562177256 0.15510545933268946 239
1627562177348 0.15495765322585792 240
1627562177414 0.15486576949188516 241
1627562177501 0.154738004456085 242
1627562177568 0.15464479935032827 243
1627562177627 0.15456346993706963 244
1627562177721 0.15445651658124165 245
1627562177817 0.15432335270015038 246
1627562177889 0.1542002955159416 247
1627562177968 0.15410929683323285 248
1627562178042 0.15400494484270671 249
1627562178117 0.1538982587573212 250
1627562178202 0.1537952456592923 251
1627562178321 0.15367581135432523 252
1627562178429 0.15358046885275903 253
1627562178570 0.15345596069587958 254
1627562178660 0.1533310563673062 255
1627562178743 0.15321922539630847 256
1627562178807 0.1531385755991169 257
1627562178872 0.15303286880156758 258
1627562178940 0.15292741963457215 259
1627562179012 0.15283243366059107 260
1627562179087 0.15837306395279707 261
1627562183086 0.506829542716773 0
1627562183242 0.4674835839272022 1
1627562183387 0.4327664137625008 2
1627562183528 0.4022258757214416 3
1627562183721 0.375358969796357 4
1627562183904 0.35197580496927633 5
1627562184068 0.3317235294348925 6
1627562184201 0.3142205508582878 7
1627562184343 0.2991723081193773 8
1627562184511 0.28614227305086504 9
1627562184731 0.27491692910271487 10
1627562184872 0.26532948897951647 11
1627562184999 0.25709170717020097 12
1627562185124 0.25012243726082023 13
1627562185253 0.24413210889210035 14
1627562185383 0.23907485790816932 15
1627562185506 0.234757748351268 16
1627562185640 0.23116130533513035 17
1627562185775 0.22808655383498244 18
1627562185899 0.22520939694649927 19
1627562186020 0.2228478606635735 20
1627562186136 0.2208011607404843 21
1627562186258 0.21904097927344685 22
1627562186378 0.21728695611006543 23
1627562186495 0.21576359055517236 24
1627562186609 0.2145682852137936 25
1627562186717 0.2133000902683315 26
1627562186867 0.21225532587714072 27
1627562187005 0.21122915906385598 28
1627562187125 0.21031456377275726 29
1627562187241 0.20937846330359322 30
1627562187355 0.20815713022364807 31
1627562187462 0.20719892755996366 32
1627562187594 0.2063243586092539 33
1627562187715 0.20573107983708155 34
1627562187828 0.20496745235942268 35
1627562187961 0.20400676308265447 36
1627562188081 0.20310673402507284 37
1627562188183 0.20249714988628487 38
1627562188292 0.20178363443209668 39
1627562188393 0.2013416309622276 40
1627562188504 0.20038392381434855 41
1627562188615 0.19940258880305592 42
1627562188736 0.19844021751085206 43
1627562188894 0.19800086358466992 44
1627562188998 0.19760150782558777 45
1627562189108 0.19673452732197313 46
1627562189218 0.1959599378029941 47
1627562189317 0.19540345020113875 48
1627562189440 0.19443106546667052 49
1627562189548 0.19398257010367134 50
1627562189658 0.1936197464627094 51
1627562189760 0.19323450937568595 52
1627562189873 0.1926913133049082 53
1627562189985 0.19197939117901333 54
1627562190083 0.19166008196096207 55
1627562190198 0.1909217450758209 56
1627562190326 0.19061590441103918 57
1627562190447 0.19033095105555511 58
1627562190561 0.1899210412530243 59
1627562190670 0.18944931979250962 60
1627562190782 0.1891644158714201 61
1627562190887 0.18884545260050634 62
1627562190994 0.18841993517057457 63
1627562191095 0.18814005450223695 64
1627562191235 0.18738735182471286 65
1627562191358 0.1867625060553628 66
1627562191450 0.18647704154104364 67
1627562191558 0.18618596542787483 68
1627562191680 0.1855058574779305 69
1627562191830 0.18524835843816415 70
1627562191985 0.18494466790433936 71
1627562192142 0.18464781306635145 72
1627562192262 0.18435534660962236 73
1627562192390 0.18408329663921713 74
1627562192508 0.18383728101464486 75
1627562192632 0.1833528843970123 76
1627562192735 0.1830458957199786 77
1627562192834 0.1826856149210465 78
1627562192934 0.182439813265742 79
1627562193036 0.18216880294245263 80
1627562193150 0.18177696793867443 81
1627562193259 0.18153482536925328 82
1627562193346 0.18131202662957094 83
1627562193446 0.18106192974851887 84
1627562193547 0.1807703063592238 85
1627562193641 0.18052890285203252 86
1627562193741 0.1802878011360839 87
1627562193852 0.18000090046496336 88
1627562193955 0.17976644879130127 89
1627562194071 0.17954969717507732 90
1627562194213 0.1790974144459721 91
1627562194326 0.1786590841209974 92
1627562194421 0.17844934249061734 93
1627562194511 0.1782225752501257 94
1627562194610 0.17798988771023486 95
1627562194719 0.17765066308218774 96
1627562194824 0.17731590819550466 97
1627562194893 0.17711888629214786 98
1627562194991 0.17690958839764154 99
1627562195092 0.1767005137359026 100
1627562195200 0.17648017081141268 101
1627562195282 0.1762868493568654 102
1627562195418 0.17590390701480255 103
1627562195515 0.17570200298091068 104
1627562195607 0.1755079993720526 105
1627562195699 0.17531136279229978 106
1627562195833 0.17505651441661954 107
1627562195912 0.17486080124634468 108
1627562196060 0.17445162010789664 109
1627562196206 0.17423669908413847 110
1627562196299 0.17404304381475805 111
1627562196423 0.17364496472799076 112
1627562196521 0.17344211676085622 113
1627562196621 0.17324890465769358 114
1627562196723 0.17306337321626436 115
1627562196809 0.1728682550079668 116
1627562196881 0.1727148409034498 117
1627562196970 0.17252840281693615 118
1627562197041 0.17237814837149373 119
1627562197126 0.17217778136730563 120
1627562197213 0.17200809050328322 121
1627562197335 0.17179215690921612 122
1627562197444 0.1716227696957512 123
1627562197592 0.171261937536074 124
1627562197670 0.17111596973735713 125
1627562197782 0.17085947087407657 126
1627562197857 0.17071844522250726 127
1627562197965 0.17055853844890864 128
1627562198067 0.17035369724516808 129
1627562198156 0.17018981769389022 130
1627562198256 0.16997055487195728 131
1627562198371 0.16981026452867748 132
1627562198501 0.1696383316494991 133
1627562198595 0.1694865732354038 134
1627562198719 0.16930114486815992 135
1627562198816 0.16912250800323658 136
1627562198899 0.16896665163407995 137
1627562198975 0.1688046844208027 138
1627562199086 0.1686433652725604 139
1627562199158 0.16848562100572984 140
1627562199273 0.16826092621555078 141
1627562199360 0.16810294145135948 142
1627562199468 0.167946427489659 143
1627562199555 0.16777559546057833 144
1627562199649 0.16762136078513398 145
1627562199742 0.16746603510757713 146
1627562199819 0.16732945794204415 147
1627562199903 0.16717786045960717 148
1627562200000 0.16697642703695637 149
1627562200081 0.16682303975870613 150
1627562200182 0.1665650426763476 151
1627562200275 0.16640450195651563 152
1627562200352 0.16624442432942763 153
1627562200424 0.16610912479044268 154
1627562200514 0.16597390567106607 155
1627562200593 0.1658309253844489 156
1627562200678 0.16567931381363976 157
1627562200746 0.1655596861111908 158
1627562200834 0.1654117963255349 159
1627562200906 0.16526535991638971 160
1627562201061 0.16505768019633815 161
1627562201146 0.16492411202320256 162
1627562201245 0.1648062473761187 163
1627562201326 0.1646753303458839 164
1627562201406 0.16453033065640776 165
1627562201491 0.16437394203301253 166
1627562201617 0.1641032091153535 167
1627562201705 0.16394733855113255 168
1627562201777 0.1638035456040703 169
1627562201854 0.1636650019034653 170
1627562201932 0.16353889454201415 171
1627562202006 0.1634191989039736 172
1627562202087 0.16327685434792102 173
1627562202176 0.16313103934538276 174
1627562202243 0.1630095796800634 175
1627562202330 0.16287167044306194 176
1627562202407 0.1627442884194494 177
1627562202489 0.16260280814574415 178
1627562202565 0.16247285633971162 179
1627562202638 0.16234664841516716 180
1627562202720 0.1622164636887893 181
1627562202812 0.1620797592237995 182
1627562202919 0.16191927615779744 183
1627562203028 0.16180014023957573 184
1627562203113 0.16168751240072374 185
1627562203194 0.1615513623741527 186
1627562203257 0.16143918746138852 187
1627562203325 0.16133069286466037 188
1627562203425 0.16118368327549493 189
1627562203483 0.1610588004157884 190
1627562203563 0.16093977034591753 191
1627562203633 0.16082659921291684 192
1627562203735 0.16062927002949715 193
1627562203803 0.1604910928872798 194
1627562203910 0.1602317773730151 195
1627562203985 0.1601162702413491 196
1627562204075 0.15995674003912277 197
1627562204151 0.15983918373910652 198
1627562204218 0.15972844624582325 199
1627562204293 0.15960152258532997 200
1627562204396 0.1594910694022559 201
1627562204473 0.15938248357999393 202
1627562204547 0.15927183896077013 203
1627562204638 0.1591497442252797 204
1627562204714 0.15901650791490168 205
1627562204782 0.15891488183178815 206
1627562204861 0.15880208064409998 207
1627562204940 0.15869387823627468 208
1627562205031 0.15854477489653213 209
1627562205126 0.15840054189929104 210
1627562205229 0.1582191606382216 211
1627562205302 0.15808954029764413 212
1627562205399 0.15792087546653658 213
1627562205493 0.1577645611504935 214
1627562205595 0.15764642553808933 215
1627562205730 0.15754115114671075 216
1627562205850 0.1574149579845658 217
1627562205930 0.1573097726911922 218
1627562206025 0.1571727243610885 219
1627562206113 0.1570543917855252 220
1627562206209 0.1569314875479769 221
1627562206279 0.15683561565615 222
1627562206347 0.1567480217075948 223
1627562206414 0.15664969791989886 224
1627562206504 0.1565425922008486 225
1627562206623 0.15642801840155385 226
1627562206722 0.15633788795266026 227
1627562206833 0.15623478503711904 228
1627562206929 0.15612249075581022 229
1627562207003 0.15599831367931075 230
1627562207079 0.15587149536687667 231
1627562207150 0.155779402993957 232
1627562207219 0.15568947356228482 233
1627562207294 0.15557907834273738 234
1627562207375 0.1554596914888181 235
1627562207442 0.15536867264672655 236
1627562207554 0.15521779397279367 237
1627562207663 0.15511599555555658 238
1627562207751 0.1550190296350488 239
1627562207842 0.1549204695603712 240
1627562207911 0.15479950905819448 241
1627562208001 0.1546785268526752 242
1627562208068 0.15457412261665424 243
1627562208142 0.15446375008469146 244
1627562208223 0.15437117212061804 245
1627562208312 0.15423311501104037 246
1627562208390 0.15411565862009824 247
1627562208449 0.15401181208403897 248
1627562208537 0.1539050314881118 249
1627562208620 0.1537870480085758 250
1627562208692 0.15368956364668857 251
1627562208789 0.15351066094906726 252
1627562208886 0.153382183766882 253
1627562208970 0.153282716449496 254
1627562209051 0.15316963218366636 255
1627562209170 0.1530378695339238 256
1627562209271 0.15295381752682596 257
1627562209333 0.15285201709917823 258
1627562209415 0.1527532005721172 259
1627562209532 0.1526447578349165 260
1627562209590 0.1525426295387974 261
1627562209653 0.15246106529988254 262
1627562209725 0.15236559223294158 263
1627562209796 0.1522695093742642 264
1627562209864 0.15217750677049816 265
1627562209922 0.15209624632790558 266
1627562210008 0.1519693286129983 267
1627562210078 0.15185917198608165 268
1627562210174 0.15174666118997096 269
1627562210254 0.15164558718801413 270
1627562210338 0.15155692785156036 271
1627562210408 0.15148015498766504 272
1627562210521 0.15134697356774024 273
1627562210621 0.15119641786902271 274
1627562210750 0.1510941487179965 275
1627562210832 0.15099800927630086 276
1627562210950 0.15084894968395254 277
1627562211061 0.1507474017792675 278
1627562211161 0.15065949891347707 279
1627562211265 0.15053216057869123 280
1627562211347 0.15040311887758132 281
1627562211415 0.1502975222535329 282
1627562211515 0.15018330481989245 283
1627562211609 0.15007512697022393 284
1627562211672 0.14999431456372928 285
1627562211775 0.14982601994772526 286
1627562211863 0.14972652750303436 287
1627562211945 0.15521779397279367 288
1627562215939 0.5096294089905854 0
1627562216085 0.46999560613756025 1
1627562216230 0.43498512508837217 2
1627562216374 0.4041846797570873 3
1627562216518 0.3771743690681609 4
1627562216653 0.35361496766031897 5
1627562216794 0.3331960405609898 6
1627562216925 0.3155621664299317 7
1627562217056 0.30036559800667034 8
1627562217188 0.28723992681129096 9
1627562217319 0.27590819193636884 10
1627562217453 0.2662358047966016 11
1627562217605 0.2578894152333809 12
1627562217746 0.2508698458990823 13
1627562217871 0.24482877275977777 14
1627562218007 0.23973688928300702 15
1627562218133 0.23538474072078208 16
1627562218266 0.2317650877773109 17
1627562218397 0.2286499549097175 18
1627562218512 0.22583998016047657 19
1627562218625 0.2233700091334501 20
1627562218738 0.22131720754454623 21
1627562218862 0.21953771270983058 22
1627562218983 0.21779184905676408 23
1627562219119 0.21602592280580465 24
1627562219281 0.2148211113627101 25
1627562219400 0.2136459227920481 26
1627562219514 0.21256861243202882 27
1627562219639 0.21166007126573985 28
1627562219742 0.21067023566482396 29
1627562219851 0.20979801642682333 30
1627562219965 0.2089578239599899 31
1627562220077 0.20815688010581168 32
1627562220180 0.20749922871304108 33
1627562220284 0.20684165301370366 34
1627562220396 0.20575867461042863 35
1627562220507 0.20467294579632614 36
1627562220623 0.2037076520905872 37
1627562220740 0.20317363052988516 38
1627562220852 0.2024065498795474 39
1627562220953 0.2018235784173355 40
1627562221110 0.20073639997495804 41
1627562221292 0.19958777309220332 42
1627562221416 0.19888733289996466 43
1627562221577 0.19823788256347852 44
1627562221676 0.1978811237163155 45
1627562221834 0.19716326401294937 46
1627562221936 0.19663441664480308 47
1627562222054 0.1956973896371217 48
1627562222169 0.19507476924427786 49
1627562222290 0.1942538729323305 50
1627562222387 0.19390254252467456 51
1627562222494 0.19347799555266407 52
1627562222650 0.19310637563922115 53
1627562222798 0.19274738551690793 54
1627562222904 0.1923337640579456 55
1627562223032 0.19141615614547627 56
1627562223136 0.19112699983861328 57
1627562223233 0.19081051371751306 58
1627562223341 0.190472951275827 59
1627562223443 0.19017493724182366 60
1627562223544 0.18976868714521286 61
1627562223648 0.18946817997074228 62
1627562223745 0.18919233495153817 63
1627562223847 0.18884736625578732 64
1627562223966 0.1881084623614313 65
1627562224077 0.18778028453749163 66
1627562224237 0.18709916002188307 67
1627562224413 0.18664021586060825 68
1627562224517 0.18637057494638876 69
1627562224613 0.18610399412764886 70
1627562224728 0.18564355129061716 71
1627562224818 0.18538021067475383 72
1627562224929 0.18511169575067074 73
1627562225072 0.18482130277328546 74
1627562225181 0.1845754077052137 75
1627562225370 0.18393147635361717 76
1627562225488 0.18337586599733743 77
1627562225578 0.18311277687933805 78
1627562225673 0.1828733600285707 79
1627562225819 0.18262950547273565 80
1627562225917 0.18221858289565346 81
1627562226026 0.18196519980616227 82
1627562226121 0.18171972500187508 83
1627562226237 0.1812206560227397 84
1627562226343 0.1810089975675066 85
1627562226428 0.18078107496370258 86
1627562226514 0.1805554671863735 87
1627562226648 0.18019336781110204 88
1627562226743 0.1799487958030287 89
1627562226844 0.179662815524536 90
1627562226957 0.17943824038787967 91
1627562227068 0.1789943949498071 92
1627562227177 0.17859417150549353 93
1627562227281 0.1783674486965424 94
1627562227435 0.17809923071122583 95
1627562227530 0.17787345713306382 96
1627562227643 0.17749110639199572 97
1627562227758 0.17730020393458792 98
1627562227850 0.17709282567215992 99
1627562227958 0.17679596882442425 100
1627562228079 0.17658411601832638 101
1627562228162 0.17639480157401263 102
1627562228278 0.17612965995652896 103
1627562228382 0.17588062439178395 104
1627562228515 0.17567608217111694 105
1627562228641 0.17548818502558788 106
1627562228803 0.1751230878361321 107
1627562228895 0.17491505488825787 108
1627562229005 0.17470878371286755 109
1627562229152 0.17452052958070338 110
1627562229259 0.1742731183956133 111
1627562229359 0.17395604161923223 112
1627562229447 0.17377605441110525 113
1627562229548 0.1735291587733457 114
1627562229643 0.17331222221254347 115
1627562229722 0.17313314559585197 116
1627562229820 0.17293898132451424 117
1627562229937 0.17274826287847223 118
1627562230054 0.17248522714202516 119
1627562230198 0.17231827642905392 120
1627562230290 0.1721464962691248 121
1627562230371 0.17196480865431987 122
1627562230517 0.17164232055315093 123
1627562230697 0.1712918709950155 124
1627562230819 0.1711148253077772 125
1627562230964 0.1709308332963703 126
1627562231066 0.17078979155508955 127
1627562231194 0.17063469525732672 128
1627562231274 0.17047077768804075 129
1627562231361 0.17029057779404946 130
1627562231456 0.17012128826137018 131
1627562231548 0.16995797009327485 132
1627562231633 0.16979108553503586 133
1627562231718 0.1696283457155467 134
1627562231824 0.1693752112870105 135
1627562231913 0.1692094041675503 136
1627562231991 0.16906913060481574 137
1627562232086 0.16891502032973307 138
1627562232156 0.16875882690473687 139
1627562232286 0.1685115144332559 140
1627562232360 0.1683515926239088 141
1627562232448 0.16820159555333422 142
1627562232553 0.16804274685195633 143
1627562232641 0.16788421137706389 144
1627562232803 0.16764120375736158 145
1627562232894 0.16747099482467606 146
1627562233021 0.1673111124007249 147
1627562233121 0.1671485543213028 148
1627562233210 0.16700680154232622 149
1627562233293 0.1668441312507975 150
1627562233381 0.16670929350442917 151
1627562233459 0.16657353356047852 152
1627562233563 0.16632806216992083 153
1627562233655 0.16615715436540435 154
1627562233745 0.166018811056538 155
1627562233855 0.16589026886932778 156
1627562233965 0.16575513146909424 157
1627562234039 0.16562678343192871 158
1627562234131 0.16546982178290898 159
1627562234244 0.1653304759390441 160
1627562234342 0.16521442482358908 161
1627562234410 0.16509437435492527 162
1627562234491 0.16497865569148878 163
1627562234560 0.16485341560617736 164
1627562234674 0.1646928075362761 165
1627562234766 0.1645392370772984 166
1627562234864 0.1643326649536948 167
1627562234997 0.1641671575555058 168
1627562235073 0.16402117542455288 169
1627562235159 0.16388873577161844 170
1627562235282 0.1637457446627291 171
1627562235364 0.16363150268260082 172
1627562235468 0.1634817258247702 173
1627562235579 0.16334396941618654 174
1627562235706 0.16318866630441933 175
1627562235799 0.1630431011132605 176
1627562235886 0.16291219099046203 177
1627562236000 0.16273679359855317 178
1627562236084 0.16258461692185716 179
1627562236163 0.16244532949841445 180
1627562236245 0.16232569011706233 181
1627562236318 0.16220994237102074 182
1627562236400 0.16208979210908198 183
1627562236474 0.16197327913199697 184
1627562236584 0.1618490284821948 185
1627562236715 0.16169584796920528 186
1627562236798 0.16157035413747192 187
1627562236881 0.16144001042691192 188
1627562236974 0.16123944254135694 189
1627562237060 0.16110443513932574 190
1627562237149 0.16095989731949856 191
1627562237248 0.16077018447096728 192
1627562237325 0.16062828936113865 193
1627562237398 0.16049596369837069 194
1627562237510 0.16037516363877116 195
1627562237626 0.16024775156268228 196
1627562237715 0.16011821377752927 197
1627562237850 0.1599313671858302 198
1627562237917 0.15982513000506401 199
1627562238013 0.15970840123520053 200
1627562238103 0.1595875210702361 201
1627562238189 0.15946690971091393 202
1627562238303 0.15935463153527923 203
1627562238365 0.1592592016302568 204
1627562238439 0.15911453716261836 205
1627562238578 0.15895590988771446 206
1627562238691 0.15883941201913662 207
1627562238798 0.15874313692137973 208
1627562238868 0.15861974576759488 209
1627562238994 0.15845597786433843 210
1627562239107 0.15833695271504836 211
1627562239220 0.15821601562449528 212
1627562239320 0.1580902300008778 213
1627562239396 0.15797414430019677 214
1627562239477 0.15785904420411884 215
1627562239587 0.15764994233848306 216
1627562239663 0.15753345339705976 217
1627562239755 0.15739691794235566 218
1627562239839 0.15727678754143795 219
1627562239906 0.15716315986553306 220
1627562240019 0.15706341975920682 221
1627562240138 0.15693732715568057 222
1627562240270 0.15682583774756545 223
1627562240399 0.15672080621430212 224
1627562240485 0.1565958699713918 225
1627562240572 0.15644382076221627 226
1627562240633 0.1563474417221089 227
1627562240714 0.15622846395850376 228
1627562240777 0.15613345815319274 229
1627562240852 0.1560240791841602 230
1627562240935 0.15588681384343447 231
1627562241004 0.1557793018736521 232
1627562241082 0.1556691900265925 233
1627562241145 0.15559123554543294 234
1627562241219 0.1554780376934833 235
1627562241293 0.1553760193797991 236
1627562241376 0.15527667895773603 237
1627562241500 0.15507667115061483 238
1627562241583 0.15494873273026405 239
1627562241659 0.15484647805253424 240
1627562241729 0.15474231527879756 241
1627562241803 0.15464380191228932 242
1627562241880 0.15453702563089003 243
1627562241974 0.1544286669136748 244
1627562242047 0.1543179236658177 245
1627562242104 0.15422852676896828 246
1627562242170 0.1541312452622262 247
1627562242277 0.15393994955702706 248
1627562242338 0.1538651001026047 249
1627562242409 0.15376164183909893 250
1627562242479 0.15365145425422708 251
1627562242557 0.15355871761286982 252
1627562242625 0.15346232198581536 253
1627562242723 0.15331941370910415 254
1627562242797 0.1532187448879002 255
1627562242871 0.15311678722046368 256
1627562242945 0.15301567323023524 257
1627562243012 0.15292100042564283 258
1627562243094 0.1528121507652241 259
1627562243171 0.1527056281352463 260
1627562243242 0.15261811523724897 261
1627562243306 0.15252302840158063 262
1627562243410 0.1524218131498763 263
1627562243507 0.15231208841333654 264
1627562243574 0.15221141170627286 265
1627562243656 0.15210254247494762 266
1627562243729 0.15202108617669693 267
1627562243789 0.15192562453220226 268
1627562243864 0.15182080400982942 269
1627562243932 0.1517329318163371 270
1627562244004 0.15163839977875612 271
1627562244081 0.15153872999747967 272
1627562244151 0.15143950715526405 273
1627562244225 0.15133871394723095 274
1627562244310 0.1512298406125316 275
1627562244384 0.15113664404333205 276
1627562244468 0.15102437076899086 277
1627562244545 0.15092241205766374 278
1627562244639 0.15077504624547147 279
1627562244693 0.15068117223193053 280
1627562244774 0.1505811820718661 281
1627562244869 0.15044175875616986 282
1627562244928 0.1503694738537726 283
1627562245026 0.15027232095611207 284
1627562245091 0.1501657377823854 285
1627562245154 0.15007365395450759 286
1627562245233 0.14995904852539432 287
1627562245313 0.1498616104078483 288
1627562245376 0.14976477354874895 289
1627562245461 0.14966893377015442 290
1627562245533 0.14958564635643914 291
1627562245606 0.14949489248730446 292
1627562245672 0.14941778263645136 293
1627562245739 0.14933445881045987 294
1627562245811 0.14926263670741388 295
1627562245897 0.14916313425251781 296
1627562245980 0.14906393759047012 297
1627562246098 0.14896968100580335 298
1627562246182 0.14887117868477337 299
1627562246246 0.148796489645308 300
1627562246350 0.1487152857814189 301
1627562246426 0.14861405318775264 302
1627562246492 0.14852480257142675 303
1627562246559 0.14843124577098676 304
1627562246646 0.14834357373850354 305
1627562246747 0.14824086679803375 306
1627562246810 0.1481505285335256 307
1627562246875 0.14806886492758878 308
1627562246959 0.14796024397575608 309
1627562247093 0.14782087164928717 310
1627562247185 0.14773607935710592 311
1627562247291 0.14765084920192867 312
1627562247444 0.14752968927495147 313
1627562247558 0.14744004238349553 314
1627562247628 0.14734016288581306 315
1627562247697 0.14725795959143662 316
1627562247764 0.14716596589509748 317
1627562247834 0.14709029030948542 318
1627562247916 0.14698533970004277 319
1627562247986 0.14689319488496244 320
1627562248061 0.1467993688826209 321
1627562248133 0.14670076485365013 322
1627562248233 0.14660679623356065 323
1627562248330 0.1464678475353325 324
1627562248404 0.14638144758512403 325
1627562248469 0.14628515966584296 326
1627562248544 0.1461996663420236 327
1627562248620 0.14610466116214862 328
1627562248710 0.1460152672812533 329
1627562248810 0.14593791894380975 330
1627562248915 0.14584579513745677 331
1627562249015 0.1457592243224385 332
1627562249112 0.14568761702779953 333
1627562249214 0.1503694738537726 334
